[TSF-file]     v01.0

[TIMEFORMAT]   DATETIME
[INCREMENT]    60
[CHANNELS]
    BF:SG056:G1-F60 
    BF:SG056:G2-F60 
    BF:SG056:Br1-F60
    BF:SG056:Br2-F60
[UNITS]
    Volt
    Volt
    mbar
    mbar
[UNDETVAL]                      9999.999
[PHASE_LAG_1_DEG_CPD]           0.0402
[PHASE_LAG_1_DEG_CPD_ERROR]     0.0002
[N_LATITUDE_DEG]                48.3294
[N_LATITUDE_DEG_ERROR]          0.0001
[E_LONGITUDE_DEG]               008.3284
[E_LONGITUDE_DEG_ERROR]         0.0001
[HEIGHT_M_1]                    589.20
[HEIGHT_M_1_ERROR]              0.01
[GRAVITY_CAL_1_UGAL_V]          -40.1100
[GRAVITY_CAL_1_UGAL_V_ERROR]    0.0300
[PRESSURE_CAL_MBAR_V]           1.0000
[PRESSURE_CAL_MBAR_V_ERROR]     0.0001
[AUTHOR]                        Thomas Forbriger@kit.edu
[PHASE_LAG_2_DEG_CPD]           0.0402
[PHASE_LAG_2_DEG_CPD_ERROR]     0.0002
[HEIGHT_M_2]                    589.40
[HEIGHT_M_2_ERROR]              0.01
[GRAVITY_CAL_2_UGAL_V]          -80.0699
[GRAVITY_CAL_2_UGAL_V_ERROR]    0.0600
[PRESSURE_ADMIT_HPA_NMS2]       -3.4000
[PRESSURE_MEAN_HPA]             0980.0
[COMMENT]                           
software upgrade and FitPC2 replacement on 29. July 2019



Date           Time     G1-F60        G2-F60        Br1-F60       Br2-F60      
[DATA]
2021 04 06 00 00 00    -3.4290512   -1.1338721  944.5445  946.2016
2021 04 06 00 01 00    -3.4409658   -1.1398110  944.5476  946.1935
2021 04 06 00 02 00    -3.4530436   -1.1459438  944.5496  946.1966
2021 04 06 00 03 00    -3.4649947   -1.1519534  944.5513  946.2016
2021 04 06 00 04 00    -3.4766635   -1.1577509  944.5539  946.2068
2021 04 06 00 05 00    -3.4883624   -1.1636224  944.5571  946.2123
2021 04 06 00 06 00    -3.5001796   -1.1695211  944.5602  946.2066
2021 04 06 00 07 00    -3.5118954   -1.1752892  944.5623  946.1835
2021 04 06 00 08 00    -3.5236254   -1.1811534  944.5639  946.1593
2021 04 06 00 09 00    -3.5355128   -1.1871490  944.5654  946.1506
2021 04 06 00 10 00    -3.5473349   -1.1930055  944.5670  946.1537
2021 04 06 00 11 00    -3.5589621   -1.1988253  944.5690  946.1598
2021 04 06 00 12 00    -3.5705044   -1.2048252  944.5713  946.1660
2021 04 06 00 13 00    -3.5821206   -1.2107979  944.5737  946.1716
2021 04 06 00 14 00    -3.5939123   -1.2165991  944.5760  946.1717
2021 04 06 00 15 00    -3.6057806   -1.2224375  944.5779  946.1632
2021 04 06 00 16 00    -3.6175332   -1.2283668  944.5791  946.1509
2021 04 06 00 17 00    -3.6291330   -1.2342290  944.5801  946.1378
2021 04 06 00 18 00    -3.6406903   -1.2399994  944.5814  946.1260
2021 04 06 00 19 00    -3.6521370   -1.2457139  944.5828  946.1242
2021 04 06 00 20 00    -3.6633190   -1.2513305  944.5841  946.1284
2021 04 06 00 21 00    -3.6745156   -1.2568745  944.5857  946.1213
2021 04 06 00 22 00    -3.6860561   -1.2624900  944.5879  946.1033
2021 04 06 00 23 00    -3.6977231   -1.2682603  944.5897  946.0939
2021 04 06 00 24 00    -3.7092027   -1.2741040  944.5907  946.1010
2021 04 06 00 25 00    -3.7205214   -1.2798657  944.5914  946.1138
2021 04 06 00 26 00    -3.7318087   -1.2855028  944.5923  946.1221
2021 04 06 00 27 00    -3.7430770   -1.2910947  944.5936  946.1249
2021 04 06 00 28 00    -3.7543366   -1.2967365  944.5953  946.1227
2021 04 06 00 29 00    -3.7656009   -1.3024869  944.5970  946.1152
2021 04 06 00 30 00    -3.7768096   -1.3082411  944.5984  946.1104
2021 04 06 00 31 00    -3.7880446   -1.3138547  944.5994  946.1190
2021 04 06 00 32 00    -3.7993181   -1.3193184  944.6001  946.1334
2021 04 06 00 33 00    -3.8103558   -1.3246789  944.6010  946.1341
2021 04 06 00 34 00    -3.8211796   -1.3300790  944.6024  946.1226
2021 04 06 00 35 00    -3.8321530   -1.3356191  944.6040  946.1163
2021 04 06 00 36 00    -3.8433502   -1.3411875  944.6057  946.1116
2021 04 06 00 37 00    -3.8545815   -1.3467751  944.6069  946.0883
2021 04 06 00 38 00    -3.8657846   -1.3525155  944.6071  946.0519
2021 04 06 00 39 00    -3.8769121   -1.3582440  944.6066  946.0274
2021 04 06 00 40 00    -3.8878211   -1.3636622  944.6063  946.0188
2021 04 06 00 41 00    -3.8985486   -1.3688915  944.6061  946.0147
2021 04 06 00 42 00    -3.9092582   -1.3741961  944.6057  946.0173
2021 04 06 00 43 00    -3.9200362   -1.3795276  944.6049  946.0297
2021 04 06 00 44 00    -3.9308863   -1.3849073  944.6045  946.0382
2021 04 06 00 45 00    -3.9416422   -1.3905060  944.6046  946.0331
2021 04 06 00 46 00    -3.9522030   -1.3960993  944.6048  946.0219
2021 04 06 00 47 00    -3.9627697   -1.4013896  944.6046  946.0146
2021 04 06 00 48 00    -3.9734673   -1.4065878  944.6039  946.0130
2021 04 06 00 49 00    -3.9841192   -1.4119096  944.6030  946.0128
2021 04 06 00 50 00    -3.9945529   -1.4172035  944.6025  946.0103
2021 04 06 00 51 00    -4.0048732   -1.4223814  944.6029  946.0098
2021 04 06 00 52 00    -4.0152432   -1.4275228  944.6036  946.0179
2021 04 06 00 53 00    -4.0255859   -1.4326504  944.6043  946.0337
2021 04 06 00 54 00    -4.0358515   -1.4377529  944.6049  946.0481
2021 04 06 00 55 00    -4.0461108   -1.4428438  944.6053  946.0515
2021 04 06 00 56 00    -4.0563372   -1.4479581  944.6059  946.0438
2021 04 06 00 57 00    -4.0665953   -1.4531664  944.6067  946.0355
2021 04 06 00 58 00    -4.0768927   -1.4584311  944.6073  946.0342
2021 04 06 00 59 00    -4.0869955   -1.4635304  944.6076  946.0377
2021 04 06 01 00 00    -4.0969650   -1.4684175  944.6081  946.0382
2021 04 06 01 01 00    -4.1070751   -1.4733369  944.6087  946.0247
2021 04 06 01 02 00    -4.1172797   -1.4784149  944.6090  945.9976
2021 04 06 01 03 00    -4.1274007   -1.4835641  944.6088  945.9784
2021 04 06 01 04 00    -4.1373353   -1.4886155  944.6088  945.9812
2021 04 06 01 05 00    -4.1471144   -1.4934544  944.6090  945.9940
2021 04 06 01 06 00    -4.1569707   -1.4982825  944.6092  946.0062
2021 04 06 01 07 00    -4.1669537   -1.5032690  944.6095  946.0190
2021 04 06 01 08 00    -4.1768610   -1.5082106  944.6096  946.0270
2021 04 06 01 09 00    -4.1867191   -1.5130875  944.6094  946.0232
2021 04 06 01 10 00    -4.1965627   -1.5180437  944.6094  946.0098
2021 04 06 01 11 00    -4.2061751   -1.5229554  944.6096  945.9927
2021 04 06 01 12 00    -4.2157154   -1.5278521  944.6099  945.9798
2021 04 06 01 13 00    -4.2255407   -1.5328369  944.6103  945.9749
2021 04 06 01 14 00    -4.2353487   -1.5376707  944.6101  945.9695
2021 04 06 01 15 00    -4.2447824   -1.5423318  944.6093  945.9560
2021 04 06 01 16 00    -4.2541034   -1.5470474  944.6085  945.9438
2021 04 06 01 17 00    -4.2634817   -1.5517392  944.6081  945.9466
2021 04 06 01 18 00    -4.2727908   -1.5563285  944.6076  945.9624
2021 04 06 01 19 00    -4.2820017   -1.5609336  944.6072  945.9771
2021 04 06 01 20 00    -4.2910801   -1.5655656  944.6074  945.9821
2021 04 06 01 21 00    -4.3001068   -1.5701634  944.6079  945.9822
2021 04 06 01 22 00    -4.3093842   -1.5747744  944.6079  945.9848
2021 04 06 01 23 00    -4.3188333   -1.5794809  944.6073  945.9892
2021 04 06 01 24 00    -4.3279627   -1.5841420  944.6070  945.9890
2021 04 06 01 25 00    -4.3366845   -1.5884957  944.6071  945.9842
2021 04 06 01 26 00    -4.3453399   -1.5926453  944.6074  945.9839
2021 04 06 01 27 00    -4.3541269   -1.5969800  944.6081  945.9932
2021 04 06 01 28 00    -4.3630213   -1.6015767  944.6097  946.0077
2021 04 06 01 29 00    -4.3718766   -1.6061589  944.6123  946.0252
2021 04 06 01 30 00    -4.3805276   -1.6105504  944.6145  946.0418
2021 04 06 01 31 00    -4.3890738   -1.6148432  944.6160  946.0469
2021 04 06 01 32 00    -4.3977770   -1.6192079  944.6170  946.0384
2021 04 06 01 33 00    -4.4065882   -1.6235869  944.6176  946.0240
2021 04 06 01 34 00    -4.4152215   -1.6277823  944.6184  946.0104
2021 04 06 01 35 00    -4.4235792   -1.6318707  944.6192  946.0017
2021 04 06 01 36 00    -4.4318210   -1.6360325  944.6197  946.0008
2021 04 06 01 37 00    -4.4401151   -1.6402129  944.6197  946.0092
2021 04 06 01 38 00    -4.4483934   -1.6443221  944.6202  946.0229
2021 04 06 01 39 00    -4.4565147   -1.6483826  944.6220  946.0351
2021 04 06 01 40 00    -4.4645345   -1.6524263  944.6244  946.0458
2021 04 06 01 41 00    -4.4725439   -1.6564649  944.6264  946.0566
2021 04 06 01 42 00    -4.4805203   -1.6604820  944.6277  946.0608
2021 04 06 01 43 00    -4.4884994   -1.6644758  944.6289  946.0564
2021 04 06 01 44 00    -4.4965227   -1.6684999  944.6304  946.0505
2021 04 06 01 45 00    -4.5044835   -1.6725423  944.6319  946.0428
2021 04 06 01 46 00    -4.5123443   -1.6764946  944.6336  946.0302
2021 04 06 01 47 00    -4.5201107   -1.6802740  944.6355  946.0210
2021 04 06 01 48 00    -4.5278234   -1.6840181  944.6366  946.0168
2021 04 06 01 49 00    -4.5357337   -1.6880236  944.6368  946.0080
2021 04 06 01 50 00    -4.5437255   -1.6921371  944.6373  945.9935
2021 04 06 01 51 00    -4.5513757   -1.6959189  944.6388  945.9862
2021 04 06 01 52 00    -4.5588123   -1.6995342  944.6397  945.9932
2021 04 06 01 53 00    -4.5663269   -1.7033471  944.6396  945.9959
2021 04 06 01 54 00    -4.5738708   -1.7072180  944.6398  945.9757
2021 04 06 01 55 00    -4.5813771   -1.7109914  944.6398  945.9480
2021 04 06 01 56 00    -4.5888099   -1.7147713  944.6387  945.9345
2021 04 06 01 57 00    -4.5960956   -1.7185397  944.6377  945.9363
2021 04 06 01 58 00    -4.6032899   -1.7221531  944.6376  945.9449
2021 04 06 01 59 00    -4.6105124   -1.7256060  944.6375  945.9476
2021 04 06 02 00 00    -4.6176237   -1.7290228  944.6370  945.9388
2021 04 06 02 01 00    -4.6244007   -1.7324789  944.6368  945.9301
2021 04 06 02 02 00    -4.6310327   -1.7359024  944.6374  945.9309
2021 04 06 02 03 00    -4.6378531   -1.7392129  944.6384  945.9382
2021 04 06 02 04 00    -4.6447697   -1.7424942  944.6392  945.9454
2021 04 06 02 05 00    -4.6515606   -1.7458932  944.6393  945.9471
2021 04 06 02 06 00    -4.6582728   -1.7494384  944.6385  945.9434
2021 04 06 02 07 00    -4.6649352   -1.7529768  944.6375  945.9369
2021 04 06 02 08 00    -4.6714685   -1.7562712  944.6371  945.9256
2021 04 06 02 09 00    -4.6779043   -1.7593232  944.6369  945.9088
2021 04 06 02 10 00    -4.6844085   -1.7624720  944.6367  945.8932
2021 04 06 02 11 00    -4.6909942   -1.7658254  944.6363  945.8842
2021 04 06 02 12 00    -4.6973612   -1.7691055  944.6355  945.8819
2021 04 06 02 13 00    -4.7034774   -1.7722900  944.6344  945.8856
2021 04 06 02 14 00    -4.7096422   -1.7754637  944.6338  945.8898
2021 04 06 02 15 00    -4.7158442   -1.7784643  944.6334  945.8851
2021 04 06 02 16 00    -4.7219907   -1.7813987  944.6327  945.8721
2021 04 06 02 17 00    -4.7281361   -1.7845258  944.6318  945.8636
2021 04 06 02 18 00    -4.7341758   -1.7876579  944.6315  945.8643
2021 04 06 02 19 00    -4.7400109   -1.7905622  944.6313  945.8669
2021 04 06 02 20 00    -4.7457662   -1.7934250  944.6308  945.8677
2021 04 06 02 21 00    -4.7516058   -1.7964124  944.6300  945.8633
2021 04 06 02 22 00    -4.7574562   -1.7993465  944.6290  945.8500
2021 04 06 02 23 00    -4.7631853   -1.8021370  944.6278  945.8352
2021 04 06 02 24 00    -4.7689076   -1.8049846  944.6261  945.8222
2021 04 06 02 25 00    -4.7746059   -1.8078871  944.6243  945.8065
2021 04 06 02 26 00    -4.7800404   -1.8106191  944.6224  945.7999
2021 04 06 02 27 00    -4.7852831   -1.8132528  944.6204  945.8152
2021 04 06 02 28 00    -4.7905377   -1.8159515  944.6187  945.8402
2021 04 06 02 29 00    -4.7957196   -1.8185740  944.6173  945.8555
2021 04 06 02 30 00    -4.8007776   -1.8210326  944.6164  945.8606
2021 04 06 02 31 00    -4.8058025   -1.8235051  944.6164  945.8678
2021 04 06 02 32 00    -4.8108270   -1.8260941  944.6169  945.8774
2021 04 06 02 33 00    -4.8159042   -1.8286667  944.6174  945.8786
2021 04 06 02 34 00    -4.8209565   -1.8310887  944.6176  945.8730
2021 04 06 02 35 00    -4.8257714   -1.8334470  944.6177  945.8658
2021 04 06 02 36 00    -4.8303931   -1.8358273  944.6178  945.8571
2021 04 06 02 37 00    -4.8350582   -1.8381390  944.6177  945.8561
2021 04 06 02 38 00    -4.8398401   -1.8404198  944.6173  945.8690
2021 04 06 02 39 00    -4.8445696   -1.8427602  944.6170  945.8863
2021 04 06 02 40 00    -4.8490999   -1.8450558  944.6174  945.8973
2021 04 06 02 41 00    -4.8535693   -1.8473343  944.6184  945.8990
2021 04 06 02 42 00    -4.8580772   -1.8496626  944.6196  945.8990
2021 04 06 02 43 00    -4.8624148   -1.8518080  944.6206  945.9013
2021 04 06 02 44 00    -4.8665499   -1.8537599  944.6214  945.8960
2021 04 06 02 45 00    -4.8707876   -1.8558729  944.6224  945.8792
2021 04 06 02 46 00    -4.8752133   -1.8581895  944.6230  945.8629
2021 04 06 02 47 00    -4.8795142   -1.8604005  944.6223  945.8587
2021 04 06 02 48 00    -4.8834797   -1.8623829  944.6209  945.8670
2021 04 06 02 49 00    -4.8872907   -1.8642700  944.6208  945.8782
2021 04 06 02 50 00    -4.8911317   -1.8661162  944.6221  945.8839
2021 04 06 02 51 00    -4.8950464   -1.8679518  944.6231  945.8870
2021 04 06 02 52 00    -4.8990320   -1.8699261  944.6233  945.8892
2021 04 06 02 53 00    -4.9028205   -1.8719794  944.6236  945.8844
2021 04 06 02 54 00    -4.9063034   -1.8738614  944.6239  945.8755
2021 04 06 02 55 00    -4.9098708   -1.8755713  944.6237  945.8748
2021 04 06 02 56 00    -4.9135819   -1.8772822  944.6239  945.8807
2021 04 06 02 57 00    -4.9170958   -1.8790487  944.6249  945.8821
2021 04 06 02 58 00    -4.9205207   -1.8808657  944.6256  945.8764
2021 04 06 02 59 00    -4.9240432   -1.8826287  944.6256  945.8700
2021 04 06 03 00 00    -4.9274291   -1.8842049  944.6258  945.8700
2021 04 06 03 01 00    -4.9305954   -1.8857457  944.6265  945.8774
2021 04 06 03 02 00    -4.9335742   -1.8873555  944.6271  945.8839
2021 04 06 03 03 00    -4.9363424   -1.8888990  944.6276  945.8850
2021 04 06 03 04 00    -4.9392104   -1.8904144  944.6284  945.8875
2021 04 06 03 05 00    -4.9423304   -1.8919101  944.6299  945.8972
2021 04 06 03 06 00    -4.9453297   -1.8932326  944.6317  945.9121
2021 04 06 03 07 00    -4.9480631   -1.8945003  944.6334  945.9241
2021 04 06 03 08 00    -4.9507569   -1.8958970  944.6345  945.9241
2021 04 06 03 09 00    -4.9533487   -1.8972806  944.6354  945.9109
2021 04 06 03 10 00    -4.9557381   -1.8985574  944.6368  945.8917
2021 04 06 03 11 00    -4.9583460   -1.8999039  944.6378  945.8747
2021 04 06 03 12 00    -4.9612469   -1.9012754  944.6375  945.8639
2021 04 06 03 13 00    -4.9638604   -1.9024958  944.6368  945.8569
2021 04 06 03 14 00    -4.9661418   -1.9037598  944.6367  945.8487
2021 04 06 03 15 00    -4.9684626   -1.9050966  944.6366  945.8387
2021 04 06 03 16 00    -4.9708323   -1.9062109  944.6359  945.8267
2021 04 06 03 17 00    -4.9731877   -1.9072964  944.6351  945.8071
2021 04 06 03 18 00    -4.9755175   -1.9086031  944.6343  945.7786
2021 04 06 03 19 00    -4.9777110   -1.9097311  944.6327  945.7574
2021 04 06 03 20 00    -4.9797433   -1.9105032  944.6304  945.7619
2021 04 06 03 21 00    -4.9816813   -1.9113287  944.6287  945.7800
2021 04 06 03 22 00    -4.9834903   -1.9122913  944.6281  945.7846
2021 04 06 03 23 00    -4.9851265   -1.9131699  944.6278  945.7782
2021 04 06 03 24 00    -4.9866811   -1.9140212  944.6272  945.7785
2021 04 06 03 25 00    -4.9882837   -1.9148763  944.6264  945.7832
2021 04 06 03 26 00    -4.9899382   -1.9156155  944.6255  945.7836
2021 04 06 03 27 00    -4.9914259   -1.9163008  944.6247  945.7793
2021 04 06 03 28 00    -4.9926454   -1.9170086  944.6243  945.7705
2021 04 06 03 29 00    -4.9938982   -1.9176898  944.6236  945.7611
2021 04 06 03 30 00    -4.9954405   -1.9184402  944.6217  945.7533
2021 04 06 03 31 00    -4.9971001   -1.9193304  944.6194  945.7399
2021 04 06 03 32 00    -4.9984916   -1.9200948  944.6182  945.7193
2021 04 06 03 33 00    -4.9996048   -1.9206272  944.6175  945.7048
2021 04 06 03 34 00    -5.0008230   -1.9212034  944.6154  945.7053
2021 04 06 03 35 00    -5.0021486   -1.9218497  944.6123  945.7073
2021 04 06 03 36 00    -5.0032722   -1.9223416  944.6097  945.6967
2021 04 06 03 37 00    -5.0042169   -1.9227389  944.6071  945.6921
2021 04 06 03 38 00    -5.0051244   -1.9232432  944.6050  945.7178
2021 04 06 03 39 00    -5.0059607   -1.9238090  944.6049  945.7529
2021 04 06 03 40 00    -5.0067422   -1.9242845  944.6058  945.7591
2021 04 06 03 41 00    -5.0075863   -1.9246490  944.6053  945.7415
2021 04 06 03 42 00    -5.0084980   -1.9249147  944.6041  945.7332
2021 04 06 03 43 00    -5.0092326   -1.9250778  944.6037  945.7434
2021 04 06 03 44 00    -5.0096255   -1.9252381  944.6038  945.7583
2021 04 06 03 45 00    -5.0099284   -1.9254900  944.6039  945.7702
2021 04 06 03 46 00    -5.0103124   -1.9257496  944.6040  945.7721
2021 04 06 03 47 00    -5.0106803   -1.9259545  944.6039  945.7552
2021 04 06 03 48 00    -5.0110819   -1.9261860  944.6034  945.7281
2021 04 06 03 49 00    -5.0115061   -1.9264536  944.6028  945.7098
2021 04 06 03 50 00    -5.0117802   -1.9267089  944.6023  945.7062
2021 04 06 03 51 00    -5.0119346   -1.9269580  944.6014  945.7109
2021 04 06 03 52 00    -5.0120089   -1.9270880  944.6000  945.7112
2021 04 06 03 53 00    -5.0119171   -1.9269596  944.5987  945.6950
2021 04 06 03 54 00    -5.0117573   -1.9267262  944.5980  945.6725
2021 04 06 03 55 00    -5.0116116   -1.9265898  944.5973  945.6699
2021 04 06 03 56 00    -5.0113588   -1.9264802  944.5962  945.6871
2021 04 06 03 57 00    -5.0110910   -1.9263100  944.5955  945.6968
2021 04 06 03 58 00    -5.0109741   -1.9261625  944.5954  945.6950
2021 04 06 03 59 00    -5.0107027   -1.9260320  944.5953  945.6972
2021 04 06 04 00 00    -5.0100540   -1.9257543  944.5954  945.6983
2021 04 06 04 01 00    -5.0093854   -1.9253593  944.5963  945.6884
2021 04 06 04 02 00    -5.0089503   -1.9251002  944.5971  945.6741
2021 04 06 04 03 00    -5.0086018   -1.9249656  944.5963  945.6591
2021 04 06 04 04 00    -5.0081189   -1.9246713  944.5944  945.6464
2021 04 06 04 05 00    -5.0074316   -1.9242639  944.5935  945.6455
2021 04 06 04 06 00    -5.0067103   -1.9240022  944.5939  945.6527
2021 04 06 04 07 00    -5.0059926   -1.9237057  944.5944  945.6573
2021 04 06 04 08 00    -5.0050511   -1.9231805  944.5943  945.6605
2021 04 06 04 09 00    -5.0039368   -1.9227084  944.5938  945.6633
2021 04 06 04 10 00    -5.0029142   -1.9223173  944.5932  945.6546
2021 04 06 04 11 00    -5.0019624   -1.9217321  944.5925  945.6350
2021 04 06 04 12 00    -5.0009335   -1.9211214  944.5911  945.6226
2021 04 06 04 13 00    -4.9998416   -1.9207228  944.5887  945.6220
2021 04 06 04 14 00    -4.9987777   -1.9203562  944.5865  945.6195
2021 04 06 04 15 00    -4.9976832   -1.9197949  944.5847  945.6074
2021 04 06 04 16 00    -4.9964537   -1.9190365  944.5826  945.5884
2021 04 06 04 17 00    -4.9952245   -1.9182676  944.5799  945.5707
2021 04 06 04 18 00    -4.9940498   -1.9176175  944.5775  945.5641
2021 04 06 04 19 00    -4.9926987   -1.9169663  944.5758  945.5608
2021 04 06 04 20 00    -4.9911510   -1.9162053  944.5737  945.5428
2021 04 06 04 21 00    -4.9897043   -1.9154303  944.5699  945.5155
2021 04 06 04 22 00    -4.9883818   -1.9147003  944.5652  945.5039
2021 04 06 04 23 00    -4.9867782   -1.9139191  944.5611  945.5081
2021 04 06 04 24 00    -4.9848388   -1.9130700  944.5581  945.5075
2021 04 06 04 25 00    -4.9830511   -1.9122618  944.5559  945.5190
2021 04 06 04 26 00    -4.9815073   -1.9115073  944.5544  945.5651
2021 04 06 04 27 00    -4.9797630   -1.9106814  944.5541  945.5953
2021 04 06 04 28 00    -4.9777179   -1.9097319  944.5537  945.5687
2021 04 06 04 29 00    -4.9757276   -1.9087791  944.5521  945.5365
2021 04 06 04 30 00    -4.9739476   -1.9078737  944.5500  945.5326
2021 04 06 04 31 00    -4.9720829   -1.9068557  944.5480  945.5266
2021 04 06 04 32 00    -4.9698757   -1.9056793  944.5453  945.5165
2021 04 06 04 33 00    -4.9675938   -1.9045399  944.5424  945.5230
2021 04 06 04 34 00    -4.9654853   -1.9034828  944.5404  945.5312
2021 04 06 04 35 00    -4.9633314   -1.9023559  944.5394  945.5203
2021 04 06 04 36 00    -4.9610551   -1.9011779  944.5391  945.5030
2021 04 06 04 37 00    -4.9587889   -1.9000377  944.5386  945.5026
2021 04 06 04 38 00    -4.9564500   -1.8988623  944.5371  945.5171
2021 04 06 04 39 00    -4.9539113   -1.8975971  944.5346  945.5318
2021 04 06 04 40 00    -4.9512223   -1.8962739  944.5326  945.5380
2021 04 06 04 41 00    -4.9486124   -1.8949719  944.5319  945.5293
2021 04 06 04 42 00    -4.9461979   -1.8937673  944.5318  945.5187
2021 04 06 04 43 00    -4.9436807   -1.8925466  944.5311  945.5355
2021 04 06 04 44 00    -4.9409320   -1.8911741  944.5298  945.5709
2021 04 06 04 45 00    -4.9382797   -1.8897229  944.5294  945.5823
2021 04 06 04 46 00    -4.9356783   -1.8882680  944.5300  945.5666
2021 04 06 04 47 00    -4.9328403   -1.8868164  944.5304  945.5551
2021 04 06 04 48 00    -4.9300103   -1.8854545  944.5308  945.5506
2021 04 06 04 49 00    -4.9273560   -1.8841978  944.5315  945.5445
2021 04 06 04 50 00    -4.9245243   -1.8828572  944.5320  945.5421
2021 04 06 04 51 00    -4.9214340   -1.8813498  944.5318  945.5392
2021 04 06 04 52 00    -4.9184387   -1.8798777  944.5307  945.5264
2021 04 06 04 53 00    -4.9156215   -1.8785217  944.5288  945.5142
2021 04 06 04 54 00    -4.9126969   -1.8770641  944.5266  945.5188
2021 04 06 04 55 00    -4.9095318   -1.8754254  944.5247  945.5371
2021 04 06 04 56 00    -4.9062789   -1.8737671  944.5235  945.5504
2021 04 06 04 57 00    -4.9030503   -1.8721622  944.5231  945.5510
2021 04 06 04 58 00    -4.8998385   -1.8705935  944.5233  945.5505
2021 04 06 04 59 00    -4.8967219   -1.8690636  944.5235  945.5661
2021 04 06 05 00 00    -4.8936802   -1.8674826  944.5231  945.5995
2021 04 06 05 01 00    -4.8904914   -1.8658199  944.5225  945.6232
2021 04 06 05 02 00    -4.8871942   -1.8642804  944.5222  945.6162
2021 04 06 05 03 00    -4.8839622   -1.8628393  944.5222  945.5992
2021 04 06 05 04 00    -4.8806742   -1.8611417  944.5226  945.5889
2021 04 06 05 05 00    -4.8772447   -1.8592207  944.5234  945.5759
2021 04 06 05 06 00    -4.8738006   -1.8574713  944.5236  945.5609
2021 04 06 05 07 00    -4.8703838   -1.8559323  944.5229  945.5515
2021 04 06 05 08 00    -4.8668835   -1.8542626  944.5220  945.5477
2021 04 06 05 09 00    -4.8631615   -1.8523046  944.5210  945.5543
2021 04 06 05 10 00    -4.8592699   -1.8503063  944.5203  945.5734
2021 04 06 05 11 00    -4.8554338   -1.8484739  944.5202  945.5860
2021 04 06 05 12 00    -4.8517232   -1.8467003  944.5206  945.5801
2021 04 06 05 13 00    -4.8480318   -1.8448456  944.5210  945.5712
2021 04 06 05 14 00    -4.8441995   -1.8428382  944.5213  945.5704
2021 04 06 05 15 00    -4.8401896   -1.8406931  944.5214  945.5726
2021 04 06 05 16 00    -4.8363167   -1.8386335  944.5211  945.5677
2021 04 06 05 17 00    -4.8327951   -1.8368502  944.5212  945.5502
2021 04 06 05 18 00    -4.8292722   -1.8351937  944.5217  945.5396
2021 04 06 05 19 00    -4.8254232   -1.8334152  944.5227  945.5493
2021 04 06 05 20 00    -4.8214297   -1.8314579  944.5236  945.5496
2021 04 06 05 21 00    -4.8175033   -1.8293403  944.5237  945.5221
2021 04 06 05 22 00    -4.8136674   -1.8272183  944.5229  945.4960
2021 04 06 05 23 00    -4.8099179   -1.8253571  944.5218  945.4871
2021 04 06 05 24 00    -4.8061349   -1.8236694  944.5202  945.4765
2021 04 06 05 25 00    -4.8022068   -1.8218033  944.5173  945.4615
2021 04 06 05 26 00    -4.7981715   -1.8197107  944.5141  945.4503
2021 04 06 05 27 00    -4.7940819   -1.8176016  944.5124  945.4445
2021 04 06 05 28 00    -4.7899857   -1.8155332  944.5120  945.4530
2021 04 06 05 29 00    -4.7858303   -1.8133722  944.5115  945.4603
2021 04 06 05 30 00    -4.7814844   -1.8110811  944.5100  945.4458
2021 04 06 05 31 00    -4.7770951   -1.8089243  944.5078  945.4493
2021 04 06 05 32 00    -4.7728694   -1.8070354  944.5067  945.4975
2021 04 06 05 33 00    -4.7686349   -1.8050561  944.5078  945.5382
2021 04 06 05 34 00    -4.7642187   -1.8028021  944.5096  945.5381
2021 04 06 05 35 00    -4.7597439   -1.8005374  944.5108  945.5318
2021 04 06 05 36 00    -4.7553398   -1.7983603  944.5117  945.5530
2021 04 06 05 37 00    -4.7509840   -1.7961810  944.5133  945.5879
2021 04 06 05 38 00    -4.7464975   -1.7939775  944.5159  945.5995
2021 04 06 05 39 00    -4.7417334   -1.7916735  944.5180  945.5878
2021 04 06 05 40 00    -4.7369281   -1.7892835  944.5193  945.5851
2021 04 06 05 41 00    -4.7324379   -1.7869674  944.5210  945.5951
2021 04 06 05 42 00    -4.7281845   -1.7846769  944.5238  945.6006
2021 04 06 05 43 00    -4.7238423   -1.7823268  944.5265  945.5990
2021 04 06 05 44 00    -4.7193522   -1.7801162  944.5283  945.5897
2021 04 06 05 45 00    -4.7148645   -1.7780763  944.5298  945.5727
2021 04 06 05 46 00    -4.7103523   -1.7758851  944.5313  945.5644
2021 04 06 05 47 00    -4.7056964   -1.7734954  944.5326  945.5755
2021 04 06 05 48 00    -4.7009732   -1.7711365  944.5342  945.5960
2021 04 06 05 49 00    -4.6962910   -1.7687931  944.5365  945.6170
2021 04 06 05 50 00    -4.6916394   -1.7663899  944.5384  945.6338
2021 04 06 05 51 00    -4.6869894   -1.7640081  944.5393  945.6378
2021 04 06 05 52 00    -4.6823247   -1.7616914  944.5402  945.6290
2021 04 06 05 53 00    -4.6776506   -1.7594096  944.5413  945.6126
2021 04 06 05 54 00    -4.6729659   -1.7570879  944.5419  945.5951
2021 04 06 05 55 00    -4.6682895   -1.7546963  944.5422  945.5906
2021 04 06 05 56 00    -4.6636663   -1.7523052  944.5428  945.5989
2021 04 06 05 57 00    -4.6590210   -1.7499652  944.5435  945.6000
2021 04 06 05 58 00    -4.6543039   -1.7476891  944.5440  945.5956
2021 04 06 05 59 00    -4.6496274   -1.7453920  944.5446  945.6024
2021 04 06 06 00 00    -4.6449093   -1.7429193  944.5452  945.6123
2021 04 06 06 01 00    -4.6399207   -1.7403193  944.5459  945.6128
2021 04 06 06 02 00    -4.6348413   -1.7378459  944.5471  945.6126
2021 04 06 06 03 00    -4.6300107   -1.7355860  944.5490  945.6228
2021 04 06 06 04 00    -4.6253048   -1.7332831  944.5510  945.6422
2021 04 06 06 05 00    -4.6204589   -1.7307550  944.5526  945.6627
2021 04 06 06 06 00    -4.6154839   -1.7281729  944.5543  945.6801
2021 04 06 06 07 00    -4.6105125   -1.7257334  944.5569  945.6932
2021 04 06 06 08 00    -4.6057026   -1.7234560  944.5598  945.6960
2021 04 06 06 09 00    -4.6010413   -1.7212020  944.5622  945.6884
2021 04 06 06 10 00    -4.5962768   -1.7187444  944.5641  945.6821
2021 04 06 06 11 00    -4.5913663   -1.7161037  944.5661  945.6845
2021 04 06 06 12 00    -4.5865515   -1.7136191  944.5681  945.6959
2021 04 06 06 13 00    -4.5817745   -1.7113352  944.5703  945.7071
2021 04 06 06 14 00    -4.5767879   -1.7089220  944.5724  945.6951
2021 04 06 06 15 00    -4.5718550   -1.7064220  944.5736  945.6663
2021 04 06 06 16 00    -4.5672166   -1.7040837  944.5741  945.6618
2021 04 06 06 17 00    -4.5624726   -1.7017366  944.5749  945.6794
2021 04 06 06 18 00    -4.5574438   -1.6991801  944.5764  945.6858
2021 04 06 06 19 00    -4.5524061   -1.6965056  944.5784  945.6851
2021 04 06 06 20 00    -4.5474309   -1.6938924  944.5804  945.6877
2021 04 06 06 21 00    -4.5425483   -1.6915143  944.5820  945.6823
2021 04 06 06 22 00    -4.5377974   -1.6892993  944.5830  945.6753
2021 04 06 06 23 00    -4.5329578   -1.6869516  944.5836  945.6812
2021 04 06 06 24 00    -4.5279600   -1.6844249  944.5844  945.6888
2021 04 06 06 25 00    -4.5230291   -1.6819497  944.5860  945.6913
2021 04 06 06 26 00    -4.5181836   -1.6795826  944.5884  945.7081
2021 04 06 06 27 00    -4.5131893   -1.6770826  944.5906  945.7326
2021 04 06 06 28 00    -4.5080095   -1.6743406  944.5925  945.7318
2021 04 06 06 29 00    -4.5028798   -1.6716204  944.5946  945.7113
2021 04 06 06 30 00    -4.4979012   -1.6691249  944.5969  945.7017
2021 04 06 06 31 00    -4.4929290   -1.6666971  944.5990  945.7097
2021 04 06 06 32 00    -4.4878815   -1.6641922  944.6009  945.7217
2021 04 06 06 33 00    -4.4828065   -1.6616749  944.6028  945.7246
2021 04 06 06 34 00    -4.4777054   -1.6591105  944.6050  945.7208
2021 04 06 06 35 00    -4.4725228   -1.6563880  944.6073  945.7207
2021 04 06 06 36 00    -4.4673247   -1.6537435  944.6093  945.7187
2021 04 06 06 37 00    -4.4623365   -1.6515018  944.6111  945.7141
2021 04 06 06 38 00    -4.4575866   -1.6493830  944.6125  945.7247
2021 04 06 06 39 00    -4.4529267   -1.6469564  944.6127  945.7363
2021 04 06 06 40 00    -4.4484286   -1.6444507  944.6127  945.7148
2021 04 06 06 41 00    -4.4440188   -1.6421944  944.6144  945.6830
2021 04 06 06 42 00    -4.4393589   -1.6399590  944.6167  945.6795
2021 04 06 06 43 00    -4.4344792   -1.6375041  944.6176  945.6885
2021 04 06 06 44 00    -4.4296440   -1.6349807  944.6174  945.6812
2021 04 06 06 45 00    -4.4248988   -1.6324979  944.6174  945.6572
2021 04 06 06 46 00    -4.4201370   -1.6300301  944.6173  945.6377
2021 04 06 06 47 00    -4.4152452   -1.6276550  944.6168  945.6390
2021 04 06 06 48 00    -4.4103133   -1.6253963  944.6164  945.6438
2021 04 06 06 49 00    -4.4054999   -1.6230898  944.6164  945.6318
2021 04 06 06 50 00    -4.4007204   -1.6206067  944.6154  945.6073
2021 04 06 06 51 00    -4.3959518   -1.6181018  944.6129  945.5779
2021 04 06 06 52 00    -4.3912738   -1.6157680  944.6104  945.5593
2021 04 06 06 53 00    -4.3865827   -1.6134699  944.6091  945.5658
2021 04 06 06 54 00    -4.3818326   -1.6110348  944.6086  945.5778
2021 04 06 06 55 00    -4.3771227   -1.6085586  944.6082  945.5813
2021 04 06 06 56 00    -4.3725439   -1.6062208  944.6076  945.5817
2021 04 06 06 57 00    -4.3680329   -1.6040163  944.6064  945.5720
2021 04 06 06 58 00    -4.3633307   -1.6017083  944.6044  945.5648
2021 04 06 06 59 00    -4.3584733   -1.5992087  944.6025  945.5773
2021 04 06 07 00 00    -4.3537058   -1.5967233  944.6006  945.5892
2021 04 06 07 01 00    -4.3489505   -1.5943547  944.5986  945.5900
2021 04 06 07 02 00    -4.3442187   -1.5920864  944.5972  945.5934
2021 04 06 07 03 00    -4.3396531   -1.5899153  944.5971  945.6001
2021 04 06 07 04 00    -4.3350474   -1.5876936  944.5973  945.6093
2021 04 06 07 05 00    -4.3302815   -1.5853037  944.5970  945.6184
2021 04 06 07 06 00    -4.3255535   -1.5828928  944.5972  945.6138
2021 04 06 07 07 00    -4.3209709   -1.5805589  944.5980  945.6037
2021 04 06 07 08 00    -4.3164530   -1.5781995  944.5980  945.6038
2021 04 06 07 09 00    -4.3118603   -1.5758550  944.5967  945.6023
2021 04 06 07 10 00    -4.3072083   -1.5735973  944.5956  945.5898
2021 04 06 07 11 00    -4.3025840   -1.5712500  944.5951  945.5860
2021 04 06 07 12 00    -4.2979607   -1.5687917  944.5948  945.5990
2021 04 06 07 13 00    -4.2933887   -1.5664914  944.5943  945.5997
2021 04 06 07 14 00    -4.2889126   -1.5643935  944.5937  945.5750
2021 04 06 07 15 00    -4.2843765   -1.5622303  944.5928  945.5552
2021 04 06 07 16 00    -4.2797462   -1.5598581  944.5915  945.5618
2021 04 06 07 17 00    -4.2752090   -1.5574632  944.5905  945.5848
2021 04 06 07 18 00    -4.2707221   -1.5552433  944.5904  945.6054
2021 04 06 07 19 00    -4.2661200   -1.5531019  944.5913  945.6073
2021 04 06 07 20 00    -4.2615926   -1.5509495  944.5923  945.5891
2021 04 06 07 21 00    -4.2572860   -1.5488383  944.5928  945.5700
2021 04 06 07 22 00    -4.2529409   -1.5466555  944.5927  945.5580
2021 04 06 07 23 00    -4.2484281   -1.5443666  944.5919  945.5443
2021 04 06 07 24 00    -4.2439539   -1.5421509  944.5904  945.5351
2021 04 06 07 25 00    -4.2395830   -1.5399583  944.5894  945.5408
2021 04 06 07 26 00    -4.2351302   -1.5376466  944.5904  945.5583
2021 04 06 07 27 00    -4.2306030   -1.5353165  944.5926  945.5776
2021 04 06 07 28 00    -4.2261684   -1.5330604  944.5940  945.5898
2021 04 06 07 29 00    -4.2217808   -1.5308480  944.5946  945.6007
2021 04 06 07 30 00    -4.2173388   -1.5286452  944.5954  945.6185
2021 04 06 07 31 00    -4.2128576   -1.5264299  944.5971  945.6358
2021 04 06 07 32 00    -4.2084527   -1.5242981  944.5995  945.6518
2021 04 06 07 33 00    -4.2042370   -1.5222927  944.6023  945.6816
2021 04 06 07 34 00    -4.2000591   -1.5201839  944.6054  945.7241
2021 04 06 07 35 00    -4.1957253   -1.5178978  944.6087  945.7581
2021 04 06 07 36 00    -4.1913034   -1.5156370  944.6125  945.7738
2021 04 06 07 37 00    -4.1870006   -1.5134768  944.6171  945.7733
2021 04 06 07 38 00    -4.1829803   -1.5113955  944.6218  945.7608
2021 04 06 07 39 00    -4.1791320   -1.5093769  944.6258  945.7515
2021 04 06 07 40 00    -4.1752371   -1.5074204  944.6292  945.7515
2021 04 06 07 41 00    -4.1712461   -1.5055242  944.6322  945.7540
2021 04 06 07 42 00    -4.1671631   -1.5035448  944.6345  945.7636
2021 04 06 07 43 00    -4.1631205   -1.5014609  944.6362  945.7668
2021 04 06 07 44 00    -4.1593044   -1.4994963  944.6382  945.7457
2021 04 06 07 45 00    -4.1556154   -1.4976755  944.6411  945.7361
2021 04 06 07 46 00    -4.1517898   -1.4957927  944.6440  945.7605
2021 04 06 07 47 00    -4.1477973   -1.4938514  944.6458  945.7781
2021 04 06 07 48 00    -4.1439905   -1.4920572  944.6471  945.7703
2021 04 06 07 49 00    -4.1404997   -1.4903303  944.6488  945.7607
2021 04 06 07 50 00    -4.1368224   -1.4883537  944.6507  945.7589
2021 04 06 07 51 00    -4.1327933   -1.4862448  944.6523  945.7562
2021 04 06 07 52 00    -4.1289294   -1.4843672  944.6539  945.7443
2021 04 06 07 53 00    -4.1252901   -1.4825897  944.6555  945.7234
2021 04 06 07 54 00    -4.1214398   -1.4806700  944.6570  945.7167
2021 04 06 07 55 00    -4.1174826   -1.4787634  944.6583  945.7433
2021 04 06 07 56 00    -4.1138174   -1.4769797  944.6602  945.7717
2021 04 06 07 57 00    -4.1103493   -1.4752100  944.6633  945.7650
2021 04 06 07 58 00    -4.1068177   -1.4734018  944.6662  945.7421
2021 04 06 07 59 00    -4.1032620   -1.4715763  944.6675  945.7303
2021 04 06 08 00 00    -4.0998074   -1.4697841  944.6678  945.7295
2021 04 06 08 01 00    -4.0964200   -1.4680773  944.6682  945.7461
2021 04 06 08 02 00    -4.0929638   -1.4664165  944.6690  945.7699
2021 04 06 08 03 00    -4.0894726   -1.4647118  944.6698  945.7666
2021 04 06 08 04 00    -4.0861199   -1.4629865  944.6707  945.7497
2021 04 06 08 05 00    -4.0828070   -1.4613294  944.6725  945.7489
2021 04 06 08 06 00    -4.0793440   -1.4596902  944.6754  945.7530
2021 04 06 08 07 00    -4.0758908   -1.4579880  944.6782  945.7602
2021 04 06 08 08 00    -4.0725669   -1.4562363  944.6796  945.7772
2021 04 06 08 09 00    -4.0692436   -1.4544545  944.6805  945.7833
2021 04 06 08 10 00    -4.0659776   -1.4527798  944.6822  945.7650
2021 04 06 08 11 00    -4.0628439   -1.4513299  944.6843  945.7292
2021 04 06 08 12 00    -4.0596890   -1.4498678  944.6857  945.6988
2021 04 06 08 13 00    -4.0564576   -1.4481837  944.6864  945.7026
2021 04 06 08 14 00    -4.0532161   -1.4464400  944.6870  945.7309
2021 04 06 08 15 00    -4.0499772   -1.4448117  944.6881  945.7551
2021 04 06 08 16 00    -4.0467830   -1.4433108  944.6895  945.7753
2021 04 06 08 17 00    -4.0437525   -1.4418919  944.6907  945.7958
2021 04 06 08 18 00    -4.0408460   -1.4404200  944.6921  945.8086
2021 04 06 08 19 00    -4.0378109   -1.4388255  944.6941  945.8066
2021 04 06 08 20 00    -4.0346822   -1.4372983  944.6960  945.7918
2021 04 06 08 21 00    -4.0317452   -1.4359268  944.6972  945.7823
2021 04 06 08 22 00    -4.0289484   -1.4344957  944.6983  945.7882
2021 04 06 08 23 00    -4.0260869   -1.4329780  944.6998  945.7958
2021 04 06 08 24 00    -4.0231590   -1.4315531  944.7021  945.7979
2021 04 06 08 25 00    -4.0203190   -1.4302206  944.7050  945.8028
2021 04 06 08 26 00    -4.0176218   -1.4288678  944.7080  945.8171
2021 04 06 08 27 00    -4.0147582   -1.4273626  944.7103  945.8380
2021 04 06 08 28 00    -4.0117114   -1.4257422  944.7122  945.8533
2021 04 06 08 29 00    -4.0089937   -1.4242656  944.7141  945.8512
2021 04 06 08 30 00    -4.0065532   -1.4229675  944.7166  945.8392
2021 04 06 08 31 00    -4.0039087   -1.4217047  944.7191  945.8386
2021 04 06 08 32 00    -4.0011476   -1.4204509  944.7209  945.8463
2021 04 06 08 33 00    -3.9985867   -1.4192062  944.7225  945.8451
2021 04 06 08 34 00    -3.9961881   -1.4179826  944.7243  945.8473
2021 04 06 08 35 00    -3.9937762   -1.4167580  944.7263  945.8603
2021 04 06 08 36 00    -3.9913114   -1.4155009  944.7283  945.8645
2021 04 06 08 37 00    -3.9888696   -1.4142875  944.7298  945.8584
2021 04 06 08 38 00    -3.9865021   -1.4131481  944.7311  945.8472
2021 04 06 08 39 00    -3.9841676   -1.4120373  944.7327  945.8241
2021 04 06 08 40 00    -3.9817511   -1.4108812  944.7346  945.8041
2021 04 06 08 41 00    -3.9792616   -1.4096130  944.7359  945.8072
2021 04 06 08 42 00    -3.9769775   -1.4083770  944.7368  945.8226
2021 04 06 08 43 00    -3.9748747   -1.4073040  944.7382  945.8298
2021 04 06 08 44 00    -3.9725829   -1.4062408  944.7401  945.8283
2021 04 06 08 45 00    -3.9702732   -1.4050999  944.7415  945.8285
2021 04 06 08 46 00    -3.9683083   -1.4040434  944.7425  945.8309
2021 04 06 08 47 00    -3.9664645   -1.4031805  944.7436  945.8242
2021 04 06 08 48 00    -3.9644849   -1.4023720  944.7442  945.8069
2021 04 06 08 49 00    -3.9624348   -1.4014372  944.7438  945.7916
2021 04 06 08 50 00    -3.9603283   -1.4003803  944.7432  945.7797
2021 04 06 08 51 00    -3.9582428   -1.3992971  944.7428  945.7667
2021 04 06 08 52 00    -3.9563452   -1.3982515  944.7421  945.7644
2021 04 06 08 53 00    -3.9544711   -1.3972299  944.7414  945.7803
2021 04 06 08 54 00    -3.9524416   -1.3962034  944.7410  945.7952
2021 04 06 08 55 00    -3.9504411   -1.3952535  944.7408  945.7892
2021 04 06 08 56 00    -3.9485662   -1.3943837  944.7417  945.7684
2021 04 06 08 57 00    -3.9467225   -1.3934268  944.7438  945.7590
2021 04 06 08 58 00    -3.9449335   -1.3924587  944.7458  945.7707
2021 04 06 08 59 00    -3.9431943   -1.3916548  944.7467  945.7820
2021 04 06 09 00 00    -3.9413384   -1.3907466  944.7476  945.7807
2021 04 06 09 01 00    -3.9393704   -1.3895967  944.7490  945.7800
2021 04 06 09 02 00    -3.9375995   -1.3886477  944.7501  945.7906
2021 04 06 09 03 00    -3.9361625   -1.3880531  944.7507  945.8059
2021 04 06 09 04 00    -3.9346902   -1.3873911  944.7517  945.8148
2021 04 06 09 05 00    -3.9328830   -1.3864752  944.7532  945.8158
2021 04 06 09 06 00    -3.9310429   -1.3855801  944.7551  945.8195
2021 04 06 09 07 00    -3.9295412   -1.3848545  944.7573  945.8416
2021 04 06 09 08 00    -3.9281785   -1.3841081  944.7600  945.8727
2021 04 06 09 09 00    -3.9265676   -1.3832267  944.7620  945.8772
2021 04 06 09 10 00    -3.9249039   -1.3823924  944.7636  945.8542
2021 04 06 09 11 00    -3.9235749   -1.3817617  944.7656  945.8413
2021 04 06 09 12 00    -3.9224098   -1.3812218  944.7681  945.8526
2021 04 06 09 13 00    -3.9212028   -1.3806596  944.7705  945.8679
2021 04 06 09 14 00    -3.9200431   -1.3800991  944.7723  945.8643
2021 04 06 09 15 00    -3.9188461   -1.3794491  944.7738  945.8423
2021 04 06 09 16 00    -3.9175039   -1.3786243  944.7753  945.8292
2021 04 06 09 17 00    -3.9161579   -1.3778233  944.7767  945.8386
2021 04 06 09 18 00    -3.9149903   -1.3772697  944.7788  945.8475
2021 04 06 09 19 00    -3.9140064   -1.3769083  944.7812  945.8404
2021 04 06 09 20 00    -3.9129695   -1.3765103  944.7828  945.8332
2021 04 06 09 21 00    -3.9117326   -1.3759862  944.7830  945.8348
2021 04 06 09 22 00    -3.9105868   -1.3754611  944.7832  945.8353
2021 04 06 09 23 00    -3.9097852   -1.3749297  944.7847  945.8332
2021 04 06 09 24 00    -3.9090077   -1.3743145  944.7870  945.8313
2021 04 06 09 25 00    -3.9079513   -1.3738104  944.7886  945.8279
2021 04 06 09 26 00    -3.9068529   -1.3735083  944.7893  945.8274
2021 04 06 09 27 00    -3.9059128   -1.3731280  944.7900  945.8318
2021 04 06 09 28 00    -3.9050485   -1.3725232  944.7915  945.8315
2021 04 06 09 29 00    -3.9041974   -1.3719082  944.7925  945.8280
2021 04 06 09 30 00    -3.9033316   -1.3714961  944.7926  945.8322
2021 04 06 09 31 00    -3.9024686   -1.3711705  944.7930  945.8346
2021 04 06 09 32 00    -3.9015828   -1.3706838  944.7949  945.8299
2021 04 06 09 33 00    -3.9005620   -1.3700636  944.7975  945.8417
2021 04 06 09 34 00    -3.8996414   -1.3695686  944.7996  945.8695
2021 04 06 09 35 00    -3.8991442   -1.3693309  944.8010  945.8793
2021 04 06 09 36 00    -3.8984734   -1.3690277  944.8023  945.8641
2021 04 06 09 37 00    -3.8973264   -1.3684413  944.8037  945.8456
2021 04 06 09 38 00    -3.8968310   -1.3680999  944.8050  945.8352
2021 04 06 09 39 00    -3.8969313   -1.3681414  944.8057  945.8304
2021 04 06 09 40 00    -3.8962653   -1.3679382  944.8058  945.8288
2021 04 06 09 41 00    -3.8952323   -1.3675245  944.8058  945.8307
2021 04 06 09 42 00    -3.8948986   -1.3673694  944.8055  945.8355
2021 04 06 09 43 00    -3.8948200   -1.3672552  944.8051  945.8385
2021 04 06 09 44 00    -3.8943818   -1.3668995  944.8053  945.8332
2021 04 06 09 45 00    -3.8938180   -1.3665729  944.8063  945.8199
2021 04 06 09 46 00    -3.8934393   -1.3664735  944.8070  945.8082
2021 04 06 09 47 00    -3.8932843   -1.3664870  944.8072  945.8026
2021 04 06 09 48 00    -3.8931927   -1.3664957  944.8069  945.7926
2021 04 06 09 49 00    -3.8930077   -1.3664353  944.8065  945.7719
2021 04 06 09 50 00    -3.8927897   -1.3663195  944.8060  945.7532
2021 04 06 09 51 00    -3.8926073   -1.3662334  944.8052  945.7492
2021 04 06 09 52 00    -3.8925100   -1.3662299  944.8044  945.7514
2021 04 06 09 53 00    -3.8924226   -1.3662125  944.8041  945.7458
2021 04 06 09 54 00    -3.8920716   -1.3660339  944.8035  945.7331
2021 04 06 09 55 00    -3.8916931   -1.3658475  944.8020  945.7192
2021 04 06 09 56 00    -3.8917591   -1.3658553  944.7993  945.7021
2021 04 06 09 57 00    -3.8918441   -1.3658421  944.7961  945.6833
2021 04 06 09 58 00    -3.8914622   -1.3655950  944.7931  945.6679
2021 04 06 09 59 00    -3.8912278   -1.3653723  944.7895  945.6511
2021 04 06 10 00 00    -3.8915818   -1.3654649  944.7847  945.6358
2021 04 06 10 01 00    -3.8919198   -1.3656771  944.7796  945.6358
2021 04 06 10 02 00    -3.8918556   -1.3656963  944.7757  945.6441
2021 04 06 10 03 00    -3.8917331   -1.3656146  944.7731  945.6425
2021 04 06 10 04 00    -3.8917993   -1.3656384  944.7704  945.6348
2021 04 06 10 05 00    -3.8919635   -1.3657691  944.7665  945.6295
2021 04 06 10 06 00    -3.8921756   -1.3659631  944.7620  945.6180
2021 04 06 10 07 00    -3.8925043   -1.3661814  944.7581  945.5984
2021 04 06 10 08 00    -3.8929060   -1.3663515  944.7549  945.5839
2021 04 06 10 09 00    -3.8931683   -1.3664197  944.7518  945.5776
2021 04 06 10 10 00    -3.8932889   -1.3664502  944.7485  945.5713
2021 04 06 10 11 00    -3.8935256   -1.3665714  944.7452  945.5563
2021 04 06 10 12 00    -3.8938589   -1.3667497  944.7409  945.5314
2021 04 06 10 13 00    -3.8940516   -1.3668716  944.7353  945.5168
2021 04 06 10 14 00    -3.8941143   -1.3668995  944.7304  945.5320
2021 04 06 10 15 00    -3.8942398   -1.3669067  944.7275  945.5570
2021 04 06 10 16 00    -3.8945121   -1.3670865  944.7253  945.5647
2021 04 06 10 17 00    -3.8947753   -1.3673861  944.7227  945.5557
2021 04 06 10 18 00    -3.8948619   -1.3674920  944.7202  945.5371
2021 04 06 10 19 00    -3.8949818   -1.3674480  944.7178  945.5219
2021 04 06 10 20 00    -3.8954023   -1.3675606  944.7155  945.5274
2021 04 06 10 21 00    -3.8959434   -1.3678540  944.7132  945.5436
2021 04 06 10 22 00    -3.8963950   -1.3681619  944.7108  945.5514
2021 04 06 10 23 00    -3.8968272   -1.3683896  944.7091  945.5511
2021 04 06 10 24 00    -3.8972648   -1.3686126  944.7090  945.5395
2021 04 06 10 25 00    -3.8977233   -1.3689434  944.7092  945.5099
2021 04 06 10 26 00    -3.8982556   -1.3692149  944.7077  945.4823
2021 04 06 10 27 00    -3.8987718   -1.3692933  944.7043  945.4776
2021 04 06 10 28 00    -3.8992890   -1.3694422  944.7003  945.4829
2021 04 06 10 29 00    -3.8999197   -1.3697986  944.6970  945.4836
2021 04 06 10 30 00    -3.9004641   -1.3701273  944.6954  945.4810
2021 04 06 10 31 00    -3.9007799   -1.3703442  944.6941  945.4752
2021 04 06 10 32 00    -3.9011997   -1.3706378  944.6908  945.4709
2021 04 06 10 33 00    -3.9019096   -1.3710204  944.6859  945.4709
2021 04 06 10 34 00    -3.9025822   -1.3712679  944.6815  945.4688
2021 04 06 10 35 00    -3.9030324   -1.3714016  944.6785  945.4665
2021 04 06 10 36 00    -3.9035481   -1.3716671  944.6764  945.4650
2021 04 06 10 37 00    -3.9042921   -1.3720418  944.6741  945.4543
2021 04 06 10 38 00    -3.9050103   -1.3723711  944.6715  945.4400
2021 04 06 10 39 00    -3.9055585   -1.3727075  944.6691  945.4379
2021 04 06 10 40 00    -3.9060981   -1.3730790  944.6662  945.4440
2021 04 06 10 41 00    -3.9067025   -1.3733403  944.6625  945.4465
2021 04 06 10 42 00    -3.9073786   -1.3735363  944.6593  945.4387
2021 04 06 10 43 00    -3.9082402   -1.3739527  944.6571  945.4107
2021 04 06 10 44 00    -3.9091910   -1.3745498  944.6546  945.3737
2021 04 06 10 45 00    -3.9099522   -1.3749418  944.6507  945.3650
2021 04 06 10 46 00    -3.9105221   -1.3750651  944.6466  945.3839
2021 04 06 10 47 00    -3.9111832   -1.3752799  944.6434  945.3891
2021 04 06 10 48 00    -3.9120729   -1.3757714  944.6401  945.3723
2021 04 06 10 49 00    -3.9129583   -1.3763080  944.6367  945.3580
2021 04 06 10 50 00    -3.9136762   -1.3767528  944.6344  945.3508
2021 04 06 10 51 00    -3.9144407   -1.3772730  944.6331  945.3351
2021 04 06 10 52 00    -3.9153770   -1.3778690  944.6310  945.3130
2021 04 06 10 53 00    -3.9163133   -1.3783283  944.6278  945.3007
2021 04 06 10 54 00    -3.9171540   -1.3786345  944.6241  945.2908
2021 04 06 10 55 00    -3.9179112   -1.3789288  944.6202  945.2724
2021 04 06 10 56 00    -3.9186076   -1.3792799  944.6158  945.2723
2021 04 06 10 57 00    -3.9193757   -1.3796972  944.6112  945.3036
2021 04 06 10 58 00    -3.9201985   -1.3800799  944.6074  945.3243
2021 04 06 10 59 00    -3.9209314   -1.3803607  944.6046  945.3038
2021 04 06 11 00 00    -3.9217021   -1.3807440  944.6018  945.2723
2021 04 06 11 01 00    -3.9225888   -1.3812666  944.5979  945.2651
2021 04 06 11 02 00    -3.9234134   -1.3816297  944.5935  945.2680
2021 04 06 11 03 00    -3.9242227   -1.3818507  944.5897  945.2571
2021 04 06 11 04 00    -3.9251931   -1.3822285  944.5864  945.2442
2021 04 06 11 05 00    -3.9261674   -1.3827758  944.5835  945.2519
2021 04 06 11 06 00    -3.9269260   -1.3833718  944.5812  945.2700
2021 04 06 11 07 00    -3.9276059   -1.3839530  944.5789  945.2680
2021 04 06 11 08 00    -3.9283863   -1.3843345  944.5758  945.2535
2021 04 06 11 09 00    -3.9293112   -1.3845800  944.5721  945.2602
2021 04 06 11 10 00    -3.9304446   -1.3851203  944.5684  945.2770
2021 04 06 11 11 00    -3.9315730   -1.3858480  944.5649  945.2735
2021 04 06 11 12 00    -3.9324204   -1.3862396  944.5614  945.2575
2021 04 06 11 13 00    -3.9331741   -1.3864786  944.5581  945.2460
2021 04 06 11 14 00    -3.9340261   -1.3869879  944.5546  945.2423
2021 04 06 11 15 00    -3.9348756   -1.3875653  944.5509  945.2422
2021 04 06 11 16 00    -3.9357626   -1.3880144  944.5478  945.2340
2021 04 06 11 17 00    -3.9368124   -1.3884674  944.5455  945.2213
2021 04 06 11 18 00    -3.9379361   -1.3889877  944.5424  945.2104
2021 04 06 11 19 00    -3.9389952   -1.3895401  944.5382  945.1813
2021 04 06 11 20 00    -3.9399220   -1.3899701  944.5331  945.1372
2021 04 06 11 21 00    -3.9406817   -1.3901808  944.5278  945.1276
2021 04 06 11 22 00    -3.9414265   -1.3904428  944.5232  945.1551
2021 04 06 11 23 00    -3.9423915   -1.3910271  944.5194  945.1511
2021 04 06 11 24 00    -3.9434866   -1.3917635  944.5151  945.0984
2021 04 06 11 25 00    -3.9444634   -1.3923504  944.5099  945.0661
2021 04 06 11 26 00    -3.9453384   -1.3927546  944.5048  945.0676
2021 04 06 11 27 00    -3.9462371   -1.3931099  944.5002  945.0418
2021 04 06 11 28 00    -3.9471855   -1.3935410  944.4957  945.0015
2021 04 06 11 29 00    -3.9482549   -1.3941337  944.4905  945.0050
2021 04 06 11 30 00    -3.9493815   -1.3948132  944.4848  945.0377
2021 04 06 11 31 00    -3.9502789   -1.3953263  944.4794  945.0575
2021 04 06 11 32 00    -3.9510035   -1.3955881  944.4751  945.0491
2021 04 06 11 33 00    -3.9518700   -1.3958283  944.4712  945.0178
2021 04 06 11 34 00    -3.9528778   -1.3962838  944.4668  944.9832
2021 04 06 11 35 00    -3.9538526   -1.3969229  944.4618  944.9521
2021 04 06 11 36 00    -3.9547202   -1.3974705  944.4562  944.9220
2021 04 06 11 37 00    -3.9555480   -1.3978098  944.4498  944.8956
2021 04 06 11 38 00    -3.9565511   -1.3982332  944.4432  944.8682
2021 04 06 11 39 00    -3.9578048   -1.3989366  944.4368  944.8345
2021 04 06 11 40 00    -3.9589724   -1.3995941  944.4303  944.8013
2021 04 06 11 41 00    -3.9597962   -1.3999595  944.4232  944.7762
2021 04 06 11 42 00    -3.9605744   -1.4003702  944.4159  944.7587
2021 04 06 11 43 00    -3.9615422   -1.4010031  944.4085  944.7400
2021 04 06 11 44 00    -3.9624698   -1.4014948  944.4002  944.7094
2021 04 06 11 45 00    -3.9632137   -1.4017506  944.3909  944.6729
2021 04 06 11 46 00    -3.9639314   -1.4020695  944.3817  944.6443
2021 04 06 11 47 00    -3.9648024   -1.4025427  944.3734  944.6177
2021 04 06 11 48 00    -3.9657440   -1.4030475  944.3651  944.5863
2021 04 06 11 49 00    -3.9664860   -1.4034863  944.3562  944.5635
2021 04 06 11 50 00    -3.9670809   -1.4038074  944.3472  944.5537
2021 04 06 11 51 00    -3.9677567   -1.4040210  944.3389  944.5513
2021 04 06 11 52 00    -3.9683410   -1.4042085  944.3307  944.5603
2021 04 06 11 53 00    -3.9686297   -1.4044251  944.3226  944.5763
2021 04 06 11 54 00    -3.9688669   -1.4046429  944.3152  944.5861
2021 04 06 11 55 00    -3.9693238   -1.4048702  944.3090  944.5910
2021 04 06 11 56 00    -3.9699110   -1.4051250  944.3030  944.5956
2021 04 06 11 57 00    -3.9704345   -1.4053248  944.2963  944.5941
2021 04 06 11 58 00    -3.9709148   -1.4055259  944.2890  944.5865
2021 04 06 11 59 00    -3.9714436   -1.4058614  944.2820  944.5872
2021 04 06 12 00 00    -3.9719797   -1.4061818  944.2760  944.5973
2021 04 06 12 01 00    -3.9724903   -1.4063547  944.2712  944.6001
2021 04 06 12 02 00    -3.9729942   -1.4065253  944.2670  944.6017
2021 04 06 12 03 00    -3.9734177   -1.4068000  944.2629  944.6138
2021 04 06 12 04 00    -3.9736407   -1.4070941  944.2580  944.6177
2021 04 06 12 05 00    -3.9737182   -1.4072366  944.2520  944.6024
2021 04 06 12 06 00    -3.9739224   -1.4072539  944.2461  944.5863
2021 04 06 12 07 00    -3.9743340   -1.4074131  944.2414  944.5829
2021 04 06 12 08 00    -3.9746285   -1.4076930  944.2373  944.5915
2021 04 06 12 09 00    -3.9746683   -1.4078126  944.2330  944.6105
2021 04 06 12 10 00    -3.9747706   -1.4078205  944.2281  944.6376
2021 04 06 12 11 00    -3.9750301   -1.4078878  944.2232  944.6636
2021 04 06 12 12 00    -3.9752062   -1.4079400  944.2185  944.6816
2021 04 06 12 13 00    -3.9753258   -1.4079907  944.2143  944.6905
2021 04 06 12 14 00    -3.9755184   -1.4080891  944.2106  944.6935
2021 04 06 12 15 00    -3.9756555   -1.4080489  944.2074  944.7090
2021 04 06 12 16 00    -3.9757432   -1.4079535  944.2044  944.7350
2021 04 06 12 17 00    -3.9759296   -1.4081094  944.2012  944.7305
2021 04 06 12 18 00    -3.9760737   -1.4083170  944.1977  944.6998
2021 04 06 12 19 00    -3.9760440   -1.4082832  944.1944  944.6927
2021 04 06 12 20 00    -3.9760061   -1.4082139  944.1917  944.6988
2021 04 06 12 21 00    -3.9760640   -1.4082920  944.1890  944.6774
2021 04 06 12 22 00    -3.9761490   -1.4084011  944.1852  944.6523
2021 04 06 12 23 00    -3.9762531   -1.4084919  944.1807  944.6591
2021 04 06 12 24 00    -3.9763688   -1.4085947  944.1769  944.6658
2021 04 06 12 25 00    -3.9763127   -1.4086122  944.1745  944.6378
2021 04 06 12 26 00    -3.9760821   -1.4085098  944.1725  944.6087
2021 04 06 12 27 00    -3.9760936   -1.4084587  944.1697  944.6142
2021 04 06 12 28 00    -3.9763983   -1.4084715  944.1661  944.6341
2021 04 06 12 29 00    -3.9764202   -1.4084209  944.1622  944.6335
2021 04 06 12 30 00    -3.9760148   -1.4083457  944.1588  944.6074
2021 04 06 12 31 00    -3.9756533   -1.4082267  944.1558  944.5838
2021 04 06 12 32 00    -3.9755179   -1.4080392  944.1523  944.5827
2021 04 06 12 33 00    -3.9753947   -1.4079139  944.1483  944.5881
2021 04 06 12 34 00    -3.9751545   -1.4078238  944.1444  944.5825
2021 04 06 12 35 00    -3.9748888   -1.4077103  944.1403  944.5669
2021 04 06 12 36 00    -3.9746831   -1.4076790  944.1355  944.5526
2021 04 06 12 37 00    -3.9744036   -1.4076291  944.1305  944.5509
2021 04 06 12 38 00    -3.9740693   -1.4073876  944.1265  944.5471
2021 04 06 12 39 00    -3.9738600   -1.4071357  944.1232  944.5184
2021 04 06 12 40 00    -3.9736087   -1.4070638  944.1193  944.4884
2021 04 06 12 41 00    -3.9733279   -1.4071137  944.1142  944.4854
2021 04 06 12 42 00    -3.9731541   -1.4071062  944.1086  944.4850
2021 04 06 12 43 00    -3.9726521   -1.4068124  944.1033  944.4582
2021 04 06 12 44 00    -3.9718203   -1.4063358  944.0983  944.4168
2021 04 06 12 45 00    -3.9713815   -1.4061090  944.0928  944.3862
2021 04 06 12 46 00    -3.9713753   -1.4061320  944.0866  944.3669
2021 04 06 12 47 00    -3.9711589   -1.4059691  944.0799  944.3432
2021 04 06 12 48 00    -3.9705179   -1.4055604  944.0731  944.3208
2021 04 06 12 49 00    -3.9697708   -1.4051914  944.0666  944.3162
2021 04 06 12 50 00    -3.9691700   -1.4049515  944.0605  944.3194
2021 04 06 12 51 00    -3.9686276   -1.4047483  944.0546  944.3097
2021 04 06 12 52 00    -3.9679060   -1.4044199  944.0485  944.2896
2021 04 06 12 53 00    -3.9669640   -1.4038742  944.0417  944.2741
2021 04 06 12 54 00    -3.9660234   -1.4033129  944.0347  944.2635
2021 04 06 12 55 00    -3.9652346   -1.4029628  944.0277  944.2542
2021 04 06 12 56 00    -3.9645445   -1.4027867  944.0204  944.2517
2021 04 06 12 57 00    -3.9637198   -1.4025060  944.0135  944.2539
2021 04 06 12 58 00    -3.9625701   -1.4018672  944.0077  944.2507
2021 04 06 12 59 00    -3.9614710   -1.4011352  944.0019  944.2374
2021 04 06 13 00 00    -3.9606809   -1.4006137  943.9950  944.2168
2021 04 06 13 01 00    -3.9597196   -1.4000659  943.9877  944.1983
2021 04 06 13 02 00    -3.9585222   -1.3994526  943.9811  944.1867
2021 04 06 13 03 00    -3.9574921   -1.3990232  943.9756  944.1695
2021 04 06 13 04 00    -3.9564734   -1.3985829  943.9702  944.1386
2021 04 06 13 05 00    -3.9552441   -1.3978801  943.9646  944.1103
2021 04 06 13 06 00    -3.9540043   -1.3971469  943.9584  944.1006
2021 04 06 13 07 00    -3.9528480   -1.3966006  943.9517  944.0971
2021 04 06 13 08 00    -3.9516578   -1.3961158  943.9446  944.0805
2021 04 06 13 09 00    -3.9504371   -1.3955731  943.9372  944.0540
2021 04 06 13 10 00    -3.9492726   -1.3949831  943.9295  944.0281
2021 04 06 13 11 00    -3.9481242   -1.3943438  943.9216  943.9945
2021 04 06 13 12 00    -3.9468878   -1.3937008  943.9135  943.9517
2021 04 06 13 13 00    -3.9455190   -1.3931162  943.9054  943.9292
2021 04 06 13 14 00    -3.9440720   -1.3925425  943.8973  943.9360
2021 04 06 13 15 00    -3.9426155   -1.3919101  943.8893  943.9359
2021 04 06 13 16 00    -3.9411054   -1.3911342  943.8819  943.9204
2021 04 06 13 17 00    -3.9394765   -1.3901826  943.8742  943.9142
2021 04 06 13 18 00    -3.9376940   -1.3892078  943.8657  943.9023
2021 04 06 13 19 00    -3.9358154   -1.3883324  943.8573  943.8726
2021 04 06 13 20 00    -3.9340524   -1.3875020  943.8499  943.8573
2021 04 06 13 21 00    -3.9324289   -1.3865877  943.8425  943.8584
2021 04 06 13 22 00    -3.9306838   -1.3855662  943.8344  943.8576
2021 04 06 13 23 00    -3.9287919   -1.3846095  943.8267  943.8598
2021 04 06 13 24 00    -3.9269850   -1.3837620  943.8203  943.8550
2021 04 06 13 25 00    -3.9252164   -1.3828579  943.8142  943.8312
2021 04 06 13 26 00    -3.9232989   -1.3819191  943.8070  943.8071
2021 04 06 13 27 00    -3.9212448   -1.3809853  943.7988  943.7951
2021 04 06 13 28 00    -3.9190821   -1.3798631  943.7905  943.7808
2021 04 06 13 29 00    -3.9168735   -1.3785722  943.7820  943.7633
2021 04 06 13 30 00    -3.9147279   -1.3773656  943.7735  943.7618
2021 04 06 13 31 00    -3.9125608   -1.3763300  943.7658  943.7634
2021 04 06 13 32 00    -3.9102791   -1.3753541  943.7588  943.7514
2021 04 06 13 33 00    -3.9079131   -1.3741940  943.7522  943.7601
2021 04 06 13 34 00    -3.9054085   -1.3728246  943.7454  943.7955
2021 04 06 13 35 00    -3.9028352   -1.3715640  943.7375  943.8074
2021 04 06 13 36 00    -3.9004515   -1.3704085  943.7289  943.7898
2021 04 06 13 37 00    -3.8981692   -1.3691122  943.7211  943.7716
2021 04 06 13 38 00    -3.8957028   -1.3678678  943.7146  943.7595
2021 04 06 13 39 00    -3.8931077   -1.3668259  943.7088  943.7663
2021 04 06 13 40 00    -3.8904034   -1.3655916  943.7034  943.8019
2021 04 06 13 41 00    -3.8874676   -1.3639870  943.6981  943.8394
2021 04 06 13 42 00    -3.8845368   -1.3624330  943.6931  943.8483
2021 04 06 13 43 00    -3.8818186   -1.3611427  943.6883  943.8325
2021 04 06 13 44 00    -3.8791267   -1.3598153  943.6830  943.8229
2021 04 06 13 45 00    -3.8763072   -1.3582900  943.6771  943.8424
2021 04 06 13 46 00    -3.8733763   -1.3567906  943.6720  943.8717
2021 04 06 13 47 00    -3.8703814   -1.3554432  943.6682  943.8776
2021 04 06 13 48 00    -3.8673120   -1.3540220  943.6649  943.8706
2021 04 06 13 49 00    -3.8641200   -1.3523928  943.6615  943.8794
2021 04 06 13 50 00    -3.8608434   -1.3507181  943.6576  943.9036
2021 04 06 13 51 00    -3.8575227   -1.3490249  943.6531  943.9255
2021 04 06 13 52 00    -3.8542305   -1.3472874  943.6488  943.9271
2021 04 06 13 53 00    -3.8511102   -1.3456820  943.6452  943.9116
2021 04 06 13 54 00    -3.8479902   -1.3441808  943.6414  943.9035
2021 04 06 13 55 00    -3.8445277   -1.3425380  943.6374  943.9050
2021 04 06 13 56 00    -3.8408952   -1.3407686  943.6336  943.9035
2021 04 06 13 57 00    -3.8375312   -1.3391260  943.6305  943.9089
2021 04 06 13 58 00    -3.8343965   -1.3376011  943.6276  943.9196
2021 04 06 13 59 00    -3.8311316   -1.3358481  943.6242  943.9100
2021 04 06 14 00 00    -3.8276393   -1.3338606  943.6202  943.8856
2021 04 06 14 01 00    -3.8240839   -1.3320167  943.6160  943.8773
2021 04 06 14 02 00    -3.8205090   -1.3303632  943.6120  943.8783
2021 04 06 14 03 00    -3.8168539   -1.3286554  943.6083  943.8574
2021 04 06 14 04 00    -3.8132395   -1.3268201  943.6040  943.8256
2021 04 06 14 05 00    -3.8097230   -1.3249103  943.5984  943.8162
2021 04 06 14 06 00    -3.8060972   -1.3229711  943.5920  943.8203
2021 04 06 14 07 00    -3.8023752   -1.3211516  943.5861  943.7941
2021 04 06 14 08 00    -3.7987985   -1.3195429  943.5806  943.7223
2021 04 06 14 09 00    -3.7952536   -1.3178508  943.5746  943.6556
2021 04 06 14 10 00    -3.7914530   -1.3158178  943.5675  943.6571
2021 04 06 14 11 00    -3.7874657   -1.3136729  943.5601  943.7040
2021 04 06 14 12 00    -3.7835521   -1.3116919  943.5537  943.7094
2021 04 06 14 13 00    -3.7797449   -1.3098443  943.5482  943.6526
2021 04 06 14 14 00    -3.7757849   -1.3079407  943.5424  943.5960
2021 04 06 14 15 00    -3.7715133   -1.3058458  943.5360  943.5793
2021 04 06 14 16 00    -3.7671197   -1.3036049  943.5292  943.5832
2021 04 06 14 17 00    -3.7627723   -1.3013797  943.5222  943.5777
2021 04 06 14 18 00    -3.7584871   -1.2993131  943.5155  943.5537
2021 04 06 14 19 00    -3.7543421   -1.2973673  943.5093  943.5259
2021 04 06 14 20 00    -3.7502092   -1.2952861  943.5030  943.5137
2021 04 06 14 21 00    -3.7458281   -1.2929847  943.4958  943.5159
2021 04 06 14 22 00    -3.7413861   -1.2907327  943.4880  943.5128
2021 04 06 14 23 00    -3.7370774   -1.2885991  943.4804  943.4950
2021 04 06 14 24 00    -3.7326594   -1.2863664  943.4736  943.4709
2021 04 06 14 25 00    -3.7281382   -1.2841175  943.4675  943.4475
2021 04 06 14 26 00    -3.7236901   -1.2819596  943.4612  943.4217
2021 04 06 14 27 00    -3.7191056   -1.2796106  943.4543  943.3960
2021 04 06 14 28 00    -3.7143127   -1.2770388  943.4471  943.3777
2021 04 06 14 29 00    -3.7096297   -1.2746674  943.4396  943.3661
2021 04 06 14 30 00    -3.7051839   -1.2726186  943.4312  943.3652
2021 04 06 14 31 00    -3.7006108   -1.2704458  943.4225  943.3740
2021 04 06 14 32 00    -3.6956070   -1.2678498  943.4147  943.3777
2021 04 06 14 33 00    -3.6905523   -1.2651872  943.4073  943.3712
2021 04 06 14 34 00    -3.6857755   -1.2628287  943.3993  943.3517
2021 04 06 14 35 00    -3.6809331   -1.2606005  943.3903  943.3176
2021 04 06 14 36 00    -3.6759038   -1.2582436  943.3814  943.2942
2021 04 06 14 37 00    -3.6709829   -1.2557262  943.3736  943.2945
2021 04 06 14 38 00    -3.6660594   -1.2530390  943.3659  943.2819
2021 04 06 14 39 00    -3.6609196   -1.2503209  943.3584  943.2454
2021 04 06 14 40 00    -3.6557968   -1.2478300  943.3521  943.2292
2021 04 06 14 41 00    -3.6507474   -1.2454335  943.3459  943.2331
2021 04 06 14 42 00    -3.6454937   -1.2428009  943.3377  943.2102
2021 04 06 14 43 00    -3.6401415   -1.2400008  943.3278  943.1691
2021 04 06 14 44 00    -3.6349449   -1.2373460  943.3187  943.1475
2021 04 06 14 45 00    -3.6296734   -1.2348118  943.3105  943.1392
2021 04 06 14 46 00    -3.6240878   -1.2320907  943.3024  943.1293
2021 04 06 14 47 00    -3.6184672   -1.2292488  943.2939  943.1153
2021 04 06 14 48 00    -3.6130397   -1.2265325  943.2855  943.0973
2021 04 06 14 49 00    -3.6075813   -1.2238204  943.2768  943.0929
2021 04 06 14 50 00    -3.6019767   -1.2209953  943.2676  943.0981
2021 04 06 14 51 00    -3.5962774   -1.2180988  943.2589  943.0731
2021 04 06 14 52 00    -3.5903665   -1.2151116  943.2510  943.0260
2021 04 06 14 53 00    -3.5842780   -1.2121052  943.2434  943.0100
2021 04 06 14 54 00    -3.5781965   -1.2091409  943.2353  943.0300
2021 04 06 14 55 00    -3.5721816   -1.2061308  943.2267  943.0427
2021 04 06 14 56 00    -3.5662906   -1.2030681  943.2182  943.0252
2021 04 06 14 57 00    -3.5604719   -1.2000320  943.2102  942.9927
2021 04 06 14 58 00    -3.5545277   -1.1970454  943.2023  942.9730
2021 04 06 14 59 00    -3.5485122   -1.1941147  943.1939  942.9789
2021 04 06 15 00 00    -3.5426128   -1.1911950  943.1847  942.9893
2021 04 06 15 01 00    -3.5366251   -1.1881455  943.1756  942.9768
2021 04 06 15 02 00    -3.5303104   -1.1849765  943.1676  942.9489
2021 04 06 15 03 00    -3.5239571   -1.1818994  943.1601  942.9373
2021 04 06 15 04 00    -3.5178158   -1.1789215  943.1522  942.9541
2021 04 06 15 05 00    -3.5116597   -1.1758527  943.1441  942.9705
2021 04 06 15 06 00    -3.5053712   -1.1726822  943.1365  942.9594
2021 04 06 15 07 00    -3.4990891   -1.1694818  943.1285  942.9380
2021 04 06 15 08 00    -3.4928047   -1.1662197  943.1197  942.9240
2021 04 06 15 09 00    -3.4864731   -1.1629208  943.1109  942.9108
2021 04 06 15 10 00    -3.4801124   -1.1596766  943.1021  942.8982
2021 04 06 15 11 00    -3.4736807   -1.1565079  943.0929  942.8821
2021 04 06 15 12 00    -3.4671188   -1.1533708  943.0845  942.8461
2021 04 06 15 13 00    -3.4604268   -1.1501694  943.0771  942.8032
2021 04 06 15 14 00    -3.4537705   -1.1468453  943.0691  942.7753
2021 04 06 15 15 00    -3.4471562   -1.1434134  943.0599  942.7421
2021 04 06 15 16 00    -3.4403893   -1.1399585  943.0507  942.7002
2021 04 06 15 17 00    -3.4336642   -1.1366722  943.0421  942.6848
2021 04 06 15 18 00    -3.4270144   -1.1334608  943.0336  942.6988
2021 04 06 15 19 00    -3.4199874   -1.1299420  943.0249  942.7152
2021 04 06 15 20 00    -3.4127140   -1.1261766  943.0163  942.7216
2021 04 06 15 21 00    -3.4057009   -1.1225284  943.0083  942.7248
2021 04 06 15 22 00    -3.3988533   -1.1190170  943.0009  942.7323
2021 04 06 15 23 00    -3.3918196   -1.1154843  942.9939  942.7377
2021 04 06 15 24 00    -3.3845958   -1.1119235  942.9869  942.7334
2021 04 06 15 25 00    -3.3773374   -1.1083652  942.9795  942.7222
2021 04 06 15 26 00    -3.3700380   -1.1047313  942.9720  942.7147
2021 04 06 15 27 00    -3.3627707   -1.1010070  942.9647  942.7129
2021 04 06 15 28 00    -3.3555859   -1.0972849  942.9576  942.7053
2021 04 06 15 29 00    -3.3482329   -1.0936065  942.9508  942.6954
2021 04 06 15 30 00    -3.3407484   -1.0900353  942.9443  942.6944
2021 04 06 15 31 00    -3.3333794   -1.0864799  942.9380  942.6888
2021 04 06 15 32 00    -3.3259640   -1.0826949  942.9314  942.6764
2021 04 06 15 33 00    -3.3183930   -1.0788174  942.9245  942.6865
2021 04 06 15 34 00    -3.3108658   -1.0751116  942.9174  942.7171
2021 04 06 15 35 00    -3.3034017   -1.0714452  942.9106  942.7312
2021 04 06 15 36 00    -3.2959043   -1.0676679  942.9038  942.7223
2021 04 06 15 37 00    -3.2884205   -1.0638541  942.8971  942.7038
2021 04 06 15 38 00    -3.2809269   -1.0600621  942.8906  942.6851
2021 04 06 15 39 00    -3.2733304   -1.0563116  942.8838  942.6831
2021 04 06 15 40 00    -3.2656956   -1.0525845  942.8769  942.6906
2021 04 06 15 41 00    -3.2581061   -1.0487883  942.8706  942.6749
2021 04 06 15 42 00    -3.2504450   -1.0448696  942.8647  942.6450
2021 04 06 15 43 00    -3.2424744   -1.0407920  942.8589  942.6467
2021 04 06 15 44 00    -3.2342918   -1.0366273  942.8530  942.6742
2021 04 06 15 45 00    -3.2263889   -1.0326838  942.8470  942.6760
2021 04 06 15 46 00    -3.2187672   -1.0289527  942.8407  942.6528
2021 04 06 15 47 00    -3.2109587   -1.0250441  942.8346  942.6467
2021 04 06 15 48 00    -3.2029990   -1.0210311  942.8285  942.6598
2021 04 06 15 49 00    -3.1950906   -1.0171330  942.8224  942.6627
2021 04 06 15 50 00    -3.1869931   -1.0130745  942.8168  942.6465
2021 04 06 15 51 00    -3.1786420   -1.0088251  942.8113  942.6208
2021 04 06 15 52 00    -3.1704392   -1.0047533  942.8050  942.5862
2021 04 06 15 53 00    -3.1625927   -1.0008229  942.7979  942.5507
2021 04 06 15 54 00    -3.1548467   -0.9968053  942.7908  942.5397
2021 04 06 15 55 00    -3.1468802   -0.9927470  942.7838  942.5530
2021 04 06 15 56 00    -3.1386194   -0.9886582  942.7768  942.5606
2021 04 06 15 57 00    -3.1301954   -0.9844782  942.7695  942.5521
2021 04 06 15 58 00    -3.1218250   -0.9803176  942.7622  942.5415
2021 04 06 15 59 00    -3.1136621   -0.9762874  942.7555  942.5314
2021 04 06 16 00 00    -3.1055578   -0.9723091  942.7490  942.5218
2021 04 06 16 01 00    -3.0972237   -0.9681739  942.7422  942.5334
2021 04 06 16 02 00    -3.0886369   -0.9638119  942.7354  942.5800
2021 04 06 16 03 00    -3.0800196   -0.9594441  942.7292  942.6309
2021 04 06 16 04 00    -3.0714928   -0.9551989  942.7242  942.6450
2021 04 06 16 05 00    -3.0629080   -0.9509376  942.7202  942.6510
2021 04 06 16 06 00    -3.0542120   -0.9466106  942.7160  942.7077
2021 04 06 16 07 00    -3.0455360   -0.9422478  942.7118  942.8003
2021 04 06 16 08 00    -3.0367696   -0.9378380  942.7095  942.8793
2021 04 06 16 09 00    -3.0278330   -0.9334692  942.7088  942.9063
2021 04 06 16 10 00    -3.0189855   -0.9291210  942.7080  942.8528
2021 04 06 16 11 00    -3.0104116   -0.9246932  942.7055  942.7615
2021 04 06 16 12 00    -3.0020390   -0.9204138  942.7014  942.7048
2021 04 06 16 13 00    -2.9936807   -0.9163737  942.6967  942.6804
2021 04 06 16 14 00    -2.9852107   -0.9121527  942.6919  942.6600
2021 04 06 16 15 00    -2.9766723   -0.9076551  942.6870  942.6446
2021 04 06 16 16 00    -2.9681354   -0.9033161  942.6819  942.6365
2021 04 06 16 17 00    -2.9595216   -0.8991796  942.6764  942.6394
2021 04 06 16 18 00    -2.9507276   -0.8948592  942.6710  942.6506
2021 04 06 16 19 00    -2.9418818   -0.8903335  942.6658  942.6574
2021 04 06 16 20 00    -2.9331220   -0.8858487  942.6613  942.6642
2021 04 06 16 21 00    -2.9243086   -0.8813741  942.6572  942.6728
2021 04 06 16 22 00    -2.9153271   -0.8768288  942.6529  942.6799
2021 04 06 16 23 00    -2.9063146   -0.8723401  942.6485  942.6914
2021 04 06 16 24 00    -2.8973819   -0.8679308  942.6451  942.6967
2021 04 06 16 25 00    -2.8884340   -0.8634449  942.6422  942.6921
2021 04 06 16 26 00    -2.8793624   -0.8588424  942.6389  942.7086
2021 04 06 16 27 00    -2.8702683   -0.8542983  942.6352  942.7508
2021 04 06 16 28 00    -2.8613848   -0.8499810  942.6322  942.7684
2021 04 06 16 29 00    -2.8526209   -0.8457023  942.6298  942.7301
2021 04 06 16 30 00    -2.8436190   -0.8411302  942.6269  942.6768
2021 04 06 16 31 00    -2.8344246   -0.8363788  942.6231  942.6594
2021 04 06 16 32 00    -2.8253845   -0.8318192  942.6195  942.6753
2021 04 06 16 33 00    -2.8165695   -0.8274731  942.6165  942.6939
2021 04 06 16 34 00    -2.8077152   -0.8230348  942.6130  942.6917
2021 04 06 16 35 00    -2.7986067   -0.8184511  942.6083  942.6773
2021 04 06 16 36 00    -2.7894197   -0.8139794  942.6037  942.6801
2021 04 06 16 37 00    -2.7803795   -0.8095429  942.6001  942.6983
2021 04 06 16 38 00    -2.7713590   -0.8048608  942.5974  942.7114
2021 04 06 16 39 00    -2.7622429   -0.8000812  942.5950  942.7191
2021 04 06 16 40 00    -2.7531219   -0.7954685  942.5920  942.7257
2021 04 06 16 41 00    -2.7439827   -0.7909535  942.5884  942.7323
2021 04 06 16 42 00    -2.7347688   -0.7864094  942.5848  942.7395
2021 04 06 16 43 00    -2.7255182   -0.7818456  942.5820  942.7450
2021 04 06 16 44 00    -2.7162293   -0.7772601  942.5797  942.7467
2021 04 06 16 45 00    -2.7069692   -0.7726343  942.5768  942.7438
2021 04 06 16 46 00    -2.6978785   -0.7680299  942.5736  942.7379
2021 04 06 16 47 00    -2.6888463   -0.7635028  942.5710  942.7349
2021 04 06 16 48 00    -2.6797236   -0.7589899  942.5682  942.7341
2021 04 06 16 49 00    -2.6706396   -0.7544234  942.5649  942.7289
2021 04 06 16 50 00    -2.6615794   -0.7497938  942.5616  942.7181
2021 04 06 16 51 00    -2.6524290   -0.7451402  942.5585  942.7049
2021 04 06 16 52 00    -2.6433173   -0.7405993  942.5551  942.6950
2021 04 06 16 53 00    -2.6341718   -0.7361657  942.5516  942.6937
2021 04 06 16 54 00    -2.6248068   -0.7315693  942.5486  942.6913
2021 04 06 16 55 00    -2.6154046   -0.7267330  942.5454  942.6783
2021 04 06 16 56 00    -2.6061459   -0.7219414  942.5417  942.6708
2021 04 06 16 57 00    -2.5969688   -0.7173514  942.5383  942.6826
2021 04 06 16 58 00    -2.5878284   -0.7128509  942.5357  942.6933
2021 04 06 16 59 00    -2.5787433   -0.7084124  942.5327  942.6895
2021 04 06 17 00 00    -2.5697729   -0.7040346  942.5292  942.6934
2021 04 06 17 01 00    -2.5608470   -0.6995131  942.5261  942.7046
2021 04 06 17 02 00    -2.5515872   -0.6947301  942.5236  942.6989
2021 04 06 17 03 00    -2.5419559   -0.6899318  942.5208  942.6928
2021 04 06 17 04 00    -2.5325042   -0.6853521  942.5175  942.7044
2021 04 06 17 05 00    -2.5233800   -0.6808128  942.5140  942.7119
2021 04 06 17 06 00    -2.5142472   -0.6761114  942.5105  942.7099
2021 04 06 17 07 00    -2.5050255   -0.6714043  942.5077  942.7119
2021 04 06 17 08 00    -2.4957605   -0.6668030  942.5060  942.7113
2021 04 06 17 09 00    -2.4864431   -0.6621696  942.5043  942.7028
2021 04 06 17 10 00    -2.4772002   -0.6575358  942.5015  942.6979
2021 04 06 17 11 00    -2.4681802   -0.6530680  942.4982  942.7005
2021 04 06 17 12 00    -2.4593456   -0.6486676  942.4950  942.7052
2021 04 06 17 13 00    -2.4504467   -0.6441405  942.4916  942.7052
2021 04 06 17 14 00    -2.4412696   -0.6395072  942.4885  942.6911
2021 04 06 17 15 00    -2.4319117   -0.6348444  942.4857  942.6648
2021 04 06 17 16 00    -2.4225599   -0.6301194  942.4823  942.6426
2021 04 06 17 17 00    -2.4133103   -0.6254065  942.4782  942.6357
2021 04 06 17 18 00    -2.4042584   -0.6208843  942.4747  942.6462
2021 04 06 17 19 00    -2.3952955   -0.6164589  942.4719  942.6625
2021 04 06 17 20 00    -2.3861950   -0.6119168  942.4690  942.6640
2021 04 06 17 21 00    -2.3770017   -0.6073060  942.4658  942.6530
2021 04 06 17 22 00    -2.3678000   -0.6027075  942.4625  942.6551
2021 04 06 17 23 00    -2.3585168   -0.5980405  942.4595  942.6828
2021 04 06 17 24 00    -2.3491830   -0.5932990  942.4573  942.7205
2021 04 06 17 25 00    -2.3398722   -0.5886007  942.4556  942.7534
2021 04 06 17 26 00    -2.3305835   -0.5840258  942.4537  942.7855
2021 04 06 17 27 00    -2.3213489   -0.5795612  942.4521  942.8067
2021 04 06 17 28 00    -2.3121224   -0.5751000  942.4515  942.8028
2021 04 06 17 29 00    -2.3027675   -0.5705087  942.4511  942.8072
2021 04 06 17 30 00    -2.2933115   -0.5657519  942.4507  942.8479
2021 04 06 17 31 00    -2.2839249   -0.5609032  942.4510  942.8903
2021 04 06 17 32 00    -2.2747529   -0.5561583  942.4520  942.9140
2021 04 06 17 33 00    -2.2658111   -0.5516911  942.4533  942.9357
2021 04 06 17 34 00    -2.2568157   -0.5472851  942.4548  942.9471
2021 04 06 17 35 00    -2.2475308   -0.5426507  942.4556  942.9429
2021 04 06 17 36 00    -2.2382894   -0.5380216  942.4554  942.9509
2021 04 06 17 37 00    -2.2293939   -0.5336513  942.4554  942.9739
2021 04 06 17 38 00    -2.2205168   -0.5292512  942.4564  942.9782
2021 04 06 17 39 00    -2.2114447   -0.5245679  942.4577  942.9646
2021 04 06 17 40 00    -2.2024482   -0.5198160  942.4592  942.9660
2021 04 06 17 41 00    -2.1935815   -0.5152117  942.4612  942.9765
2021 04 06 17 42 00    -2.1846733   -0.5107335  942.4629  942.9842
2021 04 06 17 43 00    -2.1757602   -0.5063308  942.4639  943.0046
2021 04 06 17 44 00    -2.1668398   -0.5018784  942.4647  943.0286
2021 04 06 17 45 00    -2.1578478   -0.4973171  942.4663  943.0409
2021 04 06 17 46 00    -2.1488825   -0.4928407  942.4682  943.0501
2021 04 06 17 47 00    -2.1400173   -0.4884735  942.4700  943.0573
2021 04 06 17 48 00    -2.1312831   -0.4840905  942.4717  943.0567
2021 04 06 17 49 00    -2.1226831   -0.4797685  942.4735  943.0546
2021 04 06 17 50 00    -2.1140896   -0.4754867  942.4749  943.0612
2021 04 06 17 51 00    -2.1055135   -0.4711728  942.4760  943.0786
2021 04 06 17 52 00    -2.0970260   -0.4669279  942.4778  943.0993
2021 04 06 17 53 00    -2.0884135   -0.4626842  942.4804  943.1115
2021 04 06 17 54 00    -2.0795489   -0.4582812  942.4827  943.1104
2021 04 06 17 55 00    -2.0706519   -0.4538103  942.4846  943.1128
2021 04 06 17 56 00    -2.0619562   -0.4494689  942.4871  943.1300
2021 04 06 17 57 00    -2.0535397   -0.4453409  942.4908  943.1416
2021 04 06 17 58 00    -2.0452809   -0.4412811  942.4951  943.1444
2021 04 06 17 59 00    -2.0368476   -0.4369944  942.4980  943.1633
2021 04 06 18 00 00    -2.0281051   -0.4324444  942.4995  943.1931
2021 04 06 18 01 00    -2.0193873   -0.4279515  942.5017  943.2092
2021 04 06 18 02 00    -2.0109713   -0.4237448  942.5053  943.2132
2021 04 06 18 03 00    -2.0027012   -0.4197183  942.5090  943.2163
2021 04 06 18 04 00    -1.9943747   -0.4156884  942.5120  943.2209
2021 04 06 18 05 00    -1.9860306   -0.4115925  942.5146  943.2260
2021 04 06 18 06 00    -1.9776887   -0.4073846  942.5172  943.2297
2021 04 06 18 07 00    -1.9692373   -0.4030529  942.5198  943.2374
2021 04 06 18 08 00    -1.9608167   -0.3987812  942.5226  943.2500
2021 04 06 18 09 00    -1.9527110   -0.3947157  942.5250  943.2515
2021 04 06 18 10 00    -1.9447738   -0.3907032  942.5271  943.2424
2021 04 06 18 11 00    -1.9366966   -0.3866272  942.5296  943.2504
2021 04 06 18 12 00    -1.9285525   -0.3825899  942.5324  943.2732
2021 04 06 18 13 00    -1.9205476   -0.3786197  942.5346  943.2700
2021 04 06 18 14 00    -1.9126451   -0.3746169  942.5360  943.2439
2021 04 06 18 15 00    -1.9047600   -0.3706072  942.5375  943.2399
2021 04 06 18 16 00    -1.8969918   -0.3667374  942.5395  943.2501
2021 04 06 18 17 00    -1.8892952   -0.3628977  942.5416  943.2402
2021 04 06 18 18 00    -1.8814415   -0.3588730  942.5431  943.2280
2021 04 06 18 19 00    -1.8734540   -0.3548072  942.5449  943.2411
2021 04 06 18 20 00    -1.8655204   -0.3508793  942.5473  943.2637
2021 04 06 18 21 00    -1.8577490   -0.3470534  942.5494  943.2728
2021 04 06 18 22 00    -1.8501065   -0.3433174  942.5513  943.2761
2021 04 06 18 23 00    -1.8424926   -0.3395811  942.5536  943.2832
2021 04 06 18 24 00    -1.8348989   -0.3356827  942.5563  943.2880
2021 04 06 18 25 00    -1.8272527   -0.3317220  942.5591  943.2941
2021 04 06 18 26 00    -1.8195039   -0.3279086  942.5615  943.3093
2021 04 06 18 27 00    -1.8117669   -0.3241591  942.5636  943.3243
2021 04 06 18 28 00    -1.8041183   -0.3203518  942.5657  943.3286
2021 04 06 18 29 00    -1.7967125   -0.3166550  942.5682  943.3291
2021 04 06 18 30 00    -1.7896156   -0.3131427  942.5707  943.3357
2021 04 06 18 31 00    -1.7824931   -0.3096017  942.5732  943.3467
2021 04 06 18 32 00    -1.7751269   -0.3058986  942.5756  943.3548
2021 04 06 18 33 00    -1.7677288   -0.3021366  942.5781  943.3595
2021 04 06 18 34 00    -1.7605324   -0.2985230  942.5811  943.3673
2021 04 06 18 35 00    -1.7535040   -0.2950959  942.5846  943.3785
2021 04 06 18 36 00    -1.7464250   -0.2916069  942.5880  943.3877
2021 04 06 18 37 00    -1.7392722   -0.2879344  942.5915  943.3938
2021 04 06 18 38 00    -1.7322875   -0.2843404  942.5950  943.3998
2021 04 06 18 39 00    -1.7254562   -0.2809862  942.5978  943.4066
2021 04 06 18 40 00    -1.7185239   -0.2776042  942.6004  943.4130
2021 04 06 18 41 00    -1.7115284   -0.2740210  942.6031  943.4221
2021 04 06 18 42 00    -1.7045813   -0.2704374  942.6061  943.4412
2021 04 06 18 43 00    -1.6976264   -0.2670085  942.6098  943.4677
2021 04 06 18 44 00    -1.6907590   -0.2637116  942.6149  943.4933
2021 04 06 18 45 00    -1.6839277   -0.2603714  942.6212  943.5193
2021 04 06 18 46 00    -1.6768953   -0.2568132  942.6282  943.5491
2021 04 06 18 47 00    -1.6699135   -0.2532614  942.6355  943.5803
2021 04 06 18 48 00    -1.6632148   -0.2499299  942.6432  943.6107
2021 04 06 18 49 00    -1.6565525   -0.2465894  942.6509  943.6365
2021 04 06 18 50 00    -1.6498857   -0.2431203  942.6583  943.6573
2021 04 06 18 51 00    -1.6433671   -0.2397150  942.6655  943.6873
2021 04 06 18 52 00    -1.6370416   -0.2365211  942.6733  943.7235
2021 04 06 18 53 00    -1.6308359   -0.2334676  942.6823  943.7301
2021 04 06 18 54 00    -1.6245426   -0.2303616  942.6910  943.6993
2021 04 06 18 55 00    -1.6182035   -0.2272124  942.6979  943.6720
2021 04 06 18 56 00    -1.6121330   -0.2242126  942.7034  943.6640
2021 04 06 18 57 00    -1.6065020   -0.2214054  942.7089  943.6503
2021 04 06 18 58 00    -1.6011032   -0.2186401  942.7140  943.6266
2021 04 06 18 59 00    -1.5954947   -0.2157733  942.7176  943.6116
2021 04 06 19 00 00    -1.5896991   -0.2128700  942.7203  943.6114
2021 04 06 19 01 00    -1.5840181   -0.2100247  942.7230  943.6242
2021 04 06 19 02 00    -1.5782440   -0.2071593  942.7259  943.6347
2021 04 06 19 03 00    -1.5722724   -0.2043251  942.7291  943.6265
2021 04 06 19 04 00    -1.5664712   -0.2015965  942.7330  943.6271
2021 04 06 19 05 00    -1.5609636   -0.1988268  942.7372  943.6640
2021 04 06 19 06 00    -1.5556099   -0.1960400  942.7421  943.7001
2021 04 06 19 07 00    -1.5503224   -0.1933466  942.7473  943.6899
2021 04 06 19 08 00    -1.5450693   -0.1906534  942.7516  943.6509
2021 04 06 19 09 00    -1.5398041   -0.1879601  942.7544  943.6226
2021 04 06 19 10 00    -1.5345044   -0.1853592  942.7569  943.6079
2021 04 06 19 11 00    -1.5293057   -0.1827990  942.7590  943.5937
2021 04 06 19 12 00    -1.5242445   -0.1802071  942.7599  943.5791
2021 04 06 19 13 00    -1.5191517   -0.1776056  942.7606  943.5712
2021 04 06 19 14 00    -1.5140215   -0.1750558  942.7613  943.5681
2021 04 06 19 15 00    -1.5090891   -0.1726710  942.7616  943.5603
2021 04 06 19 16 00    -1.5044302   -0.1704274  942.7614  943.5568
2021 04 06 19 17 00    -1.4997101   -0.1680089  942.7609  943.5657
2021 04 06 19 18 00    -1.4948109   -0.1654212  942.7604  943.5687
2021 04 06 19 19 00    -1.4901509   -0.1631023  942.7604  943.5556
2021 04 06 19 20 00    -1.4857939   -0.1610045  942.7606  943.5418
2021 04 06 19 21 00    -1.4812982   -0.1587531  942.7607  943.5440
2021 04 06 19 22 00    -1.4766287   -0.1564572  942.7605  943.5631
2021 04 06 19 23 00    -1.4721990   -0.1543455  942.7602  943.5800
2021 04 06 19 24 00    -1.4680440   -0.1522313  942.7597  943.5790
2021 04 06 19 25 00    -1.4637385   -0.1499360  942.7592  943.5715
2021 04 06 19 26 00    -1.4591741   -0.1476723  942.7590  943.5724
2021 04 06 19 27 00    -1.4546938   -0.1455837  942.7590  943.5770
2021 04 06 19 28 00    -1.4505193   -0.1434797  942.7593  943.5795
2021 04 06 19 29 00    -1.4465537   -0.1413296  942.7597  943.5851
2021 04 06 19 30 00    -1.4425642   -0.1393412  942.7604  943.6006
2021 04 06 19 31 00    -1.4384806   -0.1374517  942.7620  943.6271
2021 04 06 19 32 00    -1.4344412   -0.1354247  942.7649  943.6549
2021 04 06 19 33 00    -1.4304028   -0.1332736  942.7686  943.6798
2021 04 06 19 34 00    -1.4263391   -0.1311680  942.7725  943.7098
2021 04 06 19 35 00    -1.4225712   -0.1292647  942.7761  943.7386
2021 04 06 19 36 00    -1.4190835   -0.1275532  942.7795  943.7495
2021 04 06 19 37 00    -1.4155117   -0.1258033  942.7829  943.7411
2021 04 06 19 38 00    -1.4119285   -0.1239676  942.7862  943.7189
2021 04 06 19 39 00    -1.4085253   -0.1222351  942.7893  943.6904
2021 04 06 19 40 00    -1.4052205   -0.1206024  942.7919  943.6700
2021 04 06 19 41 00    -1.4020135   -0.1189547  942.7933  943.6666
2021 04 06 19 42 00    -1.3989295   -0.1173474  942.7941  943.6772
2021 04 06 19 43 00    -1.3958262   -0.1157850  942.7954  943.6949
2021 04 06 19 44 00    -1.3927285   -0.1141779  942.7969  943.7127
2021 04 06 19 45 00    -1.3898381   -0.1126344  942.7983  943.7214
2021 04 06 19 46 00    -1.3871453   -0.1113231  942.7999  943.7188
2021 04 06 19 47 00    -1.3845581   -0.1101903  942.8021  943.7217
2021 04 06 19 48 00    -1.3819809   -0.1090173  942.8049  943.7403
2021 04 06 19 49 00    -1.3791833   -0.1076369  942.8078  943.7564
2021 04 06 19 50 00    -1.3762662   -0.1061581  942.8105  943.7523
2021 04 06 19 51 00    -1.3736648   -0.1048502  942.8127  943.7335
2021 04 06 19 52 00    -1.3713892   -0.1037115  942.8141  943.7146
2021 04 06 19 53 00    -1.3691786   -0.1025097  942.8153  943.7014
2021 04 06 19 54 00    -1.3670828   -0.1012711  942.8163  943.6923
2021 04 06 19 55 00    -1.3651683   -0.1002209  942.8164  943.6871
2021 04 06 19 56 00    -1.3632265   -0.0993329  942.8158  943.6782
2021 04 06 19 57 00    -1.3612012   -0.0984650  942.8155  943.6606
2021 04 06 19 58 00    -1.3592861   -0.0976116  942.8158  943.6501
2021 04 06 19 59 00    -1.3575028   -0.0967566  942.8156  943.6536
2021 04 06 20 00 00    -1.3557379   -0.0958369  942.8144  943.6576
2021 04 06 20 01 00    -1.3539085   -0.0948259  942.8132  943.6630
2021 04 06 20 02 00    -1.3520463   -0.0938540  942.8125  943.6717
2021 04 06 20 03 00    -1.3503987   -0.0931383  942.8127  943.6660
2021 04 06 20 04 00    -1.3490495   -0.0925404  942.8135  943.6446
2021 04 06 20 05 00    -1.3477762   -0.0917555  942.8138  943.6324
2021 04 06 20 06 00    -1.3464866   -0.0909441  942.8128  943.6385
2021 04 06 20 07 00    -1.3452327   -0.0903731  942.8112  943.6430
2021 04 06 20 08 00    -1.3439986   -0.0898593  942.8099  943.6353
2021 04 06 20 09 00    -1.3428837   -0.0892235  942.8091  943.6316
2021 04 06 20 10 00    -1.3420527   -0.0886265  942.8085  943.6434
2021 04 06 20 11 00    -1.3413167   -0.0881652  942.8083  943.6587
2021 04 06 20 12 00    -1.3404191   -0.0877682  942.8079  943.6649
2021 04 06 20 13 00    -1.3395178   -0.0874309  942.8075  943.6630
2021 04 06 20 14 00    -1.3387272   -0.0871809  942.8082  943.6615
2021 04 06 20 15 00    -1.3379163   -0.0869525  942.8098  943.6662
2021 04 06 20 16 00    -1.3371877   -0.0866216  942.8111  943.6654
2021 04 06 20 17 00    -1.3368073   -0.0863009  942.8108  943.6452
2021 04 06 20 18 00    -1.3366930   -0.0862633  942.8086  943.6252
2021 04 06 20 19 00    -1.3363952   -0.0862865  942.8061  943.6256
2021 04 06 20 20 00    -1.3358500   -0.0860200  942.8045  943.6296
2021 04 06 20 21 00    -1.3356126   -0.0857815  942.8039  943.6270
2021 04 06 20 22 00    -1.3358181   -0.0858336  942.8041  943.6303
2021 04 06 20 23 00    -1.3359117   -0.0858752  942.8047  943.6388
2021 04 06 20 24 00    -1.3357533   -0.0858103  942.8046  943.6410
2021 04 06 20 25 00    -1.3357798   -0.0858361  942.8035  943.6377
2021 04 06 20 26 00    -1.3360763   -0.0859476  942.8027  943.6402
2021 04 06 20 27 00    -1.3363445   -0.0860075  942.8023  943.6525
2021 04 06 20 28 00    -1.3366207   -0.0860802  942.8015  943.6648
2021 04 06 20 29 00    -1.3371819   -0.0864057  942.8005  943.6705
2021 04 06 20 30 00    -1.3379124   -0.0868812  942.8007  943.6729
2021 04 06 20 31 00    -1.3385777   -0.0872038  942.8017  943.6663
2021 04 06 20 32 00    -1.3392796   -0.0875082  942.8020  943.6456
2021 04 06 20 33 00    -1.3401311   -0.0880091  942.8016  943.6239
2021 04 06 20 34 00    -1.3411568   -0.0886033  942.8006  943.6079
2021 04 06 20 35 00    -1.3423579   -0.0891821  942.7986  943.5907
2021 04 06 20 36 00    -1.3436199   -0.0897776  942.7955  943.5777
2021 04 06 20 37 00    -1.3448499   -0.0903962  942.7923  943.5777
2021 04 06 20 38 00    -1.3460336   -0.0909410  942.7898  943.5787
2021 04 06 20 39 00    -1.3472062   -0.0914384  942.7879  943.5677
2021 04 06 20 40 00    -1.3484878   -0.0920438  942.7860  943.5548
2021 04 06 20 41 00    -1.3499867   -0.0927924  942.7838  943.5547
2021 04 06 20 42 00    -1.3516485   -0.0936720  942.7818  943.5623
2021 04 06 20 43 00    -1.3533403   -0.0946332  942.7804  943.5635
2021 04 06 20 44 00    -1.3550369   -0.0955551  942.7788  943.5570
2021 04 06 20 45 00    -1.3568067   -0.0964493  942.7762  943.5492
2021 04 06 20 46 00    -1.3587765   -0.0974337  942.7733  943.5390
2021 04 06 20 47 00    -1.3609550   -0.0985220  942.7708  943.5286
2021 04 06 20 48 00    -1.3630717   -0.0995612  942.7683  943.5288
2021 04 06 20 49 00    -1.3650460   -0.1004680  942.7654  943.5394
2021 04 06 20 50 00    -1.3671704   -0.1014548  942.7628  943.5496
2021 04 06 20 51 00    -1.3695154   -0.1026770  942.7616  943.5549
2021 04 06 20 52 00    -1.3719145   -0.1039745  942.7613  943.5539
2021 04 06 20 53 00    -1.3743520   -0.1052155  942.7600  943.5448
2021 04 06 20 54 00    -1.3768395   -0.1064383  942.7572  943.5308
2021 04 06 20 55 00    -1.3793981   -0.1076995  942.7541  943.5177
2021 04 06 20 56 00    -1.3821671   -0.1090637  942.7519  943.5105
2021 04 06 20 57 00    -1.3850798   -0.1105643  942.7509  943.5146
2021 04 06 20 58 00    -1.3879014   -0.1121102  942.7501  943.5272
2021 04 06 20 59 00    -1.3908753   -0.1136215  942.7487  943.5337
2021 04 06 21 00 00    -1.3942542   -0.1151260  942.7473  943.5226
2021 04 06 21 01 00    -1.3975353   -0.1166115  942.7459  943.5038
2021 04 06 21 02 00    -1.4004285   -0.1180638  942.7442  943.4955
2021 04 06 21 03 00    -1.4033392   -0.1195854  942.7420  943.4964
2021 04 06 21 04 00    -1.4065889   -0.1212791  942.7402  943.4974
2021 04 06 21 05 00    -1.4102481   -0.1231169  942.7391  943.5050
2021 04 06 21 06 00    -1.4140223   -0.1249378  942.7378  943.5190
2021 04 06 21 07 00    -1.4174727   -0.1266453  942.7362  943.5208
2021 04 06 21 08 00    -1.4208619   -0.1283850  942.7349  943.5087
2021 04 06 21 09 00    -1.4246553   -0.1302996  942.7340  943.5014
2021 04 06 21 10 00    -1.4286268   -0.1323121  942.7326  943.5070
2021 04 06 21 11 00    -1.4324693   -0.1343391  942.7308  943.5197
2021 04 06 21 12 00    -1.4363096   -0.1363989  942.7295  943.5322
2021 04 06 21 13 00    -1.4403462   -0.1384900  942.7287  943.5362
2021 04 06 21 14 00    -1.4445770   -0.1405466  942.7280  943.5312
2021 04 06 21 15 00    -1.4488101   -0.1425041  942.7269  943.5273
2021 04 06 21 16 00    -1.4530378   -0.1445094  942.7256  943.5284
2021 04 06 21 17 00    -1.4574765   -0.1468142  942.7242  943.5276
2021 04 06 21 18 00    -1.4620911   -0.1493127  942.7228  943.5198
2021 04 06 21 19 00    -1.4668330   -0.1517805  942.7216  943.5102
2021 04 06 21 20 00    -1.4717719   -0.1542270  942.7207  943.5075
2021 04 06 21 21 00    -1.4765694   -0.1565447  942.7200  943.5116
2021 04 06 21 22 00    -1.4810383   -0.1586979  942.7191  943.5135
2021 04 06 21 23 00    -1.4857227   -0.1610437  942.7180  943.5095
2021 04 06 21 24 00    -1.4909090   -0.1637061  942.7170  943.5069
2021 04 06 21 25 00    -1.4961811   -0.1663373  942.7160  943.5108
2021 04 06 21 26 00    -1.5012865   -0.1688038  942.7148  943.5172
2021 04 06 21 27 00    -1.5064301   -0.1713856  942.7129  943.5208
2021 04 06 21 28 00    -1.5117821   -0.1742104  942.7110  943.5192
2021 04 06 21 29 00    -1.5171917   -0.1770019  942.7099  943.5160
2021 04 06 21 30 00    -1.5224527   -0.1795769  942.7096  943.5198
2021 04 06 21 31 00    -1.5277866   -0.1822008  942.7096  943.5285
2021 04 06 21 32 00    -1.5334796   -0.1850110  942.7092  943.5273
2021 04 06 21 33 00    -1.5392232   -0.1877662  942.7078  943.5117
2021 04 06 21 34 00    -1.5447640   -0.1904747  942.7060  943.4973
2021 04 06 21 35 00    -1.5504358   -0.1933565  942.7046  943.5013
2021 04 06 21 36 00    -1.5563433   -0.1963441  942.7040  943.5224
2021 04 06 21 37 00    -1.5622472   -0.1992566  942.7037  943.5423
2021 04 06 21 38 00    -1.5682322   -0.2021841  942.7036  943.5433
2021 04 06 21 39 00    -1.5744425   -0.2053543  942.7038  943.5308
2021 04 06 21 40 00    -1.5807667   -0.2086746  942.7037  943.5288
2021 04 06 21 41 00    -1.5870890   -0.2118077  942.7031  943.5424
2021 04 06 21 42 00    -1.5933678   -0.2147942  942.7023  943.5542
2021 04 06 21 43 00    -1.5996846   -0.2179867  942.7017  943.5490
2021 04 06 21 44 00    -1.6061411   -0.2213693  942.7013  943.5252
2021 04 06 21 45 00    -1.6127154   -0.2246956  942.7008  943.5070
2021 04 06 21 46 00    -1.6194285   -0.2279969  942.6999  943.5161
2021 04 06 21 47 00    -1.6262780   -0.2313992  942.6986  943.5315
2021 04 06 21 48 00    -1.6331334   -0.2348920  942.6978  943.5281
2021 04 06 21 49 00    -1.6399351   -0.2384166  942.6968  943.5196
2021 04 06 21 50 00    -1.6467196   -0.2419167  942.6958  943.5246
2021 04 06 21 51 00    -1.6535670   -0.2453623  942.6954  943.5326
2021 04 06 21 52 00    -1.6605684   -0.2487606  942.6951  943.5285
2021 04 06 21 53 00    -1.6677013   -0.2521979  942.6947  943.5247
2021 04 06 21 54 00    -1.6748537   -0.2557804  942.6954  943.5366
2021 04 06 21 55 00    -1.6820419   -0.2594457  942.6969  943.5489
2021 04 06 21 56 00    -1.6894855   -0.2631383  942.6976  943.5482
2021 04 06 21 57 00    -1.6971797   -0.2669460  942.6972  943.5500
2021 04 06 21 58 00    -1.7047596   -0.2708132  942.6968  943.5620
2021 04 06 21 59 00    -1.7121607   -0.2746114  942.6970  943.5674
2021 04 06 22 00 00    -1.7196943   -0.2783864  942.6969  943.5587
2021 04 06 22 01 00    -1.7274716   -0.2822362  942.6967  943.5496
2021 04 06 22 02 00    -1.7353442   -0.2861511  942.6966  943.5524
2021 04 06 22 03 00    -1.7431988   -0.2900565  942.6968  943.5597
2021 04 06 22 04 00    -1.7511582   -0.2940122  942.6976  943.5538
2021 04 06 22 05 00    -1.7593526   -0.2981111  942.6980  943.5368
2021 04 06 22 06 00    -1.7676549   -0.3022486  942.6969  943.5265
2021 04 06 22 07 00    -1.7758885   -0.3062860  942.6953  943.5214
2021 04 06 22 08 00    -1.7839791   -0.3102382  942.6954  943.5161
2021 04 06 22 09 00    -1.7921028   -0.3143426  942.6965  943.5176
2021 04 06 22 10 00    -1.8004975   -0.3187166  942.6966  943.5222
2021 04 06 22 11 00    -1.8089521   -0.3229866  942.6958  943.5286
2021 04 06 22 12 00    -1.8173141   -0.3270038  942.6962  943.5432
2021 04 06 22 13 00    -1.8259245   -0.3312251  942.6982  943.5504
2021 04 06 22 14 00    -1.8347039   -0.3356993  942.6996  943.5397
2021 04 06 22 15 00    -1.8431986   -0.3399921  942.6990  943.5312
2021 04 06 22 16 00    -1.8516821   -0.3441860  942.6976  943.5357
2021 04 06 22 17 00    -1.8605355   -0.3485834  942.6965  943.5466
2021 04 06 22 18 00    -1.8694379   -0.3530599  942.6955  943.5618
2021 04 06 22 19 00    -1.8783104   -0.3575439  942.6949  943.5723
2021 04 06 22 20 00    -1.8874944   -0.3621573  942.6954  943.5676
2021 04 06 22 21 00    -1.8967965   -0.3667456  942.6962  943.5553
2021 04 06 22 22 00    -1.9058784   -0.3712001  942.6957  943.5504
2021 04 06 22 23 00    -1.9149832   -0.3757732  942.6943  943.5520
2021 04 06 22 24 00    -1.9243053   -0.3804999  942.6931  943.5521
2021 04 06 22 25 00    -1.9336621   -0.3851588  942.6925  943.5497
2021 04 06 22 26 00    -1.9430157   -0.3897836  942.6920  943.5399
2021 04 06 22 27 00    -1.9524928   -0.3945331  942.6911  943.5198
2021 04 06 22 28 00    -1.9621821   -0.3994643  942.6897  943.5067
2021 04 06 22 29 00    -1.9720008   -0.4044680  942.6884  943.5102
2021 04 06 22 30 00    -1.9816285   -0.4093044  942.6876  943.5175
2021 04 06 22 31 00    -1.9911024   -0.4140658  942.6869  943.5201
2021 04 06 22 32 00    -2.0009066   -0.4190262  942.6857  943.5242
2021 04 06 22 33 00    -2.0109969   -0.4239875  942.6843  943.5339
2021 04 06 22 34 00    -2.0208545   -0.4287553  942.6835  943.5384
2021 04 06 22 35 00    -2.0305679   -0.4336557  942.6834  943.5317
2021 04 06 22 36 00    -2.0406158   -0.4388255  942.6832  943.5284
2021 04 06 22 37 00    -2.0508627   -0.4439428  942.6829  943.5346
2021 04 06 22 38 00    -2.0609429   -0.4489193  942.6826  943.5342
2021 04 06 22 39 00    -2.0709944   -0.4539935  942.6822  943.5200
2021 04 06 22 40 00    -2.0811996   -0.4591802  942.6817  943.5027
2021 04 06 22 41 00    -2.0914852   -0.4642924  942.6813  943.4890
2021 04 06 22 42 00    -2.1018460   -0.4693985  942.6808  943.4783
2021 04 06 22 43 00    -2.1122796   -0.4746622  942.6796  943.4813
2021 04 06 22 44 00    -2.1226778   -0.4799741  942.6778  943.5011
2021 04 06 22 45 00    -2.1330991   -0.4852671  942.6764  943.5157
2021 04 06 22 46 00    -2.1437484   -0.4907234  942.6759  943.5162
2021 04 06 22 47 00    -2.1545793   -0.4962856  942.6754  943.5111
2021 04 06 22 48 00    -2.1653628   -0.5015889  942.6745  943.4969
2021 04 06 22 49 00    -2.1759785   -0.5066503  942.6734  943.4794
2021 04 06 22 50 00    -2.1864932   -0.5119505  942.6723  943.4825
2021 04 06 22 51 00    -2.1972132   -0.5175753  942.6720  943.5075
2021 04 06 22 52 00    -2.2082034   -0.5230729  942.6723  943.5330
2021 04 06 22 53 00    -2.2190745   -0.5283383  942.6727  943.5443
2021 04 06 22 54 00    -2.2297841   -0.5336823  942.6725  943.5354
2021 04 06 22 55 00    -2.2406763   -0.5391514  942.6718  943.5168
2021 04 06 22 56 00    -2.2516888   -0.5445685  942.6710  943.5095
2021 04 06 22 57 00    -2.2625647   -0.5499484  942.6707  943.5126
2021 04 06 22 58 00    -2.2734938   -0.5554733  942.6704  943.5139
2021 04 06 22 59 00    -2.2847430   -0.5611337  942.6697  943.5148
2021 04 06 23 00 00    -2.2960571   -0.5667428  942.6689  943.5211
2021 04 06 23 01 00    -2.3071142   -0.5723406  942.6680  943.5390
2021 04 06 23 02 00    -2.3181762   -0.5780398  942.6679  943.5674
2021 04 06 23 03 00    -2.3295643   -0.5837315  942.6694  943.5876
2021 04 06 23 04 00    -2.3410366   -0.5893722  942.6716  943.5915
2021 04 06 23 05 00    -2.3523197   -0.5950729  942.6729  943.6038
2021 04 06 23 06 00    -2.3635805   -0.6008330  942.6731  943.6347
2021 04 06 23 07 00    -2.3749982   -0.6065476  942.6741  943.6397
2021 04 06 23 08 00    -2.3864449   -0.6121861  942.6772  943.6028
2021 04 06 23 09 00    -2.3978285   -0.6178253  942.6807  943.5829
2021 04 06 23 10 00    -2.4092994   -0.6235764  942.6829  943.6049
2021 04 06 23 11 00    -2.4209170   -0.6294879  942.6846  943.6347
2021 04 06 23 12 00    -2.4325277   -0.6354493  942.6871  943.6642
2021 04 06 23 13 00    -2.4440573   -0.6412738  942.6902  943.7014
2021 04 06 23 14 00    -2.4556547   -0.6469560  942.6943  943.7262
2021 04 06 23 15 00    -2.4673969   -0.6526545  942.6999  943.7290
2021 04 06 23 16 00    -2.4791375   -0.6584717  942.7059  943.7275
2021 04 06 23 17 00    -2.4909309   -0.6644825  942.7099  943.7253
2021 04 06 23 18 00    -2.5029205   -0.6706294  942.7124  943.7232
2021 04 06 23 19 00    -2.5148787   -0.6766371  942.7157  943.7426
2021 04 06 23 20 00    -2.5266396   -0.6824836  942.7203  943.7876
2021 04 06 23 21 00    -2.5384215   -0.6884364  942.7251  943.8299
2021 04 06 23 22 00    -2.5503199   -0.6944233  942.7296  943.8625
2021 04 06 23 23 00    -2.5621018   -0.7001764  942.7344  943.9077
2021 04 06 23 24 00    -2.5737820   -0.7059184  942.7397  943.9486
2021 04 06 23 25 00    -2.5857599   -0.7120546  942.7455  943.9456
2021 04 06 23 26 00    -2.5980922   -0.7184141  942.7509  943.9091
2021 04 06 23 27 00    -2.6104470   -0.7245644  942.7551  943.8734
2021 04 06 23 28 00    -2.6227170   -0.7305057  942.7580  943.8526
2021 04 06 23 29 00    -2.6350641   -0.7365558  942.7601  943.8400
2021 04 06 23 30 00    -2.6475790   -0.7428779  942.7620  943.8211
2021 04 06 23 31 00    -2.6600265   -0.7492676  942.7641  943.8032
2021 04 06 23 32 00    -2.6721873   -0.7554662  942.7661  943.8071
2021 04 06 23 33 00    -2.6843624   -0.7615714  942.7677  943.8251
2021 04 06 23 34 00    -2.6968094   -0.7677586  942.7692  943.8306
2021 04 06 23 35 00    -2.7093124   -0.7739743  942.7706  943.8172
2021 04 06 23 36 00    -2.7217612   -0.7801515  942.7718  943.8001
2021 04 06 23 37 00    -2.7342142   -0.7863201  942.7730  943.7940
2021 04 06 23 38 00    -2.7466182   -0.7925323  942.7746  943.7978
2021 04 06 23 39 00    -2.7589648   -0.7987711  942.7762  943.8023
2021 04 06 23 40 00    -2.7713617   -0.8050031  942.7774  943.8098
2021 04 06 23 41 00    -2.7839035   -0.8113232  942.7781  943.8247
2021 04 06 23 42 00    -2.7965219   -0.8176930  942.7791  943.8393
2021 04 06 23 43 00    -2.8090605   -0.8238838  942.7814  943.8474
2021 04 06 23 44 00    -2.8214999   -0.8299598  942.7841  943.8480
2021 04 06 23 45 00    -2.8340046   -0.8362289  942.7859  943.8383
2021 04 06 23 46 00    -2.8467519   -0.8427483  942.7870  943.8190
2021 04 06 23 47 00    -2.8596396   -0.8492922  942.7883  943.8006
2021 04 06 23 48 00    -2.8723963   -0.8557204  942.7898  943.7979
2021 04 06 23 49 00    -2.8850501   -0.8621132  942.7917  943.8111
2021 04 06 23 50 00    -2.8977366   -0.8684566  942.7937  943.8213
2021 04 06 23 51 00    -2.9103056   -0.8746104  942.7946  943.8254
2021 04 06 23 52 00    -2.9228088   -0.8807398  942.7947  943.8463
2021 04 06 23 53 00    -2.9354866   -0.8870824  942.7963  943.8866
2021 04 06 23 54 00    -2.9481392   -0.8934721  942.8003  943.9062
2021 04 06 23 55 00    -2.9607549   -0.8998613  942.8051  943.8819
2021 04 06 23 56 00    -2.9736626   -0.9063575  942.8090  943.8575
2021 04 06 23 57 00    -2.9865607   -0.9126794  942.8115  943.8805
2021 04 06 23 58 00    -2.9991337   -0.9188264  942.8141  943.9275
2021 04 06 23 59 00    -3.0118268   -0.9252170  942.8175  943.9470
