[TSF-file]     v01.0

[TIMEFORMAT]   DATETIME
[INCREMENT]    60
[CHANNELS]
    BF:SG056:G1-F60 
    BF:SG056:G2-F60 
    BF:SG056:Br1-F60
    BF:SG056:Br2-F60
[UNITS]
    Volt
    Volt
    mbar
    mbar
[UNDETVAL]                      9999.999
[PHASE_LAG_1_DEG_CPD]           0.0402
[PHASE_LAG_1_DEG_CPD_ERROR]     0.0002
[N_LATITUDE_DEG]                48.3294
[N_LATITUDE_DEG_ERROR]          0.0001
[E_LONGITUDE_DEG]               008.3284
[E_LONGITUDE_DEG_ERROR]         0.0001
[HEIGHT_M_1]                    589.20
[HEIGHT_M_1_ERROR]              0.01
[GRAVITY_CAL_1_UGAL_V]          -40.1100
[GRAVITY_CAL_1_UGAL_V_ERROR]    0.0300
[PRESSURE_CAL_MBAR_V]           1.0000
[PRESSURE_CAL_MBAR_V_ERROR]     0.0001
[AUTHOR]                        Thomas Forbriger@kit.edu
[PHASE_LAG_2_DEG_CPD]           0.0402
[PHASE_LAG_2_DEG_CPD_ERROR]     0.0002
[HEIGHT_M_2]                    589.40
[HEIGHT_M_2_ERROR]              0.01
[GRAVITY_CAL_2_UGAL_V]          -80.0699
[GRAVITY_CAL_2_UGAL_V_ERROR]    0.0600
[PRESSURE_ADMIT_HPA_NMS2]       -3.4000
[PRESSURE_MEAN_HPA]             0980.0
[COMMENT]                           
software upgrade and FitPC2 replacement on 29. July 2019



Date           Time     G1-F60        G2-F60        Br1-F60       Br2-F60      
[DATA]
2021 04 03 00 00 00    -4.5165590   -1.6773299  950.7443  952.1526
2021 04 03 00 01 00    -4.5185653   -1.6782029  950.7493  952.1694
2021 04 03 00 02 00    -4.5203632   -1.6788659  950.7542  952.1720
2021 04 03 00 03 00    -4.5220795   -1.6796967  950.7589  952.1733
2021 04 03 00 04 00    -4.5237370   -1.6806840  950.7635  952.1883
2021 04 03 00 05 00    -4.5255034   -1.6816606  950.7679  952.2057
2021 04 03 00 06 00    -4.5274900   -1.6825257  950.7730  952.2100
2021 04 03 00 07 00    -4.5295165   -1.6833966  950.7790  952.2092
2021 04 03 00 08 00    -4.5313241   -1.6844186  950.7852  952.2173
2021 04 03 00 09 00    -4.5330200   -1.6854781  950.7909  952.2323
2021 04 03 00 10 00    -4.5348971   -1.6863980  950.7962  952.2363
2021 04 03 00 11 00    -4.5368411   -1.6872474  950.8011  952.2211
2021 04 03 00 12 00    -4.5386486   -1.6882236  950.8055  952.1992
2021 04 03 00 13 00    -4.5404826   -1.6892900  950.8093  952.1794
2021 04 03 00 14 00    -4.5424114   -1.6902312  950.8125  952.1604
2021 04 03 00 15 00    -4.5442534   -1.6910646  950.8153  952.1472
2021 04 03 00 16 00    -4.5459690   -1.6919724  950.8186  952.1482
2021 04 03 00 17 00    -4.5475830   -1.6928805  950.8225  952.1599
2021 04 03 00 18 00    -4.5491311   -1.6936626  950.8261  952.1721
2021 04 03 00 19 00    -4.5507271   -1.6944494  950.8291  952.1802
2021 04 03 00 20 00    -4.5523540   -1.6952736  950.8321  952.1839
2021 04 03 00 21 00    -4.5539736   -1.6959954  950.8352  952.1832
2021 04 03 00 22 00    -4.5555815   -1.6966530  950.8384  952.1805
2021 04 03 00 23 00    -4.5571133   -1.6973957  950.8418  952.1752
2021 04 03 00 24 00    -4.5586686   -1.6981777  950.8448  952.1621
2021 04 03 00 25 00    -4.5602812   -1.6988361  950.8478  952.1447
2021 04 03 00 26 00    -4.5617163   -1.6993990  950.8508  952.1352
2021 04 03 00 27 00    -4.5630183   -1.7000574  950.8534  952.1367
2021 04 03 00 28 00    -4.5644529   -1.7009002  950.8557  952.1374
2021 04 03 00 29 00    -4.5659125   -1.7017462  950.8579  952.1291
2021 04 03 00 30 00    -4.5672607   -1.7024029  950.8596  952.1200
2021 04 03 00 31 00    -4.5686821   -1.7030453  950.8608  952.1161
2021 04 03 00 32 00    -4.5701585   -1.7038368  950.8622  952.1141
2021 04 03 00 33 00    -4.5714630   -1.7046306  950.8648  952.1148
2021 04 03 00 34 00    -4.5727159   -1.7054019  950.8677  952.1154
2021 04 03 00 35 00    -4.5741787   -1.7061854  950.8697  952.1054
2021 04 03 00 36 00    -4.5757686   -1.7068056  950.8710  952.0869
2021 04 03 00 37 00    -4.5772325   -1.7073037  950.8726  952.0731
2021 04 03 00 38 00    -4.5785443   -1.7079797  950.8742  952.0649
2021 04 03 00 39 00    -4.5798603   -1.7087956  950.8749  952.0516
2021 04 03 00 40 00    -4.5811591   -1.7094923  950.8748  952.0342
2021 04 03 00 41 00    -4.5824030   -1.7101467  950.8748  952.0288
2021 04 03 00 42 00    -4.5837450   -1.7108839  950.8751  952.0407
2021 04 03 00 43 00    -4.5850307   -1.7115113  950.8754  952.0566
2021 04 03 00 44 00    -4.5860761   -1.7119726  950.8756  952.0668
2021 04 03 00 45 00    -4.5872029   -1.7124978  950.8763  952.0686
2021 04 03 00 46 00    -4.5885185   -1.7131811  950.8770  952.0580
2021 04 03 00 47 00    -4.5898380   -1.7139109  950.8771  952.0389
2021 04 03 00 48 00    -4.5912035   -1.7145587  950.8768  952.0205
2021 04 03 00 49 00    -4.5924659   -1.7151153  950.8768  952.0074
2021 04 03 00 50 00    -4.5934262   -1.7156741  950.8768  951.9976
2021 04 03 00 51 00    -4.5943560   -1.7162233  950.8760  951.9888
2021 04 03 00 52 00    -4.5954650   -1.7167260  950.8748  951.9909
2021 04 03 00 53 00    -4.5965823   -1.7172490  950.8741  952.0068
2021 04 03 00 54 00    -4.5976076   -1.7177731  950.8739  952.0150
2021 04 03 00 55 00    -4.5986272   -1.7183061  950.8738  952.0074
2021 04 03 00 56 00    -4.5995835   -1.7189059  950.8739  952.0067
2021 04 03 00 57 00    -4.6003563   -1.7194100  950.8741  952.0234
2021 04 03 00 58 00    -4.6011831   -1.7197860  950.8742  952.0432
2021 04 03 00 59 00    -4.6022924   -1.7202423  950.8750  952.0569
2021 04 03 01 00 00    -4.6034333   -1.7207457  950.8764  952.0664
2021 04 03 01 01 00    -4.6043551   -1.7211704  950.8776  952.0806
2021 04 03 01 02 00    -4.6050636   -1.7215200  950.8792  952.1023
2021 04 03 01 03 00    -4.6056701   -1.7217973  950.8820  952.1203
2021 04 03 01 04 00    -4.6064248   -1.7221193  950.8856  952.1373
2021 04 03 01 05 00    -4.6073894   -1.7225855  950.8893  952.1621
2021 04 03 01 06 00    -4.6083323   -1.7230939  950.8922  952.1754
2021 04 03 01 07 00    -4.6091967   -1.7236337  950.8944  952.1592
2021 04 03 01 08 00    -4.6100889   -1.7242249  950.8967  952.1315
2021 04 03 01 09 00    -4.6110287   -1.7246956  950.8994  952.1218
2021 04 03 01 10 00    -4.6119411   -1.7249551  950.9020  952.1422
2021 04 03 01 11 00    -4.6126143   -1.7250847  950.9045  952.1808
2021 04 03 01 12 00    -4.6130203   -1.7252118  950.9074  952.2143
2021 04 03 01 13 00    -4.6135352   -1.7255044  950.9111  952.2325
2021 04 03 01 14 00    -4.6143415   -1.7259881  950.9153  952.2388
2021 04 03 01 15 00    -4.6152491   -1.7264837  950.9197  952.2361
2021 04 03 01 16 00    -4.6162113   -1.7269335  950.9239  952.2300
2021 04 03 01 17 00    -4.6171933   -1.7274173  950.9279  952.2314
2021 04 03 01 18 00    -4.6179066   -1.7278179  950.9318  952.2502
2021 04 03 01 19 00    -4.6184073   -1.7280432  950.9363  952.2785
2021 04 03 01 20 00    -4.6191708   -1.7283545  950.9412  952.2938
2021 04 03 01 21 00    -4.6202344   -1.7289442  950.9461  952.2920
2021 04 03 01 22 00    -4.6212089   -1.7295692  950.9502  952.2862
2021 04 03 01 23 00    -4.6219356   -1.7299222  950.9538  952.2770
2021 04 03 01 24 00    -4.6225409   -1.7300834  950.9576  952.2632
2021 04 03 01 25 00    -4.6231947   -1.7303357  950.9615  952.2550
2021 04 03 01 26 00    -4.6240255   -1.7307939  950.9649  952.2546
2021 04 03 01 27 00    -4.6250274   -1.7313815  950.9681  952.2506
2021 04 03 01 28 00    -4.6259702   -1.7318889  950.9712  952.2365
2021 04 03 01 29 00    -4.6267499   -1.7322196  950.9739  952.2246
2021 04 03 01 30 00    -4.6276109   -1.7325875  950.9762  952.2308
2021 04 03 01 31 00    -4.6285903   -1.7331120  950.9784  952.2484
2021 04 03 01 32 00    -4.6294083   -1.7336149  950.9805  952.2585
2021 04 03 01 33 00    -4.6300360   -1.7340224  950.9824  952.2583
2021 04 03 01 34 00    -4.6307074   -1.7344266  950.9845  952.2527
2021 04 03 01 35 00    -4.6316325   -1.7348860  950.9864  952.2398
2021 04 03 01 36 00    -4.6326979   -1.7353555  950.9882  952.2246
2021 04 03 01 37 00    -4.6335478   -1.7356861  950.9904  952.2139
2021 04 03 01 38 00    -4.6342626   -1.7359592  950.9923  952.2031
2021 04 03 01 39 00    -4.6350504   -1.7363811  950.9932  952.1873
2021 04 03 01 40 00    -4.6357093   -1.7367905  950.9938  952.1729
2021 04 03 01 41 00    -4.6363082   -1.7371061  950.9952  952.1776
2021 04 03 01 42 00    -4.6371331   -1.7375724  950.9977  952.2037
2021 04 03 01 43 00    -4.6377894   -1.7379958  951.0001  952.2238
2021 04 03 01 44 00    -4.6383630   -1.7382461  951.0017  952.2198
2021 04 03 01 45 00    -4.6397701   -1.7388520  951.0030  952.2000
2021 04 03 01 46 00    -4.6410494   -1.7395231  951.0044  952.1777
2021 04 03 01 47 00    -4.6409180   -1.7395472  951.0053  952.1660
2021 04 03 01 48 00    -4.6407896   -1.7394961  951.0052  952.1633
2021 04 03 01 49 00    -4.6421009   -1.7401407  951.0044  952.1545
2021 04 03 01 50 00    -4.6444073   -1.7413349  951.0038  952.1396
2021 04 03 01 51 00    -4.6456229   -1.7420210  951.0040  952.1330
2021 04 03 01 52 00    -4.6448658   -1.7416839  951.0050  952.1447
2021 04 03 01 53 00    -4.6451433   -1.7417380  951.0064  952.1665
2021 04 03 01 54 00    -4.6471036   -1.7425484  951.0081  952.1730
2021 04 03 01 55 00    -4.6476636   -1.7427291  951.0096  952.1611
2021 04 03 01 56 00    -4.6472562   -1.7425444  951.0105  952.1562
2021 04 03 01 57 00    -4.6482065   -1.7430860  951.0107  952.1608
2021 04 03 01 58 00    -4.6499566   -1.7440162  951.0105  952.1577
2021 04 03 01 59 00    -4.6513691   -1.7447071  951.0103  952.1476
2021 04 03 02 00 00    -4.6527684   -1.7453213  951.0107  952.1388
2021 04 03 02 01 00    -4.6534319   -1.7456113  951.0113  952.1383
2021 04 03 02 02 00    -4.6525615   -1.7451941  951.0116  952.1484
2021 04 03 02 03 00    -4.6522380   -1.7450397  951.0114  952.1587
2021 04 03 02 04 00    -4.6536140   -1.7457812  951.0121  952.1608
2021 04 03 02 05 00    -4.6554382   -1.7468203  951.0143  952.1597
2021 04 03 02 06 00    -4.6571495   -1.7477614  951.0169  952.1624
2021 04 03 02 07 00    -4.6588450   -1.7485602  951.0186  952.1664
2021 04 03 02 08 00    -4.6577638   -1.7478406  951.0190  952.1651
2021 04 03 02 09 00    -4.6540425   -1.7458582  951.0188  952.1634
2021 04 03 02 10 00    -4.6578897   -1.7478619  951.0192  952.1692
2021 04 03 02 11 00    -4.6653630   -1.7516752  951.0209  952.1749
2021 04 03 02 12 00    -4.6615040   -1.7496892  951.0235  952.1754
2021 04 03 02 13 00    -4.6570144   -1.7473827  951.0252  952.1818
2021 04 03 02 14 00    -4.6623194   -1.7500216  951.0255  952.1859
2021 04 03 02 15 00    -4.6654999   -1.7516813  951.0257  952.1663
2021 04 03 02 16 00    -4.6636814   -1.7508716  951.0263  952.1426
2021 04 03 02 17 00    -4.6639675   -1.7509539  951.0265  952.1387
2021 04 03 02 18 00    -4.6661136   -1.7519265  951.0258  952.1279
2021 04 03 02 19 00    -4.6676532   -1.7527853  951.0246  952.0990
2021 04 03 02 20 00    -4.6685972   -1.7533305  951.0234  952.0842
2021 04 03 02 21 00    -4.6688556   -1.7533838  951.0223  952.0890
2021 04 03 02 22 00    -4.6691583   -1.7535743  951.0220  952.1007
2021 04 03 02 23 00    -4.6703504   -1.7543370  951.0232  952.1100
2021 04 03 02 24 00    -4.6715198   -1.7549598  951.0241  952.0897
2021 04 03 02 25 00    -4.6725771   -1.7554021  951.0224  952.0460
2021 04 03 02 26 00    -4.6738761   -1.7559925  951.0192  952.0294
2021 04 03 02 27 00    -4.6746635   -1.7563964  951.0170  952.0456
2021 04 03 02 28 00    -4.6754684   -1.7568335  951.0165  952.0571
2021 04 03 02 29 00    -4.6766996   -1.7574260  951.0161  952.0512
2021 04 03 02 30 00    -4.6771105   -1.7575749  951.0144  952.0337
2021 04 03 02 31 00    -4.6776710   -1.7578494  951.0115  952.0020
2021 04 03 02 32 00    -4.6797873   -1.7588630  951.0082  951.9649
2021 04 03 02 33 00    -4.6814665   -1.7595841  951.0048  951.9552
2021 04 03 02 34 00    -4.6814835   -1.7595710  951.0021  951.9766
2021 04 03 02 35 00    -4.6814739   -1.7596907  951.0007  951.9799
2021 04 03 02 36 00    -4.6827555   -1.7604981  950.9992  951.9483
2021 04 03 02 37 00    -4.6847573   -1.7615651  950.9959  951.9240
2021 04 03 02 38 00    -4.6859486   -1.7620324  950.9914  951.9225
2021 04 03 02 39 00    -4.6862788   -1.7620238  950.9871  951.9219
2021 04 03 02 40 00    -4.6871899   -1.7624588  950.9843  951.9298
2021 04 03 02 41 00    -4.6885399   -1.7632606  950.9832  951.9625
2021 04 03 02 42 00    -4.6890797   -1.7636858  950.9824  951.9912
2021 04 03 02 43 00    -4.6894046   -1.7638947  950.9806  951.9916
2021 04 03 02 44 00    -4.6904833   -1.7643617  950.9781  951.9850
2021 04 03 02 45 00    -4.6918128   -1.7649583  950.9760  951.9830
2021 04 03 02 46 00    -4.6930188   -1.7654956  950.9746  951.9673
2021 04 03 02 47 00    -4.6941470   -1.7659442  950.9730  951.9326
2021 04 03 02 48 00    -4.6953256   -1.7665160  950.9704  951.9041
2021 04 03 02 49 00    -4.6968745   -1.7674799  950.9675  951.9078
2021 04 03 02 50 00    -4.6982307   -1.7683275  950.9655  951.9398
2021 04 03 02 51 00    -4.6988004   -1.7685702  950.9644  951.9758
2021 04 03 02 52 00    -4.6992418   -1.7687212  950.9640  951.9938
2021 04 03 02 53 00    -4.7000954   -1.7691843  950.9640  951.9883
2021 04 03 02 54 00    -4.7009471   -1.7696242  950.9642  951.9735
2021 04 03 02 55 00    -4.7019281   -1.7700960  950.9641  951.9635
2021 04 03 02 56 00    -4.7037060   -1.7710290  950.9639  951.9643
2021 04 03 02 57 00    -4.7052534   -1.7718620  950.9638  951.9799
2021 04 03 02 58 00    -4.7057216   -1.7721225  950.9639  952.0000
2021 04 03 02 59 00    -4.7063446   -1.7724555  950.9644  952.0066
2021 04 03 03 00 00    -4.7075183   -1.7730278  950.9648  951.9954
2021 04 03 03 01 00    -4.7084391   -1.7734248  950.9650  951.9773
2021 04 03 03 02 00    -4.7091478   -1.7737341  950.9647  951.9683
2021 04 03 03 03 00    -4.7104492   -1.7743800  950.9640  951.9792
2021 04 03 03 04 00    -4.7123751   -1.7753331  950.9639  952.0048
2021 04 03 03 05 00    -4.7138767   -1.7760453  950.9648  952.0279
2021 04 03 03 06 00    -4.7143438   -1.7762784  950.9665  952.0398
2021 04 03 03 07 00    -4.7142257   -1.7763194  950.9688  952.0522
2021 04 03 03 08 00    -4.7147351   -1.7766436  950.9715  952.0749
2021 04 03 03 09 00    -4.7165666   -1.7774481  950.9736  952.0928
2021 04 03 03 10 00    -4.7193277   -1.7786907  950.9752  952.0861
2021 04 03 03 11 00    -4.7216470   -1.7798916  950.9766  952.0562
2021 04 03 03 12 00    -4.7215291   -1.7799236  950.9774  952.0231
2021 04 03 03 13 00    -4.7204086   -1.7793572  950.9778  952.0101
2021 04 03 03 14 00    -4.7220948   -1.7801937  950.9790  952.0215
2021 04 03 03 15 00    -4.7256899   -1.7819970  950.9808  952.0386
2021 04 03 03 16 00    -4.7274796   -1.7828530  950.9821  952.0463
2021 04 03 03 17 00    -4.7272738   -1.7827087  950.9828  952.0468
2021 04 03 03 18 00    -4.7270464   -1.7825468  950.9835  952.0491
2021 04 03 03 19 00    -4.7280297   -1.7830079  950.9845  952.0553
2021 04 03 03 20 00    -4.7304327   -1.7842654  950.9856  952.0627
2021 04 03 03 21 00    -4.7324819   -1.7853619  950.9873  952.0652
2021 04 03 03 22 00    -4.7344991   -1.7863573  950.9889  952.0544
2021 04 03 03 23 00    -4.7362154   -1.7871700  950.9899  952.0392
2021 04 03 03 24 00    -4.7336821   -1.7859311  950.9910  952.0449
2021 04 03 03 25 00    -4.7338760   -1.7860503  950.9925  952.0755
2021 04 03 03 26 00    -4.7412025   -1.7896452  950.9945  952.1074
2021 04 03 03 27 00    -4.7421133   -1.7901307  950.9970  952.1220
2021 04 03 03 28 00    -4.7372129   -1.7878686  950.9995  952.1189
2021 04 03 03 29 00    -4.7398527   -1.7892730  951.0015  952.1110
2021 04 03 03 30 00    -4.7450908   -1.7917875  951.0040  952.1170
2021 04 03 03 31 00    -4.7448377   -1.7915407  951.0075  952.1395
2021 04 03 03 32 00    -4.7441196   -1.7911447  951.0111  952.1587
2021 04 03 03 33 00    -4.7461888   -1.7921831  951.0143  952.1618
2021 04 03 03 34 00    -4.7483287   -1.7932400  951.0170  952.1581
2021 04 03 03 35 00    -4.7498745   -1.7940005  951.0194  952.1593
2021 04 03 03 36 00    -4.7511580   -1.7946840  951.0219  952.1625
2021 04 03 03 37 00    -4.7519646   -1.7951534  951.0247  952.1583
2021 04 03 03 38 00    -4.7530162   -1.7956900  951.0275  952.1475
2021 04 03 03 39 00    -4.7544971   -1.7963968  951.0303  952.1472
2021 04 03 03 40 00    -4.7561225   -1.7971970  951.0329  952.1664
2021 04 03 03 41 00    -4.7577855   -1.7980225  951.0350  952.1808
2021 04 03 03 42 00    -4.7589032   -1.7985375  951.0365  952.1681
2021 04 03 03 43 00    -4.7597554   -1.7989406  951.0381  952.1504
2021 04 03 03 44 00    -4.7613747   -1.7997903  951.0399  952.1570
2021 04 03 03 45 00    -4.7633731   -1.8008071  951.0420  952.1785
2021 04 03 03 46 00    -4.7646867   -1.8013943  951.0447  952.1868
2021 04 03 03 47 00    -4.7657095   -1.8018037  951.0482  952.1721
2021 04 03 03 48 00    -4.7674705   -1.8026901  951.0515  952.1477
2021 04 03 03 49 00    -4.7694587   -1.8038241  951.0533  952.1288
2021 04 03 03 50 00    -4.7707033   -1.8045204  951.0538  952.1123
2021 04 03 03 51 00    -4.7717783   -1.8049907  951.0536  952.0883
2021 04 03 03 52 00    -4.7734444   -1.8058027  951.0529  952.0648
2021 04 03 03 53 00    -4.7754232   -1.8068517  951.0526  952.0624
2021 04 03 03 54 00    -4.7772499   -1.8077174  951.0531  952.0789
2021 04 03 03 55 00    -4.7786595   -1.8082985  951.0539  952.0852
2021 04 03 03 56 00    -4.7799660   -1.8089701  951.0540  952.0638
2021 04 03 03 57 00    -4.7817770   -1.8099777  951.0531  952.0327
2021 04 03 03 58 00    -4.7836473   -1.8109255  951.0518  952.0200
2021 04 03 03 59 00    -4.7849784   -1.8116240  951.0510  952.0281
2021 04 03 04 00 00    -4.7862372   -1.8123800  951.0507  952.0353
2021 04 03 04 01 00    -4.7878191   -1.8132108  951.0497  952.0297
2021 04 03 04 02 00    -4.7895593   -1.8140343  951.0484  952.0235
2021 04 03 04 03 00    -4.7913256   -1.8149293  951.0484  952.0285
2021 04 03 04 04 00    -4.7930733   -1.8157985  951.0493  952.0352
2021 04 03 04 05 00    -4.7945976   -1.8165125  951.0496  952.0310
2021 04 03 04 06 00    -4.7958465   -1.8171359  951.0486  952.0191
2021 04 03 04 07 00    -4.7972477   -1.8177835  951.0471  952.0114
2021 04 03 04 08 00    -4.7987922   -1.8184277  951.0459  952.0106
2021 04 03 04 09 00    -4.8002973   -1.8191603  951.0455  952.0042
2021 04 03 04 10 00    -4.8020499   -1.8201392  951.0454  951.9871
2021 04 03 04 11 00    -4.8035862   -1.8210300  951.0449  951.9739
2021 04 03 04 12 00    -4.8047485   -1.8216917  951.0430  951.9725
2021 04 03 04 13 00    -4.8066070   -1.8225469  951.0404  951.9772
2021 04 03 04 14 00    -4.8088102   -1.8234577  951.0384  951.9873
2021 04 03 04 15 00    -4.8101725   -1.8240833  951.0378  952.0010
2021 04 03 04 16 00    -4.8113216   -1.8247964  951.0377  952.0090
2021 04 03 04 17 00    -4.8128834   -1.8256953  951.0379  952.0130
2021 04 03 04 18 00    -4.8142005   -1.8263628  951.0382  952.0221
2021 04 03 04 19 00    -4.8153211   -1.8269046  951.0389  952.0358
2021 04 03 04 20 00    -4.8169875   -1.8276705  951.0402  952.0530
2021 04 03 04 21 00    -4.8190014   -1.8285711  951.0420  952.0749
2021 04 03 04 22 00    -4.8207908   -1.8294617  951.0440  952.0949
2021 04 03 04 23 00    -4.8224123   -1.8303680  951.0460  952.1117
2021 04 03 04 24 00    -4.8236485   -1.8310312  951.0481  952.1337
2021 04 03 04 25 00    -4.8243871   -1.8313584  951.0505  952.1537
2021 04 03 04 26 00    -4.8257514   -1.8320052  951.0532  952.1553
2021 04 03 04 27 00    -4.8281906   -1.8332214  951.0557  952.1510
2021 04 03 04 28 00    -4.8303075   -1.8342755  951.0583  952.1570
2021 04 03 04 29 00    -4.8315295   -1.8349395  951.0607  952.1520
2021 04 03 04 30 00    -4.8330136   -1.8357842  951.0629  952.1295
2021 04 03 04 31 00    -4.8346981   -1.8366368  951.0649  952.1221
2021 04 03 04 32 00    -4.8356693   -1.8370788  951.0667  952.1338
2021 04 03 04 33 00    -4.8369942   -1.8377844  951.0685  952.1360
2021 04 03 04 34 00    -4.8394997   -1.8390339  951.0702  952.1205
2021 04 03 04 35 00    -4.8418130   -1.8400310  951.0716  952.1021
2021 04 03 04 36 00    -4.8432531   -1.8406743  951.0725  952.0957
2021 04 03 04 37 00    -4.8445370   -1.8414138  951.0733  952.1049
2021 04 03 04 38 00    -4.8458474   -1.8421298  951.0750  952.1201
2021 04 03 04 39 00    -4.8469869   -1.8426538  951.0772  952.1326
2021 04 03 04 40 00    -4.8483576   -1.8432543  951.0787  952.1395
2021 04 03 04 41 00    -4.8503844   -1.8442650  951.0803  952.1402
2021 04 03 04 42 00    -4.8523498   -1.8454036  951.0832  952.1452
2021 04 03 04 43 00    -4.8535632   -1.8461420  951.0870  952.1644
2021 04 03 04 44 00    -4.8547389   -1.8467298  951.0900  952.1848
2021 04 03 04 45 00    -4.8562054   -1.8474492  951.0921  952.1925
2021 04 03 04 46 00    -4.8576846   -1.8481504  951.0943  952.1949
2021 04 03 04 47 00    -4.8595767   -1.8490417  951.0967  952.2025
2021 04 03 04 48 00    -4.8614916   -1.8501020  951.0997  952.2167
2021 04 03 04 49 00    -4.8625703   -1.8508096  951.1036  952.2382
2021 04 03 04 50 00    -4.8634468   -1.8512072  951.1083  952.2678
2021 04 03 04 51 00    -4.8647442   -1.8516865  951.1134  952.2959
2021 04 03 04 52 00    -4.8660874   -1.8523321  951.1183  952.3101
2021 04 03 04 53 00    -4.8677491   -1.8532540  951.1224  952.3113
2021 04 03 04 54 00    -4.8698747   -1.8542783  951.1259  952.3120
2021 04 03 04 55 00    -4.8713999   -1.8549114  951.1304  952.3227
2021 04 03 04 56 00    -4.8720294   -1.8552817  951.1362  952.3437
2021 04 03 04 57 00    -4.8728055   -1.8558518  951.1417  952.3649
2021 04 03 04 58 00    -4.8745631   -1.8567606  951.1463  952.3794
2021 04 03 04 59 00    -4.8770908   -1.8578862  951.1512  952.3904
2021 04 03 05 00 00    -4.8792510   -1.8588299  951.1569  952.4007
2021 04 03 05 01 00    -4.8799904   -1.8591878  951.1630  952.4092
2021 04 03 05 02 00    -4.8799082   -1.8592369  951.1691  952.4189
2021 04 03 05 03 00    -4.8811573   -1.8599197  951.1747  952.4336
2021 04 03 05 04 00    -4.8840950   -1.8613952  951.1798  952.4523
2021 04 03 05 05 00    -4.8861657   -1.8624568  951.1848  952.4724
2021 04 03 05 06 00    -4.8862874   -1.8625310  951.1899  952.4910
2021 04 03 05 07 00    -4.8864966   -1.8626017  951.1953  952.5054
2021 04 03 05 08 00    -4.8882137   -1.8634083  951.2010  952.5136
2021 04 03 05 09 00    -4.8906942   -1.8646293  951.2071  952.5121
2021 04 03 05 10 00    -4.8930408   -1.8658618  951.2136  952.4996
2021 04 03 05 11 00    -4.8946606   -1.8667309  951.2200  952.4825
2021 04 03 05 12 00    -4.8948423   -1.8667734  951.2251  952.4780
2021 04 03 05 13 00    -4.8954287   -1.8669829  951.2293  952.4980
2021 04 03 05 14 00    -4.8984782   -1.8685088  951.2339  952.5266
2021 04 03 05 15 00    -4.9003506   -1.8695071  951.2396  952.5449
2021 04 03 05 16 00    -4.8990295   -1.8688945  951.2462  952.5648
2021 04 03 05 17 00    -4.8995880   -1.8691823  951.2531  952.5965
2021 04 03 05 18 00    -4.9031387   -1.8709486  951.2596  952.6206
2021 04 03 05 19 00    -4.9049746   -1.8718565  951.2658  952.6185
2021 04 03 05 20 00    -4.9049318   -1.8717261  951.2720  952.6008
2021 04 03 05 21 00    -4.9061728   -1.8721240  951.2783  952.5925
2021 04 03 05 22 00    -4.9081736   -1.8730792  951.2842  952.6025
2021 04 03 05 23 00    -4.9091918   -1.8738480  951.2895  952.6198
2021 04 03 05 24 00    -4.9101434   -1.8745320  951.2947  952.6368
2021 04 03 05 25 00    -4.9118650   -1.8753182  951.3003  952.6538
2021 04 03 05 26 00    -4.9134782   -1.8759960  951.3065  952.6620
2021 04 03 05 27 00    -4.9147219   -1.8766319  951.3129  952.6523
2021 04 03 05 28 00    -4.9161012   -1.8773852  951.3183  952.6358
2021 04 03 05 29 00    -4.9174095   -1.8780296  951.3225  952.6285
2021 04 03 05 30 00    -4.9182837   -1.8784241  951.3269  952.6343
2021 04 03 05 31 00    -4.9190658   -1.8788066  951.3323  952.6509
2021 04 03 05 32 00    -4.9201720   -1.8793395  951.3380  952.6697
2021 04 03 05 33 00    -4.9215821   -1.8800295  951.3434  952.6848
2021 04 03 05 34 00    -4.9230704   -1.8808377  951.3490  952.6993
2021 04 03 05 35 00    -4.9242788   -1.8814969  951.3546  952.7106
2021 04 03 05 36 00    -4.9249386   -1.8817912  951.3598  952.7133
2021 04 03 05 37 00    -4.9253544   -1.8819320  951.3653  952.7123
2021 04 03 05 38 00    -4.9264249   -1.8824148  951.3718  952.7089
2021 04 03 05 39 00    -4.9283746   -1.8834343  951.3783  952.7014
2021 04 03 05 40 00    -4.9301057   -1.8844679  951.3832  952.7045
2021 04 03 05 41 00    -4.9311796   -1.8850771  951.3870  952.7298
2021 04 03 05 42 00    -4.9320688   -1.8853674  951.3915  952.7554
2021 04 03 05 43 00    -4.9325303   -1.8854040  951.3971  952.7605
2021 04 03 05 44 00    -4.9329880   -1.8855906  951.4030  952.7609
2021 04 03 05 45 00    -4.9345897   -1.8864983  951.4090  952.7704
2021 04 03 05 46 00    -4.9365775   -1.8876297  951.4146  952.7773
2021 04 03 05 47 00    -4.9375809   -1.8881815  951.4196  952.7718
2021 04 03 05 48 00    -4.9380129   -1.8883786  951.4238  952.7549
2021 04 03 05 49 00    -4.9385544   -1.8886649  951.4280  952.7385
2021 04 03 05 50 00    -4.9391135   -1.8889881  951.4331  952.7429
2021 04 03 05 51 00    -4.9400593   -1.8894700  951.4385  952.7647
2021 04 03 05 52 00    -4.9416617   -1.8902570  951.4432  952.7782
2021 04 03 05 53 00    -4.9432086   -1.8910544  951.4469  952.7780
2021 04 03 05 54 00    -4.9438986   -1.8914648  951.4505  952.7774
2021 04 03 05 55 00    -4.9434871   -1.8912643  951.4551  952.7797
2021 04 03 05 56 00    -4.9434261   -1.8911401  951.4604  952.7849
2021 04 03 05 57 00    -4.9453524   -1.8920109  951.4655  952.7973
2021 04 03 05 58 00    -4.9473103   -1.8929690  951.4703  952.8102
2021 04 03 05 59 00    -4.9471665   -1.8929087  951.4750  952.8142
2021 04 03 06 00 00    -4.9467599   -1.8927084  951.4798  952.8135
2021 04 03 06 01 00    -4.9476573   -1.8931909  951.4839  952.8132
2021 04 03 06 02 00    -4.9488237   -1.8938424  951.4877  952.8087
2021 04 03 06 03 00    -4.9497414   -1.8943348  951.4917  952.7977
2021 04 03 06 04 00    -4.9508838   -1.8949113  951.4960  952.7871
2021 04 03 06 05 00    -4.9518857   -1.8954272  951.4994  952.7886
2021 04 03 06 06 00    -4.9519668   -1.8954535  951.5021  952.8041
2021 04 03 06 07 00    -4.9516367   -1.8952228  951.5056  952.8168
2021 04 03 06 08 00    -4.9522297   -1.8954712  951.5098  952.8135
2021 04 03 06 09 00    -4.9537929   -1.8962538  951.5140  952.8059
2021 04 03 06 10 00    -4.9549249   -1.8968109  951.5180  952.8050
2021 04 03 06 11 00    -4.9549297   -1.8967885  951.5212  952.8054
2021 04 03 06 12 00    -4.9545395   -1.8965853  951.5238  952.8109
2021 04 03 06 13 00    -4.9545980   -1.8966257  951.5275  952.8280
2021 04 03 06 14 00    -4.9554132   -1.8970625  951.5324  952.8421
2021 04 03 06 15 00    -4.9563054   -1.8975188  951.5370  952.8409
2021 04 03 06 16 00    -4.9562501   -1.8974607  951.5407  952.8334
2021 04 03 06 17 00    -4.9559303   -1.8973007  951.5445  952.8335
2021 04 03 06 18 00    -4.9566650   -1.8977396  951.5482  952.8444
2021 04 03 06 19 00    -4.9577423   -1.8983070  951.5517  952.8610
2021 04 03 06 20 00    -4.9579366   -1.8983032  951.5560  952.8812
2021 04 03 06 21 00    -4.9577507   -1.8981229  951.5617  952.9022
2021 04 03 06 22 00    -4.9575164   -1.8980336  951.5676  952.9182
2021 04 03 06 23 00    -4.9572445   -1.8979126  951.5728  952.9314
2021 04 03 06 24 00    -4.9575099   -1.8980488  951.5775  952.9453
2021 04 03 06 25 00    -4.9577488   -1.8982988  951.5823  952.9649
2021 04 03 06 26 00    -4.9577712   -1.8984187  951.5872  952.9964
2021 04 03 06 27 00    -4.9574819   -1.8981418  951.5927  953.0221
2021 04 03 06 28 00    -4.9565243   -1.8974920  951.5992  953.0189
2021 04 03 06 29 00    -4.9573917   -1.8979827  951.6061  953.0014
2021 04 03 06 30 00    -4.9593056   -1.8990520  951.6123  952.9978
2021 04 03 06 31 00    -4.9576001   -1.8981957  951.6178  953.0081
2021 04 03 06 32 00    -4.9552224   -1.8970193  951.6233  953.0181
2021 04 03 06 33 00    -4.9569082   -1.8979295  951.6292  953.0269
2021 04 03 06 34 00    -4.9585646   -1.8987889  951.6350  953.0369
2021 04 03 06 35 00    -4.9570699   -1.8979728  951.6400  953.0402
2021 04 03 06 36 00    -4.9560719   -1.8973495  951.6440  953.0298
2021 04 03 06 37 00    -4.9569880   -1.8978289  951.6480  953.0143
2021 04 03 06 38 00    -4.9571592   -1.8980748  951.6528  953.0107
2021 04 03 06 39 00    -4.9559469   -1.8975131  951.6580  953.0134
2021 04 03 06 40 00    -4.9551603   -1.8970122  951.6633  953.0035
2021 04 03 06 41 00    -4.9553660   -1.8969876  951.6682  952.9834
2021 04 03 06 42 00    -4.9555668   -1.8969944  951.6720  952.9619
2021 04 03 06 43 00    -4.9552890   -1.8968622  951.6746  952.9445
2021 04 03 06 44 00    -4.9548556   -1.8967462  951.6770  952.9452
2021 04 03 06 45 00    -4.9543804   -1.8965171  951.6802  952.9656
2021 04 03 06 46 00    -4.9536634   -1.8960423  951.6842  952.9845
2021 04 03 06 47 00    -4.9528463   -1.8956358  951.6885  952.9856
2021 04 03 06 48 00    -4.9523609   -1.8955652  951.6925  952.9772
2021 04 03 06 49 00    -4.9520543   -1.8955396  951.6956  952.9725
2021 04 03 06 50 00    -4.9515828   -1.8953198  951.6975  952.9725
2021 04 03 06 51 00    -4.9512506   -1.8950690  951.6989  952.9772
2021 04 03 06 52 00    -4.9510464   -1.8947710  951.7005  952.9714
2021 04 03 06 53 00    -4.9503941   -1.8943813  951.7026  952.9396
2021 04 03 06 54 00    -4.9493436   -1.8940781  951.7051  952.9090
2021 04 03 06 55 00    -4.9482510   -1.8936873  951.7071  952.9004
2021 04 03 06 56 00    -4.9471194   -1.8930121  951.7087  952.8952
2021 04 03 06 57 00    -4.9461539   -1.8924248  951.7107  952.8994
2021 04 03 06 58 00    -4.9455939   -1.8921736  951.7132  952.9289
2021 04 03 06 59 00    -4.9450722   -1.8919808  951.7155  952.9551
2021 04 03 07 00 00    -4.9441494   -1.8915621  951.7176  952.9491
2021 04 03 07 01 00    -4.9428808   -1.8908945  951.7199  952.9180
2021 04 03 07 02 00    -4.9416163   -1.8901737  951.7217  952.8825
2021 04 03 07 03 00    -4.9407350   -1.8896899  951.7227  952.8623
2021 04 03 07 04 00    -4.9400753   -1.8894504  951.7235  952.8703
2021 04 03 07 05 00    -4.9389364   -1.8890487  951.7250  952.9006
2021 04 03 07 06 00    -4.9373179   -1.8882283  951.7275  952.9245
2021 04 03 07 07 00    -4.9357952   -1.8872344  951.7306  952.9220
2021 04 03 07 08 00    -4.9343909   -1.8864103  951.7331  952.9096
2021 04 03 07 09 00    -4.9331228   -1.8858952  951.7350  952.9053
2021 04 03 07 10 00    -4.9322396   -1.8855780  951.7370  952.9043
2021 04 03 07 11 00    -4.9314028   -1.8851270  951.7385  952.9048
2021 04 03 07 12 00    -4.9299811   -1.8843304  951.7390  952.9062
2021 04 03 07 13 00    -4.9278417   -1.8832940  951.7394  952.8989
2021 04 03 07 14 00    -4.9255704   -1.8822779  951.7409  952.8916
2021 04 03 07 15 00    -4.9238832   -1.8814486  951.7431  952.9047
2021 04 03 07 16 00    -4.9228862   -1.8808419  951.7457  952.9255
2021 04 03 07 17 00    -4.9221329   -1.8804154  951.7483  952.9235
2021 04 03 07 18 00    -4.9208753   -1.8798443  951.7503  952.9079
2021 04 03 07 19 00    -4.9186958   -1.8788053  951.7518  952.9129
2021 04 03 07 20 00    -4.9161784   -1.8775247  951.7536  952.9377
2021 04 03 07 21 00    -4.9140704   -1.8764234  951.7562  952.9515
2021 04 03 07 22 00    -4.9123479   -1.8756149  951.7588  952.9415
2021 04 03 07 23 00    -4.9108599   -1.8750107  951.7609  952.9307
2021 04 03 07 24 00    -4.9095380   -1.8743826  951.7627  952.9395
2021 04 03 07 25 00    -4.9077735   -1.8734209  951.7649  952.9468
2021 04 03 07 26 00    -4.9053372   -1.8722040  951.7669  952.9384
2021 04 03 07 27 00    -4.9029403   -1.8710724  951.7684  952.9451
2021 04 03 07 28 00    -4.9009434   -1.8700350  951.7705  952.9778
2021 04 03 07 29 00    -4.8991250   -1.8690338  951.7733  953.0028
2021 04 03 07 30 00    -4.8971451   -1.8680223  951.7758  953.0005
2021 04 03 07 31 00    -4.8946745   -1.8667741  951.7779  952.9847
2021 04 03 07 32 00    -4.8919971   -1.8654183  951.7805  952.9797
2021 04 03 07 33 00    -4.8896430   -1.8642778  951.7830  952.9975
2021 04 03 07 34 00    -4.8873306   -1.8631376  951.7850  953.0304
2021 04 03 07 35 00    -4.8846491   -1.8617649  951.7874  953.0656
2021 04 03 07 36 00    -4.8820632   -1.8605117  951.7912  953.0938
2021 04 03 07 37 00    -4.8797429   -1.8594320  951.7961  953.1116
2021 04 03 07 38 00    -4.8769760   -1.8579956  951.8010  953.1209
2021 04 03 07 39 00    -4.8738701   -1.8563186  951.8051  953.1171
2021 04 03 07 40 00    -4.8713742   -1.8550461  951.8087  953.0973
2021 04 03 07 41 00    -4.8694269   -1.8540806  951.8124  953.0819
2021 04 03 07 42 00    -4.8670783   -1.8528669  951.8172  953.0836
2021 04 03 07 43 00    -4.8640127   -1.8513458  951.8222  953.0833
2021 04 03 07 44 00    -4.8607738   -1.8498142  951.8265  953.0626
2021 04 03 07 45 00    -4.8579118   -1.8484158  951.8298  953.0334
2021 04 03 07 46 00    -4.8553945   -1.8471101  951.8329  953.0310
2021 04 03 07 47 00    -4.8528287   -1.8458401  951.8365  953.0661
2021 04 03 07 48 00    -4.8500813   -1.8445330  951.8406  953.0982
2021 04 03 07 49 00    -4.8471261   -1.8430047  951.8441  953.0965
2021 04 03 07 50 00    -4.8438433   -1.8412036  951.8466  953.0742
2021 04 03 07 51 00    -4.8405590   -1.8394543  951.8484  953.0490
2021 04 03 07 52 00    -4.8376188   -1.8379954  951.8500  953.0363
2021 04 03 07 53 00    -4.8346946   -1.8366496  951.8521  953.0572
2021 04 03 07 54 00    -4.8314099   -1.8351588  951.8556  953.0980
2021 04 03 07 55 00    -4.8278368   -1.8334279  951.8597  953.1151
2021 04 03 07 56 00    -4.8243255   -1.8316361  951.8631  953.1110
2021 04 03 07 57 00    -4.8211361   -1.8300302  951.8661  953.1241
2021 04 03 07 58 00    -4.8179705   -1.8284237  951.8699  953.1635
2021 04 03 07 59 00    -4.8142494   -1.8264649  951.8744  953.2119
2021 04 03 08 00 00    -4.8099285   -1.8242664  951.8786  953.2293
2021 04 03 08 01 00    -4.8057730   -1.8223197  951.8822  953.1814
2021 04 03 08 02 00    -4.8026821   -1.8209358  951.8858  953.1226
2021 04 03 08 03 00    -4.8003136   -1.8197696  951.8898  953.1321
2021 04 03 08 04 00    -4.7971323   -1.8181078  951.8934  953.1699
2021 04 03 08 05 00    -4.7927095   -1.8158869  951.8963  953.1566
2021 04 03 08 06 00    -4.7883916   -1.8137876  951.8992  953.1282
2021 04 03 08 07 00    -4.7848844   -1.8120289  951.9028  953.1531
2021 04 03 08 08 00    -4.7813108   -1.8101194  951.9067  953.1939
2021 04 03 08 09 00    -4.7771524   -1.8079725  951.9098  953.1854
2021 04 03 08 10 00    -4.7729348   -1.8059547  951.9125  953.1563
2021 04 03 08 11 00    -4.7689325   -1.8040483  951.9163  953.1708
2021 04 03 08 12 00    -4.7647962   -1.8019728  951.9211  953.2194
2021 04 03 08 13 00    -4.7603044   -1.7996664  951.9260  953.2512
2021 04 03 08 14 00    -4.7558523   -1.7974105  951.9307  953.2604
2021 04 03 08 15 00    -4.7517636   -1.7954299  951.9348  953.2733
2021 04 03 08 16 00    -4.7476369   -1.7934556  951.9385  953.2941
2021 04 03 08 17 00    -4.7433090   -1.7913341  951.9428  953.3110
2021 04 03 08 18 00    -4.7388133   -1.7890658  951.9487  953.3363
2021 04 03 08 19 00    -4.7336263   -1.7863267  951.9554  953.3886
2021 04 03 08 20 00    -4.7282293   -1.7834547  951.9619  953.4289
2021 04 03 08 21 00    -4.7240648   -1.7813671  951.9677  953.4153
2021 04 03 08 22 00    -4.7205833   -1.7797471  951.9736  953.4005
2021 04 03 08 23 00    -4.7158727   -1.7774457  951.9795  953.4312
2021 04 03 08 24 00    -4.7102653   -1.7746009  951.9846  953.4504
2021 04 03 08 25 00    -4.7054288   -1.7721931  951.9898  953.4310
2021 04 03 08 26 00    -4.7011316   -1.7701264  951.9959  953.4266
2021 04 03 08 27 00    -4.6964812   -1.7678488  952.0026  953.4424
2021 04 03 08 28 00    -4.6916618   -1.7654145  952.0088  953.4450
2021 04 03 08 29 00    -4.6866627   -1.7627796  952.0146  953.4434
2021 04 03 08 30 00    -4.6813549   -1.7599132  952.0203  953.4567
2021 04 03 08 31 00    -4.6762368   -1.7572888  952.0261  953.4751
2021 04 03 08 32 00    -4.6714320   -1.7550870  952.0318  953.4817
2021 04 03 08 33 00    -4.6665410   -1.7528232  952.0381  953.4943
2021 04 03 08 34 00    -4.6614808   -1.7501736  952.0455  953.5405
2021 04 03 08 35 00    -4.6563788   -1.7474394  952.0533  953.5903
2021 04 03 08 36 00    -4.6510724   -1.7448102  952.0595  953.5971
2021 04 03 08 37 00    -4.6453217   -1.7420580  952.0643  953.5631
2021 04 03 08 38 00    -4.6395642   -1.7393023  952.0687  953.5190
2021 04 03 08 39 00    -4.6345320   -1.7368105  952.0738  953.4988
2021 04 03 08 40 00    -4.6298887   -1.7343231  952.0801  953.5149
2021 04 03 08 41 00    -4.6246479   -1.7315699  952.0867  953.5451
2021 04 03 08 42 00    -4.6187006   -1.7286577  952.0929  953.5718
2021 04 03 08 43 00    -4.6126868   -1.7257275  952.0988  953.5906
2021 04 03 08 44 00    -4.6070206   -1.7228893  952.1048  953.5901
2021 04 03 08 45 00    -4.6015826   -1.7201839  952.1105  953.5718
2021 04 03 08 46 00    -4.5960754   -1.7174829  952.1156  953.5553
2021 04 03 08 47 00    -4.5903762   -1.7146309  952.1207  953.5520
2021 04 03 08 48 00    -4.5843748   -1.7115457  952.1264  953.5594
2021 04 03 08 49 00    -4.5782101   -1.7084071  952.1322  953.5685
2021 04 03 08 50 00    -4.5723007   -1.7054724  952.1376  953.5756
2021 04 03 08 51 00    -4.5666019   -1.7026009  952.1429  953.5861
2021 04 03 08 52 00    -4.5607407   -1.6996050  952.1488  953.5971
2021 04 03 08 53 00    -4.5544660   -1.6964984  952.1546  953.5979
2021 04 03 08 54 00    -4.5478032   -1.6932461  952.1597  953.5850
2021 04 03 08 55 00    -4.5413156   -1.6899715  952.1641  953.5655
2021 04 03 08 56 00    -4.5354633   -1.6869485  952.1684  953.5586
2021 04 03 08 57 00    -4.5298999   -1.6841659  952.1725  953.5663
2021 04 03 08 58 00    -4.5238632   -1.6812340  952.1769  953.5678
2021 04 03 08 59 00    -4.5169983   -1.6778329  952.1822  953.5707
2021 04 03 09 00 00    -4.5099926   -1.6742576  952.1876  953.5899
2021 04 03 09 01 00    -4.5036754   -1.6709866  952.1912  953.6007
2021 04 03 09 02 00    -4.4976283   -1.6679200  952.1936  953.5887
2021 04 03 09 03 00    -4.4911594   -1.6647982  952.1970  953.5682
2021 04 03 09 04 00    -4.4844591   -1.6615754  952.2016  953.5432
2021 04 03 09 05 00    -4.4777383   -1.6581674  952.2054  953.5262
2021 04 03 09 06 00    -4.4708929   -1.6546752  952.2084  953.5451
2021 04 03 09 07 00    -4.4641039   -1.6513327  952.2124  953.5952
2021 04 03 09 08 00    -4.4575389   -1.6480576  952.2176  953.6473
2021 04 03 09 09 00    -4.4507503   -1.6445543  952.2237  953.6986
2021 04 03 09 10 00    -4.4431719   -1.6406745  952.2302  953.7490
2021 04 03 09 11 00    -4.4353502   -1.6367937  952.2368  953.7746
2021 04 03 09 12 00    -4.4285355   -1.6334786  952.2435  953.7737
2021 04 03 09 13 00    -4.4225783   -1.6305017  952.2510  953.7791
2021 04 03 09 14 00    -4.4159970   -1.6271264  952.2590  953.8036
2021 04 03 09 15 00    -4.4082159   -1.6232248  952.2664  953.8248
2021 04 03 09 16 00    -4.4002115   -1.6192971  952.2730  953.8265
2021 04 03 09 17 00    -4.3931243   -1.6157527  952.2797  953.8123
2021 04 03 09 18 00    -4.3866831   -1.6124508  952.2864  953.7911
2021 04 03 09 19 00    -4.3796037   -1.6088848  952.2928  953.7834
2021 04 03 09 20 00    -4.3716850   -1.6049346  952.2993  953.8046
2021 04 03 09 21 00    -4.3640088   -1.6010715  952.3058  953.8363
2021 04 03 09 22 00    -4.3570663   -1.5975472  952.3120  953.8489
2021 04 03 09 23 00    -4.3500269   -1.5939837  952.3181  953.8364
2021 04 03 09 24 00    -4.3422066   -1.5901586  952.3242  953.8150
2021 04 03 09 25 00    -4.3341719   -1.5862972  952.3303  953.8074
2021 04 03 09 26 00    -4.3265677   -1.5824572  952.3362  953.8272
2021 04 03 09 27 00    -4.3193028   -1.5786464  952.3415  953.8525
2021 04 03 09 28 00    -4.3117983   -1.5748249  952.3463  953.8425
2021 04 03 09 29 00    -4.3035363   -1.5707527  952.3513  953.8079
2021 04 03 09 30 00    -4.2952229   -1.5667008  952.3566  953.8058
2021 04 03 09 31 00    -4.2876247   -1.5629840  952.3621  953.8415
2021 04 03 09 32 00    -4.2802333   -1.5593060  952.3671  953.8609
2021 04 03 09 33 00    -4.2728429   -1.5555826  952.3723  953.8496
2021 04 03 09 34 00    -4.2651472   -1.5516963  952.3783  953.8433
2021 04 03 09 35 00    -4.2563835   -1.5473244  952.3845  953.8532
2021 04 03 09 36 00    -4.2477295   -1.5430215  952.3904  953.8625
2021 04 03 09 37 00    -4.2403157   -1.5392217  952.3965  953.8653
2021 04 03 09 38 00    -4.2323807   -1.5351012  952.4022  953.8636
2021 04 03 09 39 00    -4.2232377   -1.5305208  952.4068  953.8629
2021 04 03 09 40 00    -4.2150135   -1.5265401  952.4107  953.8704
2021 04 03 09 41 00    -4.2078988   -1.5230363  952.4149  953.8822
2021 04 03 09 42 00    -4.1997270   -1.5188886  952.4203  953.8969
2021 04 03 09 43 00    -4.1902345   -1.5141645  952.4267  953.9310
2021 04 03 09 44 00    -4.1809961   -1.5096207  952.4331  953.9797
2021 04 03 09 45 00    -4.1725556   -1.5053087  952.4395  954.0053
2021 04 03 09 46 00    -4.1642752   -1.5009932  952.4467  953.9996
2021 04 03 09 47 00    -4.1557289   -1.4966922  952.4546  953.9904
2021 04 03 09 48 00    -4.1470511   -1.4924438  952.4620  953.9864
2021 04 03 09 49 00    -4.1383109   -1.4881489  952.4681  953.9865
2021 04 03 09 50 00    -4.1294066   -1.4837662  952.4735  953.9991
2021 04 03 09 51 00    -4.1206081   -1.4794734  952.4793  954.0234
2021 04 03 09 52 00    -4.1121210   -1.4753025  952.4855  954.0496
2021 04 03 09 53 00    -4.1034751   -1.4709004  952.4921  954.0668
2021 04 03 09 54 00    -4.0944109   -1.4661835  952.4991  954.0672
2021 04 03 09 55 00    -4.0853889   -1.4615945  952.5061  954.0584
2021 04 03 09 56 00    -4.0765869   -1.4572413  952.5132  954.0598
2021 04 03 09 57 00    -4.0676566   -1.4527610  952.5200  954.0740
2021 04 03 09 58 00    -4.0585397   -1.4480716  952.5259  954.0838
2021 04 03 09 59 00    -4.0494208   -1.4433649  952.5313  954.0837
2021 04 03 10 00 00    -4.0402523   -1.4387549  952.5377  954.0809
2021 04 03 10 01 00    -4.0310408   -1.4342770  952.5450  954.0772
2021 04 03 10 02 00    -4.0219729   -1.4298295  952.5514  954.0754
2021 04 03 10 03 00    -4.0129722   -1.4252630  952.5565  954.0764
2021 04 03 10 04 00    -4.0038511   -1.4206025  952.5614  954.0739
2021 04 03 10 05 00    -3.9947189   -1.4159645  952.5669  954.0758
2021 04 03 10 06 00    -3.9855467   -1.4113465  952.5726  954.0835
2021 04 03 10 07 00    -3.9760577   -1.4066386  952.5783  954.0723
2021 04 03 10 08 00    -3.9663533   -1.4018345  952.5839  954.0489
2021 04 03 10 09 00    -3.9568769   -1.3971148  952.5896  954.0520
2021 04 03 10 10 00    -3.9478031   -1.3925869  952.5954  954.0800
2021 04 03 10 11 00    -3.9385891   -1.3879508  952.6010  954.1025
2021 04 03 10 12 00    -3.9287052   -1.3829654  952.6063  954.1100
2021 04 03 10 13 00    -3.9186981   -1.3780336  952.6116  954.1109
2021 04 03 10 14 00    -3.9091586   -1.3734153  952.6170  954.1169
2021 04 03 10 15 00    -3.8997620   -1.3687418  952.6224  954.1244
2021 04 03 10 16 00    -3.8902259   -1.3638300  952.6277  954.1149
2021 04 03 10 17 00    -3.8806039   -1.3588661  952.6331  954.0983
2021 04 03 10 18 00    -3.8708624   -1.3539857  952.6388  954.1014
2021 04 03 10 19 00    -3.8610713   -1.3491544  952.6443  954.1067
2021 04 03 10 20 00    -3.8513546   -1.3442166  952.6487  954.0871
2021 04 03 10 21 00    -3.8416129   -1.3392335  952.6521  954.0665
2021 04 03 10 22 00    -3.8317621   -1.3344099  952.6552  954.0728
2021 04 03 10 23 00    -3.8219676   -1.3296079  952.6586  954.0914
2021 04 03 10 24 00    -3.8122042   -1.3246207  952.6627  954.1040
2021 04 03 10 25 00    -3.8021240   -1.3195738  952.6670  954.1174
2021 04 03 10 26 00    -3.7917578   -1.3145485  952.6715  954.1421
2021 04 03 10 27 00    -3.7814988   -1.3093816  952.6768  954.1733
2021 04 03 10 28 00    -3.7714655   -1.3041521  952.6828  954.1937
2021 04 03 10 29 00    -3.7615224   -1.2992010  952.6883  954.1822
2021 04 03 10 30 00    -3.7515122   -1.2944773  952.6929  954.1428
2021 04 03 10 31 00    -3.7412934   -1.2895248  952.6968  954.1152
2021 04 03 10 32 00    -3.7308944   -1.2842036  952.7002  954.1242
2021 04 03 10 33 00    -3.7205842   -1.2788548  952.7039  954.1426
2021 04 03 10 34 00    -3.7105227   -1.2737471  952.7086  954.1373
2021 04 03 10 35 00    -3.7004231   -1.2687792  952.7133  954.1153
2021 04 03 10 36 00    -3.6899653   -1.2636812  952.7172  954.1003
2021 04 03 10 37 00    -3.6793235   -1.2583718  952.7212  954.1183
2021 04 03 10 38 00    -3.6688124   -1.2530442  952.7265  954.1876
2021 04 03 10 39 00    -3.6584582   -1.2478355  952.7322  954.2574
2021 04 03 10 40 00    -3.6481250   -1.2426768  952.7363  954.2518
2021 04 03 10 41 00    -3.6376099   -1.2374454  952.7389  954.2081
2021 04 03 10 42 00    -3.6267238   -1.2320154  952.7421  954.2011
2021 04 03 10 43 00    -3.6157208   -1.2264769  952.7463  954.2046
2021 04 03 10 44 00    -3.6052093   -1.2211655  952.7505  954.1812
2021 04 03 10 45 00    -3.5951744   -1.2160963  952.7545  954.1659
2021 04 03 10 46 00    -3.5849242   -1.2109935  952.7590  954.1871
2021 04 03 10 47 00    -3.5741494   -1.2057320  952.7633  954.2129
2021 04 03 10 48 00    -3.5631993   -1.2002919  952.7669  954.2004
2021 04 03 10 49 00    -3.5524474   -1.1947921  952.7705  954.1629
2021 04 03 10 50 00    -3.5418645   -1.1893999  952.7734  954.1495
2021 04 03 10 51 00    -3.5313272   -1.1841355  952.7756  954.1667
2021 04 03 10 52 00    -3.5208441   -1.1789584  952.7778  954.1782
2021 04 03 10 53 00    -3.5100561   -1.1736023  952.7805  954.1667
2021 04 03 10 54 00    -3.4985827   -1.1677984  952.7837  954.1546
2021 04 03 10 55 00    -3.4870576   -1.1619219  952.7874  954.1625
2021 04 03 10 56 00    -3.4763509   -1.1565234  952.7904  954.1803
2021 04 03 10 57 00    -3.4661132   -1.1514590  952.7925  954.1871
2021 04 03 10 58 00    -3.4553069   -1.1461591  952.7954  954.1799
2021 04 03 10 59 00    -3.4437215   -1.1404186  952.8001  954.1853
2021 04 03 11 00 00    -3.4321945   -1.1345830  952.8050  954.2215
2021 04 03 11 01 00    -3.4214278   -1.1290820  952.8089  954.2503
2021 04 03 11 02 00    -3.4110373   -1.1238899  952.8122  954.2373
2021 04 03 11 03 00    -3.4001913   -1.1185857  952.8153  954.2107
2021 04 03 11 04 00    -3.3889339   -1.1130187  952.8180  954.1887
2021 04 03 11 05 00    -3.3778548   -1.1073938  952.8202  954.1606
2021 04 03 11 06 00    -3.3669006   -1.1018032  952.8230  954.1499
2021 04 03 11 07 00    -3.3556870   -1.0961900  952.8264  954.1756
2021 04 03 11 08 00    -3.3442844   -1.0904841  952.8299  954.2092
2021 04 03 11 09 00    -3.3331716   -1.0848501  952.8329  954.2237
2021 04 03 11 10 00    -3.3225832   -1.0795491  952.8350  954.2116
2021 04 03 11 11 00    -3.3118337   -1.0742528  952.8370  954.1774
2021 04 03 11 12 00    -3.3001735   -1.0684879  952.8395  954.1574
2021 04 03 11 13 00    -3.2881732   -1.0625117  952.8425  954.1786
2021 04 03 11 14 00    -3.2768464   -1.0568023  952.8457  954.2034
2021 04 03 11 15 00    -3.2661254   -1.0513358  952.8489  954.1952
2021 04 03 11 16 00    -3.2552687   -1.0458027  952.8516  954.1796
2021 04 03 11 17 00    -3.2439572   -1.0401243  952.8536  954.1767
2021 04 03 11 18 00    -3.2324607   -1.0344476  952.8554  954.1661
2021 04 03 11 19 00    -3.2210855   -1.0287812  952.8577  954.1562
2021 04 03 11 20 00    -3.2099079   -1.0231266  952.8618  954.1866
2021 04 03 11 21 00    -3.1988829   -1.0176094  952.8667  954.2351
2021 04 03 11 22 00    -3.1877252   -1.0120761  952.8692  954.2179
2021 04 03 11 23 00    -3.1761037   -1.0062539  952.8687  954.1315
2021 04 03 11 24 00    -3.1642867   -1.0003346  952.8685  954.0767
2021 04 03 11 25 00    -3.1529328   -0.9946812  952.8699  954.0966
2021 04 03 11 26 00    -3.1419421   -0.9891728  952.8715  954.1343
2021 04 03 11 27 00    -3.1306024   -0.9834775  952.8723  954.1334
2021 04 03 11 28 00    -3.1190909   -0.9777295  952.8724  954.0874
2021 04 03 11 29 00    -3.1079846   -0.9721590  952.8715  954.0413
2021 04 03 11 30 00    -3.0967259   -0.9664571  952.8700  954.0423
2021 04 03 11 31 00    -3.0847669   -0.9604218  952.8687  954.0720
2021 04 03 11 32 00    -3.0728731   -0.9544916  952.8687  954.0865
2021 04 03 11 33 00    -3.0615911   -0.9489216  952.8698  954.0838
2021 04 03 11 34 00    -3.0503258   -0.9433363  952.8712  954.0893
2021 04 03 11 35 00    -3.0387127   -0.9374350  952.8726  954.1267
2021 04 03 11 36 00    -3.0270007   -0.9314195  952.8747  954.1821
2021 04 03 11 37 00    -3.0151982   -0.9255737  952.8772  954.2011
2021 04 03 11 38 00    -3.0032929   -0.9198182  952.8795  954.1828
2021 04 03 11 39 00    -2.9916293   -0.9139841  952.8818  954.1871
2021 04 03 11 40 00    -2.9802580   -0.9081532  952.8841  954.2110
2021 04 03 11 41 00    -2.9687438   -0.9023478  952.8864  954.2062
2021 04 03 11 42 00    -2.9569322   -0.8964669  952.8894  954.1898
2021 04 03 11 43 00    -2.9451859   -0.8906227  952.8932  954.1935
2021 04 03 11 44 00    -2.9338066   -0.8849754  952.8964  954.2007
2021 04 03 11 45 00    -2.9226231   -0.8793817  952.8984  954.2045
2021 04 03 11 46 00    -2.9111824   -0.8735780  952.9006  954.2211
2021 04 03 11 47 00    -2.8993589   -0.8676133  952.9038  954.2399
2021 04 03 11 48 00    -2.8874412   -0.8617136  952.9072  954.2371
2021 04 03 11 49 00    -2.8756777   -0.8558894  952.9102  954.2075
2021 04 03 11 50 00    -2.8642617   -0.8500611  952.9128  954.1632
2021 04 03 11 51 00    -2.8530930   -0.8442291  952.9148  954.1300
2021 04 03 11 52 00    -2.8415275   -0.8383979  952.9157  954.1190
2021 04 03 11 53 00    -2.8293504   -0.8325305  952.9159  954.1130
2021 04 03 11 54 00    -2.8173580   -0.8266344  952.9163  954.1001
2021 04 03 11 55 00    -2.8061618   -0.8208960  952.9170  954.0886
2021 04 03 11 56 00    -2.7951608   -0.8153059  952.9176  954.0862
2021 04 03 11 57 00    -2.7834157   -0.8094733  952.9185  954.0931
2021 04 03 11 58 00    -2.7711004   -0.8033738  952.9198  954.1026
2021 04 03 11 59 00    -2.7591749   -0.7974738  952.9210  954.1028
2021 04 03 12 00 00    -2.7478071   -0.7918806  952.9216  954.0996
2021 04 03 12 01 00    -2.7363716   -0.7862052  952.9224  954.1130
2021 04 03 12 02 00    -2.7247383   -0.7802926  952.9239  954.1250
2021 04 03 12 03 00    -2.7131337   -0.7743682  952.9257  954.1038
2021 04 03 12 04 00    -2.7014657   -0.7684598  952.9267  954.0735
2021 04 03 12 05 00    -2.6898261   -0.7625246  952.9274  954.0703
2021 04 03 12 06 00    -2.6784754   -0.7568222  952.9290  954.0766
2021 04 03 12 07 00    -2.6672038   -0.7513631  952.9302  954.0644
2021 04 03 12 08 00    -2.6556799   -0.7457242  952.9294  954.0378
2021 04 03 12 09 00    -2.6439166   -0.7397398  952.9283  954.0157
2021 04 03 12 10 00    -2.6321714   -0.7337059  952.9284  954.0079
2021 04 03 12 11 00    -2.6207263   -0.7279433  952.9289  954.0084
2021 04 03 12 12 00    -2.6094917   -0.7223711  952.9286  953.9986
2021 04 03 12 13 00    -2.5980049   -0.7166201  952.9274  953.9738
2021 04 03 12 14 00    -2.5862400   -0.7106810  952.9256  953.9477
2021 04 03 12 15 00    -2.5747974   -0.7049625  952.9228  953.9225
2021 04 03 12 16 00    -2.5637726   -0.6995769  952.9197  953.8938
2021 04 03 12 17 00    -2.5525392   -0.6941494  952.9173  953.8678
2021 04 03 12 18 00    -2.5408960   -0.6883835  952.9143  953.8510
2021 04 03 12 19 00    -2.5291701   -0.6824027  952.9102  953.8534
2021 04 03 12 20 00    -2.5176001   -0.6764886  952.9060  953.8678
2021 04 03 12 21 00    -2.5063334   -0.6707908  952.9023  953.8575
2021 04 03 12 22 00    -2.4951856   -0.6652496  952.8984  953.8212
2021 04 03 12 23 00    -2.4836367   -0.6595759  952.8942  953.8082
2021 04 03 12 24 00    -2.4717509   -0.6536364  952.8905  953.8456
2021 04 03 12 25 00    -2.4601869   -0.6477846  952.8883  953.9029
2021 04 03 12 26 00    -2.4490076   -0.6422103  952.8875  953.9339
2021 04 03 12 27 00    -2.4375600   -0.6365080  952.8867  953.9226
2021 04 03 12 28 00    -2.4257553   -0.6305238  952.8846  953.8846
2021 04 03 12 29 00    -2.4142424   -0.6246806  952.8815  953.8586
2021 04 03 12 30 00    -2.4031449   -0.6191246  952.8793  953.8690
2021 04 03 12 31 00    -2.3919496   -0.6135408  952.8781  953.8689
2021 04 03 12 32 00    -2.3804088   -0.6077347  952.8767  953.8183
2021 04 03 12 33 00    -2.3687911   -0.6018838  952.8743  953.7773
2021 04 03 12 34 00    -2.3575122   -0.5962872  952.8709  953.7841
2021 04 03 12 35 00    -2.3465609   -0.5908894  952.8665  953.7907
2021 04 03 12 36 00    -2.3355496   -0.5853780  952.8619  953.7999
2021 04 03 12 37 00    -2.3242560   -0.5796377  952.8582  953.8428
2021 04 03 12 38 00    -2.3126709   -0.5737191  952.8554  953.8678
2021 04 03 12 39 00    -2.3010463   -0.5678158  952.8525  953.8426
2021 04 03 12 40 00    -2.2899117   -0.5622237  952.8493  953.8122
2021 04 03 12 41 00    -2.2791575   -0.5568333  952.8469  953.7964
2021 04 03 12 42 00    -2.2678759   -0.5512355  952.8458  953.7893
2021 04 03 12 43 00    -2.2560916   -0.5455257  952.8448  953.7991
2021 04 03 12 44 00    -2.2448397   -0.5400541  952.8432  953.8112
2021 04 03 12 45 00    -2.2341034   -0.5346366  952.8418  953.8059
2021 04 03 12 46 00    -2.2229866   -0.5289635  952.8416  953.8002
2021 04 03 12 47 00    -2.2115091   -0.5232303  952.8423  953.8060
2021 04 03 12 48 00    -2.2004059   -0.5177638  952.8421  953.7928
2021 04 03 12 49 00    -2.1896974   -0.5124355  952.8394  953.7464
2021 04 03 12 50 00    -2.1787658   -0.5069045  952.8346  953.7047
2021 04 03 12 51 00    -2.1676042   -0.5012704  952.8296  953.6873
2021 04 03 12 52 00    -2.1567391   -0.4958213  952.8247  953.6706
2021 04 03 12 53 00    -2.1461915   -0.4904958  952.8195  953.6598
2021 04 03 12 54 00    -2.1355502   -0.4851751  952.8145  953.6693
2021 04 03 12 55 00    -2.1246097   -0.4797994  952.8097  953.6600
2021 04 03 12 56 00    -2.1134754   -0.4742420  952.8045  953.6178
2021 04 03 12 57 00    -2.1024541   -0.4686320  952.7997  953.5974
2021 04 03 12 58 00    -2.0917180   -0.4631829  952.7968  953.6202
2021 04 03 12 59 00    -2.0810036   -0.4577266  952.7945  953.6426
2021 04 03 13 00 00    -2.0700820   -0.4521328  952.7918  953.6444
2021 04 03 13 01 00    -2.0590969   -0.4466274  952.7897  953.6621
2021 04 03 13 02 00    -2.0481186   -0.4412244  952.7896  953.7172
2021 04 03 13 03 00    -2.0370884   -0.4356857  952.7907  953.7749
2021 04 03 13 04 00    -2.0261431   -0.4301371  952.7916  953.7991
2021 04 03 13 05 00    -2.0154386   -0.4248465  952.7922  953.8004
2021 04 03 13 06 00    -2.0048411   -0.4196578  952.7930  953.8065
2021 04 03 13 07 00    -1.9940819   -0.4143114  952.7937  953.8088
2021 04 03 13 08 00    -1.9832251   -0.4088890  952.7932  953.7765
2021 04 03 13 09 00    -1.9726208   -0.4035891  952.7920  953.7256
2021 04 03 13 10 00    -1.9622996   -0.3984497  952.7909  953.7035
2021 04 03 13 11 00    -1.9518842   -0.3932845  952.7900  953.7182
2021 04 03 13 12 00    -1.9412456   -0.3878946  952.7895  953.7470
2021 04 03 13 13 00    -1.9307145   -0.3824833  952.7896  953.7728
2021 04 03 13 14 00    -1.9203962   -0.3773085  952.7904  953.7868
2021 04 03 13 15 00    -1.9100774   -0.3722443  952.7916  953.7891
2021 04 03 13 16 00    -1.8997943   -0.3671680  952.7919  953.7775
2021 04 03 13 17 00    -1.8896067   -0.3620290  952.7901  953.7464
2021 04 03 13 18 00    -1.8793636   -0.3567906  952.7865  953.7100
2021 04 03 13 19 00    -1.8691042   -0.3516540  952.7825  953.6815
2021 04 03 13 20 00    -1.8589244   -0.3466989  952.7784  953.6401
2021 04 03 13 21 00    -1.8487736   -0.3417369  952.7728  953.5764
2021 04 03 13 22 00    -1.8387818   -0.3367393  952.7652  953.5241
2021 04 03 13 23 00    -1.8289654   -0.3316900  952.7582  953.5081
2021 04 03 13 24 00    -1.8189774   -0.3265166  952.7547  953.5249
2021 04 03 13 25 00    -1.8087550   -0.3214043  952.7538  953.5527
2021 04 03 13 26 00    -1.7985909   -0.3164738  952.7521  953.5592
2021 04 03 13 27 00    -1.7886131   -0.3115785  952.7486  953.5490
2021 04 03 13 28 00    -1.7787122   -0.3066158  952.7453  953.5462
2021 04 03 13 29 00    -1.7687536   -0.3015911  952.7433  953.5319
2021 04 03 13 30 00    -1.7587762   -0.2965838  952.7400  953.4911
2021 04 03 13 31 00    -1.7488701   -0.2916105  952.7343  953.4591
2021 04 03 13 32 00    -1.7389775   -0.2865631  952.7290  953.4728
2021 04 03 13 33 00    -1.7291532   -0.2815399  952.7268  953.5285
2021 04 03 13 34 00    -1.7195671   -0.2767817  952.7271  953.5876
2021 04 03 13 35 00    -1.7100281   -0.2721512  952.7285  953.6198
2021 04 03 13 36 00    -1.7001852   -0.2672552  952.7296  953.6316
2021 04 03 13 37 00    -1.6901306   -0.2620682  952.7293  953.6410
2021 04 03 13 38 00    -1.6803306   -0.2569944  952.7281  953.6515
2021 04 03 13 39 00    -1.6710573   -0.2523558  952.7277  953.6587
2021 04 03 13 40 00    -1.6619455   -0.2479617  952.7283  953.6619
2021 04 03 13 41 00    -1.6523427   -0.2432880  952.7283  953.6528
2021 04 03 13 42 00    -1.6422742   -0.2382129  952.7263  953.6226
2021 04 03 13 43 00    -1.6325147   -0.2331765  952.7242  953.5929
2021 04 03 13 44 00    -1.6234444   -0.2285168  952.7248  953.5944
2021 04 03 13 45 00    -1.6145892   -0.2241545  952.7271  953.6157
2021 04 03 13 46 00    -1.6054406   -0.2197454  952.7289  953.6292
2021 04 03 13 47 00    -1.5959369   -0.2150140  952.7298  953.6382
2021 04 03 13 48 00    -1.5864331   -0.2101930  952.7302  953.6316
2021 04 03 13 49 00    -1.5773839   -0.2056792  952.7296  953.5860
2021 04 03 13 50 00    -1.5686224   -0.2013905  952.7278  953.5389
2021 04 03 13 51 00    -1.5596962   -0.1970306  952.7256  953.5328
2021 04 03 13 52 00    -1.5507009   -0.1925148  952.7234  953.5375
2021 04 03 13 53 00    -1.5418540   -0.1879372  952.7214  953.5153
2021 04 03 13 54 00    -1.5330688   -0.1834489  952.7187  953.4763
2021 04 03 13 55 00    -1.5243070   -0.1790803  952.7148  953.4463
2021 04 03 13 56 00    -1.5156031   -0.1746841  952.7097  953.4360
2021 04 03 13 57 00    -1.5069034   -0.1702095  952.7043  953.4362
2021 04 03 13 58 00    -1.4981671   -0.1657766  952.6992  953.4255
2021 04 03 13 59 00    -1.4894473   -0.1614710  952.6941  953.3952
2021 04 03 14 00 00    -1.4807907   -0.1572987  952.6889  953.3747
2021 04 03 14 01 00    -1.4720395   -0.1530331  952.6852  953.3986
2021 04 03 14 02 00    -1.4631645   -0.1484416  952.6830  953.4397
2021 04 03 14 03 00    -1.4545158   -0.1438547  952.6808  953.4501
2021 04 03 14 04 00    -1.4462288   -0.1396719  952.6790  953.4494
2021 04 03 14 05 00    -1.4380018   -0.1356497  952.6783  953.4741
2021 04 03 14 06 00    -1.4294398   -0.1313594  952.6774  953.4991
2021 04 03 14 07 00    -1.4205355   -0.1268796  952.6762  953.4995
2021 04 03 14 08 00    -1.4119547   -0.1226582  952.6759  953.5015
2021 04 03 14 09 00    -1.4041331   -0.1188279  952.6765  953.5190
2021 04 03 14 10 00    -1.3964361   -0.1149869  952.6773  953.5302
2021 04 03 14 11 00    -1.3881105   -0.1107724  952.6777  953.5263
2021 04 03 14 12 00    -1.3794680   -0.1063708  952.6775  953.5167
2021 04 03 14 13 00    -1.3713517   -0.1022199  952.6766  953.5088
2021 04 03 14 14 00    -1.3638526   -0.0984257  952.6753  953.5070
2021 04 03 14 15 00    -1.3562950   -0.0947450  952.6746  953.5095
2021 04 03 14 16 00    -1.3483086   -0.0909388  952.6747  953.5081
2021 04 03 14 17 00    -1.3402488   -0.0870070  952.6747  953.4997
2021 04 03 14 18 00    -1.3325324   -0.0831368  952.6742  953.4883
2021 04 03 14 19 00    -1.3250030   -0.0793406  952.6733  953.4744
2021 04 03 14 20 00    -1.3172396   -0.0754072  952.6715  953.4577
2021 04 03 14 21 00    -1.3093457   -0.0713792  952.6690  953.4396
2021 04 03 14 22 00    -1.3018552   -0.0675525  952.6659  953.4209
2021 04 03 14 23 00    -1.2947410   -0.0639453  952.6626  953.4124
2021 04 03 14 24 00    -1.2874451   -0.0603189  952.6604  953.4274
2021 04 03 14 25 00    -1.2798638   -0.0565406  952.6597  953.4507
2021 04 03 14 26 00    -1.2723185   -0.0527032  952.6597  953.4580
2021 04 03 14 27 00    -1.2650930   -0.0490950  952.6591  953.4456
2021 04 03 14 28 00    -1.2582740   -0.0457447  952.6572  953.4052
2021 04 03 14 29 00    -1.2514096   -0.0422649  952.6545  953.3367
2021 04 03 14 30 00    -1.2441100   -0.0385903  952.6511  953.2803
2021 04 03 14 31 00    -1.2368320   -0.0350338  952.6466  953.2650
2021 04 03 14 32 00    -1.2299208   -0.0315858  952.6416  953.2715
2021 04 03 14 33 00    -1.2230155   -0.0280229  952.6370  953.2925
2021 04 03 14 34 00    -1.2158837   -0.0243541  952.6334  953.3432
2021 04 03 14 35 00    -1.2086369   -0.0206642  952.6305  953.3907
2021 04 03 14 36 00    -1.2015307   -0.0170755  952.6280  953.3993
2021 04 03 14 37 00    -1.1948312   -0.0137983  952.6259  953.4088
2021 04 03 14 38 00    -1.1883438   -0.0106604  952.6237  953.4429
2021 04 03 14 39 00    -1.1816497   -0.0072847  952.6221  953.4608
2021 04 03 14 40 00    -1.1747151   -0.0037205  952.6229  953.4623
2021 04 03 14 41 00    -1.1678029   -0.0001934  952.6251  953.4906
2021 04 03 14 42 00    -1.1612205    0.0031616  952.6263  953.5367
2021 04 03 14 43 00    -1.1550037    0.0062403  952.6261  953.5494
2021 04 03 14 44 00    -1.1488190    0.0091567  952.6256  953.5149
2021 04 03 14 45 00    -1.1425131    0.0121652  952.6250  953.4699
2021 04 03 14 46 00    -1.1362556    0.0153217  952.6240  953.4400
2021 04 03 14 47 00    -1.1300782    0.0185344  952.6222  953.4150
2021 04 03 14 48 00    -1.1239808    0.0216853  952.6199  953.3943
2021 04 03 14 49 00    -1.1180918    0.0246641  952.6183  953.3854
2021 04 03 14 50 00    -1.1121783    0.0276200  952.6174  953.3800
2021 04 03 14 51 00    -1.1059693    0.0307276  952.6164  953.3792
2021 04 03 14 52 00    -1.0999139    0.0337081  952.6153  953.3893
2021 04 03 14 53 00    -1.0943968    0.0363837  952.6137  953.3953
2021 04 03 14 54 00    -1.0889607    0.0391590  952.6115  953.3800
2021 04 03 14 55 00    -1.0831797    0.0422141  952.6094  953.3539
2021 04 03 14 56 00    -1.0773270    0.0451143  952.6086  953.3416
2021 04 03 14 57 00    -1.0717629    0.0476853  952.6093  953.3514
2021 04 03 14 58 00    -1.0664088    0.0502865  952.6110  953.3743
2021 04 03 14 59 00    -1.0610859    0.0530034  952.6127  953.3938
2021 04 03 15 00 00    -1.0557720    0.0556093  952.6126  953.3888
2021 04 03 15 01 00    -1.0504140    0.0582184  952.6106  953.3618
2021 04 03 15 02 00    -1.0449923    0.0609914  952.6086  953.3446
2021 04 03 15 03 00    -1.0396385    0.0637204  952.6078  953.3475
2021 04 03 15 04 00    -1.0345073    0.0662775  952.6069  953.3475
2021 04 03 15 05 00    -1.0295814    0.0687875  952.6054  953.3320
2021 04 03 15 06 00    -1.0245755    0.0713650  952.6034  953.3067
2021 04 03 15 07 00    -1.0193342    0.0740227  952.6006  953.2820
2021 04 03 15 08 00    -1.0141386    0.0766631  952.5972  953.2777
2021 04 03 15 09 00    -1.0092426    0.0791678  952.5937  953.3023
2021 04 03 15 10 00    -1.0045097    0.0814902  952.5907  953.3294
2021 04 03 15 11 00    -0.9997093    0.0837124  952.5890  953.3395
2021 04 03 15 12 00    -0.9948282    0.0860566  952.5886  953.3422
2021 04 03 15 13 00    -0.9899813    0.0886259  952.5880  953.3440
2021 04 03 15 14 00    -0.9852971    0.0911537  952.5867  953.3403
2021 04 03 15 15 00    -0.9808584    0.0933576  952.5861  953.3334
2021 04 03 15 16 00    -0.9765291    0.0954491  952.5870  953.3372
2021 04 03 15 17 00    -0.9721029    0.0977130  952.5880  953.3528
2021 04 03 15 18 00    -0.9676556    0.0999735  952.5885  953.3612
2021 04 03 15 19 00    -0.9634194    0.1020681  952.5892  953.3598
2021 04 03 15 20 00    -0.9594001    0.1041172  952.5900  953.3565
2021 04 03 15 21 00    -0.9553611    0.1061659  952.5898  953.3462
2021 04 03 15 22 00    -0.9512151    0.1081757  952.5890  953.3432
2021 04 03 15 23 00    -0.9471949    0.1101261  952.5890  953.3676
2021 04 03 15 24 00    -0.9434585    0.1119965  952.5897  953.3880
2021 04 03 15 25 00    -0.9398053    0.1138548  952.5900  953.3765
2021 04 03 15 26 00    -0.9359353    0.1158183  952.5901  953.3657
2021 04 03 15 27 00    -0.9318998    0.1178913  952.5901  953.3692
2021 04 03 15 28 00    -0.9280831    0.1198499  952.5895  953.3566
2021 04 03 15 29 00    -0.9246989    0.1214514  952.5888  953.3331
2021 04 03 15 30 00    -0.9215120    0.1229210  952.5881  953.3228
2021 04 03 15 31 00    -0.9180563    0.1247182  952.5863  953.3166
2021 04 03 15 32 00    -0.9143696    0.1267083  952.5834  953.3075
2021 04 03 15 33 00    -0.9110691    0.1283609  952.5810  953.3055
2021 04 03 15 34 00    -0.9082174    0.1296671  952.5795  953.3027
2021 04 03 15 35 00    -0.9052252    0.1310824  952.5774  953.2824
2021 04 03 15 36 00    -0.9019277    0.1327949  952.5741  953.2574
2021 04 03 15 37 00    -0.8986825    0.1345543  952.5705  953.2502
2021 04 03 15 38 00    -0.8957446    0.1360519  952.5671  953.2530
2021 04 03 15 39 00    -0.8930246    0.1373056  952.5642  953.2466
2021 04 03 15 40 00    -0.8902749    0.1385913  952.5615  953.2292
2021 04 03 15 41 00    -0.8874209    0.1399725  952.5588  953.2117
2021 04 03 15 42 00    -0.8846030    0.1413333  952.5563  953.2030
2021 04 03 15 43 00    -0.8819554    0.1427400  952.5545  953.2090
2021 04 03 15 44 00    -0.8793328    0.1442411  952.5533  953.2340
2021 04 03 15 45 00    -0.8764504    0.1457234  952.5524  953.2670
2021 04 03 15 46 00    -0.8735158    0.1471321  952.5511  953.2766
2021 04 03 15 47 00    -0.8710311    0.1483792  952.5495  953.2607
2021 04 03 15 48 00    -0.8688997    0.1493713  952.5496  953.2599
2021 04 03 15 49 00    -0.8665538    0.1504027  952.5514  953.2869
2021 04 03 15 50 00    -0.8639243    0.1517608  952.5529  953.3130
2021 04 03 15 51 00    -0.8615268    0.1531013  952.5534  953.3287
2021 04 03 15 52 00    -0.8594787    0.1541345  952.5540  953.3493
2021 04 03 15 53 00    -0.8572890    0.1551867  952.5549  953.3668
2021 04 03 15 54 00    -0.8548945    0.1563733  952.5559  953.3621
2021 04 03 15 55 00    -0.8528897    0.1573145  952.5579  953.3603
2021 04 03 15 56 00    -0.8513894    0.1580000  952.5604  953.3800
2021 04 03 15 57 00    -0.8498609    0.1588077  952.5618  953.3776
2021 04 03 15 58 00    -0.8481655    0.1597676  952.5619  953.3372
2021 04 03 15 59 00    -0.8464474    0.1607231  952.5616  953.3113
2021 04 03 16 00 00    -0.8446578    0.1616348  952.5612  953.3231
2021 04 03 16 01 00    -0.8430898    0.1623729  952.5608  953.3359
2021 04 03 16 02 00    -0.8419281    0.1629746  952.5608  953.3212
2021 04 03 16 03 00    -0.8406768    0.1636693  952.5605  953.2942
2021 04 03 16 04 00    -0.8392617    0.1643766  952.5592  953.2879
2021 04 03 16 05 00    -0.8380653    0.1649527  952.5579  953.3063
2021 04 03 16 06 00    -0.8369256    0.1655278  952.5577  953.3248
2021 04 03 16 07 00    -0.8356438    0.1661470  952.5587  953.3350
2021 04 03 16 08 00    -0.8344967    0.1666579  952.5600  953.3439
2021 04 03 16 09 00    -0.8335598    0.1670734  952.5598  953.3407
2021 04 03 16 10 00    -0.8325563    0.1675790  952.5584  953.3214
2021 04 03 16 11 00    -0.8315135    0.1681402  952.5576  953.3115
2021 04 03 16 12 00    -0.8306712    0.1686104  952.5580  953.3213
2021 04 03 16 13 00    -0.8299087    0.1690391  952.5580  953.3271
2021 04 03 16 14 00    -0.8290900    0.1694271  952.5570  953.3198
2021 04 03 16 15 00    -0.8284102    0.1696703  952.5562  953.3235
2021 04 03 16 16 00    -0.8279666    0.1698235  952.5576  953.3471
2021 04 03 16 17 00    -0.8276265    0.1700041  952.5606  953.3644
2021 04 03 16 18 00    -0.8271904    0.1702246  952.5626  953.3759
2021 04 03 16 19 00    -0.8266251    0.1704002  952.5631  953.4127
2021 04 03 16 20 00    -0.8262263    0.1705083  952.5636  953.4445
2021 04 03 16 21 00    -0.8261506    0.1706457  952.5647  953.4155
2021 04 03 16 22 00    -0.8261911    0.1707557  952.5660  953.3659
2021 04 03 16 23 00    -0.8261027    0.1707916  952.5677  953.3585
2021 04 03 16 24 00    -0.8258076    0.1709105  952.5693  953.3682
2021 04 03 16 25 00    -0.8255294    0.1710305  952.5703  953.3612
2021 04 03 16 26 00    -0.8255859    0.1709712  952.5713  953.3667
2021 04 03 16 27 00    -0.8259866    0.1708195  952.5722  953.4110
2021 04 03 16 28 00    -0.8264749    0.1706119  952.5731  953.4599
2021 04 03 16 29 00    -0.8267848    0.1704130  952.5742  953.4631
2021 04 03 16 30 00    -0.8268041    0.1704655  952.5755  953.4300
2021 04 03 16 31 00    -0.8267650    0.1706476  952.5775  953.4176
2021 04 03 16 32 00    -0.8270862    0.1705265  952.5808  953.4465
2021 04 03 16 33 00    -0.8278014    0.1700653  952.5847  953.4817
2021 04 03 16 34 00    -0.8286532    0.1695284  952.5881  953.4903
2021 04 03 16 35 00    -0.8295403    0.1690210  952.5905  953.4758
2021 04 03 16 36 00    -0.8303683    0.1685670  952.5921  953.4620
2021 04 03 16 37 00    -0.8311499    0.1681347  952.5938  953.4638
2021 04 03 16 38 00    -0.8320942    0.1676795  952.5960  953.4742
2021 04 03 16 39 00    -0.8330718    0.1673451  952.5983  953.4837
2021 04 03 16 40 00    -0.8338892    0.1670914  952.6005  953.4906
2021 04 03 16 41 00    -0.8348445    0.1665873  952.6027  953.4912
2021 04 03 16 42 00    -0.8360968    0.1658548  952.6050  953.4888
2021 04 03 16 43 00    -0.8373868    0.1652054  952.6067  953.4943
2021 04 03 16 44 00    -0.8386686    0.1645934  952.6080  953.4949
2021 04 03 16 45 00    -0.8400787    0.1637601  952.6095  953.4752
2021 04 03 16 46 00    -0.8415365    0.1628371  952.6117  953.4619
2021 04 03 16 47 00    -0.8429599    0.1621387  952.6135  953.4737
2021 04 03 16 48 00    -0.8444439    0.1615716  952.6142  953.4856
2021 04 03 16 49 00    -0.8459832    0.1608952  952.6149  953.4845
2021 04 03 16 50 00    -0.8474840    0.1601049  952.6168  953.4848
2021 04 03 16 51 00    -0.8490633    0.1592525  952.6196  953.4960
2021 04 03 16 52 00    -0.8508633    0.1584042  952.6222  953.5203
2021 04 03 16 53 00    -0.8527217    0.1576067  952.6248  953.5510
2021 04 03 16 54 00    -0.8544630    0.1567374  952.6280  953.5734
2021 04 03 16 55 00    -0.8562933    0.1557094  952.6316  953.5823
2021 04 03 16 56 00    -0.8584776    0.1546084  952.6348  953.5798
2021 04 03 16 57 00    -0.8608119    0.1535224  952.6375  953.5681
2021 04 03 16 58 00    -0.8629557    0.1524746  952.6400  953.5562
2021 04 03 16 59 00    -0.8651290    0.1513151  952.6422  953.5489
2021 04 03 17 00 00    -0.8676547    0.1498997  952.6437  953.5404
2021 04 03 17 01 00    -0.8702397    0.1485237  952.6449  953.5316
2021 04 03 17 02 00    -0.8726676    0.1474130  952.6463  953.5274
2021 04 03 17 03 00    -0.8751977    0.1462413  952.6477  953.5249
2021 04 03 17 04 00    -0.8778110    0.1448811  952.6489  953.5249
2021 04 03 17 05 00    -0.8802775    0.1436009  952.6500  953.5316
2021 04 03 17 06 00    -0.8826921    0.1423787  952.6516  953.5418
2021 04 03 17 07 00    -0.8852970    0.1410367  952.6537  953.5524
2021 04 03 17 08 00    -0.8882064    0.1396100  952.6561  953.5613
2021 04 03 17 09 00    -0.8912740    0.1381361  952.6586  953.5627
2021 04 03 17 10 00    -0.8941904    0.1366654  952.6605  953.5571
2021 04 03 17 11 00    -0.8968795    0.1353298  952.6615  953.5519
2021 04 03 17 12 00    -0.8996546    0.1340544  952.6628  953.5509
2021 04 03 17 13 00    -0.9028351    0.1325462  952.6651  953.5555
2021 04 03 17 14 00    -0.9062579    0.1307367  952.6674  953.5647
2021 04 03 17 15 00    -0.9095547    0.1289273  952.6687  953.5711
2021 04 03 17 16 00    -0.9127060    0.1273451  952.6699  953.5712
2021 04 03 17 17 00    -0.9158701    0.1258652  952.6715  953.5751
2021 04 03 17 18 00    -0.9190838    0.1242997  952.6733  953.5882
2021 04 03 17 19 00    -0.9223872    0.1225807  952.6749  953.5976
2021 04 03 17 20 00    -0.9259390    0.1206705  952.6764  953.5982
2021 04 03 17 21 00    -0.9297368    0.1187430  952.6784  953.6036
2021 04 03 17 22 00    -0.9334863    0.1170251  952.6813  953.6178
2021 04 03 17 23 00    -0.9370600    0.1152929  952.6842  953.6279
2021 04 03 17 24 00    -0.9406224    0.1133675  952.6860  953.6280
2021 04 03 17 25 00    -0.9443342    0.1114973  952.6875  953.6304
2021 04 03 17 26 00    -0.9483026    0.1096753  952.6903  953.6456
2021 04 03 17 27 00    -0.9523957    0.1076803  952.6941  953.6670
2021 04 03 17 28 00    -0.9562932    0.1056103  952.6973  953.6818
2021 04 03 17 29 00    -0.9600763    0.1036618  952.7002  953.6880
2021 04 03 17 30 00    -0.9640829    0.1017857  952.7041  953.6915
2021 04 03 17 31 00    -0.9682868    0.0997718  952.7086  953.6961
2021 04 03 17 32 00    -0.9724839    0.0976042  952.7125  953.7035
2021 04 03 17 33 00    -0.9765926    0.0955139  952.7156  953.7127
2021 04 03 17 34 00    -0.9806357    0.0935230  952.7183  953.7189
2021 04 03 17 35 00    -0.9848931    0.0913451  952.7208  953.7248
2021 04 03 17 36 00    -0.9895573    0.0889760  952.7241  953.7413
2021 04 03 17 37 00    -0.9942692    0.0867163  952.7286  953.7685
2021 04 03 17 38 00    -0.9986701    0.0845617  952.7335  953.7911
2021 04 03 17 39 00    -1.0029343    0.0823297  952.7381  953.7981
2021 04 03 17 40 00    -1.0074244    0.0800074  952.7423  953.7961
2021 04 03 17 41 00    -1.0122363    0.0776238  952.7461  953.7979
2021 04 03 17 42 00    -1.0171778    0.0751864  952.7503  953.8053
2021 04 03 17 43 00    -1.0220477    0.0727373  952.7550  953.8108
2021 04 03 17 44 00    -1.0268502    0.0703201  952.7591  953.8137
2021 04 03 17 45 00    -1.0317824    0.0678620  952.7622  953.8221
2021 04 03 17 46 00    -1.0369161    0.0653067  952.7658  953.8381
2021 04 03 17 47 00    -1.0420356    0.0627376  952.7698  953.8544
2021 04 03 17 48 00    -1.0471322    0.0601173  952.7737  953.8639
2021 04 03 17 49 00    -1.0524004    0.0574380  952.7780  953.8663
2021 04 03 17 50 00    -1.0575947    0.0549390  952.7828  953.8651
2021 04 03 17 51 00    -1.0625674    0.0525385  952.7871  953.8628
2021 04 03 17 52 00    -1.0678403    0.0498003  952.7908  953.8616
2021 04 03 17 53 00    -1.0735043    0.0468319  952.7945  953.8632
2021 04 03 17 54 00    -1.0789943    0.0441242  952.7982  953.8653
2021 04 03 17 55 00    -1.0843103    0.0415771  952.8013  953.8639
2021 04 03 17 56 00    -1.0898702    0.0388261  952.8044  953.8604
2021 04 03 17 57 00    -1.0957057    0.0359024  952.8075  953.8616
2021 04 03 17 58 00    -1.1015906    0.0329197  952.8102  953.8722
2021 04 03 17 59 00    -1.1072607    0.0299614  952.8132  953.8898
2021 04 03 18 00 00    -1.1126776    0.0271283  952.8173  953.9061
2021 04 03 18 01 00    -1.1181823    0.0243405  952.8219  953.9160
2021 04 03 18 02 00    -1.1240017    0.0214583  952.8260  953.9196
2021 04 03 18 03 00    -1.1300340    0.0184542  952.8291  953.9190
2021 04 03 18 04 00    -1.1361520    0.0154431  952.8322  953.9189
2021 04 03 18 05 00    -1.1422393    0.0125201  952.8358  953.9245
2021 04 03 18 06 00    -1.1481523    0.0095998  952.8394  953.9326
2021 04 03 18 07 00    -1.1539808    0.0066200  952.8423  953.9388
2021 04 03 18 08 00    -1.1600524    0.0035426  952.8450  953.9486
2021 04 03 18 09 00    -1.1663896    0.0003516  952.8485  953.9674
2021 04 03 18 10 00    -1.1726536   -0.0027897  952.8534  953.9873
2021 04 03 18 11 00    -1.1787924   -0.0058347  952.8586  953.9972
2021 04 03 18 12 00    -1.1850050   -0.0089297  952.8634  953.9983
2021 04 03 18 13 00    -1.1913909   -0.0121374  952.8676  953.9989
2021 04 03 18 14 00    -1.1980046   -0.0154587  952.8711  954.0025
2021 04 03 18 15 00    -1.2045890   -0.0187970  952.8741  954.0073
2021 04 03 18 16 00    -1.2108702   -0.0220188  952.8777  954.0121
2021 04 03 18 17 00    -1.2172381   -0.0252412  952.8821  954.0180
2021 04 03 18 18 00    -1.2240192   -0.0285882  952.8867  954.0274
2021 04 03 18 19 00    -1.2308359   -0.0318901  952.8910  954.0378
2021 04 03 18 20 00    -1.2374107   -0.0350931  952.8950  954.0448
2021 04 03 18 21 00    -1.2439799   -0.0384441  952.8986  954.0514
2021 04 03 18 22 00    -1.2507826   -0.0420410  952.9024  954.0639
2021 04 03 18 23 00    -1.2578285   -0.0456952  952.9068  954.0805
2021 04 03 18 24 00    -1.2649520   -0.0492068  952.9114  954.0927
2021 04 03 18 25 00    -1.2718628   -0.0525178  952.9158  954.0951
2021 04 03 18 26 00    -1.2785517   -0.0557619  952.9201  954.0927
2021 04 03 18 27 00    -1.2854246   -0.0591854  952.9237  954.0935
2021 04 03 18 28 00    -1.2926357   -0.0628485  952.9269  954.0982
2021 04 03 18 29 00    -1.2998938   -0.0665511  952.9307  954.1023
2021 04 03 18 30 00    -1.3070731   -0.0701708  952.9355  954.1046
2021 04 03 18 31 00    -1.3142557   -0.0737711  952.9402  954.1083
2021 04 03 18 32 00    -1.3213702   -0.0773633  952.9438  954.1136
2021 04 03 18 33 00    -1.3284897   -0.0809164  952.9465  954.1180
2021 04 03 18 34 00    -1.3358979   -0.0845161  952.9496  954.1230
2021 04 03 18 35 00    -1.3434776   -0.0882599  952.9542  954.1321
2021 04 03 18 36 00    -1.3509212   -0.0920884  952.9588  954.1452
2021 04 03 18 37 00    -1.3583430   -0.0958959  952.9622  954.1581
2021 04 03 18 38 00    -1.3658443   -0.0996569  952.9656  954.1644
2021 04 03 18 39 00    -1.3732563   -0.1033617  952.9699  954.1626
2021 04 03 18 40 00    -1.3807249   -0.1071190  952.9742  954.1604
2021 04 03 18 41 00    -1.3885139   -0.1110695  952.9782  954.1665
2021 04 03 18 42 00    -1.3964030   -0.1150453  952.9825  954.1796
2021 04 03 18 43 00    -1.4041293   -0.1188687  952.9869  954.1926
2021 04 03 18 44 00    -1.4117928   -0.1226393  952.9912  954.2007
2021 04 03 18 45 00    -1.4195177   -0.1264467  952.9957  954.2014
2021 04 03 18 46 00    -1.4273490   -0.1303854  952.9997  954.1959
2021 04 03 18 47 00    -1.4352864   -0.1345190  953.0031  954.1911
2021 04 03 18 48 00    -1.4431788   -0.1386010  953.0060  954.1930
2021 04 03 18 49 00    -1.4509424   -0.1424074  953.0093  954.2021
2021 04 03 18 50 00    -1.4587782   -0.1461290  953.0130  954.2156
2021 04 03 18 51 00    -1.4668332   -0.1500189  953.0167  954.2289
2021 04 03 18 52 00    -1.4749304   -0.1540651  953.0206  954.2408
2021 04 03 18 53 00    -1.4829431   -0.1581645  953.0254  954.2561
2021 04 03 18 54 00    -1.4909761   -0.1622526  953.0314  954.2768
2021 04 03 18 55 00    -1.4990305   -0.1662985  953.0375  954.2989
2021 04 03 18 56 00    -1.5070584   -0.1703484  953.0427  954.3189
2021 04 03 18 57 00    -1.5152154   -0.1745297  953.0472  954.3363
2021 04 03 18 58 00    -1.5234992   -0.1788028  953.0518  954.3512
2021 04 03 18 59 00    -1.5317083   -0.1829034  953.0570  954.3652
2021 04 03 19 00 00    -1.5399466   -0.1868530  953.0628  954.3803
2021 04 03 19 01 00    -1.5483474   -0.1909245  953.0688  954.3941
2021 04 03 19 02 00    -1.5567175   -0.1950797  953.0744  954.4019
2021 04 03 19 03 00    -1.5649644   -0.1992011  953.0795  954.4038
2021 04 03 19 04 00    -1.5733496   -0.2034706  953.0846  954.4045
2021 04 03 19 05 00    -1.5820519   -0.2079663  953.0902  954.4060
2021 04 03 19 06 00    -1.5907957   -0.2124065  953.0957  954.4051
2021 04 03 19 07 00    -1.5993165   -0.2166180  953.1003  954.4019
2021 04 03 19 08 00    -1.6078092   -0.2208112  953.1046  954.4018
2021 04 03 19 09 00    -1.6165333   -0.2251743  953.1090  954.4073
2021 04 03 19 10 00    -1.6253711   -0.2296131  953.1135  954.4147
2021 04 03 19 11 00    -1.6340522   -0.2340024  953.1181  954.4180
2021 04 03 19 12 00    -1.6426783   -0.2383263  953.1231  954.4136
2021 04 03 19 13 00    -1.6515154   -0.2426208  953.1282  954.4072
2021 04 03 19 14 00    -1.6604242   -0.2470162  953.1331  954.4087
2021 04 03 19 15 00    -1.6692398   -0.2516309  953.1373  954.4181
2021 04 03 19 16 00    -1.6781302   -0.2562811  953.1413  954.4247
2021 04 03 19 17 00    -1.6871193   -0.2606637  953.1457  954.4247
2021 04 03 19 18 00    -1.6959578   -0.2648674  953.1501  954.4244
2021 04 03 19 19 00    -1.7046334   -0.2692011  953.1540  954.4241
2021 04 03 19 20 00    -1.7134965   -0.2737154  953.1574  954.4191
2021 04 03 19 21 00    -1.7227173   -0.2783168  953.1607  954.4143
2021 04 03 19 22 00    -1.7321403   -0.2829636  953.1646  954.4197
2021 04 03 19 23 00    -1.7414432   -0.2875244  953.1688  954.4370
2021 04 03 19 24 00    -1.7503180   -0.2919089  953.1730  954.4578
2021 04 03 19 25 00    -1.7590736   -0.2963539  953.1766  954.4742
2021 04 03 19 26 00    -1.7682161   -0.3010298  953.1804  954.4854
2021 04 03 19 27 00    -1.7775170   -0.3057224  953.1852  954.4912
2021 04 03 19 28 00    -1.7867029   -0.3103644  953.1905  954.4903
2021 04 03 19 29 00    -1.7960034   -0.3150995  953.1953  954.4835
2021 04 03 19 30 00    -1.8054384   -0.3198451  953.1996  954.4732
2021 04 03 19 31 00    -1.8147429   -0.3245098  953.2033  954.4645
2021 04 03 19 32 00    -1.8239353   -0.3291443  953.2064  954.4642
2021 04 03 19 33 00    -1.8333067   -0.3337695  953.2094  954.4702
2021 04 03 19 34 00    -1.8428806   -0.3384502  953.2129  954.4705
2021 04 03 19 35 00    -1.8522516   -0.3431618  953.2169  954.4597
2021 04 03 19 36 00    -1.8613940   -0.3478457  953.2207  954.4460
2021 04 03 19 37 00    -1.8709936   -0.3527374  953.2236  954.4393
2021 04 03 19 38 00    -1.8808078   -0.3577177  953.2252  954.4401
2021 04 03 19 39 00    -1.8898530   -0.3622938  953.2266  954.4461
2021 04 03 19 40 00    -1.8989346   -0.3668479  953.2293  954.4588
2021 04 03 19 41 00    -1.9089634   -0.3718638  953.2329  954.4771
2021 04 03 19 42 00    -1.9188130   -0.3767818  953.2363  954.4957
2021 04 03 19 43 00    -1.9279245   -0.3812624  953.2399  954.5114
2021 04 03 19 44 00    -1.9372242   -0.3858275  953.2443  954.5240
2021 04 03 19 45 00    -1.9470507   -0.3907635  953.2490  954.5345
2021 04 03 19 46 00    -1.9568028   -0.3956991  953.2532  954.5431
2021 04 03 19 47 00    -1.9662333   -0.4004357  953.2567  954.5461
2021 04 03 19 48 00    -1.9757843   -0.4052764  953.2602  954.5402
2021 04 03 19 49 00    -1.9856569   -0.4102733  953.2638  954.5303
2021 04 03 19 50 00    -1.9955313   -0.4151109  953.2670  954.5252
2021 04 03 19 51 00    -2.0052762   -0.4198082  953.2700  954.5242
2021 04 03 19 52 00    -2.0150557   -0.4246524  953.2731  954.5205
2021 04 03 19 53 00    -2.0248277   -0.4296387  953.2760  954.5143
2021 04 03 19 54 00    -2.0345271   -0.4345993  953.2785  954.5114
2021 04 03 19 55 00    -2.0442505   -0.4394803  953.2811  954.5141
2021 04 03 19 56 00    -2.0540371   -0.4443266  953.2844  954.5195
2021 04 03 19 57 00    -2.0639682   -0.4492302  953.2870  954.5227
2021 04 03 19 58 00    -2.0739290   -0.4541507  953.2888  954.5209
2021 04 03 19 59 00    -2.0836781   -0.4590355  953.2912  954.5159
2021 04 03 20 00 00    -2.0934381   -0.4639622  953.2945  954.5102
2021 04 03 20 01 00    -2.1034315   -0.4689050  953.2976  954.5073
2021 04 03 20 02 00    -2.1134720   -0.4738617  953.2994  954.5128
2021 04 03 20 03 00    -2.1234564   -0.4789441  953.3009  954.5271
2021 04 03 20 04 00    -2.1334205   -0.4840730  953.3031  954.5425
2021 04 03 20 05 00    -2.1432887   -0.4890473  953.3055  954.5492
2021 04 03 20 06 00    -2.1531596   -0.4939476  953.3081  954.5420
2021 04 03 20 07 00    -2.1633113   -0.4990253  953.3109  954.5271
2021 04 03 20 08 00    -2.1735334   -0.5041301  953.3133  954.5139
2021 04 03 20 09 00    -2.1834906   -0.5090281  953.3147  954.5047
2021 04 03 20 10 00    -2.1934504   -0.5140042  953.3162  954.4998
2021 04 03 20 11 00    -2.2036151   -0.5192216  953.3186  954.4999
2021 04 03 20 12 00    -2.2137824   -0.5243604  953.3215  954.5025
2021 04 03 20 13 00    -2.2238837   -0.5293129  953.3236  954.5074
2021 04 03 20 14 00    -2.2339496   -0.5342962  953.3248  954.5113
2021 04 03 20 15 00    -2.2439593   -0.5393785  953.3257  954.5029
2021 04 03 20 16 00    -2.2539874   -0.5444765  953.3264  954.4834
2021 04 03 20 17 00    -2.2641133   -0.5496311  953.3274  954.4717
2021 04 03 20 18 00    -2.2743001   -0.5548187  953.3283  954.4729
2021 04 03 20 19 00    -2.2845190   -0.5598340  953.3281  954.4706
2021 04 03 20 20 00    -2.2948195   -0.5648287  953.3274  954.4612
2021 04 03 20 21 00    -2.3050931   -0.5700463  953.3283  954.4589
2021 04 03 20 22 00    -2.3150943   -0.5751474  953.3304  954.4666
2021 04 03 20 23 00    -2.3249540   -0.5799738  953.3319  954.4755
2021 04 03 20 24 00    -2.3351019   -0.5849568  953.3326  954.4832
2021 04 03 20 25 00    -2.3456016   -0.5902369  953.3333  954.4873
2021 04 03 20 26 00    -2.3560621   -0.5955436  953.3341  954.4817
2021 04 03 20 27 00    -2.3662371   -0.6007103  953.3344  954.4712
2021 04 03 20 28 00    -2.3762689   -0.6057499  953.3350  954.4683
2021 04 03 20 29 00    -2.3862920   -0.6107780  953.3364  954.4754
2021 04 03 20 30 00    -2.3964062   -0.6158444  953.3379  954.4854
2021 04 03 20 31 00    -2.4066629   -0.6208811  953.3392  954.4926
2021 04 03 20 32 00    -2.4167834   -0.6259629  953.3401  954.4985
2021 04 03 20 33 00    -2.4267045   -0.6311338  953.3411  954.5077
2021 04 03 20 34 00    -2.4368243   -0.6362083  953.3427  954.5187
2021 04 03 20 35 00    -2.4471574   -0.6412064  953.3452  954.5276
2021 04 03 20 36 00    -2.4573329   -0.6462869  953.3479  954.5374
2021 04 03 20 37 00    -2.4673223   -0.6513868  953.3497  954.5496
2021 04 03 20 38 00    -2.4773622   -0.6564610  953.3512  954.5564
2021 04 03 20 39 00    -2.4876348   -0.6615920  953.3535  954.5530
2021 04 03 20 40 00    -2.4981605   -0.6668394  953.3563  954.5457
2021 04 03 20 41 00    -2.5086712   -0.6721301  953.3582  954.5405
2021 04 03 20 42 00    -2.5189444   -0.6773011  953.3595  954.5359
2021 04 03 20 43 00    -2.5290766   -0.6823251  953.3609  954.5296
2021 04 03 20 44 00    -2.5391691   -0.6873049  953.3628  954.5221
2021 04 03 20 45 00    -2.5494443   -0.6924742  953.3641  954.5154
2021 04 03 20 46 00    -2.5600759   -0.6979704  953.3649  954.5124
2021 04 03 20 47 00    -2.5704842   -0.7033543  953.3661  954.5157
2021 04 03 20 48 00    -2.5804409   -0.7082935  953.3677  954.5235
2021 04 03 20 49 00    -2.5906667   -0.7131814  953.3690  954.5310
2021 04 03 20 50 00    -2.6010626   -0.7182804  953.3703  954.5345
2021 04 03 20 51 00    -2.6111148   -0.7234900  953.3723  954.5329
2021 04 03 20 52 00    -2.6213311   -0.7287843  953.3744  954.5267
2021 04 03 20 53 00    -2.6318886   -0.7339790  953.3759  954.5183
2021 04 03 20 54 00    -2.6421765   -0.7389494  953.3767  954.5081
2021 04 03 20 55 00    -2.6522323   -0.7439656  953.3773  954.4972
2021 04 03 20 56 00    -2.6624793   -0.7491585  953.3776  954.4899
2021 04 03 20 57 00    -2.6729084   -0.7544187  953.3772  954.4873
2021 04 03 20 58 00    -2.6833416   -0.7596695  953.3770  954.4861
2021 04 03 20 59 00    -2.6936488   -0.7648142  953.3780  954.4858
2021 04 03 21 00 00    -2.7038658   -0.7699133  953.3794  954.4880
2021 04 03 21 01 00    -2.7141115   -0.7751131  953.3802  954.4913
2021 04 03 21 02 00    -2.7243168   -0.7802966  953.3804  954.4930
2021 04 03 21 03 00    -2.7343696   -0.7852677  953.3804  954.4923
2021 04 03 21 04 00    -2.7443874   -0.7901312  953.3808  954.4902
2021 04 03 21 05 00    -2.7546408   -0.7951832  953.3821  954.4868
2021 04 03 21 06 00    -2.7651084   -0.8004565  953.3836  954.4823
2021 04 03 21 07 00    -2.7755079   -0.8057322  953.3843  954.4771
2021 04 03 21 08 00    -2.7857079   -0.8108469  953.3845  954.4716
2021 04 03 21 09 00    -2.7956936   -0.8158003  953.3841  954.4679
2021 04 03 21 10 00    -2.8057038   -0.8208614  953.3837  954.4709
2021 04 03 21 11 00    -2.8160742   -0.8261948  953.3838  954.4823
2021 04 03 21 12 00    -2.8264818   -0.8314284  953.3838  954.4950
2021 04 03 21 13 00    -2.8364299   -0.8363060  953.3840  954.5019
2021 04 03 21 14 00    -2.8462284   -0.8411607  953.3854  954.5029
2021 04 03 21 15 00    -2.8563587   -0.8462622  953.3877  954.5002
2021 04 03 21 16 00    -2.8666801   -0.8514854  953.3895  954.4934
2021 04 03 21 17 00    -2.8769245   -0.8566845  953.3899  954.4848
2021 04 03 21 18 00    -2.8871594   -0.8618697  953.3891  954.4774
2021 04 03 21 19 00    -2.8973925   -0.8670270  953.3890  954.4699
2021 04 03 21 20 00    -2.9074174   -0.8720397  953.3900  954.4649
2021 04 03 21 21 00    -2.9173644   -0.8769279  953.3906  954.4671
2021 04 03 21 22 00    -2.9274526   -0.8818373  953.3903  954.4746
2021 04 03 21 23 00    -2.9373948   -0.8867374  953.3908  954.4856
2021 04 03 21 24 00    -2.9471222   -0.8915854  953.3923  954.5008
2021 04 03 21 25 00    -2.9570576   -0.8965292  953.3938  954.5142
2021 04 03 21 26 00    -2.9672572   -0.9016634  953.3949  954.5181
2021 04 03 21 27 00    -2.9774558   -0.9069111  953.3963  954.5151
2021 04 03 21 28 00    -2.9875326   -0.9121085  953.3983  954.5110
2021 04 03 21 29 00    -2.9974755   -0.9171587  953.4004  954.5059
2021 04 03 21 30 00    -3.0074005   -0.9221075  953.4015  954.5000
2021 04 03 21 31 00    -3.0173895   -0.9269642  953.4021  954.4974
2021 04 03 21 32 00    -3.0272892   -0.9317641  953.4029  954.5010
2021 04 03 21 33 00    -3.0370372   -0.9366715  953.4043  954.5101
2021 04 03 21 34 00    -3.0468022   -0.9416672  953.4061  954.5199
2021 04 03 21 35 00    -3.0566714   -0.9466152  953.4083  954.5277
2021 04 03 21 36 00    -3.0666473   -0.9516172  953.4104  954.5358
2021 04 03 21 37 00    -3.0766572   -0.9566812  953.4125  954.5428
2021 04 03 21 38 00    -3.0864802   -0.9616006  953.4144  954.5446
2021 04 03 21 39 00    -3.0962002   -0.9664935  953.4161  954.5465
2021 04 03 21 40 00    -3.1061128   -0.9715525  953.4178  954.5562
2021 04 03 21 41 00    -3.1160091   -0.9765169  953.4197  954.5700
2021 04 03 21 42 00    -3.1256264   -0.9812312  953.4217  954.5778
2021 04 03 21 43 00    -3.1352050   -0.9860136  953.4240  954.5791
2021 04 03 21 44 00    -3.1448831   -0.9909483  953.4268  954.5859
2021 04 03 21 45 00    -3.1545649   -0.9957432  953.4302  954.6027
2021 04 03 21 46 00    -3.1642748   -1.0004310  953.4344  954.6178
2021 04 03 21 47 00    -3.1739810   -1.0052735  953.4383  954.6237
2021 04 03 21 48 00    -3.1835756   -1.0102164  953.4409  954.6250
2021 04 03 21 49 00    -3.1931026   -1.0150699  953.4427  954.6257
2021 04 03 21 50 00    -3.2027078   -1.0198590  953.4450  954.6277
2021 04 03 21 51 00    -3.2124543   -1.0247445  953.4483  954.6309
2021 04 03 21 52 00    -3.2222772   -1.0297182  953.4522  954.6305
2021 04 03 21 53 00    -3.2320722   -1.0346028  953.4554  954.6230
2021 04 03 21 54 00    -3.2417916   -1.0394013  953.4579  954.6138
2021 04 03 21 55 00    -3.2514648   -1.0442412  953.4602  954.6103
2021 04 03 21 56 00    -3.2610471   -1.0490643  953.4623  954.6117
2021 04 03 21 57 00    -3.2705078   -1.0538374  953.4643  954.6138
2021 04 03 21 58 00    -3.2800517   -1.0587284  953.4665  954.6171
2021 04 03 21 59 00    -3.2897734   -1.0636731  953.4692  954.6194
2021 04 03 22 00 00    -3.2994345   -1.0683688  953.4719  954.6122
2021 04 03 22 01 00    -3.3089011   -1.0728730  953.4740  954.5959
2021 04 03 22 02 00    -3.3183574   -1.0775339  953.4750  954.5835
2021 04 03 22 03 00    -3.3278768   -1.0823833  953.4755  954.5805
2021 04 03 22 04 00    -3.3373635   -1.0872166  953.4765  954.5773
2021 04 03 22 05 00    -3.3469299   -1.0920207  953.4783  954.5712
2021 04 03 22 06 00    -3.3565945   -1.0968327  953.4802  954.5670
2021 04 03 22 07 00    -3.3661702   -1.1016457  953.4812  954.5609
2021 04 03 22 08 00    -3.3756251   -1.1064541  953.4815  954.5475
2021 04 03 22 09 00    -3.3849498   -1.1111261  953.4813  954.5319
2021 04 03 22 10 00    -3.3942199   -1.1156827  953.4813  954.5231
2021 04 03 22 11 00    -3.4035733   -1.1203281  953.4813  954.5241
2021 04 03 22 12 00    -3.4128775   -1.1250093  953.4811  954.5322
2021 04 03 22 13 00    -3.4220761   -1.1296317  953.4809  954.5433
2021 04 03 22 14 00    -3.4312705   -1.1342631  953.4816  954.5497
2021 04 03 22 15 00    -3.4403995   -1.1388369  953.4826  954.5448
2021 04 03 22 16 00    -3.4494897   -1.1433286  953.4830  954.5362
2021 04 03 22 17 00    -3.4586388   -1.1479039  953.4832  954.5388
2021 04 03 22 18 00    -3.4678139   -1.1525780  953.4837  954.5508
2021 04 03 22 19 00    -3.4769600   -1.1571777  953.4843  954.5590
2021 04 03 22 20 00    -3.4859585   -1.1616066  953.4848  954.5612
2021 04 03 22 21 00    -3.4948845   -1.1660460  953.4852  954.5610
2021 04 03 22 22 00    -3.5040328   -1.1707185  953.4859  954.5573
2021 04 03 22 23 00    -3.5132724   -1.1754567  953.4872  954.5522
2021 04 03 22 24 00    -3.5223204   -1.1800719  953.4889  954.5461
2021 04 03 22 25 00    -3.5313782   -1.1846523  953.4898  954.5324
2021 04 03 22 26 00    -3.5405828   -1.1891507  953.4891  954.5123
2021 04 03 22 27 00    -3.5496793   -1.1935225  953.4878  954.4966
2021 04 03 22 28 00    -3.5586444   -1.1979932  953.4869  954.4865
2021 04 03 22 29 00    -3.5676977   -1.2026614  953.4862  954.4744
2021 04 03 22 30 00    -3.5767483   -1.2072816  953.4847  954.4632
2021 04 03 22 31 00    -3.5856111   -1.2116594  953.4830  954.4581
2021 04 03 22 32 00    -3.5944654   -1.2160468  953.4813  954.4514
2021 04 03 22 33 00    -3.6034462   -1.2206849  953.4791  954.4388
2021 04 03 22 34 00    -3.6122908   -1.2252225  953.4764  954.4294
2021 04 03 22 35 00    -3.6209481   -1.2294249  953.4742  954.4237
2021 04 03 22 36 00    -3.6297018   -1.2336471  953.4731  954.4119
2021 04 03 22 37 00    -3.6384972   -1.2380219  953.4718  954.3971
2021 04 03 22 38 00    -3.6472084   -1.2424410  953.4695  954.3905
2021 04 03 22 39 00    -3.6560171   -1.2469631  953.4663  954.3879
2021 04 03 22 40 00    -3.6648526   -1.2514104  953.4629  954.3784
2021 04 03 22 41 00    -3.6734181   -1.2555892  953.4595  954.3659
2021 04 03 22 42 00    -3.6816972   -1.2597273  953.4564  954.3600
2021 04 03 22 43 00    -3.6899876   -1.2639815  953.4528  954.3538
2021 04 03 22 44 00    -3.6986346   -1.2682502  953.4482  954.3338
2021 04 03 22 45 00    -3.7075393   -1.2725490  953.4434  954.3079
2021 04 03 22 46 00    -3.7162588   -1.2769230  953.4392  954.2975
2021 04 03 22 47 00    -3.7246749   -1.2811998  953.4352  954.3044
2021 04 03 22 48 00    -3.7329520   -1.2852781  953.4314  954.3151
2021 04 03 22 49 00    -3.7411840   -1.2893703  953.4283  954.3255
2021 04 03 22 50 00    -3.7494145   -1.2936026  953.4258  954.3350
2021 04 03 22 51 00    -3.7575973   -1.2977749  953.4231  954.3387
2021 04 03 22 52 00    -3.7657029   -1.3018159  953.4211  954.3387
2021 04 03 22 53 00    -3.7738932   -1.3059403  953.4198  954.3369
2021 04 03 22 54 00    -3.7822390   -1.3101704  953.4177  954.3247
2021 04 03 22 55 00    -3.7905980   -1.3142668  953.4146  954.2978
2021 04 03 22 56 00    -3.7989287   -1.3182213  953.4112  954.2690
2021 04 03 22 57 00    -3.8072822   -1.3222743  953.4073  954.2539
2021 04 03 22 58 00    -3.8154682   -1.3264227  953.4026  954.2505
2021 04 03 22 59 00    -3.8233676   -1.3305268  953.3979  954.2462
2021 04 03 23 00 00    -3.8312977   -1.3346421  953.3946  954.2408
2021 04 03 23 01 00    -3.8394242   -1.3387550  953.3923  954.2417
2021 04 03 23 02 00    -3.8475549   -1.3427604  953.3896  954.2476
2021 04 03 23 03 00    -3.8556069   -1.3467376  953.3866  954.2533
2021 04 03 23 04 00    -3.8635778   -1.3507424  953.3836  954.2593
2021 04 03 23 05 00    -3.8713781   -1.3546717  953.3805  954.2641
2021 04 03 23 06 00    -3.8789875   -1.3585158  953.3777  954.2655
2021 04 03 23 07 00    -3.8866239   -1.3623637  953.3758  954.2644
2021 04 03 23 08 00    -3.8945573   -1.3662827  953.3745  954.2603
2021 04 03 23 09 00    -3.9025907   -1.3702436  953.3725  954.2544
2021 04 03 23 10 00    -3.9102602   -1.3740515  953.3698  954.2544
2021 04 03 23 11 00    -3.9176323   -1.3776850  953.3680  954.2666
2021 04 03 23 12 00    -3.9250357   -1.3814084  953.3676  954.2849
2021 04 03 23 13 00    -3.9325327   -1.3853059  953.3676  954.2960
2021 04 03 23 14 00    -3.9401692   -1.3892338  953.3673  954.2963
2021 04 03 23 15 00    -3.9478811   -1.3930946  953.3669  954.2940
2021 04 03 23 16 00    -3.9554639   -1.3968536  953.3662  954.2934
2021 04 03 23 17 00    -3.9628761   -1.4004568  953.3653  954.2894
2021 04 03 23 18 00    -3.9701825   -1.4039826  953.3646  954.2803
2021 04 03 23 19 00    -3.9776025   -1.4077269  953.3640  954.2759
2021 04 03 23 20 00    -3.9852152   -1.4116834  953.3632  954.2826
2021 04 03 23 21 00    -3.9926180   -1.4154732  953.3627  954.2900
2021 04 03 23 22 00    -3.9997108   -1.4190650  953.3625  954.2861
2021 04 03 23 23 00    -4.0069871   -1.4227525  953.3615  954.2767
2021 04 03 23 24 00    -4.0145736   -1.4265791  953.3598  954.2717
2021 04 03 23 25 00    -4.0220473   -1.4303168  953.3583  954.2658
2021 04 03 23 26 00    -4.0292225   -1.4338662  953.3570  954.2531
2021 04 03 23 27 00    -4.0363054   -1.4373674  953.3549  954.2387
2021 04 03 23 28 00    -4.0434948   -1.4408905  953.3519  954.2231
2021 04 03 23 29 00    -4.0508145   -1.4444341  953.3487  954.2038
2021 04 03 23 30 00    -4.0580966   -1.4480570  953.3457  954.1879
2021 04 03 23 31 00    -4.0651561   -1.4516879  953.3428  954.1753
2021 04 03 23 32 00    -4.0720941   -1.4551923  953.3395  954.1538
2021 04 03 23 33 00    -4.0792267   -1.4586669  953.3354  954.1292
2021 04 03 23 34 00    -4.0865730   -1.4622821  953.3310  954.1177
2021 04 03 23 35 00    -4.0937710   -1.4659448  953.3269  954.1085
2021 04 03 23 36 00    -4.1006496   -1.4694735  953.3231  954.0883
2021 04 03 23 37 00    -4.1073925   -1.4728914  953.3195  954.0700
2021 04 03 23 38 00    -4.1141182   -1.4762593  953.3156  954.0624
2021 04 03 23 39 00    -4.1207770   -1.4795688  953.3110  954.0598
2021 04 03 23 40 00    -4.1274439   -1.4828897  953.3060  954.0618
2021 04 03 23 41 00    -4.1342418   -1.4862781  953.3017  954.0659
2021 04 03 23 42 00    -4.1410412   -1.4896669  953.2985  954.0638
2021 04 03 23 43 00    -4.1476741   -1.4930006  953.2958  954.0562
2021 04 03 23 44 00    -4.1542784   -1.4962927  953.2925  954.0531
2021 04 03 23 45 00    -4.1609633   -1.4995090  953.2888  954.0586
2021 04 03 23 46 00    -4.1675013   -1.5026598  953.2855  954.0679
2021 04 03 23 47 00    -4.1738773   -1.5059314  953.2829  954.0757
2021 04 03 23 48 00    -4.1802969   -1.5092780  953.2809  954.0801
2021 04 03 23 49 00    -4.1866672   -1.5124074  953.2791  954.0830
2021 04 03 23 50 00    -4.1929721   -1.5154232  953.2768  954.0861
2021 04 03 23 51 00    -4.1993161   -1.5186430  953.2742  954.0898
2021 04 03 23 52 00    -4.2055818   -1.5220285  953.2724  954.0995
2021 04 03 23 53 00    -4.2117658   -1.5253105  953.2716  954.1134
2021 04 03 23 54 00    -4.2179603   -1.5283849  953.2712  954.1207
2021 04 03 23 55 00    -4.2241310   -1.5314210  953.2708  954.1227
2021 04 03 23 56 00    -4.2303128   -1.5345329  953.2702  954.1293
2021 04 03 23 57 00    -4.2365293   -1.5376436  953.2696  954.1391
2021 04 03 23 58 00    -4.2426608   -1.5407339  953.2697  954.1428
2021 04 03 23 59 00    -4.2486977   -1.5437846  953.2694  954.1379
