[TSF-file]     v01.0

[TIMEFORMAT]   DATETIME
[INCREMENT]    60
[CHANNELS]
    BF:SG056:G1-F60 
    BF:SG056:G2-F60 
    BF:SG056:Br1-F60
    BF:SG056:Br2-F60
[UNITS]
    Volt
    Volt
    mbar
    mbar
[UNDETVAL]                      9999.999
[PHASE_LAG_1_DEG_CPD]           0.0402
[PHASE_LAG_1_DEG_CPD_ERROR]     0.0002
[N_LATITUDE_DEG]                48.3294
[N_LATITUDE_DEG_ERROR]          0.0001
[E_LONGITUDE_DEG]               008.3284
[E_LONGITUDE_DEG_ERROR]         0.0001
[HEIGHT_M_1]                    589.20
[HEIGHT_M_1_ERROR]              0.01
[GRAVITY_CAL_1_UGAL_V]          -40.1100
[GRAVITY_CAL_1_UGAL_V_ERROR]    0.0300
[PRESSURE_CAL_MBAR_V]           1.0000
[PRESSURE_CAL_MBAR_V_ERROR]     0.0001
[AUTHOR]                        Thomas Forbriger@kit.edu
[PHASE_LAG_2_DEG_CPD]           0.0402
[PHASE_LAG_2_DEG_CPD_ERROR]     0.0002
[HEIGHT_M_2]                    589.40
[HEIGHT_M_2_ERROR]              0.01
[GRAVITY_CAL_2_UGAL_V]          -80.0699
[GRAVITY_CAL_2_UGAL_V_ERROR]    0.0600
[PRESSURE_ADMIT_HPA_NMS2]       -3.4000
[PRESSURE_MEAN_HPA]             0980.0
[COMMENT]                           
software upgrade and FitPC2 replacement on 29. July 2019



Date           Time     G1-F60        G2-F60        Br1-F60       Br2-F60      
[DATA]
2021 04 11 00 00 00    -2.6139431   -0.7270661  942.8882  943.1968
2021 04 11 00 01 00    -2.6201177   -0.7301451  942.8851  943.1805
2021 04 11 00 02 00    -2.6262475   -0.7331887  942.8826  943.1643
2021 04 11 00 03 00    -2.6325274   -0.7363237  942.8799  943.1525
2021 04 11 00 04 00    -2.6392719   -0.7397051  942.8761  943.1390
2021 04 11 00 05 00    -2.6460258   -0.7430912  942.8723  943.1265
2021 04 11 00 06 00    -2.6524608   -0.7462836  942.8692  943.1256
2021 04 11 00 07 00    -2.6589860   -0.7495026  942.8667  943.1279
2021 04 11 00 08 00    -2.6657954   -0.7528818  942.8635  943.1162
2021 04 11 00 09 00    -2.6726545   -0.7562913  942.8594  943.0987
2021 04 11 00 10 00    -2.6795919   -0.7597567  942.8550  943.0935
2021 04 11 00 11 00    -2.6866703   -0.7633503  942.8508  943.0982
2021 04 11 00 12 00    -2.6937647   -0.7669890  942.8478  943.1036
2021 04 11 00 13 00    -2.7009340   -0.7706254  942.8451  943.1064
2021 04 11 00 14 00    -2.7081215   -0.7741812  942.8416  943.0980
2021 04 11 00 15 00    -2.7152158   -0.7776706  942.8379  943.0737
2021 04 11 00 16 00    -2.7225433   -0.7813892  942.8345  943.0471
2021 04 11 00 17 00    -2.7302392   -0.7853350  942.8308  943.0312
2021 04 11 00 18 00    -2.7379777   -0.7891733  942.8263  943.0181
2021 04 11 00 19 00    -2.7457049   -0.7929565  942.8213  942.9985
2021 04 11 00 20 00    -2.7535499   -0.7969216  942.8164  942.9831
2021 04 11 00 21 00    -2.7613762   -0.8009600  942.8121  942.9815
2021 04 11 00 22 00    -2.7690805   -0.8048874  942.8081  942.9828
2021 04 11 00 23 00    -2.7768439   -0.8088069  942.8038  942.9748
2021 04 11 00 24 00    -2.7848081   -0.8128315  942.7989  942.9605
2021 04 11 00 25 00    -2.7928294   -0.8167835  942.7939  942.9502
2021 04 11 00 26 00    -2.8008164   -0.8206264  942.7889  942.9479
2021 04 11 00 27 00    -2.8089213   -0.8246533  942.7841  942.9453
2021 04 11 00 28 00    -2.8171835   -0.8289027  942.7796  942.9304
2021 04 11 00 29 00    -2.8255296   -0.8331788  942.7756  942.9065
2021 04 11 00 30 00    -2.8339368   -0.8374481  942.7719  942.8905
2021 04 11 00 31 00    -2.8423534   -0.8416690  942.7678  942.8863
2021 04 11 00 32 00    -2.8508606   -0.8458325  942.7626  942.8830
2021 04 11 00 33 00    -2.8595184   -0.8500450  942.7569  942.8760
2021 04 11 00 34 00    -2.8681844   -0.8543365  942.7520  942.8696
2021 04 11 00 35 00    -2.8769098   -0.8587933  942.7478  942.8647
2021 04 11 00 36 00    -2.8858256   -0.8634082  942.7433  942.8591
2021 04 11 00 37 00    -2.8948270   -0.8679276  942.7384  942.8568
2021 04 11 00 38 00    -2.9037543   -0.8723174  942.7336  942.8586
2021 04 11 00 39 00    -2.9125916   -0.8767688  942.7291  942.8548
2021 04 11 00 40 00    -2.9215826   -0.8813307  942.7246  942.8443
2021 04 11 00 41 00    -2.9308133   -0.8859290  942.7200  942.8357
2021 04 11 00 42 00    -2.9400022   -0.8905267  942.7150  942.8268
2021 04 11 00 43 00    -2.9491661   -0.8951890  942.7098  942.8163
2021 04 11 00 44 00    -2.9584142   -0.8998940  942.7049  942.8144
2021 04 11 00 45 00    -2.9674862   -0.9044562  942.7007  942.8216
2021 04 11 00 46 00    -2.9764561   -0.9088711  942.6968  942.8247
2021 04 11 00 47 00    -2.9857396   -0.9134060  942.6931  942.8176
2021 04 11 00 48 00    -2.9953557   -0.9182242  942.6890  942.8014
2021 04 11 00 49 00    -3.0051211   -0.9231982  942.6838  942.7776
2021 04 11 00 50 00    -3.0149730   -0.9281371  942.6779  942.7506
2021 04 11 00 51 00    -3.0247923   -0.9329597  942.6725  942.7271
2021 04 11 00 52 00    -3.0345299   -0.9377357  942.6679  942.7107
2021 04 11 00 53 00    -3.0443077   -0.9426582  942.6630  942.7032
2021 04 11 00 54 00    -3.0541419   -0.9477278  942.6573  942.7024
2021 04 11 00 55 00    -3.0639931   -0.9527484  942.6517  942.6971
2021 04 11 00 56 00    -3.0738948   -0.9577147  942.6463  942.6791
2021 04 11 00 57 00    -3.0838259   -0.9627307  942.6402  942.6544
2021 04 11 00 58 00    -3.0938758   -0.9678079  942.6335  942.6349
2021 04 11 00 59 00    -3.1041887   -0.9729379  942.6276  942.6273
2021 04 11 01 00 00    -3.1145014   -0.9780667  942.6226  942.6268
2021 04 11 01 01 00    -3.1245462   -0.9831148  942.6175  942.6197
2021 04 11 01 02 00    -3.1346349   -0.9881418  942.6116  942.6000
2021 04 11 01 03 00    -3.1449906   -0.9932554  942.6052  942.5816
2021 04 11 01 04 00    -3.1552974   -0.9983677  942.5993  942.5801
2021 04 11 01 05 00    -3.1654434   -1.0033903  942.5939  942.5874
2021 04 11 01 06 00    -3.1757021   -1.0084324  942.5888  942.5883
2021 04 11 01 07 00    -3.1861102   -1.0135822  942.5838  942.5867
2021 04 11 01 08 00    -3.1965004   -1.0188515  942.5792  942.5872
2021 04 11 01 09 00    -3.2068450   -1.0241432  942.5749  942.5805
2021 04 11 01 10 00    -3.2172579   -1.0293448  942.5698  942.5621
2021 04 11 01 11 00    -3.2278842   -1.0346210  942.5636  942.5432
2021 04 11 01 12 00    -3.2386764   -1.0400864  942.5570  942.5364
2021 04 11 01 13 00    -3.2494262   -1.0455406  942.5512  942.5373
2021 04 11 01 14 00    -3.2600781   -1.0508593  942.5467  942.5319
2021 04 11 01 15 00    -3.2707493   -1.0561637  942.5421  942.5205
2021 04 11 01 16 00    -3.2815329   -1.0615755  942.5364  942.5122
2021 04 11 01 17 00    -3.2923137   -1.0669872  942.5305  942.5062
2021 04 11 01 18 00    -3.3029643   -1.0723316  942.5246  942.4988
2021 04 11 01 19 00    -3.3137590   -1.0778506  942.5184  942.4901
2021 04 11 01 20 00    -3.3249160   -1.0835421  942.5129  942.4789
2021 04 11 01 21 00    -3.3360946   -1.0890283  942.5085  942.4675
2021 04 11 01 22 00    -3.3470520   -1.0943348  942.5040  942.4593
2021 04 11 01 23 00    -3.3580224   -1.0998171  942.4983  942.4515
2021 04 11 01 24 00    -3.3691590   -1.1054199  942.4921  942.4373
2021 04 11 01 25 00    -3.3803539   -1.1109072  942.4862  942.4147
2021 04 11 01 26 00    -3.3915799   -1.1164559  942.4803  942.3903
2021 04 11 01 27 00    -3.4029310   -1.1223148  942.4743  942.3728
2021 04 11 01 28 00    -3.4144094   -1.1282594  942.4679  942.3596
2021 04 11 01 29 00    -3.4258281   -1.1339369  942.4615  942.3411
2021 04 11 01 30 00    -3.4369859   -1.1394243  942.4554  942.3184
2021 04 11 01 31 00    -3.4480288   -1.1450248  942.4494  942.3015
2021 04 11 01 32 00    -3.4592840   -1.1507349  942.4427  942.2868
2021 04 11 01 33 00    -3.4707322   -1.1563211  942.4350  942.2609
2021 04 11 01 34 00    -3.4821993   -1.1618502  942.4270  942.2273
2021 04 11 01 35 00    -3.4937153   -1.1676163  942.4196  942.2029
2021 04 11 01 36 00    -3.5052149   -1.1735463  942.4129  942.1940
2021 04 11 01 37 00    -3.5164620   -1.1792860  942.4060  942.1973
2021 04 11 01 38 00    -3.5275302   -1.1848224  942.3992  942.2095
2021 04 11 01 39 00    -3.5387566   -1.1904610  942.3931  942.2252
2021 04 11 01 40 00    -3.5501675   -1.1962771  942.3874  942.2388
2021 04 11 01 41 00    -3.5615609   -1.2020386  942.3816  942.2466
2021 04 11 01 42 00    -3.5729150   -1.2076361  942.3761  942.2473
2021 04 11 01 43 00    -3.5842883   -1.2132539  942.3708  942.2506
2021 04 11 01 44 00    -3.5956803   -1.2189881  942.3655  942.2592
2021 04 11 01 45 00    -3.6070549   -1.2246925  942.3598  942.2605
2021 04 11 01 46 00    -3.6184091   -1.2303870  942.3546  942.2554
2021 04 11 01 47 00    -3.6298193   -1.2362181  942.3498  942.2548
2021 04 11 01 48 00    -3.6412957   -1.2420533  942.3449  942.2679
2021 04 11 01 49 00    -3.6527158   -1.2476938  942.3401  942.3024
2021 04 11 01 50 00    -3.6639604   -1.2531431  942.3357  942.3395
2021 04 11 01 51 00    -3.6751085   -1.2585034  942.3319  942.3461
2021 04 11 01 52 00    -3.6864306   -1.2640679  942.3284  942.3239
2021 04 11 01 53 00    -3.6980326   -1.2700605  942.3244  942.2968
2021 04 11 01 54 00    -3.7096738   -1.2761056  942.3197  942.2823
2021 04 11 01 55 00    -3.7211683   -1.2818302  942.3150  942.2871
2021 04 11 01 56 00    -3.7326861   -1.2875258  942.3109  942.2908
2021 04 11 01 57 00    -3.7443494   -1.2934464  942.3065  942.2637
2021 04 11 01 58 00    -3.7559901   -1.2993675  942.3008  942.2227
2021 04 11 01 59 00    -3.7675645   -1.3050966  942.2947  942.2150
2021 04 11 02 00 00    -3.7792284   -1.3107521  942.2894  942.2410
2021 04 11 02 01 00    -3.7909562   -1.3165458  942.2852  942.2500
2021 04 11 02 02 00    -3.8026401   -1.3224823  942.2809  942.2123
2021 04 11 02 03 00    -3.8143355   -1.3284171  942.2757  942.1557
2021 04 11 02 04 00    -3.8260269   -1.3342526  942.2697  942.1236
2021 04 11 02 05 00    -3.8375163   -1.3399176  942.2638  942.1245
2021 04 11 02 06 00    -3.8487604   -1.3454754  942.2581  942.1364
2021 04 11 02 07 00    -3.8600596   -1.3511479  942.2524  942.1412
2021 04 11 02 08 00    -3.8716159   -1.3569576  942.2471  942.1393
2021 04 11 02 09 00    -3.8832698   -1.3627945  942.2426  942.1385
2021 04 11 02 10 00    -3.8949706   -1.3687393  942.2382  942.1327
2021 04 11 02 11 00    -3.9066704   -1.3746823  942.2328  942.1067
2021 04 11 02 12 00    -3.9181115   -1.3803303  942.2265  942.0704
2021 04 11 02 13 00    -3.9294523   -1.3858796  942.2203  942.0513
2021 04 11 02 14 00    -3.9409845   -1.3916201  942.2146  942.0532
2021 04 11 02 15 00    -3.9525060   -1.3973792  942.2087  942.0573
2021 04 11 02 16 00    -3.9638898   -1.4030791  942.2025  942.0492
2021 04 11 02 17 00    -3.9752598   -1.4088862  942.1967  942.0326
2021 04 11 02 18 00    -3.9866268   -1.4147269  942.1913  942.0229
2021 04 11 02 19 00    -3.9980317   -1.4204149  942.1852  942.0251
2021 04 11 02 20 00    -4.0094746   -1.4260221  942.1785  942.0250
2021 04 11 02 21 00    -4.0208242   -1.4317063  942.1728  942.0097
2021 04 11 02 22 00    -4.0321030   -1.4374003  942.1682  941.9860
2021 04 11 02 23 00    -4.0434141   -1.4429718  942.1632  941.9698
2021 04 11 02 24 00    -4.0547358   -1.4485198  942.1574  941.9661
2021 04 11 02 25 00    -4.0659456   -1.4542226  942.1513  941.9693
2021 04 11 02 26 00    -4.0769624   -1.4599527  942.1454  941.9716
2021 04 11 02 27 00    -4.0879629   -1.4654604  942.1393  941.9697
2021 04 11 02 28 00    -4.0991596   -1.4708986  942.1330  941.9654
2021 04 11 02 29 00    -4.1104245   -1.4765188  942.1267  941.9512
2021 04 11 02 30 00    -4.1216086   -1.4822014  942.1207  941.9209
2021 04 11 02 31 00    -4.1327409   -1.4877746  942.1152  941.8935
2021 04 11 02 32 00    -4.1436901   -1.4932193  942.1094  941.8840
2021 04 11 02 33 00    -4.1545063   -1.4986350  942.1029  941.8851
2021 04 11 02 34 00    -4.1655985   -1.5042322  942.0971  941.8958
2021 04 11 02 35 00    -4.1768906   -1.5099600  942.0923  941.9049
2021 04 11 02 36 00    -4.1878828   -1.5154671  942.0869  941.8846
2021 04 11 02 37 00    -4.1985850   -1.5207442  942.0803  941.8452
2021 04 11 02 38 00    -4.2094004   -1.5261722  942.0737  941.8207
2021 04 11 02 39 00    -4.2203516   -1.5317459  942.0673  941.8123
2021 04 11 02 40 00    -4.2311974   -1.5371385  942.0609  941.8134
2021 04 11 02 41 00    -4.2420153   -1.5425017  942.0547  941.8235
2021 04 11 02 42 00    -4.2529047   -1.5481162  942.0487  941.8197
2021 04 11 02 43 00    -4.2636592   -1.5536802  942.0426  941.7937
2021 04 11 02 44 00    -4.2741728   -1.5588472  942.0364  941.7806
2021 04 11 02 45 00    -4.2845811   -1.5638031  942.0304  941.7918
2021 04 11 02 46 00    -4.2950452   -1.5688640  942.0246  941.7947
2021 04 11 02 47 00    -4.3055985   -1.5741231  942.0188  941.7756
2021 04 11 02 48 00    -4.3160911   -1.5794943  942.0124  941.7526
2021 04 11 02 49 00    -4.3264306   -1.5847640  942.0059  941.7365
2021 04 11 02 50 00    -4.3368026   -1.5899453  942.0002  941.7253
2021 04 11 02 51 00    -4.3473400   -1.5952851  941.9949  941.7196
2021 04 11 02 52 00    -4.3577720   -1.6006416  941.9886  941.7216
2021 04 11 02 53 00    -4.3678944   -1.6057375  941.9817  941.7293
2021 04 11 02 54 00    -4.3779166   -1.6107341  941.9757  941.7390
2021 04 11 02 55 00    -4.3879415   -1.6157749  941.9706  941.7449
2021 04 11 02 56 00    -4.3978967   -1.6207435  941.9653  941.7439
2021 04 11 02 57 00    -4.4078115   -1.6256230  941.9593  941.7421
2021 04 11 02 58 00    -4.4176550   -1.6305032  941.9537  941.7462
2021 04 11 02 59 00    -4.4274806   -1.6354712  941.9489  941.7545
2021 04 11 03 00 00    -4.4374173   -1.6405049  941.9441  941.7604
2021 04 11 03 01 00    -4.4472955   -1.6454338  941.9390  941.7588
2021 04 11 03 02 00    -4.4569460   -1.6502433  941.9343  941.7532
2021 04 11 03 03 00    -4.4665078   -1.6550694  941.9300  941.7533
2021 04 11 03 04 00    -4.4761319   -1.6598885  941.9257  941.7605
2021 04 11 03 05 00    -4.4857903   -1.6646436  941.9210  941.7652
2021 04 11 03 06 00    -4.4953171   -1.6693795  941.9162  941.7624
2021 04 11 03 07 00    -4.5046100   -1.6740997  941.9117  941.7582
2021 04 11 03 08 00    -4.5138246   -1.6787993  941.9073  941.7582
2021 04 11 03 09 00    -4.5230921   -1.6834851  941.9028  941.7594
2021 04 11 03 10 00    -4.5323025   -1.6881166  941.8982  941.7593
2021 04 11 03 11 00    -4.5414614   -1.6926807  941.8936  941.7608
2021 04 11 03 12 00    -4.5507270   -1.6971612  941.8896  941.7606
2021 04 11 03 13 00    -4.5599738   -1.7015740  941.8862  941.7524
2021 04 11 03 14 00    -4.5690078   -1.7061067  941.8824  941.7435
2021 04 11 03 15 00    -4.5779488   -1.7107723  941.8776  941.7438
2021 04 11 03 16 00    -4.5868473   -1.7152661  941.8726  941.7515
2021 04 11 03 17 00    -4.5956167   -1.7195933  941.8682  941.7603
2021 04 11 03 18 00    -4.6043160   -1.7240177  941.8642  941.7640
2021 04 11 03 19 00    -4.6129878   -1.7284762  941.8604  941.7577
2021 04 11 03 20 00    -4.6216527   -1.7328336  941.8566  941.7469
2021 04 11 03 21 00    -4.6303027   -1.7371060  941.8525  941.7427
2021 04 11 03 22 00    -4.6388359   -1.7412648  941.8482  941.7441
2021 04 11 03 23 00    -4.6473356   -1.7453917  941.8439  941.7417
2021 04 11 03 24 00    -4.6558649   -1.7496409  941.8397  941.7360
2021 04 11 03 25 00    -4.6641683   -1.7539217  941.8355  941.7389
2021 04 11 03 26 00    -4.6722178   -1.7580795  941.8313  941.7482
2021 04 11 03 27 00    -4.6803213   -1.7621288  941.8273  941.7421
2021 04 11 03 28 00    -4.6884918   -1.7661167  941.8236  941.7202
2021 04 11 03 29 00    -4.6965625   -1.7700765  941.8196  941.7104
2021 04 11 03 30 00    -4.7045666   -1.7740804  941.8154  941.7186
2021 04 11 03 31 00    -4.7124968   -1.7781750  941.8115  941.7196
2021 04 11 03 32 00    -4.7202200   -1.7822239  941.8076  941.7067
2021 04 11 03 33 00    -4.7277185   -1.7859755  941.8033  941.7009
2021 04 11 03 34 00    -4.7352133   -1.7895462  941.7989  941.7055
2021 04 11 03 35 00    -4.7429677   -1.7934035  941.7952  941.7033
2021 04 11 03 36 00    -4.7508162   -1.7975360  941.7922  941.6959
2021 04 11 03 37 00    -4.7583315   -1.8014029  941.7889  941.6925
2021 04 11 03 38 00    -4.7655385   -1.8049048  941.7847  941.6836
2021 04 11 03 39 00    -4.7727796   -1.8084338  941.7798  941.6625
2021 04 11 03 40 00    -4.7801063   -1.8120554  941.7749  941.6489
2021 04 11 03 41 00    -4.7873618   -1.8155794  941.7701  941.6611
2021 04 11 03 42 00    -4.7944940   -1.8190670  941.7656  941.6733
2021 04 11 03 43 00    -4.8014885   -1.8226795  941.7619  941.6498
2021 04 11 03 44 00    -4.8083086   -1.8263352  941.7585  941.6199
2021 04 11 03 45 00    -4.8150370   -1.8297699  941.7544  941.6282
2021 04 11 03 46 00    -4.8217513   -1.8329409  941.7497  941.6520
2021 04 11 03 47 00    -4.8283275   -1.8361154  941.7456  941.6580
2021 04 11 03 48 00    -4.8346963   -1.8393869  941.7422  941.6566
2021 04 11 03 49 00    -4.8409514   -1.8425507  941.7388  941.6550
2021 04 11 03 50 00    -4.8471661   -1.8456183  941.7354  941.6464
2021 04 11 03 51 00    -4.8534071   -1.8488057  941.7320  941.6405
2021 04 11 03 52 00    -4.8596236   -1.8519196  941.7279  941.6439
2021 04 11 03 53 00    -4.8657015   -1.8547194  941.7237  941.6456
2021 04 11 03 54 00    -4.8717510   -1.8575892  941.7201  941.6408
2021 04 11 03 55 00    -4.8778238   -1.8607960  941.7162  941.6360
2021 04 11 03 56 00    -4.8837273   -1.8639619  941.7116  941.6343
2021 04 11 03 57 00    -4.8893954   -1.8667880  941.7072  941.6362
2021 04 11 03 58 00    -4.8949108   -1.8694280  941.7038  941.6397
2021 04 11 03 59 00    -4.9003198   -1.8721769  941.7011  941.6408
2021 04 11 04 00 00    -4.9056122   -1.8749882  941.6983  941.6441
2021 04 11 04 01 00    -4.9107655   -1.8775607  941.6949  941.6586
2021 04 11 04 02 00    -4.9158872   -1.8800685  941.6912  941.6769
2021 04 11 04 03 00    -4.9210190   -1.8827932  941.6878  941.6791
2021 04 11 04 04 00    -4.9260295   -1.8853803  941.6854  941.6677
2021 04 11 04 05 00    -4.9309571   -1.8876087  941.6828  941.6662
2021 04 11 04 06 00    -4.9358815   -1.8899011  941.6795  941.6750
2021 04 11 04 07 00    -4.9407476   -1.8924677  941.6766  941.6721
2021 04 11 04 08 00    -4.9455391   -1.8949871  941.6744  941.6524
2021 04 11 04 09 00    -4.9501956   -1.8972227  941.6719  941.6377
2021 04 11 04 10 00    -4.9547227   -1.8993365  941.6682  941.6450
2021 04 11 04 11 00    -4.9592353   -1.9015632  941.6640  941.6505
2021 04 11 04 12 00    -4.9636182   -1.9038068  941.6606  941.6241
2021 04 11 04 13 00    -4.9677836   -1.9058795  941.6579  941.5955
2021 04 11 04 14 00    -4.9718749   -1.9079009  941.6548  941.6065
2021 04 11 04 15 00    -4.9758601   -1.9099842  941.6515  941.6323
2021 04 11 04 16 00    -4.9796720   -1.9119799  941.6484  941.6395
2021 04 11 04 17 00    -4.9834546   -1.9138282  941.6454  941.6463
2021 04 11 04 18 00    -4.9872187   -1.9156837  941.6429  941.6620
2021 04 11 04 19 00    -4.9908002   -1.9175760  941.6409  941.6643
2021 04 11 04 20 00    -4.9942102   -1.9193180  941.6383  941.6500
2021 04 11 04 21 00    -4.9976072   -1.9208727  941.6351  941.6360
2021 04 11 04 22 00    -5.0010374   -1.9224761  941.6322  941.6319
2021 04 11 04 23 00    -5.0044649   -1.9242461  941.6290  941.6342
2021 04 11 04 24 00    -5.0077955   -1.9260092  941.6257  941.6273
2021 04 11 04 25 00    -5.0108367   -1.9276191  941.6228  941.6101
2021 04 11 04 26 00    -5.0136558   -1.9291188  941.6198  941.6035
2021 04 11 04 27 00    -5.0165397   -1.9305536  941.6166  941.6125
2021 04 11 04 28 00    -5.0193978   -1.9318803  941.6139  941.6231
2021 04 11 04 29 00    -5.0219885   -1.9330826  941.6115  941.6304
2021 04 11 04 30 00    -5.0244071   -1.9342566  941.6088  941.6363
2021 04 11 04 31 00    -5.0268272   -1.9355357  941.6057  941.6403
2021 04 11 04 32 00    -5.0291876   -1.9368524  941.6025  941.6430
2021 04 11 04 33 00    -5.0313011   -1.9379441  941.5995  941.6442
2021 04 11 04 34 00    -5.0332484   -1.9388307  941.5968  941.6466
2021 04 11 04 35 00    -5.0353068   -1.9398085  941.5944  941.6569
2021 04 11 04 36 00    -5.0373780   -1.9408435  941.5921  941.6717
2021 04 11 04 37 00    -5.0391763   -1.9417372  941.5895  941.6765
2021 04 11 04 38 00    -5.0408212   -1.9426036  941.5865  941.6639
2021 04 11 04 39 00    -5.0425505   -1.9435225  941.5837  941.6413
2021 04 11 04 40 00    -5.0443014   -1.9443768  941.5813  941.6217
2021 04 11 04 41 00    -5.0459279   -1.9451397  941.5786  941.6111
2021 04 11 04 42 00    -5.0473547   -1.9457602  941.5756  941.6049
2021 04 11 04 43 00    -5.0485679   -1.9462163  941.5727  941.6032
2021 04 11 04 44 00    -5.0496305   -1.9466997  941.5699  941.6129
2021 04 11 04 45 00    -5.0506120   -1.9472688  941.5668  941.6253
2021 04 11 04 46 00    -5.0515852   -1.9477975  941.5637  941.6254
2021 04 11 04 47 00    -5.0525273   -1.9482464  941.5608  941.6186
2021 04 11 04 48 00    -5.0532575   -1.9485922  941.5580  941.6157
2021 04 11 04 49 00    -5.0537240   -1.9488389  941.5556  941.6109
2021 04 11 04 50 00    -5.0540941   -1.9490375  941.5536  941.5972
2021 04 11 04 51 00    -5.0544921   -1.9492132  941.5508  941.5816
2021 04 11 04 52 00    -5.0548985   -1.9494765  941.5474  941.5771
2021 04 11 04 53 00    -5.0551844   -1.9497807  941.5443  941.5876
2021 04 11 04 54 00    -5.0551660   -1.9498113  941.5414  941.6036
2021 04 11 04 55 00    -5.0548456   -1.9495842  941.5392  941.6148
2021 04 11 04 56 00    -5.0544793   -1.9494050  941.5376  941.6163
2021 04 11 04 57 00    -5.0541609   -1.9492835  941.5354  941.6094
2021 04 11 04 58 00    -5.0537032   -1.9490682  941.5327  941.6058
2021 04 11 04 59 00    -5.0531194   -1.9487338  941.5305  941.6128
2021 04 11 05 00 00    -5.0525884   -1.9483422  941.5290  941.6183
2021 04 11 05 01 00    -5.0519730   -1.9479639  941.5272  941.6114
2021 04 11 05 02 00    -5.0510958   -1.9475889  941.5245  941.6004
2021 04 11 05 03 00    -5.0500645   -1.9471484  941.5211  941.5994
2021 04 11 05 04 00    -5.0489213   -1.9466293  941.5180  941.6121
2021 04 11 05 05 00    -5.0476380   -1.9460492  941.5152  941.6292
2021 04 11 05 06 00    -5.0462510   -1.9453642  941.5128  941.6400
2021 04 11 05 07 00    -5.0446493   -1.9445478  941.5111  941.6485
2021 04 11 05 08 00    -5.0428305   -1.9436490  941.5103  941.6651
2021 04 11 05 09 00    -5.0410151   -1.9426539  941.5093  941.6860
2021 04 11 05 10 00    -5.0391269   -1.9415537  941.5074  941.7034
2021 04 11 05 11 00    -5.0370098   -1.9405315  941.5053  941.7192
2021 04 11 05 12 00    -5.0349178   -1.9396632  941.5045  941.7311
2021 04 11 05 13 00    -5.0329842   -1.9386763  941.5048  941.7349
2021 04 11 05 14 00    -5.0308872   -1.9374444  941.5048  941.7375
2021 04 11 05 15 00    -5.0284639   -1.9361964  941.5041  941.7440
2021 04 11 05 16 00    -5.0260036   -1.9350928  941.5035  941.7515
2021 04 11 05 17 00    -5.0237128   -1.9340698  941.5027  941.7606
2021 04 11 05 18 00    -5.0212706   -1.9329150  941.5019  941.7746
2021 04 11 05 19 00    -5.0183872   -1.9314946  941.5015  941.7927
2021 04 11 05 20 00    -5.0153348   -1.9299265  941.5014  941.8081
2021 04 11 05 21 00    -5.0123166   -1.9283409  941.5010  941.8109
2021 04 11 05 22 00    -5.0092160   -1.9268015  941.5002  941.8049
2021 04 11 05 23 00    -5.0060982   -1.9253099  941.4999  941.8078
2021 04 11 05 24 00    -5.0030013   -1.9236828  941.5004  941.8206
2021 04 11 05 25 00    -4.9997076   -1.9218644  941.5011  941.8285
2021 04 11 05 26 00    -4.9961813   -1.9200767  941.5015  941.8329
2021 04 11 05 27 00    -4.9925740   -1.9183363  941.5016  941.8435
2021 04 11 05 28 00    -4.9888750   -1.9164655  941.5018  941.8504
2021 04 11 05 29 00    -4.9850508   -1.9145413  941.5020  941.8418
2021 04 11 05 30 00    -4.9812443   -1.9127187  941.5020  941.8284
2021 04 11 05 31 00    -4.9775386   -1.9109535  941.5020  941.8250
2021 04 11 05 32 00    -4.9737081   -1.9090860  941.5021  941.8279
2021 04 11 05 33 00    -4.9695524   -1.9069552  941.5024  941.8238
2021 04 11 05 34 00    -4.9652538   -1.9046331  941.5023  941.8096
2021 04 11 05 35 00    -4.9609664   -1.9023867  941.5015  941.7946
2021 04 11 05 36 00    -4.9565440   -1.9002683  941.5003  941.7904
2021 04 11 05 37 00    -4.9519378   -1.8980896  941.4994  941.7997
2021 04 11 05 38 00    -4.9472735   -1.8957489  941.4993  941.8153
2021 04 11 05 39 00    -4.9425210   -1.8933337  941.4995  941.8274
2021 04 11 05 40 00    -4.9375786   -1.8909145  941.4995  941.8322
2021 04 11 05 41 00    -4.9325516   -1.8884570  941.4990  941.8330
2021 04 11 05 42 00    -4.9275366   -1.8859091  941.4983  941.8344
2021 04 11 05 43 00    -4.9224079   -1.8832236  941.4978  941.8351
2021 04 11 05 44 00    -4.9171088   -1.8804748  941.4977  941.8304
2021 04 11 05 45 00    -4.9117798   -1.8778228  941.4972  941.8222
2021 04 11 05 46 00    -4.9064332   -1.8752413  941.4956  941.8212
2021 04 11 05 47 00    -4.9008615   -1.8725332  941.4944  941.8317
2021 04 11 05 48 00    -4.8950209   -1.8696071  941.4944  941.8433
2021 04 11 05 49 00    -4.8891653   -1.8666665  941.4950  941.8436
2021 04 11 05 50 00    -4.8834542   -1.8639044  941.4948  941.8316
2021 04 11 05 51 00    -4.8777158   -1.8610590  941.4937  941.8153
2021 04 11 05 52 00    -4.8717441   -1.8578739  941.4922  941.8030
2021 04 11 05 53 00    -4.8655842   -1.8546257  941.4903  941.7986
2021 04 11 05 54 00    -4.8593024   -1.8515408  941.4890  941.7950
2021 04 11 05 55 00    -4.8528594   -1.8484097  941.4880  941.7848
2021 04 11 05 56 00    -4.8463421   -1.8451215  941.4869  941.7727
2021 04 11 05 57 00    -4.8398931   -1.8418422  941.4856  941.7611
2021 04 11 05 58 00    -4.8334875   -1.8386505  941.4840  941.7430
2021 04 11 05 59 00    -4.8269306   -1.8354073  941.4816  941.7262
2021 04 11 06 00 00    -4.8200544   -1.8319742  941.4792  941.7294
2021 04 11 06 01 00    -4.8130108   -1.8284453  941.4775  941.7516
2021 04 11 06 02 00    -4.8060883   -1.8249602  941.4763  941.7742
2021 04 11 06 03 00    -4.7991453   -1.8214338  941.4753  941.7848
2021 04 11 06 04 00    -4.7918411   -1.8177739  941.4742  941.7843
2021 04 11 06 05 00    -4.7843225   -1.8140875  941.4725  941.7814
2021 04 11 06 06 00    -4.7769001   -1.8104485  941.4704  941.7844
2021 04 11 06 07 00    -4.7694679   -1.8067363  941.4690  941.7895
2021 04 11 06 08 00    -4.7618238   -1.8028541  941.4684  941.7899
2021 04 11 06 09 00    -4.7539865   -1.7988798  941.4679  941.7879
2021 04 11 06 10 00    -4.7460357   -1.7949233  941.4667  941.7897
2021 04 11 06 11 00    -4.7380420   -1.7909857  941.4652  941.7967
2021 04 11 06 12 00    -4.7300167   -1.7869554  941.4639  941.8058
2021 04 11 06 13 00    -4.7218899   -1.7827943  941.4627  941.8108
2021 04 11 06 14 00    -4.7136785   -1.7786590  941.4616  941.8090
2021 04 11 06 15 00    -4.7053922   -1.7745595  941.4605  941.8064
2021 04 11 06 16 00    -4.6969540   -1.7702899  941.4592  941.8097
2021 04 11 06 17 00    -4.6884739   -1.7659490  941.4582  941.8169
2021 04 11 06 18 00    -4.6801130   -1.7618253  941.4578  941.8209
2021 04 11 06 19 00    -4.6717326   -1.7577702  941.4573  941.8204
2021 04 11 06 20 00    -4.6631202   -1.7534662  941.4567  941.8182
2021 04 11 06 21 00    -4.6543477   -1.7490345  941.4561  941.8114
2021 04 11 06 22 00    -4.6455820   -1.7446839  941.4551  941.7969
2021 04 11 06 23 00    -4.6367720   -1.7403081  941.4535  941.7829
2021 04 11 06 24 00    -4.6277910   -1.7358112  941.4518  941.7819
2021 04 11 06 25 00    -4.6186395   -1.7312442  941.4506  941.7951
2021 04 11 06 26 00    -4.6094568   -1.7266708  941.4496  941.8126
2021 04 11 06 27 00    -4.6003383   -1.7220797  941.4489  941.8245
2021 04 11 06 28 00    -4.5910460   -1.7173080  941.4484  941.8284
2021 04 11 06 29 00    -4.5813914   -1.7123525  941.4482  941.8302
2021 04 11 06 30 00    -4.5717225   -1.7074970  941.4482  941.8353
2021 04 11 06 31 00    -4.5623115   -1.7027998  941.4481  941.8402
2021 04 11 06 32 00    -4.5528136   -1.6980431  941.4470  941.8385
2021 04 11 06 33 00    -4.5429751   -1.6932036  941.4453  941.8299
2021 04 11 06 34 00    -4.5331310   -1.6883985  941.4440  941.8176
2021 04 11 06 35 00    -4.5234433   -1.6835263  941.4434  941.8061
2021 04 11 06 36 00    -4.5136033   -1.6784459  941.4429  941.7986
2021 04 11 06 37 00    -4.5035547   -1.6732994  941.4421  941.7926
2021 04 11 06 38 00    -4.4935029   -1.6682686  941.4407  941.7831
2021 04 11 06 39 00    -4.4833997   -1.6632491  941.4386  941.7708
2021 04 11 06 40 00    -4.4731620   -1.6581199  941.4366  941.7620
2021 04 11 06 41 00    -4.4629241   -1.6530198  941.4354  941.7585
2021 04 11 06 42 00    -4.4526366   -1.6479380  941.4338  941.7517
2021 04 11 06 43 00    -4.4420748   -1.6426191  941.4311  941.7343
2021 04 11 06 44 00    -4.4313640   -1.6371335  941.4284  941.7135
2021 04 11 06 45 00    -4.4208580   -1.6318760  941.4265  941.7017
2021 04 11 06 46 00    -4.4105170   -1.6269139  941.4248  941.7022
2021 04 11 06 47 00    -4.3999167   -1.6217828  941.4225  941.7085
2021 04 11 06 48 00    -4.3889087   -1.6162027  941.4195  941.7125
2021 04 11 06 49 00    -4.3776725   -1.6104640  941.4166  941.7142
2021 04 11 06 50 00    -4.3663117   -1.6047971  941.4147  941.7193
2021 04 11 06 51 00    -4.3550068   -1.5991745  941.4137  941.7308
2021 04 11 06 52 00    -4.3439034   -1.5935896  941.4124  941.7460
2021 04 11 06 53 00    -4.3326827   -1.5879055  941.4105  941.7606
2021 04 11 06 54 00    -4.3211114   -1.5820578  941.4091  941.7728
2021 04 11 06 55 00    -4.3095752   -1.5763672  941.4082  941.7867
2021 04 11 06 56 00    -4.2983082   -1.5708453  941.4075  941.8035
2021 04 11 06 57 00    -4.2869421   -1.5650188  941.4070  941.8173
2021 04 11 06 58 00    -4.2753262   -1.5589970  941.4066  941.8257
2021 04 11 06 59 00    -4.2637212   -1.5532870  941.4066  941.8306
2021 04 11 07 00 00    -4.2521330   -1.5477340  941.4067  941.8322
2021 04 11 07 01 00    -4.2404430   -1.5419475  941.4064  941.8299
2021 04 11 07 02 00    -4.2287072   -1.5359590  941.4054  941.8226
2021 04 11 07 03 00    -4.2169239   -1.5299449  941.4042  941.8096
2021 04 11 07 04 00    -4.2051239   -1.5240238  941.4037  941.7956
2021 04 11 07 05 00    -4.1933884   -1.5182093  941.4041  941.7886
2021 04 11 07 06 00    -4.1815205   -1.5123275  941.4033  941.7906
2021 04 11 07 07 00    -4.1693498   -1.5062386  941.4009  941.7979
2021 04 11 07 08 00    -4.1570393   -1.5000204  941.3989  941.8074
2021 04 11 07 09 00    -4.1447243   -1.4938188  941.3984  941.8168
2021 04 11 07 10 00    -4.1324831   -1.4877170  941.3987  941.8218
2021 04 11 07 11 00    -4.1203709   -1.4816914  941.3983  941.8202
2021 04 11 07 12 00    -4.1081888   -1.4756342  941.3975  941.8155
2021 04 11 07 13 00    -4.0958094   -1.4694674  941.3969  941.8140
2021 04 11 07 14 00    -4.0834009   -1.4631687  941.3965  941.8187
2021 04 11 07 15 00    -4.0710624   -1.4568425  941.3960  941.8282
2021 04 11 07 16 00    -4.0586630   -1.4506517  941.3961  941.8408
2021 04 11 07 17 00    -4.0459846   -1.4444511  941.3965  941.8573
2021 04 11 07 18 00    -4.0330490   -1.4380257  941.3964  941.8753
2021 04 11 07 19 00    -4.0202223   -1.4315794  941.3962  941.8870
2021 04 11 07 20 00    -4.0076471   -1.4252518  941.3969  941.8880
2021 04 11 07 21 00    -3.9950143   -1.4188563  941.3983  941.8810
2021 04 11 07 22 00    -3.9822021   -1.4124445  941.3995  941.8707
2021 04 11 07 23 00    -3.9694243   -1.4061564  941.3999  941.8615
2021 04 11 07 24 00    -3.9566859   -1.3998033  941.3995  941.8546
2021 04 11 07 25 00    -3.9438641   -1.3932410  941.3990  941.8483
2021 04 11 07 26 00    -3.9309974   -1.3866317  941.3988  941.8445
2021 04 11 07 27 00    -3.9180629   -1.3801777  941.3987  941.8465
2021 04 11 07 28 00    -3.9050987   -1.3738639  941.3982  941.8509
2021 04 11 07 29 00    -3.8922741   -1.3674771  941.3972  941.8493
2021 04 11 07 30 00    -3.8795066   -1.3609523  941.3964  941.8392
2021 04 11 07 31 00    -3.8666037   -1.3544342  941.3961  941.8265
2021 04 11 07 32 00    -3.8535446   -1.3479131  941.3962  941.8157
2021 04 11 07 33 00    -3.8404170   -1.3413520  941.3962  941.8050
2021 04 11 07 34 00    -3.8273274   -1.3348386  941.3952  941.7899
2021 04 11 07 35 00    -3.8142711   -1.3282852  941.3930  941.7689
2021 04 11 07 36 00    -3.8011125   -1.3216102  941.3904  941.7462
2021 04 11 07 37 00    -3.7878227   -1.3149623  941.3885  941.7301
2021 04 11 07 38 00    -3.7746288   -1.3084108  941.3874  941.7248
2021 04 11 07 39 00    -3.7615886   -1.3018213  941.3857  941.7242
2021 04 11 07 40 00    -3.7484175   -1.2951126  941.3832  941.7193
2021 04 11 07 41 00    -3.7351434   -1.2884775  941.3808  941.7097
2021 04 11 07 42 00    -3.7219648   -1.2819973  941.3785  941.7038
2021 04 11 07 43 00    -3.7086619   -1.2753522  941.3757  941.7050
2021 04 11 07 44 00    -3.6951187   -1.2684826  941.3734  941.7063
2021 04 11 07 45 00    -3.6815707   -1.2617291  941.3721  941.7024
2021 04 11 07 46 00    -3.6680889   -1.2550927  941.3708  941.6977
2021 04 11 07 47 00    -3.6545978   -1.2482960  941.3689  941.6968
2021 04 11 07 48 00    -3.6411412   -1.2414113  941.3671  941.6971
2021 04 11 07 49 00    -3.6278050   -1.2347183  941.3656  941.6944
2021 04 11 07 50 00    -3.6145068   -1.2281479  941.3638  941.6867
2021 04 11 07 51 00    -3.6010206   -1.2214136  941.3613  941.6746
2021 04 11 07 52 00    -3.5873144   -1.2145029  941.3586  941.6632
2021 04 11 07 53 00    -3.5736310   -1.2076158  941.3562  941.6583
2021 04 11 07 54 00    -3.5601151   -1.2008380  941.3544  941.6594
2021 04 11 07 55 00    -3.5466539   -1.1940983  941.3528  941.6590
2021 04 11 07 56 00    -3.5331068   -1.1873451  941.3505  941.6518
2021 04 11 07 57 00    -3.5194429   -1.1805869  941.3475  941.6400
2021 04 11 07 58 00    -3.5057718   -1.1738040  941.3441  941.6312
2021 04 11 07 59 00    -3.4922109   -1.1669960  941.3410  941.6308
2021 04 11 08 00 00    -3.4786197   -1.1601383  941.3388  941.6369
2021 04 11 08 01 00    -3.4649032   -1.1532293  941.3372  941.6409
2021 04 11 08 02 00    -3.4513268   -1.1464250  941.3349  941.6351
2021 04 11 08 03 00    -3.4379369   -1.1396859  941.3318  941.6256
2021 04 11 08 04 00    -3.4243792   -1.1328247  941.3291  941.6278
2021 04 11 08 05 00    -3.4105597   -1.1259681  941.3270  941.6425
2021 04 11 08 06 00    -3.3967258   -1.1192121  941.3249  941.6548
2021 04 11 08 07 00    -3.3830453   -1.1124051  941.3232  941.6580
2021 04 11 08 08 00    -3.3693749   -1.1054806  941.3223  941.6604
2021 04 11 08 09 00    -3.3554916   -1.0984550  941.3213  941.6680
2021 04 11 08 10 00    -3.3415852   -1.0914390  941.3194  941.6757
2021 04 11 08 11 00    -3.3279361   -1.0846327  941.3178  941.6774
2021 04 11 08 12 00    -3.3143996   -1.0779916  941.3170  941.6732
2021 04 11 08 13 00    -3.3007721   -1.0712212  941.3158  941.6667
2021 04 11 08 14 00    -3.2870620   -1.0642514  941.3131  941.6613
2021 04 11 08 15 00    -3.2733465   -1.0573599  941.3102  941.6558
2021 04 11 08 16 00    -3.2597018   -1.0506245  941.3082  941.6463
2021 04 11 08 17 00    -3.2460853   -1.0437964  941.3066  941.6354
2021 04 11 08 18 00    -3.2323909   -1.0368917  941.3050  941.6305
2021 04 11 08 19 00    -3.2187067   -1.0301475  941.3037  941.6336
2021 04 11 08 20 00    -3.2052058   -1.0234994  941.3025  941.6380
2021 04 11 08 21 00    -3.1917857   -1.0166929  941.3004  941.6361
2021 04 11 08 22 00    -3.1782584   -1.0097175  941.2976  941.6290
2021 04 11 08 23 00    -3.1647449   -1.0028817  941.2953  941.6272
2021 04 11 08 24 00    -3.1513501   -0.9963063  941.2936  941.6359
2021 04 11 08 25 00    -3.1378908   -0.9896703  941.2919  941.6457
2021 04 11 08 26 00    -3.1243410   -0.9828451  941.2899  941.6495
2021 04 11 08 27 00    -3.1108748   -0.9760520  941.2881  941.6545
2021 04 11 08 28 00    -3.0973648   -0.9692694  941.2869  941.6674
2021 04 11 08 29 00    -3.0836589   -0.9623758  941.2862  941.6838
2021 04 11 08 30 00    -3.0700583   -0.9555773  941.2857  941.6968
2021 04 11 08 31 00    -3.0567213   -0.9489960  941.2853  941.7032
2021 04 11 08 32 00    -3.0433469   -0.9423770  941.2850  941.7005
2021 04 11 08 33 00    -3.0298527   -0.9355746  941.2850  941.6931
2021 04 11 08 34 00    -3.0164601   -0.9287694  941.2847  941.6954
2021 04 11 08 35 00    -3.0031884   -0.9221123  941.2839  941.7135
2021 04 11 08 36 00    -2.9898987   -0.9154874  941.2836  941.7361
2021 04 11 08 37 00    -2.9765697   -0.9087372  941.2844  941.7502
2021 04 11 08 38 00    -2.9632685   -0.9020102  941.2851  941.7546
2021 04 11 08 39 00    -2.9500482   -0.8954831  941.2850  941.7550
2021 04 11 08 40 00    -2.9368819   -0.8889915  941.2849  941.7536
2021 04 11 08 41 00    -2.9237140   -0.8823835  941.2850  941.7484
2021 04 11 08 42 00    -2.9105930   -0.8757263  941.2847  941.7444
2021 04 11 08 43 00    -2.8975211   -0.8690673  941.2841  941.7478
2021 04 11 08 44 00    -2.8843715   -0.8624768  941.2841  941.7538
2021 04 11 08 45 00    -2.8712387   -0.8560514  941.2845  941.7564
2021 04 11 08 46 00    -2.8584009   -0.8496547  941.2843  941.7593
2021 04 11 08 47 00    -2.8457081   -0.8431389  941.2835  941.7620
2021 04 11 08 48 00    -2.8327914   -0.8366597  941.2830  941.7558
2021 04 11 08 49 00    -2.8198952   -0.8303586  941.2831  941.7384
2021 04 11 08 50 00    -2.8073995   -0.8241419  941.2828  941.7174
2021 04 11 08 51 00    -2.7949953   -0.8178676  941.2817  941.6991
2021 04 11 08 52 00    -2.7823325   -0.8114702  941.2802  941.6849
2021 04 11 08 53 00    -2.7696301   -0.8050506  941.2788  941.6833
2021 04 11 08 54 00    -2.7571410   -0.7987950  941.2773  941.7026
2021 04 11 08 55 00    -2.7447070   -0.7926812  941.2760  941.7306
2021 04 11 08 56 00    -2.7320518   -0.7864857  941.2756  941.7451
2021 04 11 08 57 00    -2.7192181   -0.7801290  941.2759  941.7414
2021 04 11 08 58 00    -2.7065051   -0.7737491  941.2757  941.7323
2021 04 11 08 59 00    -2.6940982   -0.7674469  941.2745  941.7294
2021 04 11 09 00 00    -2.6818939   -0.7612456  941.2734  941.7371
2021 04 11 09 01 00    -2.6696175   -0.7551224  941.2732  941.7506
2021 04 11 09 02 00    -2.6572001   -0.7489609  941.2728  941.7570
2021 04 11 09 03 00    -2.6448636   -0.7427668  941.2716  941.7498
2021 04 11 09 04 00    -2.6327499   -0.7367204  941.2709  941.7383
2021 04 11 09 05 00    -2.6207944   -0.7307587  941.2712  941.7292
2021 04 11 09 06 00    -2.6088425   -0.7246382  941.2713  941.7171
2021 04 11 09 07 00    -2.5968294   -0.7184998  941.2702  941.7037
2021 04 11 09 08 00    -2.5848651   -0.7126104  941.2687  941.7007
2021 04 11 09 09 00    -2.5730154   -0.7068220  941.2678  941.7093
2021 04 11 09 10 00    -2.5612492   -0.7009205  941.2673  941.7171
2021 04 11 09 11 00    -2.5495866   -0.6949965  941.2667  941.7146
2021 04 11 09 12 00    -2.5380100   -0.6891827  941.2661  941.7050
2021 04 11 09 13 00    -2.5263769   -0.6833689  941.2656  941.6963
2021 04 11 09 14 00    -2.5146753   -0.6774208  941.2645  941.6910
2021 04 11 09 15 00    -2.5031046   -0.6714785  941.2625  941.6846
2021 04 11 09 16 00    -2.4917464   -0.6657445  941.2608  941.6734
2021 04 11 09 17 00    -2.4804675   -0.6602093  941.2601  941.6676
2021 04 11 09 18 00    -2.4691344   -0.6546791  941.2595  941.6815
2021 04 11 09 19 00    -2.4577220   -0.6489521  941.2584  941.7079
2021 04 11 09 20 00    -2.4462751   -0.6430445  941.2575  941.7304
2021 04 11 09 21 00    -2.4349292   -0.6372650  941.2575  941.7496
2021 04 11 09 22 00    -2.4238540   -0.6318624  941.2581  941.7635
2021 04 11 09 23 00    -2.4130318   -0.6266353  941.2591  941.7553
2021 04 11 09 24 00    -2.4022597   -0.6212630  941.2594  941.7298
2021 04 11 09 25 00    -2.3913250   -0.6157210  941.2582  941.7114
2021 04 11 09 26 00    -2.3802524   -0.6101525  941.2563  941.7048
2021 04 11 09 27 00    -2.3693295   -0.6047406  941.2550  941.7114
2021 04 11 09 28 00    -2.3586752   -0.5995138  941.2547  941.7422
2021 04 11 09 29 00    -2.3481787   -0.5943004  941.2554  941.7828
2021 04 11 09 30 00    -2.3377491   -0.5890425  941.2566  941.8072
2021 04 11 09 31 00    -2.3273504   -0.5837921  941.2574  941.8165
2021 04 11 09 32 00    -2.3169588   -0.5785752  941.2574  941.8164
2021 04 11 09 33 00    -2.3065577   -0.5734087  941.2574  941.8038
2021 04 11 09 34 00    -2.2962800   -0.5682667  941.2574  941.7825
2021 04 11 09 35 00    -2.2862114   -0.5630902  941.2565  941.7583
2021 04 11 09 36 00    -2.2761675   -0.5578877  941.2545  941.7392
2021 04 11 09 37 00    -2.2661273   -0.5528203  941.2529  941.7347
2021 04 11 09 38 00    -2.2563336   -0.5480112  941.2525  941.7401
2021 04 11 09 39 00    -2.2467726   -0.5433124  941.2522  941.7445
2021 04 11 09 40 00    -2.2371480   -0.5385274  941.2513  941.7541
2021 04 11 09 41 00    -2.2274185   -0.5336970  941.2506  941.7814
2021 04 11 09 42 00    -2.2178143   -0.5289518  941.2509  941.8049
2021 04 11 09 43 00    -2.2083098   -0.5242190  941.2520  941.7924
2021 04 11 09 44 00    -2.1987217   -0.5193449  941.2525  941.7657
2021 04 11 09 45 00    -2.1891845   -0.5144744  941.2525  941.7638
2021 04 11 09 46 00    -2.1799229   -0.5098495  941.2532  941.7796
2021 04 11 09 47 00    -2.1708146   -0.5053193  941.2545  941.7997
2021 04 11 09 48 00    -2.1616624   -0.5007048  941.2556  941.8266
2021 04 11 09 49 00    -2.1525913   -0.4962110  941.2568  941.8416
2021 04 11 09 50 00    -2.1436654   -0.4918519  941.2584  941.8356
2021 04 11 09 51 00    -2.1346685   -0.4873526  941.2595  941.8360
2021 04 11 09 52 00    -2.1257016   -0.4828033  941.2602  941.8521
2021 04 11 09 53 00    -2.1171174   -0.4784767  941.2608  941.8593
2021 04 11 09 54 00    -2.1088038   -0.4742787  941.2614  941.8445
2021 04 11 09 55 00    -2.1003688   -0.4699875  941.2622  941.8205
2021 04 11 09 56 00    -2.0918138   -0.4656439  941.2632  941.8070
2021 04 11 09 57 00    -2.0834182   -0.4613938  941.2636  941.8044
2021 04 11 09 58 00    -2.0752627   -0.4573039  941.2628  941.7965
2021 04 11 09 59 00    -2.0673568   -0.4533979  941.2618  941.7829
2021 04 11 10 00 00    -2.0596704   -0.4495942  941.2612  941.7693
2021 04 11 10 01 00    -2.0518641   -0.4457499  941.2603  941.7468
2021 04 11 10 02 00    -2.0438615   -0.4418426  941.2589  941.7235
2021 04 11 10 03 00    -2.0361470   -0.4379698  941.2579  941.7336
2021 04 11 10 04 00    -2.0288270   -0.4342158  941.2575  941.7740
2021 04 11 10 05 00    -2.0214573   -0.4305207  941.2574  941.7940
2021 04 11 10 06 00    -2.0138325   -0.4267564  941.2571  941.7718
2021 04 11 10 07 00    -2.0062098   -0.4229926  941.2558  941.7448
2021 04 11 10 08 00    -1.9989046   -0.4193497  941.2540  941.7449
2021 04 11 10 09 00    -1.9918540   -0.4157485  941.2525  941.7612
2021 04 11 10 10 00    -1.9848707   -0.4121955  941.2516  941.7789
2021 04 11 10 11 00    -1.9779606   -0.4087587  941.2513  941.7869
2021 04 11 10 12 00    -1.9710754   -0.4053463  941.2511  941.7577
2021 04 11 10 13 00    -1.9642627   -0.4020023  941.2504  941.6907
2021 04 11 10 14 00    -1.9576601   -0.3987783  941.2486  941.6429
2021 04 11 10 15 00    -1.9511622   -0.3955010  941.2457  941.6564
2021 04 11 10 16 00    -1.9447665   -0.3922000  941.2428  941.6961
2021 04 11 10 17 00    -1.9385828   -0.3890646  941.2408  941.7100
2021 04 11 10 18 00    -1.9324380   -0.3860471  941.2391  941.6911
2021 04 11 10 19 00    -1.9262187   -0.3830318  941.2367  941.6600
2021 04 11 10 20 00    -1.9200987   -0.3800012  941.2339  941.6465
2021 04 11 10 21 00    -1.9142052   -0.3769682  941.2314  941.6504
2021 04 11 10 22 00    -1.9084764   -0.3739745  941.2291  941.6437
2021 04 11 10 23 00    -1.9027870   -0.3710715  941.2268  941.6434
2021 04 11 10 24 00    -1.8971413   -0.3683044  941.2249  941.6619
2021 04 11 10 25 00    -1.8916469   -0.3656298  941.2231  941.6572
2021 04 11 10 26 00    -1.8863543   -0.3629450  941.2207  941.6392
2021 04 11 10 27 00    -1.8811843   -0.3602848  941.2183  941.6613
2021 04 11 10 28 00    -1.8759039   -0.3576542  941.2165  941.7072
2021 04 11 10 29 00    -1.8705292   -0.3549590  941.2140  941.7290
2021 04 11 10 30 00    -1.8654644   -0.3523472  941.2112  941.7278
2021 04 11 10 31 00    -1.8607304   -0.3499668  941.2091  941.7234
2021 04 11 10 32 00    -1.8558786   -0.3475747  941.2083  941.7115
2021 04 11 10 33 00    -1.8509402   -0.3451001  941.2077  941.6879
2021 04 11 10 34 00    -1.8463592   -0.3428998  941.2065  941.6642
2021 04 11 10 35 00    -1.8420726   -0.3409701  941.2046  941.6500
2021 04 11 10 36 00    -1.8377641   -0.3388915  941.2028  941.6569
2021 04 11 10 37 00    -1.8334724   -0.3365988  941.2016  941.6790
2021 04 11 10 38 00    -1.8292435   -0.3343232  941.2005  941.6749
2021 04 11 10 39 00    -1.8250802   -0.3321884  941.1994  941.6436
2021 04 11 10 40 00    -1.8211568   -0.3302805  941.1981  941.6368
2021 04 11 10 41 00    -1.8175445   -0.3285658  941.1961  941.6646
2021 04 11 10 42 00    -1.8141217   -0.3268525  941.1944  941.6933
2021 04 11 10 43 00    -1.8106332   -0.3250565  941.1938  941.7004
2021 04 11 10 44 00    -1.8069900   -0.3232665  941.1933  941.6863
2021 04 11 10 45 00    -1.8035300   -0.3216013  941.1919  941.6684
2021 04 11 10 46 00    -1.8003939   -0.3200057  941.1899  941.6573
2021 04 11 10 47 00    -1.7973791   -0.3183981  941.1881  941.6460
2021 04 11 10 48 00    -1.7944889   -0.3169318  941.1868  941.6230
2021 04 11 10 49 00    -1.7916843   -0.3155790  941.1851  941.5892
2021 04 11 10 50 00    -1.7888064   -0.3141427  941.1820  941.5653
2021 04 11 10 51 00    -1.7860195   -0.3127886  941.1779  941.5648
2021 04 11 10 52 00    -1.7835544   -0.3116393  941.1742  941.5663
2021 04 11 10 53 00    -1.7812990   -0.3104763  941.1715  941.5412
2021 04 11 10 54 00    -1.7789847   -0.3092226  941.1691  941.5034
2021 04 11 10 55 00    -1.7767021   -0.3080754  941.1664  941.4877
2021 04 11 10 56 00    -1.7747888   -0.3071763  941.1637  941.4917
2021 04 11 10 57 00    -1.7730421   -0.3063350  941.1606  941.4873
2021 04 11 10 58 00    -1.7710914   -0.3053433  941.1572  941.4752
2021 04 11 10 59 00    -1.7691574   -0.3043299  941.1535  941.4833
2021 04 11 11 00 00    -1.7674200   -0.3033882  941.1499  941.5128
2021 04 11 11 01 00    -1.7657920   -0.3024812  941.1471  941.5179
2021 04 11 11 02 00    -1.7644113   -0.3017506  941.1448  941.4768
2021 04 11 11 03 00    -1.7632980   -0.3012670  941.1422  941.4326
2021 04 11 11 04 00    -1.7622885   -0.3008581  941.1387  941.4082
2021 04 11 11 05 00    -1.7614097   -0.3004397  941.1345  941.3820
2021 04 11 11 06 00    -1.7606137   -0.3000600  941.1298  941.3539
2021 04 11 11 07 00    -1.7598208   -0.2997084  941.1243  941.3323
2021 04 11 11 08 00    -1.7591009   -0.2993274  941.1188  941.3116
2021 04 11 11 09 00    -1.7583742   -0.2989110  941.1139  941.2945
2021 04 11 11 10 00    -1.7576718   -0.2985705  941.1094  941.2837
2021 04 11 11 11 00    -1.7572916   -0.2984574  941.1044  941.2754
2021 04 11 11 12 00    -1.7572136   -0.2985612  941.0992  941.2762
2021 04 11 11 13 00    -1.7571313   -0.2986454  941.0941  941.2941
2021 04 11 11 14 00    -1.7569932   -0.2985279  941.0892  941.3067
2021 04 11 11 15 00    -1.7570029   -0.2984038  941.0846  941.2826
2021 04 11 11 16 00    -1.7572575   -0.2985045  941.0797  941.2425
2021 04 11 11 17 00    -1.7576302   -0.2986801  941.0744  941.2334
2021 04 11 11 18 00    -1.7580139   -0.2988161  941.0696  941.2459
2021 04 11 11 19 00    -1.7584814   -0.2990551  941.0648  941.2379
2021 04 11 11 20 00    -1.7591487   -0.2994263  941.0594  941.2082
2021 04 11 11 21 00    -1.7599601   -0.2998436  941.0538  941.1875
2021 04 11 11 22 00    -1.7608057   -0.3003135  941.0487  941.2032
2021 04 11 11 23 00    -1.7617962   -0.3008673  941.0448  941.2521
2021 04 11 11 24 00    -1.7629995   -0.3014880  941.0417  941.2827
2021 04 11 11 25 00    -1.7642662   -0.3021503  941.0384  941.2519
2021 04 11 11 26 00    -1.7655349   -0.3027918  941.0343  941.1965
2021 04 11 11 27 00    -1.7668547   -0.3033935  941.0301  941.1805
2021 04 11 11 28 00    -1.7683046   -0.3040842  941.0266  941.2120
2021 04 11 11 29 00    -1.7699582   -0.3049367  941.0237  941.2481
2021 04 11 11 30 00    -1.7717672   -0.3058915  941.0203  941.2488
2021 04 11 11 31 00    -1.7737153   -0.3069192  941.0162  941.2297
2021 04 11 11 32 00    -1.7758723   -0.3079928  941.0119  941.2250
2021 04 11 11 33 00    -1.7781577   -0.3090364  941.0080  941.2122
2021 04 11 11 34 00    -1.7803689   -0.3100285  941.0042  941.1713
2021 04 11 11 35 00    -1.7825341   -0.3111143  941.0001  941.1491
2021 04 11 11 36 00    -1.7849329   -0.3124212  940.9958  941.1797
2021 04 11 11 37 00    -1.7876142   -0.3137594  940.9924  941.2336
2021 04 11 11 38 00    -1.7903869   -0.3149722  940.9903  941.2662
2021 04 11 11 39 00    -1.7931181   -0.3162403  940.9883  941.2600
2021 04 11 11 40 00    -1.7957516   -0.3176670  940.9850  941.2371
2021 04 11 11 41 00    -1.7985033   -0.3192004  940.9807  941.2240
2021 04 11 11 42 00    -1.8016375   -0.3208095  940.9772  941.2070
2021 04 11 11 43 00    -1.8049615   -0.3223814  940.9748  941.1733
2021 04 11 11 44 00    -1.8082288   -0.3239341  940.9723  941.1486
2021 04 11 11 45 00    -1.8115598   -0.3256558  940.9688  941.1497
2021 04 11 11 46 00    -1.8150667   -0.3275165  940.9648  941.1649
2021 04 11 11 47 00    -1.8187004   -0.3293811  940.9612  941.1812
2021 04 11 11 48 00    -1.8224620   -0.3312265  940.9580  941.1888
2021 04 11 11 49 00    -1.8263876   -0.3330973  940.9551  941.1824
2021 04 11 11 50 00    -1.8305012   -0.3351466  940.9519  941.1744
2021 04 11 11 51 00    -1.8347292   -0.3373609  940.9482  941.1816
2021 04 11 11 52 00    -1.8389356   -0.3394572  940.9446  941.1997
2021 04 11 11 53 00    -1.8431910   -0.3414606  940.9417  941.2055
2021 04 11 11 54 00    -1.8476222   -0.3436834  940.9395  941.1806
2021 04 11 11 55 00    -1.8521826   -0.3460714  940.9368  941.1318
2021 04 11 11 56 00    -1.8568337   -0.3483990  940.9329  941.0932
2021 04 11 11 57 00    -1.8616272   -0.3507697  940.9288  941.0860
2021 04 11 11 58 00    -1.8665893   -0.3532920  940.9252  941.0966
2021 04 11 11 59 00    -1.8716109   -0.3558199  940.9217  941.1115
2021 04 11 12 00 00    -1.8765932   -0.3582981  940.9176  941.1163
2021 04 11 12 01 00    -1.8817006   -0.3608592  940.9127  941.0786
2021 04 11 12 02 00    -1.8870585   -0.3635108  940.9071  941.0210
2021 04 11 12 03 00    -1.8925035   -0.3661365  940.9014  941.0322
2021 04 11 12 04 00    -1.8980493   -0.3688507  940.8966  941.0991
2021 04 11 12 05 00    -1.9038801   -0.3718464  940.8928  941.1044
2021 04 11 12 06 00    -1.9098103   -0.3749611  940.8891  941.0417
2021 04 11 12 07 00    -1.9156579   -0.3779563  940.8848  940.9913
2021 04 11 12 08 00    -1.9216233   -0.3808709  940.8798  940.9782
2021 04 11 12 09 00    -1.9277395   -0.3838425  940.8747  941.0033
2021 04 11 12 10 00    -1.9338605   -0.3869390  940.8704  941.0487
2021 04 11 12 11 00    -1.9400531   -0.3900483  940.8669  941.0719
2021 04 11 12 12 00    -1.9464212   -0.3931241  940.8635  941.0627
2021 04 11 12 13 00    -1.9529608   -0.3963906  940.8597  941.0324
2021 04 11 12 14 00    -1.9595894   -0.3998654  940.8556  940.9962
2021 04 11 12 15 00    -1.9661766   -0.4032950  940.8512  940.9833
2021 04 11 12 16 00    -1.9727388   -0.4065833  940.8465  941.0037
2021 04 11 12 17 00    -1.9794436   -0.4098423  940.8421  941.0292
2021 04 11 12 18 00    -1.9862683   -0.4131706  940.8389  941.0321
2021 04 11 12 19 00    -1.9930235   -0.4165364  940.8365  941.0360
2021 04 11 12 20 00    -1.9998500   -0.4199436  940.8342  941.0717
2021 04 11 12 21 00    -2.0070225   -0.4234962  940.8320  941.0862
2021 04 11 12 22 00    -2.0143833   -0.4272066  940.8299  941.0412
2021 04 11 12 23 00    -2.0217214   -0.4309581  940.8274  941.0164
2021 04 11 12 24 00    -2.0290786   -0.4346969  940.8245  941.0588
2021 04 11 12 25 00    -2.0364841   -0.4384639  940.8216  941.0974
2021 04 11 12 26 00    -2.0440648   -0.4422386  940.8190  941.0871
2021 04 11 12 27 00    -2.0519369   -0.4460733  940.8165  941.0853
2021 04 11 12 28 00    -2.0598928   -0.4500671  940.8138  941.1203
2021 04 11 12 29 00    -2.0677496   -0.4540585  940.8114  941.1129
2021 04 11 12 30 00    -2.0756697   -0.4579626  940.8093  941.0488
2021 04 11 12 31 00    -2.0837698   -0.4619801  940.8070  941.0286
2021 04 11 12 32 00    -2.0919280   -0.4661395  940.8044  941.0706
2021 04 11 12 33 00    -2.1001783   -0.4703157  940.8020  941.0936
2021 04 11 12 34 00    -2.1086837   -0.4745291  940.7999  941.0659
2021 04 11 12 35 00    -2.1173908   -0.4788595  940.7974  941.0184
2021 04 11 12 36 00    -2.1261328   -0.4832645  940.7943  940.9732
2021 04 11 12 37 00    -2.1348850   -0.4876538  940.7906  940.9356
2021 04 11 12 38 00    -2.1438064   -0.4921314  940.7865  940.9219
2021 04 11 12 39 00    -2.1529604   -0.4967594  940.7825  940.9293
2021 04 11 12 40 00    -2.1620909   -0.5012955  940.7787  940.9215
2021 04 11 12 41 00    -2.1710931   -0.5057047  940.7746  940.8898
2021 04 11 12 42 00    -2.1802447   -0.5102528  940.7699  940.8551
2021 04 11 12 43 00    -2.1896609   -0.5150057  940.7649  940.8206
2021 04 11 12 44 00    -2.1992136   -0.5198580  940.7599  940.7936
2021 04 11 12 45 00    -2.2087462   -0.5246418  940.7551  940.7923
2021 04 11 12 46 00    -2.2182053   -0.5293302  940.7506  940.8042
2021 04 11 12 47 00    -2.2278599   -0.5342228  940.7464  940.8067
2021 04 11 12 48 00    -2.2377538   -0.5393044  940.7427  940.7956
2021 04 11 12 49 00    -2.2474757   -0.5441690  940.7388  940.7742
2021 04 11 12 50 00    -2.2570663   -0.5488722  940.7340  940.7614
2021 04 11 12 51 00    -2.2668849   -0.5537757  940.7286  940.7786
2021 04 11 12 52 00    -2.2768428   -0.5588607  940.7247  940.8087
2021 04 11 12 53 00    -2.2867895   -0.5639020  940.7227  940.8220
2021 04 11 12 54 00    -2.2967980   -0.5688423  940.7205  940.8248
2021 04 11 12 55 00    -2.3068671   -0.5738048  940.7173  940.8389
2021 04 11 12 56 00    -2.3169166   -0.5788706  940.7141  940.8694
2021 04 11 12 57 00    -2.3269281   -0.5839232  940.7120  940.9008
2021 04 11 12 58 00    -2.3370472   -0.5889168  940.7108  940.9179
2021 04 11 12 59 00    -2.3473813   -0.5939788  940.7098  940.9348
2021 04 11 13 00 00    -2.3578036   -0.5991607  940.7083  940.9628
2021 04 11 13 01 00    -2.3683152   -0.6044618  940.7066  940.9773
2021 04 11 13 02 00    -2.3790556   -0.6098570  940.7050  940.9570
2021 04 11 13 03 00    -2.3898715   -0.6152405  940.7034  940.9187
2021 04 11 13 04 00    -2.4006035   -0.6206206  940.7013  940.9016
2021 04 11 13 05 00    -2.4113882   -0.6260797  940.6989  940.9304
2021 04 11 13 06 00    -2.4222086   -0.6315388  940.6972  940.9890
2021 04 11 13 07 00    -2.4328862   -0.6368975  940.6966  941.0329
2021 04 11 13 08 00    -2.4435435   -0.6422390  940.6965  941.0437
2021 04 11 13 09 00    -2.4544332   -0.6477306  940.6961  941.0690
2021 04 11 13 10 00    -2.4656159   -0.6533946  940.6954  941.1409
2021 04 11 13 11 00    -2.4769553   -0.6590479  940.6950  941.1927
2021 04 11 13 12 00    -2.4881556   -0.6645646  940.6953  941.1634
2021 04 11 13 13 00    -2.4991504   -0.6700981  940.6959  941.0874
2021 04 11 13 14 00    -2.5102873   -0.6758316  940.6961  941.0453
2021 04 11 13 15 00    -2.5217148   -0.6816699  940.6959  941.0876
2021 04 11 13 16 00    -2.5331878   -0.6874122  940.6958  941.1692
2021 04 11 13 17 00    -2.5445994   -0.6930359  940.6964  941.2187
2021 04 11 13 18 00    -2.5560763   -0.6986724  940.6982  941.2453
2021 04 11 13 19 00    -2.5676503   -0.7044619  940.7012  941.2587
2021 04 11 13 20 00    -2.5791672   -0.7103486  940.7050  941.2327
2021 04 11 13 21 00    -2.5906267   -0.7161454  940.7083  941.2042
2021 04 11 13 22 00    -2.6023556   -0.7219250  940.7107  941.2206
2021 04 11 13 23 00    -2.6143431   -0.7278302  940.7126  941.2511
2021 04 11 13 24 00    -2.6262154   -0.7337937  940.7147  941.2749
2021 04 11 13 25 00    -2.6381007   -0.7398175  940.7169  941.3069
2021 04 11 13 26 00    -2.6502611   -0.7458995  940.7195  941.3163
2021 04 11 13 27 00    -2.6624710   -0.7519529  940.7221  941.2829
2021 04 11 13 28 00    -2.6745469   -0.7580162  940.7237  941.2607
2021 04 11 13 29 00    -2.6866027   -0.7640879  940.7245  941.2828
2021 04 11 13 30 00    -2.6988090   -0.7701633  940.7255  941.3061
2021 04 11 13 31 00    -2.7112854   -0.7763529  940.7273  941.2945
2021 04 11 13 32 00    -2.7238695   -0.7825747  940.7292  941.2762
2021 04 11 13 33 00    -2.7362969   -0.7887450  940.7312  941.2833
2021 04 11 13 34 00    -2.7486871   -0.7950399  940.7336  941.2992
2021 04 11 13 35 00    -2.7611984   -0.8014310  940.7358  941.3002
2021 04 11 13 36 00    -2.7737145   -0.8076980  940.7373  941.2931
2021 04 11 13 37 00    -2.7862892   -0.8139380  940.7382  941.2941
2021 04 11 13 38 00    -2.7991102   -0.8203902  940.7393  941.3017
2021 04 11 13 39 00    -2.8120149   -0.8269237  940.7406  941.2997
2021 04 11 13 40 00    -2.8247256   -0.8332559  940.7415  941.2857
2021 04 11 13 41 00    -2.8373788   -0.8395611  940.7422  941.2812
2021 04 11 13 42 00    -2.8502119   -0.8460758  940.7433  941.3056
2021 04 11 13 43 00    -2.8631279   -0.8525012  940.7450  941.3356
2021 04 11 13 44 00    -2.8759776   -0.8586247  940.7463  941.3142
2021 04 11 13 45 00    -2.8887695   -0.8648041  940.7469  941.2586
2021 04 11 13 46 00    -2.9016397   -0.8713794  940.7474  941.2551
2021 04 11 13 47 00    -2.9146577   -0.8781809  940.7489  941.3016
2021 04 11 13 48 00    -2.9275994   -0.8848219  940.7516  941.3344
2021 04 11 13 49 00    -2.9403442   -0.8912031  940.7547  941.3491
2021 04 11 13 50 00    -2.9531199   -0.8975446  940.7571  941.3577
2021 04 11 13 51 00    -2.9661614   -0.9040762  940.7587  941.3548
2021 04 11 13 52 00    -2.9795062   -0.9107947  940.7602  941.3521
2021 04 11 13 53 00    -2.9928448   -0.9174532  940.7623  941.3657
2021 04 11 13 54 00    -3.0058617   -0.9239079  940.7644  941.3918
2021 04 11 13 55 00    -3.0187623   -0.9303878  940.7664  941.4210
2021 04 11 13 56 00    -3.0317742   -0.9370602  940.7696  941.4484
2021 04 11 13 57 00    -3.0448174   -0.9436932  940.7746  941.4745
2021 04 11 13 58 00    -3.0578192   -0.9501165  940.7800  941.5194
2021 04 11 13 59 00    -3.0707461   -0.9565058  940.7850  941.5880
2021 04 11 14 00 00    -3.0837456   -0.9630390  940.7902  941.6346
2021 04 11 14 01 00    -3.0969495   -0.9696262  940.7959  941.6439
2021 04 11 14 02 00    -3.1101601   -0.9761646  940.8019  941.6714
2021 04 11 14 03 00    -3.1233801   -0.9827690  940.8080  941.7334
2021 04 11 14 04 00    -3.1367038   -0.9894517  940.8146  941.7667
2021 04 11 14 05 00    -3.1498148   -0.9960086  940.8219  941.7518
2021 04 11 14 06 00    -3.1627310   -1.0024632  940.8298  941.7498
2021 04 11 14 07 00    -3.1759059   -1.0090480  940.8378  941.7890
2021 04 11 14 08 00    -3.1892613   -1.0157371  940.8454  941.8360
2021 04 11 14 09 00    -3.2024289   -1.0223213  940.8533  941.8658
2021 04 11 14 10 00    -3.2153867   -1.0287543  940.8625  941.8872
2021 04 11 14 11 00    -3.2283114   -1.0351805  940.8718  941.9259
2021 04 11 14 12 00    -3.2413835   -1.0417282  940.8804  942.0057
2021 04 11 14 13 00    -3.2546048   -1.0483397  940.8894  942.1005
2021 04 11 14 14 00    -3.2678024   -1.0549139  940.8999  942.1410
2021 04 11 14 15 00    -3.2810340   -1.0615454  940.9111  942.1370
2021 04 11 14 16 00    -3.2945083   -1.0684036  940.9217  942.1447
2021 04 11 14 17 00    -3.3080024   -1.0753358  940.9318  942.1568
2021 04 11 14 18 00    -3.3212079   -1.0820200  940.9420  942.1951
2021 04 11 14 19 00    -3.3344078   -1.0885581  940.9523  942.2767
2021 04 11 14 20 00    -3.3478180   -1.0952231  940.9627  942.3296
2021 04 11 14 21 00    -3.3610979   -1.1018918  940.9729  942.3480
2021 04 11 14 22 00    -3.3741876   -1.1084259  940.9827  942.3809
2021 04 11 14 23 00    -3.3874754   -1.1150101  940.9925  942.4042
2021 04 11 14 24 00    -3.4010252   -1.1217289  941.0037  942.4053
2021 04 11 14 25 00    -3.4145812   -1.1284750  941.0160  942.4124
2021 04 11 14 26 00    -3.4280562   -1.1352761  941.0287  942.4273
2021 04 11 14 27 00    -3.4414488   -1.1421456  941.0415  942.4520
2021 04 11 14 28 00    -3.4547287   -1.1488978  941.0541  942.4828
2021 04 11 14 29 00    -3.4680869   -1.1555381  941.0667  942.4931
2021 04 11 14 30 00    -3.4817713   -1.1623314  941.0790  942.4835
2021 04 11 14 31 00    -3.4955842   -1.1692353  941.0901  942.4672
2021 04 11 14 32 00    -3.5091452   -1.1759334  941.1000  942.4476
2021 04 11 14 33 00    -3.5225276   -1.1824614  941.1094  942.4414
2021 04 11 14 34 00    -3.5359888   -1.1891094  941.1187  942.4541
2021 04 11 14 35 00    -3.5494900   -1.1959151  941.1281  942.4734
2021 04 11 14 36 00    -3.5629685   -1.2028084  941.1379  942.4922
2021 04 11 14 37 00    -3.5765014   -1.2097563  941.1478  942.4943
2021 04 11 14 38 00    -3.5901073   -1.2165777  941.1571  942.4770
2021 04 11 14 39 00    -3.6037308   -1.2232345  941.1655  942.4691
2021 04 11 14 40 00    -3.6171967   -1.2299466  941.1739  942.4859
2021 04 11 14 41 00    -3.6303276   -1.2366620  941.1830  942.5142
2021 04 11 14 42 00    -3.6433024   -1.2431912  941.1923  942.5309
2021 04 11 14 43 00    -3.6564587   -1.2497028  941.2013  942.5299
2021 04 11 14 44 00    -3.6698324   -1.2563809  941.2107  942.5322
2021 04 11 14 45 00    -3.6832274   -1.2631321  941.2207  942.5478
2021 04 11 14 46 00    -3.6964548   -1.2698271  941.2303  942.5714
2021 04 11 14 47 00    -3.7094608   -1.2763564  941.2398  942.6065
2021 04 11 14 48 00    -3.7224182   -1.2827071  941.2493  942.6483
2021 04 11 14 49 00    -3.7355504   -1.2891049  941.2587  942.6736
2021 04 11 14 50 00    -3.7488064   -1.2957634  941.2681  942.6733
2021 04 11 14 51 00    -3.7618586   -1.3025182  941.2782  942.6685
2021 04 11 14 52 00    -3.7745878   -1.3090135  941.2883  942.6769
2021 04 11 14 53 00    -3.7873469   -1.3152984  941.2974  942.6886
2021 04 11 14 54 00    -3.8004262   -1.3217132  941.3061  942.6885
2021 04 11 14 55 00    -3.8135861   -1.3282602  941.3147  942.6737
2021 04 11 14 56 00    -3.8265174   -1.3347604  941.3222  942.6574
2021 04 11 14 57 00    -3.8393977   -1.3412374  941.3291  942.6637
2021 04 11 14 58 00    -3.8523595   -1.3477000  941.3368  942.6985
2021 04 11 14 59 00    -3.8651385   -1.3540938  941.3458  942.7355
2021 04 11 15 00 00    -3.8777717   -1.3604884  941.3548  942.7535
2021 04 11 15 01 00    -3.8904376   -1.3669027  941.3633  942.7695
2021 04 11 15 02 00    -3.9030278   -1.3732685  941.3718  942.8022
2021 04 11 15 03 00    -3.9156390   -1.3796295  941.3809  942.8366
2021 04 11 15 04 00    -3.9283949   -1.3860139  941.3905  942.8596
2021 04 11 15 05 00    -3.9411023   -1.3923576  941.4003  942.8803
2021 04 11 15 06 00    -3.9536981   -1.3986433  941.4099  942.9014
2021 04 11 15 07 00    -3.9663156   -1.4048939  941.4195  942.9092
2021 04 11 15 08 00    -3.9789642   -1.4111390  941.4294  942.9024
2021 04 11 15 09 00    -3.9915157   -1.4174147  941.4393  942.9085
2021 04 11 15 10 00    -4.0038368   -1.4236620  941.4485  942.9364
2021 04 11 15 11 00    -4.0159882   -1.4298084  941.4575  942.9561
2021 04 11 15 12 00    -4.0282973   -1.4360321  941.4670  942.9539
2021 04 11 15 13 00    -4.0409131   -1.4424186  941.4767  942.9482
2021 04 11 15 14 00    -4.0535416   -1.4486733  941.4857  942.9485
2021 04 11 15 15 00    -4.0659728   -1.4547698  941.4935  942.9378
2021 04 11 15 16 00    -4.0783705   -1.4610018  941.5002  942.9103
2021 04 11 15 17 00    -4.0908003   -1.4673317  941.5067  942.8903
2021 04 11 15 18 00    -4.1030396   -1.4735344  941.5142  942.8974
2021 04 11 15 19 00    -4.1150400   -1.4795703  941.5225  942.9295
2021 04 11 15 20 00    -4.1270027   -1.4855118  941.5309  942.9680
2021 04 11 15 21 00    -4.1390037   -1.4914632  941.5390  942.9919
2021 04 11 15 22 00    -4.1509869   -1.4975076  941.5470  943.0009
2021 04 11 15 23 00    -4.1629001   -1.5035862  941.5543  942.9977
2021 04 11 15 24 00    -4.1747130   -1.5095012  941.5610  942.9819
2021 04 11 15 25 00    -4.1864449   -1.5152166  941.5675  942.9766
2021 04 11 15 26 00    -4.1981338   -1.5209710  941.5742  943.0003
2021 04 11 15 27 00    -4.2097868   -1.5268229  941.5818  943.0313
2021 04 11 15 28 00    -4.2213509   -1.5325769  941.5900  943.0477
2021 04 11 15 29 00    -4.2327836   -1.5382533  941.5978  943.0616
2021 04 11 15 30 00    -4.2441551   -1.5439802  941.6054  943.0795
2021 04 11 15 31 00    -4.2555313   -1.5496949  941.6136  943.0812
2021 04 11 15 32 00    -4.2668674   -1.5553598  941.6222  943.0721
2021 04 11 15 33 00    -4.2781840   -1.5610220  941.6306  943.0830
2021 04 11 15 34 00    -4.2895373   -1.5666740  941.6386  943.1019
2021 04 11 15 35 00    -4.3007979   -1.5722688  941.6459  943.0951
2021 04 11 15 36 00    -4.3118628   -1.5777354  941.6530  943.0781
2021 04 11 15 37 00    -4.3228418   -1.5831888  941.6603  943.0898
2021 04 11 15 38 00    -4.3338121   -1.5888145  941.6684  943.1283
2021 04 11 15 39 00    -4.3447021   -1.5944317  941.6774  943.1720
2021 04 11 15 40 00    -4.3554450   -1.5998518  941.6868  943.2107
2021 04 11 15 41 00    -4.3661029   -1.6051774  941.6955  943.2359
2021 04 11 15 42 00    -4.3768340   -1.6104794  941.7036  943.2508
2021 04 11 15 43 00    -4.3877011   -1.6158205  941.7121  943.2688
2021 04 11 15 44 00    -4.3985354   -1.6212529  941.7214  943.2862
2021 04 11 15 45 00    -4.4092082   -1.6266675  941.7306  943.2872
2021 04 11 15 46 00    -4.4198736   -1.6320294  941.7388  943.2643
2021 04 11 15 47 00    -4.4305412   -1.6374176  941.7460  943.2293
2021 04 11 15 48 00    -4.4410055   -1.6427418  941.7526  943.1999
2021 04 11 15 49 00    -4.4513087   -1.6478317  941.7587  943.1754
2021 04 11 15 50 00    -4.4615232   -1.6527590  941.7646  943.1547
2021 04 11 15 51 00    -4.4716354   -1.6577917  941.7699  943.1572
2021 04 11 15 52 00    -4.4817335   -1.6629677  941.7748  943.1896
2021 04 11 15 53 00    -4.4917509   -1.6680646  941.7800  943.2329
2021 04 11 15 54 00    -4.5015604   -1.6729868  941.7863  943.2705
2021 04 11 15 55 00    -4.5112238   -1.6777466  941.7935  943.2846
2021 04 11 15 56 00    -4.5208628   -1.6824905  941.8010  943.2736
2021 04 11 15 57 00    -4.5305572   -1.6874709  941.8084  943.2742
2021 04 11 15 58 00    -4.5402542   -1.6925240  941.8157  943.2870
2021 04 11 15 59 00    -4.5498616   -1.6973263  941.8223  943.2670
2021 04 11 16 00 00    -4.5593554   -1.7019557  941.8282  943.2384
2021 04 11 16 01 00    -4.5687180   -1.7065558  941.8345  943.2634
2021 04 11 16 02 00    -4.5780077   -1.7111770  941.8416  943.3226
2021 04 11 16 03 00    -4.5872369   -1.7158820  941.8486  943.3648
2021 04 11 16 04 00    -4.5962662   -1.7205466  941.8557  943.3900
2021 04 11 16 05 00    -4.6051347   -1.7250357  941.8634  943.4159
2021 04 11 16 06 00    -4.6140914   -1.7294577  941.8713  943.4338
2021 04 11 16 07 00    -4.6231136   -1.7338499  941.8792  943.4291
2021 04 11 16 08 00    -4.6318564   -1.7381131  941.8876  943.4260
2021 04 11 16 09 00    -4.6402336   -1.7423393  941.8965  943.4687
2021 04 11 16 10 00    -4.6484852   -1.7465911  941.9053  943.5603
2021 04 11 16 11 00    -4.6566870   -1.7506974  941.9145  943.6509
2021 04 11 16 12 00    -4.6648991   -1.7547111  941.9243  943.6747
2021 04 11 16 13 00    -4.6733344   -1.7589230  941.9340  943.6216
2021 04 11 16 14 00    -4.6819540   -1.7633472  941.9425  943.5641
2021 04 11 16 15 00    -4.6905663   -1.7678036  941.9496  943.5524
2021 04 11 16 16 00    -4.6990279   -1.7721328  941.9559  943.5585
2021 04 11 16 17 00    -4.7070884   -1.7761057  941.9628  943.5609
2021 04 11 16 18 00    -4.7147558   -1.7797540  941.9701  943.5655
2021 04 11 16 19 00    -4.7224702   -1.7834974  941.9766  943.5682
2021 04 11 16 20 00    -4.7304027   -1.7874713  941.9821  943.5733
2021 04 11 16 21 00    -4.7381900   -1.7913819  941.9875  943.5898
2021 04 11 16 22 00    -4.7456651   -1.7951885  941.9937  943.6039
2021 04 11 16 23 00    -4.7531380   -1.7990740  942.0007  943.6082
2021 04 11 16 24 00    -4.7606661   -1.8028848  942.0078  943.6174
2021 04 11 16 25 00    -4.7679399   -1.8064250  942.0141  943.6389
2021 04 11 16 26 00    -4.7749723   -1.8098838  942.0201  943.6617
2021 04 11 16 27 00    -4.7820251   -1.8134248  942.0268  943.6757
2021 04 11 16 28 00    -4.7890876   -1.8169434  942.0343  943.6896
2021 04 11 16 29 00    -4.7960687   -1.8204381  942.0418  943.7164
2021 04 11 16 30 00    -4.8031123   -1.8240235  942.0494  943.7348
2021 04 11 16 31 00    -4.8102432   -1.8276292  942.0573  943.7111
2021 04 11 16 32 00    -4.8171024   -1.8310477  942.0643  943.6665
2021 04 11 16 33 00    -4.8235021   -1.8342323  942.0696  943.6561
2021 04 11 16 34 00    -4.8297702   -1.8373642  942.0747  943.6851
2021 04 11 16 35 00    -4.8361755   -1.8405268  942.0811  943.7178
2021 04 11 16 36 00    -4.8426080   -1.8436684  942.0882  943.7394
2021 04 11 16 37 00    -4.8488698   -1.8467980  942.0950  943.7585
2021 04 11 16 38 00    -4.8548826   -1.8498526  942.1019  943.7791
2021 04 11 16 39 00    -4.8608203   -1.8528017  942.1087  943.7888
2021 04 11 16 40 00    -4.8668509   -1.8557885  942.1154  943.7703
2021 04 11 16 41 00    -4.8727659   -1.8588063  942.1221  943.7427
2021 04 11 16 42 00    -4.8784651   -1.8617171  942.1286  943.7414
2021 04 11 16 43 00    -4.8842023   -1.8645064  942.1346  943.7486
2021 04 11 16 44 00    -4.8899138   -1.8672065  942.1406  943.7349
2021 04 11 16 45 00    -4.8953679   -1.8699099  942.1471  943.7160
2021 04 11 16 46 00    -4.9007653   -1.8726644  942.1526  943.7061
2021 04 11 16 47 00    -4.9062028   -1.8753442  942.1570  943.7027
2021 04 11 16 48 00    -4.9114427   -1.8780013  942.1616  943.7134
2021 04 11 16 49 00    -4.9165330   -1.8807571  942.1668  943.7368
2021 04 11 16 50 00    -4.9215932   -1.8833904  942.1714  943.7526
2021 04 11 16 51 00    -4.9264801   -1.8857353  942.1760  943.7491
2021 04 11 16 52 00    -4.9311689   -1.8879906  942.1811  943.7381
2021 04 11 16 53 00    -4.9357686   -1.8903355  942.1865  943.7346
2021 04 11 16 54 00    -4.9403599   -1.8927187  942.1916  943.7295
2021 04 11 16 55 00    -4.9450119   -1.8950320  942.1961  943.7131
2021 04 11 16 56 00    -4.9495707   -1.8972268  942.1997  943.7035
2021 04 11 16 57 00    -4.9538422   -1.8993185  942.2035  943.7190
2021 04 11 16 58 00    -4.9579560   -1.9014276  942.2083  943.7471
2021 04 11 16 59 00    -4.9619977   -1.9036101  942.2136  943.7623
2021 04 11 17 00 00    -4.9658665   -1.9056748  942.2182  943.7539
2021 04 11 17 01 00    -4.9696414   -1.9074991  942.2221  943.7402
2021 04 11 17 02 00    -4.9733996   -1.9092802  942.2265  943.7444
2021 04 11 17 03 00    -4.9769943   -1.9111491  942.2319  943.7675
2021 04 11 17 04 00    -4.9803380   -1.9128836  942.2372  943.7990
2021 04 11 17 05 00    -4.9835470   -1.9143886  942.2419  943.8310
2021 04 11 17 06 00    -4.9867901   -1.9159765  942.2470  943.8532
2021 04 11 17 07 00    -4.9901042   -1.9177780  942.2527  943.8571
2021 04 11 17 08 00    -4.9933811   -1.9194914  942.2588  943.8508
2021 04 11 17 09 00    -4.9965499   -1.9209726  942.2643  943.8450
2021 04 11 17 10 00    -4.9995993   -1.9224172  942.2691  943.8386
2021 04 11 17 11 00    -5.0025046   -1.9238744  942.2737  943.8393
2021 04 11 17 12 00    -5.0052159   -1.9251983  942.2784  943.8553
2021 04 11 17 13 00    -5.0077066   -1.9263908  942.2835  943.8726
2021 04 11 17 14 00    -5.0101528   -1.9275736  942.2890  943.8799
2021 04 11 17 15 00    -5.0126765   -1.9287781  942.2943  943.8854
2021 04 11 17 16 00    -5.0150205   -1.9299675  942.2990  943.8937
2021 04 11 17 17 00    -5.0170751   -1.9311462  942.3040  943.8995
2021 04 11 17 18 00    -5.0191608   -1.9323076  942.3095  943.9044
2021 04 11 17 19 00    -5.0213730   -1.9333511  942.3148  943.9103
2021 04 11 17 20 00    -5.0234012   -1.9342049  942.3196  943.9040
2021 04 11 17 21 00    -5.0251511   -1.9349929  942.3246  943.8790
2021 04 11 17 22 00    -5.0268610   -1.9359251  942.3299  943.8595
2021 04 11 17 23 00    -5.0286377   -1.9369275  942.3349  943.8665
2021 04 11 17 24 00    -5.0302838   -1.9376743  942.3399  943.8862
2021 04 11 17 25 00    -5.0316133   -1.9381782  942.3447  943.8996
2021 04 11 17 26 00    -5.0328143   -1.9387990  942.3489  943.9111
2021 04 11 17 27 00    -5.0341075   -1.9396297  942.3533  943.9291
2021 04 11 17 28 00    -5.0352288   -1.9403933  942.3589  943.9446
2021 04 11 17 29 00    -5.0359897   -1.9408396  942.3651  943.9514
2021 04 11 17 30 00    -5.0366979   -1.9410236  942.3708  943.9614
2021 04 11 17 31 00    -5.0374073   -1.9411884  942.3762  943.9849
2021 04 11 17 32 00    -5.0379113   -1.9414723  942.3815  944.0174
2021 04 11 17 33 00    -5.0383756   -1.9418107  942.3872  944.0440
2021 04 11 17 34 00    -5.0389122   -1.9420770  942.3936  944.0587
2021 04 11 17 35 00    -5.0393294   -1.9422833  942.3999  944.0758
2021 04 11 17 36 00    -5.0395590   -1.9424046  942.4064  944.1014
2021 04 11 17 37 00    -5.0395864   -1.9423034  942.4133  944.1227
2021 04 11 17 38 00    -5.0395224   -1.9421863  942.4200  944.1365
2021 04 11 17 39 00    -5.0396103   -1.9422708  942.4261  944.1467
2021 04 11 17 40 00    -5.0396017   -1.9422338  942.4323  944.1535
2021 04 11 17 41 00    -5.0392157   -1.9419557  942.4392  944.1633
2021 04 11 17 42 00    -5.0388444   -1.9418276  942.4468  944.1795
2021 04 11 17 43 00    -5.0386825   -1.9418867  942.4541  944.1952
2021 04 11 17 44 00    -5.0383318   -1.9417234  942.4605  944.2079
2021 04 11 17 45 00    -5.0375769   -1.9412232  942.4663  944.2146
2021 04 11 17 46 00    -5.0366137   -1.9406983  942.4724  944.2097
2021 04 11 17 47 00    -5.0357144   -1.9403620  942.4792  944.2085
2021 04 11 17 48 00    -5.0349031   -1.9400358  942.4861  944.2340
2021 04 11 17 49 00    -5.0339876   -1.9394888  942.4930  944.2708
2021 04 11 17 50 00    -5.0329063   -1.9388484  942.5000  944.2821
2021 04 11 17 51 00    -5.0317577   -1.9382882  942.5074  944.2657
2021 04 11 17 52 00    -5.0305697   -1.9377079  942.5147  944.2433
2021 04 11 17 53 00    -5.0292784   -1.9371320  942.5210  944.2191
2021 04 11 17 54 00    -5.0278386   -1.9365800  942.5269  944.1936
2021 04 11 17 55 00    -5.0261811   -1.9357260  942.5325  944.1950
2021 04 11 17 56 00    -5.0243524   -1.9346089  942.5383  944.2330
2021 04 11 17 57 00    -5.0225797   -1.9336969  942.5447  944.2593
2021 04 11 17 58 00    -5.0207285   -1.9328886  942.5516  944.2546
2021 04 11 17 59 00    -5.0184823   -1.9317338  942.5584  944.2646
2021 04 11 18 00 00    -5.0161548   -1.9304265  942.5650  944.3007
2021 04 11 18 01 00    -5.0140914   -1.9293957  942.5717  944.3304
2021 04 11 18 02 00    -5.0119310   -1.9284016  942.5787  944.3497
2021 04 11 18 03 00    -5.0093751   -1.9270667  942.5854  944.3650
2021 04 11 18 04 00    -5.0066556   -1.9255963  942.5919  944.3656
2021 04 11 18 05 00    -5.0039642   -1.9242917  942.5987  944.3559
2021 04 11 18 06 00    -5.0012433   -1.9230764  942.6060  944.3542
2021 04 11 18 07 00    -4.9985239   -1.9217784  942.6129  944.3611
2021 04 11 18 08 00    -4.9958559   -1.9204177  942.6187  944.3579
2021 04 11 18 09 00    -4.9931228   -1.9190483  942.6239  944.3385
2021 04 11 18 10 00    -4.9902898   -1.9176042  942.6296  944.3284
2021 04 11 18 11 00    -4.9873633   -1.9160684  942.6361  944.3336
2021 04 11 18 12 00    -4.9842628   -1.9145007  942.6423  944.3256
2021 04 11 18 13 00    -4.9810101   -1.9129249  942.6476  944.3089
2021 04 11 18 14 00    -4.9775968   -1.9113005  942.6521  944.3087
2021 04 11 18 15 00    -4.9740220   -1.9095217  942.6567  944.3122
2021 04 11 18 16 00    -4.9704927   -1.9076014  942.6613  944.3077
2021 04 11 18 17 00    -4.9669594   -1.9056962  942.6662  944.3186
2021 04 11 18 18 00    -4.9631006   -1.9038336  942.6717  944.3535
2021 04 11 18 19 00    -4.9589814   -1.9019193  942.6775  944.3937
2021 04 11 18 20 00    -4.9548778   -1.8999388  942.6834  944.4287
2021 04 11 18 21 00    -4.9507524   -1.8979284  942.6892  944.4494
2021 04 11 18 22 00    -4.9464847   -1.8958276  942.6949  944.4507
2021 04 11 18 23 00    -4.9421187   -1.8935531  942.7007  944.4506
2021 04 11 18 24 00    -4.9377244   -1.8912490  942.7070  944.4652
2021 04 11 18 25 00    -4.9333119   -1.8891261  942.7137  944.4912
2021 04 11 18 26 00    -4.9287529   -1.8869968  942.7202  944.5216
2021 04 11 18 27 00    -4.9238985   -1.8845301  942.7262  944.5510
2021 04 11 18 28 00    -4.9188825   -1.8819148  942.7325  944.5721
2021 04 11 18 29 00    -4.9139885   -1.8795257  942.7398  944.5816
2021 04 11 18 30 00    -4.9091913   -1.8772229  942.7476  944.5892
2021 04 11 18 31 00    -4.9042203   -1.8747288  942.7553  944.6063
2021 04 11 18 32 00    -4.8990335   -1.8721283  942.7626  944.6280
2021 04 11 18 33 00    -4.8938053   -1.8695354  942.7699  944.6435
2021 04 11 18 34 00    -4.8886334   -1.8668931  942.7780  944.6554
2021 04 11 18 35 00    -4.8834571   -1.8642059  942.7866  944.6721
2021 04 11 18 36 00    -4.8781361   -1.8615422  942.7954  944.6919
2021 04 11 18 37 00    -4.8726844   -1.8588577  942.8040  944.7058
2021 04 11 18 38 00    -4.8672692   -1.8561017  942.8125  944.7108
2021 04 11 18 39 00    -4.8619166   -1.8533711  942.8213  944.7120
2021 04 11 18 40 00    -4.8564381   -1.8506883  942.8306  944.7112
2021 04 11 18 41 00    -4.8507126   -1.8479078  942.8395  944.7074
2021 04 11 18 42 00    -4.8447954   -1.8449516  942.8475  944.7093
2021 04 11 18 43 00    -4.8387101   -1.8418584  942.8551  944.7291
2021 04 11 18 44 00    -4.8325650   -1.8387421  942.8631  944.7607
2021 04 11 18 45 00    -4.8264924   -1.8356692  942.8713  944.7869
2021 04 11 18 46 00    -4.8203229   -1.8325369  942.8800  944.8078
2021 04 11 18 47 00    -4.8139103   -1.8292847  942.8892  944.8326
2021 04 11 18 48 00    -4.8073727   -1.8260097  942.8986  944.8516
2021 04 11 18 49 00    -4.8009129   -1.8228220  942.9078  944.8539
2021 04 11 18 50 00    -4.7946369   -1.8197249  942.9168  944.8548
2021 04 11 18 51 00    -4.7882735   -1.8165386  942.9261  944.8669
2021 04 11 18 52 00    -4.7815305   -1.8131095  942.9356  944.8793
2021 04 11 18 53 00    -4.7746854   -1.8096036  942.9449  944.8815
2021 04 11 18 54 00    -4.7680134   -1.8062304  942.9542  944.8812
2021 04 11 18 55 00    -4.7612616   -1.8028426  942.9634  944.8920
2021 04 11 18 56 00    -4.7542791   -1.7992582  942.9721  944.9123
2021 04 11 18 57 00    -4.7472685   -1.7956594  942.9805  944.9285
2021 04 11 18 58 00    -4.7403142   -1.7922832  942.9894  944.9369
2021 04 11 18 59 00    -4.7333193   -1.7890006  942.9987  944.9423
2021 04 11 19 00 00    -4.7262012   -1.7854648  943.0078  944.9485
2021 04 11 19 01 00    -4.7189161   -1.7816159  943.0167  944.9588
2021 04 11 19 02 00    -4.7115408   -1.7778121  943.0260  944.9661
2021 04 11 19 03 00    -4.7042310   -1.7742695  943.0356  944.9627
2021 04 11 19 04 00    -4.6969744   -1.7707480  943.0446  944.9669
2021 04 11 19 05 00    -4.6896112   -1.7670360  943.0530  944.9956
2021 04 11 19 06 00    -4.6820153   -1.7631782  943.0612  945.0271
2021 04 11 19 07 00    -4.6742506   -1.7593033  943.0701  945.0254
2021 04 11 19 08 00    -4.6666084   -1.7555479  943.0793  944.9924
2021 04 11 19 09 00    -4.6590917   -1.7517493  943.0878  944.9748
2021 04 11 19 10 00    -4.6512738   -1.7476506  943.0958  945.0027
2021 04 11 19 11 00    -4.6431637   -1.7435589  943.1041  945.0463
2021 04 11 19 12 00    -4.6351370   -1.7397665  943.1127  945.0743
2021 04 11 19 13 00    -4.6270896   -1.7358680  943.1212  945.0912
2021 04 11 19 14 00    -4.6188774   -1.7316501  943.1299  945.0979
2021 04 11 19 15 00    -4.6107687   -1.7275440  943.1387  945.0970
2021 04 11 19 16 00    -4.6027360   -1.7236075  943.1474  945.1103
2021 04 11 19 17 00    -4.5943051   -1.7194051  943.1561  945.1407
2021 04 11 19 18 00    -4.5854780   -1.7149611  943.1653  945.1701
2021 04 11 19 19 00    -4.5768537   -1.7106180  943.1746  945.1937
2021 04 11 19 20 00    -4.5684716   -1.7063364  943.1841  945.2139
2021 04 11 19 21 00    -4.5598196   -1.7019500  943.1938  945.2290
2021 04 11 19 22 00    -4.5510657   -1.6975890  943.2033  945.2418
2021 04 11 19 23 00    -4.5426264   -1.6933623  943.2127  945.2558
2021 04 11 19 24 00    -4.5341316   -1.6890894  943.2224  945.2703
2021 04 11 19 25 00    -4.5252261   -1.6846627  943.2322  945.2836
2021 04 11 19 26 00    -4.5162385   -1.6801874  943.2416  945.2994
2021 04 11 19 27 00    -4.5073527   -1.6757023  943.2514  945.3277
2021 04 11 19 28 00    -4.4983617   -1.6712154  943.2625  945.3701
2021 04 11 19 29 00    -4.4892794   -1.6667803  943.2741  945.4094
2021 04 11 19 30 00    -4.4802621   -1.6623384  943.2853  945.4295
2021 04 11 19 31 00    -4.4712930   -1.6578086  943.2963  945.4367
2021 04 11 19 32 00    -4.4622302   -1.6531880  943.3068  945.4475
2021 04 11 19 33 00    -4.4529864   -1.6485265  943.3167  945.4667
2021 04 11 19 34 00    -4.4437706   -1.6439790  943.3270  945.4857
2021 04 11 19 35 00    -4.4346927   -1.6395677  943.3380  945.4940
2021 04 11 19 36 00    -4.4254873   -1.6350794  943.3487  945.4932
2021 04 11 19 37 00    -4.4162044   -1.6304696  943.3586  945.4945
2021 04 11 19 38 00    -4.4070811   -1.6258712  943.3684  945.5060
2021 04 11 19 39 00    -4.3978318   -1.6212323  943.3789  945.5304
2021 04 11 19 40 00    -4.3881982   -1.6164204  943.3898  945.5657
2021 04 11 19 41 00    -4.3784607   -1.6114780  943.4003  945.5995
2021 04 11 19 42 00    -4.3689294   -1.6065659  943.4106  945.6145
2021 04 11 19 43 00    -4.3595368   -1.6017285  943.4209  945.6118
2021 04 11 19 44 00    -4.3500270   -1.5969134  943.4313  945.6081
2021 04 11 19 45 00    -4.3404225   -1.5922072  943.4420  945.6102
2021 04 11 19 46 00    -4.3308839   -1.5875217  943.4529  945.6157
2021 04 11 19 47 00    -4.3213429   -1.5826291  943.4637  945.6251
2021 04 11 19 48 00    -4.3117822   -1.5777471  943.4740  945.6380
2021 04 11 19 49 00    -4.3022647   -1.5730584  943.4837  945.6510
2021 04 11 19 50 00    -4.2926492   -1.5682619  943.4931  945.6601
2021 04 11 19 51 00    -4.2828201   -1.5632154  943.5025  945.6617
2021 04 11 19 52 00    -4.2729543   -1.5582188  943.5120  945.6552
2021 04 11 19 53 00    -4.2632343   -1.5534616  943.5218  945.6416
2021 04 11 19 54 00    -4.2535805   -1.5487118  943.5313  945.6227
2021 04 11 19 55 00    -4.2438665   -1.5437971  943.5400  945.6063
2021 04 11 19 56 00    -4.2340611   -1.5388404  943.5483  945.6008
2021 04 11 19 57 00    -4.2242435   -1.5339459  943.5570  945.5986
2021 04 11 19 58 00    -4.2145815   -1.5291243  943.5652  945.5837
2021 04 11 19 59 00    -4.2049904   -1.5242805  943.5725  945.5582
2021 04 11 20 00 00    -4.1952219   -1.5192912  943.5795  945.5352
2021 04 11 20 01 00    -4.1853364   -1.5142498  943.5868  945.5155
2021 04 11 20 02 00    -4.1754548   -1.5092532  943.5936  945.4985
2021 04 11 20 03 00    -4.1655379   -1.5042345  943.5998  945.4937
2021 04 11 20 04 00    -4.1555799   -1.4992836  943.6063  945.5033
2021 04 11 20 05 00    -4.1454853   -1.4944316  943.6132  945.5139
2021 04 11 20 06 00    -4.1352067   -1.4894041  943.6196  945.5173
2021 04 11 20 07 00    -4.1249432   -1.4842226  943.6255  945.5270
2021 04 11 20 08 00    -4.1147769   -1.4791771  943.6321  945.5573
2021 04 11 20 09 00    -4.1045808   -1.4741476  943.6397  945.5967
2021 04 11 20 10 00    -4.0942057   -1.4688825  943.6479  945.6240
2021 04 11 20 11 00    -4.0836454   -1.4635308  943.6566  945.6378
2021 04 11 20 12 00    -4.0732091   -1.4583428  943.6654  945.6482
2021 04 11 20 13 00    -4.0630779   -1.4532809  943.6739  945.6616
2021 04 11 20 14 00    -4.0529632   -1.4481811  943.6818  945.6830
2021 04 11 20 15 00    -4.0426195   -1.4429980  943.6895  945.7065
2021 04 11 20 16 00    -4.0321790   -1.4378437  943.6979  945.7178
2021 04 11 20 17 00    -4.0218574   -1.4328188  943.7065  945.7187
2021 04 11 20 18 00    -4.0116384   -1.4277809  943.7144  945.7237
2021 04 11 20 19 00    -4.0013851   -1.4225762  943.7217  945.7349
2021 04 11 20 20 00    -3.9910029   -1.4172383  943.7293  945.7455
2021 04 11 20 21 00    -3.9804917   -1.4118496  943.7372  945.7522
2021 04 11 20 22 00    -3.9701003   -1.4066389  943.7453  945.7545
2021 04 11 20 23 00    -3.9599605   -1.4017292  943.7538  945.7587
2021 04 11 20 24 00    -3.9497561   -1.3967650  943.7620  945.7725
2021 04 11 20 25 00    -3.9393446   -1.3914683  943.7694  945.7916
2021 04 11 20 26 00    -3.9289918   -1.3860798  943.7767  945.8109
2021 04 11 20 27 00    -3.9187227   -1.3808597  943.7849  945.8329
2021 04 11 20 28 00    -3.9083235   -1.3757315  943.7940  945.8587
2021 04 11 20 29 00    -3.8978263   -1.3705291  943.8032  945.8872
2021 04 11 20 30 00    -3.8873028   -1.3652028  943.8120  945.9147
2021 04 11 20 31 00    -3.8767384   -1.3598454  943.8209  945.9349
2021 04 11 20 32 00    -3.8662510   -1.3545760  943.8301  945.9587
2021 04 11 20 33 00    -3.8558325   -1.3493165  943.8395  946.0023
2021 04 11 20 34 00    -3.8452850   -1.3439537  943.8500  946.0530
2021 04 11 20 35 00    -3.8346414   -1.3386088  943.8613  946.0961
2021 04 11 20 36 00    -3.8240880   -1.3334321  943.8725  946.1376
2021 04 11 20 37 00    -3.8136596   -1.3283694  943.8828  946.1700
2021 04 11 20 38 00    -3.8033670   -1.3232930  943.8936  946.1842
2021 04 11 20 39 00    -3.7931780   -1.3181334  943.9055  946.2047
2021 04 11 20 40 00    -3.7828929   -1.3128963  943.9177  946.2391
2021 04 11 20 41 00    -3.7724594   -1.3076888  943.9287  946.2620
2021 04 11 20 42 00    -3.7620743   -1.3025568  943.9392  946.2721
2021 04 11 20 43 00    -3.7518061   -1.2973975  943.9504  946.2851
2021 04 11 20 44 00    -3.7415388   -1.2922013  943.9621  946.2999
2021 04 11 20 45 00    -3.7312900   -1.2870386  943.9731  946.3059
2021 04 11 20 46 00    -3.7211424   -1.2818691  943.9836  946.3025
2021 04 11 20 47 00    -3.7109004   -1.2766660  943.9950  946.3084
2021 04 11 20 48 00    -3.7003922   -1.2714771  944.0075  946.3385
2021 04 11 20 49 00    -3.6899043   -1.2663267  944.0200  946.3851
2021 04 11 20 50 00    -3.6797402   -1.2612271  944.0318  946.4182
2021 04 11 20 51 00    -3.6698291   -1.2561754  944.0431  946.4176
2021 04 11 20 52 00    -3.6599159   -1.2511028  944.0549  946.4148
2021 04 11 20 53 00    -3.6497653   -1.2459254  944.0676  946.4407
2021 04 11 20 54 00    -3.6394267   -1.2406879  944.0805  946.4697
2021 04 11 20 55 00    -3.6291813   -1.2355987  944.0928  946.4813
2021 04 11 20 56 00    -3.6191182   -1.2307223  944.1046  946.4955
2021 04 11 20 57 00    -3.6091056   -1.2257424  944.1166  946.5161
2021 04 11 20 58 00    -3.5991183   -1.2205263  944.1287  946.5267
2021 04 11 20 59 00    -3.5892111   -1.2154478  944.1404  946.5314
2021 04 11 21 00 00    -3.5792500   -1.2106494  944.1521  946.5441
2021 04 11 21 01 00    -3.5691279   -1.2057837  944.1644  946.5643
2021 04 11 21 02 00    -3.5590020   -1.2006416  944.1772  946.5907
2021 04 11 21 03 00    -3.5490394   -1.1954768  944.1903  946.6272
2021 04 11 21 04 00    -3.5392464   -1.1905802  944.2038  946.6614
2021 04 11 21 05 00    -3.5295252   -1.1858084  944.2172  946.6726
2021 04 11 21 06 00    -3.5197878   -1.1809478  944.2294  946.6670
2021 04 11 21 07 00    -3.5100769   -1.1760923  944.2413  946.6710
2021 04 11 21 08 00    -3.5004500   -1.1712711  944.2540  946.6833
2021 04 11 21 09 00    -3.4908709   -1.1664076  944.2667  946.6786
2021 04 11 21 10 00    -3.4813012   -1.1616045  944.2782  946.6612
2021 04 11 21 11 00    -3.4717191   -1.1568976  944.2890  946.6593
2021 04 11 21 12 00    -3.4621824   -1.1521721  944.3001  946.6773
2021 04 11 21 13 00    -3.4527562   -1.1474177  944.3116  946.6986
2021 04 11 21 14 00    -3.4433714   -1.1427090  944.3236  946.7146
2021 04 11 21 15 00    -3.4340777   -1.1381088  944.3359  946.7236
2021 04 11 21 16 00    -3.4249091   -1.1335149  944.3477  946.7273
2021 04 11 21 17 00    -3.4156172   -1.1287751  944.3592  946.7359
2021 04 11 21 18 00    -3.4062166   -1.1240356  944.3708  946.7533
2021 04 11 21 19 00    -3.3969702   -1.1194288  944.3827  946.7682
2021 04 11 21 20 00    -3.3877500   -1.1148126  944.3945  946.7764
2021 04 11 21 21 00    -3.3784337   -1.1101676  944.4063  946.7878
2021 04 11 21 22 00    -3.3692737   -1.1056509  944.4177  946.8075
2021 04 11 21 23 00    -3.3602717   -1.1012418  944.4284  946.8283
2021 04 11 21 24 00    -3.3511445   -1.0967096  944.4395  946.8416
2021 04 11 21 25 00    -3.3419126   -1.0919981  944.4516  946.8519
2021 04 11 21 26 00    -3.3328240   -1.0873814  944.4636  946.8666
2021 04 11 21 27 00    -3.3239113   -1.0829441  944.4749  946.8808
2021 04 11 21 28 00    -3.3150037   -1.0784361  944.4868  946.8938
2021 04 11 21 29 00    -3.3060339   -1.0738170  944.4994  946.9141
2021 04 11 21 30 00    -3.2970975   -1.0692835  944.5119  946.9354
2021 04 11 21 31 00    -3.2883728   -1.0649675  944.5239  946.9463
2021 04 11 21 32 00    -3.2798886   -1.0608115  944.5356  946.9468
2021 04 11 21 33 00    -3.2713939   -1.0566055  944.5472  946.9413
2021 04 11 21 34 00    -3.2627571   -1.0523223  944.5588  946.9396
2021 04 11 21 35 00    -3.2541163   -1.0480612  944.5704  946.9509
2021 04 11 21 36 00    -3.2455985   -1.0437617  944.5827  946.9694
2021 04 11 21 37 00    -3.2371828   -1.0393998  944.5955  946.9863
2021 04 11 21 38 00    -3.2287781   -1.0351041  944.6081  947.0017
2021 04 11 21 39 00    -3.2204070   -1.0309557  944.6196  947.0171
2021 04 11 21 40 00    -3.2120978   -1.0268312  944.6310  947.0317
2021 04 11 21 41 00    -3.2037904   -1.0226260  944.6433  947.0446
2021 04 11 21 42 00    -3.1956133   -1.0185428  944.6555  947.0533
2021 04 11 21 43 00    -3.1877060   -1.0146489  944.6673  947.0555
2021 04 11 21 44 00    -3.1799058   -1.0106755  944.6793  947.0515
2021 04 11 21 45 00    -3.1720948   -1.0066347  944.6913  947.0446
2021 04 11 21 46 00    -3.1642897   -1.0027402  944.7026  947.0408
2021 04 11 21 47 00    -3.1564436   -0.9989005  944.7132  947.0434
2021 04 11 21 48 00    -3.1486824   -0.9950224  944.7234  947.0500
2021 04 11 21 49 00    -3.1411434   -0.9912063  944.7336  947.0597
2021 04 11 21 50 00    -3.1335361   -0.9873600  944.7446  947.0743
2021 04 11 21 51 00    -3.1257225   -0.9834000  944.7562  947.0923
2021 04 11 21 52 00    -3.1180887   -0.9795585  944.7677  947.1108
2021 04 11 21 53 00    -3.1107003   -0.9759221  944.7786  947.1277
2021 04 11 21 54 00    -3.1033153   -0.9723471  944.7895  947.1417
2021 04 11 21 55 00    -3.0959948   -0.9687508  944.8009  947.1515
2021 04 11 21 56 00    -3.0887102   -0.9650708  944.8123  947.1593
2021 04 11 21 57 00    -3.0813593   -0.9613730  944.8229  947.1709
2021 04 11 21 58 00    -3.0740935   -0.9577331  944.8335  947.1885
2021 04 11 21 59 00    -3.0669349   -0.9540339  944.8450  947.2079
2021 04 11 22 00 00    -3.0598365   -0.9503353  944.8573  947.2256
2021 04 11 22 01 00    -3.0528910   -0.9468320  944.8690  947.2371
2021 04 11 22 02 00    -3.0461300   -0.9434832  944.8796  947.2386
2021 04 11 22 03 00    -3.0395426   -0.9402157  944.8899  947.2358
2021 04 11 22 04 00    -3.0330018   -0.9370169  944.9007  947.2374
2021 04 11 22 05 00    -3.0263081   -0.9337687  944.9115  947.2421
2021 04 11 22 06 00    -3.0195719   -0.9303812  944.9218  947.2437
2021 04 11 22 07 00    -3.0130834   -0.9269934  944.9326  947.2456
2021 04 11 22 08 00    -3.0068134   -0.9238393  944.9437  947.2572
2021 04 11 22 09 00    -3.0005098   -0.9208364  944.9541  947.2758
2021 04 11 22 10 00    -2.9942034   -0.9177265  944.9642  947.2877
2021 04 11 22 11 00    -2.9880832   -0.9146122  944.9748  947.2909
2021 04 11 22 12 00    -2.9819940   -0.9116174  944.9854  947.2961
2021 04 11 22 13 00    -2.9757479   -0.9085117  944.9957  947.3054
2021 04 11 22 14 00    -2.9696061   -0.9052901  945.0059  947.3107
2021 04 11 22 15 00    -2.9637489   -0.9022752  945.0160  947.3127
2021 04 11 22 16 00    -2.9579310   -0.8994797  945.0262  947.3163
2021 04 11 22 17 00    -2.9520300   -0.8966221  945.0363  947.3247
2021 04 11 22 18 00    -2.9462048   -0.8936773  945.0459  947.3439
2021 04 11 22 19 00    -2.9405663   -0.8908694  945.0558  947.3681
2021 04 11 22 20 00    -2.9350795   -0.8881878  945.0663  947.3814
2021 04 11 22 21 00    -2.9296598   -0.8854615  945.0769  947.3874
2021 04 11 22 22 00    -2.9242982   -0.8827675  945.0868  947.3973
2021 04 11 22 23 00    -2.9190710   -0.8801711  945.0962  947.4035
2021 04 11 22 24 00    -2.9139618   -0.8775105  945.1059  947.3964
2021 04 11 22 25 00    -2.9088413   -0.8748204  945.1159  947.3842
2021 04 11 22 26 00    -2.9037205   -0.8723235  945.1256  947.3823
2021 04 11 22 27 00    -2.8986909   -0.8699545  945.1351  947.3996
2021 04 11 22 28 00    -2.8936713   -0.8674834  945.1450  947.4328
2021 04 11 22 29 00    -2.8886618   -0.8649613  945.1550  947.4648
2021 04 11 22 30 00    -2.8838151   -0.8625271  945.1646  947.4750
2021 04 11 22 31 00    -2.8790727   -0.8600929  945.1741  947.4695
2021 04 11 22 32 00    -2.8743892   -0.8576501  945.1839  947.4793
2021 04 11 22 33 00    -2.8698276   -0.8553147  945.1939  947.5111
2021 04 11 22 34 00    -2.8652891   -0.8530975  945.2039  947.5476
2021 04 11 22 35 00    -2.8608170   -0.8510080  945.2134  947.5820
2021 04 11 22 36 00    -2.8565034   -0.8488912  945.2232  947.6080
2021 04 11 22 37 00    -2.8521570   -0.8465761  945.2342  947.6208
2021 04 11 22 38 00    -2.8478023   -0.8443468  945.2458  947.6316
2021 04 11 22 39 00    -2.8436809   -0.8423947  945.2569  947.6509
2021 04 11 22 40 00    -2.8396516   -0.8404304  945.2678  947.6813
2021 04 11 22 41 00    -2.8355155   -0.8383051  945.2788  947.7195
2021 04 11 22 42 00    -2.8315092   -0.8361878  945.2898  947.7534
2021 04 11 22 43 00    -2.8278258   -0.8342503  945.3011  947.7813
2021 04 11 22 44 00    -2.8242582   -0.8325471  945.3126  947.8130
2021 04 11 22 45 00    -2.8206569   -0.8309506  945.3241  947.8383
2021 04 11 22 46 00    -2.8171599   -0.8292797  945.3359  947.8462
2021 04 11 22 47 00    -2.8138679   -0.8275660  945.3479  947.8513
2021 04 11 22 48 00    -2.8106979   -0.8259682  945.3600  947.8583
2021 04 11 22 49 00    -2.8075866   -0.8244474  945.3720  947.8595
2021 04 11 22 50 00    -2.8045704   -0.8228539  945.3835  947.8647
2021 04 11 22 51 00    -2.8016341   -0.8212549  945.3938  947.8803
2021 04 11 22 52 00    -2.7987214   -0.8197861  945.4041  947.8936
2021 04 11 22 53 00    -2.7958717   -0.8184037  945.4158  947.8948
2021 04 11 22 54 00    -2.7931563   -0.8170036  945.4282  947.8892
2021 04 11 22 55 00    -2.7905642   -0.8155971  945.4401  947.8888
2021 04 11 22 56 00    -2.7881010   -0.8143213  945.4515  947.9024
2021 04 11 22 57 00    -2.7858103   -0.8132529  945.4630  947.9262
2021 04 11 22 58 00    -2.7835172   -0.8121988  945.4746  947.9446
2021 04 11 22 59 00    -2.7809885   -0.8109097  945.4861  947.9521
2021 04 11 23 00 00    -2.7784508   -0.8095541  945.4978  947.9611
2021 04 11 23 01 00    -2.7762842   -0.8084496  945.5096  947.9767
2021 04 11 23 02 00    -2.7743961   -0.8075154  945.5213  947.9906
2021 04 11 23 03 00    -2.7725118   -0.8066071  945.5330  947.9989
2021 04 11 23 04 00    -2.7706412   -0.8057614  945.5451  948.0062
2021 04 11 23 05 00    -2.7689065   -0.8049050  945.5576  948.0215
2021 04 11 23 06 00    -2.7672650   -0.8040070  945.5700  948.0443
2021 04 11 23 07 00    -2.7655833   -0.8032252  945.5825  948.0620
2021 04 11 23 08 00    -2.7639323   -0.8025551  945.5950  948.0679
2021 04 11 23 09 00    -2.7624995   -0.8018036  945.6069  948.0697
2021 04 11 23 10 00    -2.7612657   -0.8010016  945.6182  948.0766
2021 04 11 23 11 00    -2.7601679   -0.8003794  945.6291  948.0845
2021 04 11 23 12 00    -2.7591763   -0.7999309  945.6399  948.0902
2021 04 11 23 13 00    -2.7581269   -0.7994179  945.6506  948.1030
2021 04 11 23 14 00    -2.7570221   -0.7988325  945.6617  948.1254
2021 04 11 23 15 00    -2.7561040   -0.7984378  945.6734  948.1486
2021 04 11 23 16 00    -2.7553765   -0.7981920  945.6857  948.1708
2021 04 11 23 17 00    -2.7546877   -0.7977883  945.6982  948.1934
2021 04 11 23 18 00    -2.7540400   -0.7972958  945.7108  948.2125
2021 04 11 23 19 00    -2.7534308   -0.7970083  945.7230  948.2274
2021 04 11 23 20 00    -2.7528543   -0.7969667  945.7348  948.2519
2021 04 11 23 21 00    -2.7524182   -0.7969500  945.7465  948.2923
2021 04 11 23 22 00    -2.7522080   -0.7967180  945.7586  948.3205
2021 04 11 23 23 00    -2.7521586   -0.7963785  945.7714  948.3134
2021 04 11 23 24 00    -2.7521452   -0.7962766  945.7849  948.3019
2021 04 11 23 25 00    -2.7521866   -0.7964544  945.7988  948.3240
2021 04 11 23 26 00    -2.7523222   -0.7966223  945.8129  948.3646
2021 04 11 23 27 00    -2.7524315   -0.7965874  945.8267  948.3891
2021 04 11 23 28 00    -2.7525336   -0.7965318  945.8400  948.4006
2021 04 11 23 29 00    -2.7528782   -0.7967313  945.8529  948.4211
2021 04 11 23 30 00    -2.7535349   -0.7971092  945.8663  948.4459
2021 04 11 23 31 00    -2.7542804   -0.7974407  945.8802  948.4666
2021 04 11 23 32 00    -2.7549401   -0.7977009  945.8942  948.4871
2021 04 11 23 33 00    -2.7556477   -0.7980437  945.9080  948.4928
2021 04 11 23 34 00    -2.7565628   -0.7986032  945.9212  948.4691
2021 04 11 23 35 00    -2.7575940   -0.7992285  945.9339  948.4475
2021 04 11 23 36 00    -2.7586743   -0.7997005  945.9464  948.4590
2021 04 11 23 37 00    -2.7597975   -0.8001708  945.9595  948.4831
2021 04 11 23 38 00    -2.7609375   -0.8009057  945.9733  948.5081
2021 04 11 23 39 00    -2.7622576   -0.8017779  945.9870  948.5409
2021 04 11 23 40 00    -2.7638021   -0.8025091  946.0000  948.5632
2021 04 11 23 41 00    -2.7653039   -0.8031636  946.0122  948.5731
2021 04 11 23 42 00    -2.7667578   -0.8038554  946.0248  948.5864
2021 04 11 23 43 00    -2.7683902   -0.8045228  946.0384  948.5931
2021 04 11 23 44 00    -2.7701483   -0.8052958  946.0523  948.5912
2021 04 11 23 45 00    -2.7719574   -0.8063227  946.0660  948.6009
2021 04 11 23 46 00    -2.7739218   -0.8074338  946.0793  948.6168
2021 04 11 23 47 00    -2.7759194   -0.8084291  946.0924  948.6284
2021 04 11 23 48 00    -2.7778115   -0.8093604  946.1055  948.6551
2021 04 11 23 49 00    -2.7798847   -0.8104453  946.1190  948.6952
2021 04 11 23 50 00    -2.7822766   -0.8117088  946.1334  948.7231
2021 04 11 23 51 00    -2.7846384   -0.8129074  946.1485  948.7451
2021 04 11 23 52 00    -2.7868532   -0.8139829  946.1636  948.7684
2021 04 11 23 53 00    -2.7892034   -0.8151154  946.1789  948.7770
2021 04 11 23 54 00    -2.7918181   -0.8163824  946.1943  948.7779
2021 04 11 23 55 00    -2.7946015   -0.8177845  946.2094  948.8012
2021 04 11 23 56 00    -2.7973699   -0.8192824  946.2239  948.8550
2021 04 11 23 57 00    -2.7999995   -0.8206749  946.2387  948.9076
2021 04 11 23 58 00    -2.8027427   -0.8218884  946.2541  948.9236
2021 04 11 23 59 00    -2.8058606   -0.8232339  946.2700  948.9144
