[TSF-file]     v01.0

[TIMEFORMAT]   DATETIME
[INCREMENT]    60
[CHANNELS]
    BF:SG056:G1-F60 
    BF:SG056:G2-F60 
    BF:SG056:Br1-F60
    BF:SG056:Br2-F60
[UNITS]
    Volt
    Volt
    mbar
    mbar
[UNDETVAL]                      9999.999
[PHASE_LAG_1_DEG_CPD]           0.0402
[PHASE_LAG_1_DEG_CPD_ERROR]     0.0002
[N_LATITUDE_DEG]                48.3294
[N_LATITUDE_DEG_ERROR]          0.0001
[E_LONGITUDE_DEG]               008.3284
[E_LONGITUDE_DEG_ERROR]         0.0001
[HEIGHT_M_1]                    589.20
[HEIGHT_M_1_ERROR]              0.01
[GRAVITY_CAL_1_UGAL_V]          -40.1100
[GRAVITY_CAL_1_UGAL_V_ERROR]    0.0300
[PRESSURE_CAL_MBAR_V]           1.0000
[PRESSURE_CAL_MBAR_V_ERROR]     0.0001
[AUTHOR]                        Thomas Forbriger@kit.edu
[PHASE_LAG_2_DEG_CPD]           0.0402
[PHASE_LAG_2_DEG_CPD_ERROR]     0.0002
[HEIGHT_M_2]                    589.40
[HEIGHT_M_2_ERROR]              0.01
[GRAVITY_CAL_2_UGAL_V]          -80.0699
[GRAVITY_CAL_2_UGAL_V_ERROR]    0.0600
[PRESSURE_ADMIT_HPA_NMS2]       -3.4000
[PRESSURE_MEAN_HPA]             0980.0
[COMMENT]                           
software upgrade and FitPC2 replacement on 29. July 2019



Date           Time     G1-F60        G2-F60        Br1-F60       Br2-F60      
[DATA]
2021 04 08 00 00 00    -2.6358965   -0.7369202  952.3440  953.6039
2021 04 08 00 01 00    -2.6483799   -0.7432949  952.3464  953.6187
2021 04 08 00 02 00    -2.6607541   -0.7495380  952.3486  953.6441
2021 04 08 00 03 00    -2.6733798   -0.7558493  952.3511  953.6413
2021 04 08 00 04 00    -2.6860859   -0.7621970  952.3541  953.6217
2021 04 08 00 05 00    -2.6986652   -0.7684814  952.3564  953.6154
2021 04 08 00 06 00    -2.7113467   -0.7748014  952.3573  953.6162
2021 04 08 00 07 00    -2.7241865   -0.7811712  952.3580  953.6070
2021 04 08 00 08 00    -2.7369386   -0.7875195  952.3592  953.6004
2021 04 08 00 09 00    -2.7494347   -0.7938442  952.3608  953.6153
2021 04 08 00 10 00    -2.7617898   -0.8001248  952.3627  953.6400
2021 04 08 00 11 00    -2.7743760   -0.8063936  952.3653  953.6523
2021 04 08 00 12 00    -2.7872745   -0.8127149  952.3684  953.6566
2021 04 08 00 13 00    -2.8002015   -0.8190845  952.3716  953.6668
2021 04 08 00 14 00    -2.8131003   -0.8255615  952.3746  953.6744
2021 04 08 00 15 00    -2.8260502   -0.8321645  952.3771  953.6716
2021 04 08 00 16 00    -2.8389815   -0.8386965  952.3792  953.6696
2021 04 08 00 17 00    -2.8519201   -0.8450922  952.3816  953.6729
2021 04 08 00 18 00    -2.8649432   -0.8515489  952.3842  953.6764
2021 04 08 00 19 00    -2.8779209   -0.8580794  952.3865  953.6821
2021 04 08 00 20 00    -2.8907685   -0.8645705  952.3887  953.6930
2021 04 08 00 21 00    -2.9036695   -0.8711357  952.3916  953.7101
2021 04 08 00 22 00    -2.9167246   -0.8778019  952.3948  953.7304
2021 04 08 00 23 00    -2.9297692   -0.8843203  952.3984  953.7441
2021 04 08 00 24 00    -2.9426898   -0.8906445  952.4022  953.7553
2021 04 08 00 25 00    -2.9555401   -0.8970157  952.4064  953.7760
2021 04 08 00 26 00    -2.9683950   -0.9035136  952.4109  953.7956
2021 04 08 00 27 00    -2.9813110   -0.9100199  952.4154  953.7999
2021 04 08 00 28 00    -2.9943545   -0.9164954  952.4197  953.7972
2021 04 08 00 29 00    -3.0074820   -0.9229672  952.4243  953.7993
2021 04 08 00 30 00    -3.0204779   -0.9294497  952.4290  953.8106
2021 04 08 00 31 00    -3.0333668   -0.9360500  952.4336  953.8318
2021 04 08 00 32 00    -3.0464546   -0.9428055  952.4387  953.8599
2021 04 08 00 33 00    -3.0596286   -0.9494428  952.4444  953.8893
2021 04 08 00 34 00    -3.0725257   -0.9558249  952.4503  953.9119
2021 04 08 00 35 00    -3.0853399   -0.9622494  952.4566  953.9244
2021 04 08 00 36 00    -3.0984664   -0.9688356  952.4627  953.9340
2021 04 08 00 37 00    -3.1117576   -0.9753139  952.4685  953.9400
2021 04 08 00 38 00    -3.1249001   -0.9816537  952.4742  953.9432
2021 04 08 00 39 00    -3.1379221   -0.9881237  952.4807  953.9624
2021 04 08 00 40 00    -3.1509743   -0.9948021  952.4880  953.9931
2021 04 08 00 41 00    -3.1642241   -1.0016541  952.4956  954.0000
2021 04 08 00 42 00    -3.1776687   -1.0085454  952.5025  953.9760
2021 04 08 00 43 00    -3.1910033   -1.0151391  952.5089  953.9481
2021 04 08 00 44 00    -3.2042497   -1.0215406  952.5149  953.9291
2021 04 08 00 45 00    -3.2177230   -1.0282541  952.5201  953.9123
2021 04 08 00 46 00    -3.2312985   -1.0352106  952.5249  953.8955
2021 04 08 00 47 00    -3.2446582   -1.0419875  952.5292  953.8824
2021 04 08 00 48 00    -3.2578350   -1.0485675  952.5326  953.8755
2021 04 08 00 49 00    -3.2710387   -1.0551077  952.5357  953.8771
2021 04 08 00 50 00    -3.2843154   -1.0616646  952.5389  953.8827
2021 04 08 00 51 00    -3.2975792   -1.0682793  952.5420  953.8827
2021 04 08 00 52 00    -3.3108028   -1.0749059  952.5450  953.8761
2021 04 08 00 53 00    -3.3240616   -1.0815106  952.5481  953.8664
2021 04 08 00 54 00    -3.3374129   -1.0881914  952.5512  953.8534
2021 04 08 00 55 00    -3.3507469   -1.0949602  952.5537  953.8397
2021 04 08 00 56 00    -3.3639901   -1.1016922  952.5556  953.8326
2021 04 08 00 57 00    -3.3772562   -1.1083231  952.5580  953.8384
2021 04 08 00 58 00    -3.3904814   -1.1148829  952.5611  953.8583
2021 04 08 00 59 00    -3.4034836   -1.1214313  952.5639  953.8834
2021 04 08 01 00 00    -3.4164222   -1.1279827  952.5662  953.9041
2021 04 08 01 01 00    -3.4294543   -1.1344441  952.5688  953.9205
2021 04 08 01 02 00    -3.4423795   -1.1407933  952.5725  953.9355
2021 04 08 01 03 00    -3.4551619   -1.1471613  952.5769  953.9497
2021 04 08 01 04 00    -3.4680292   -1.1535829  952.5815  953.9649
2021 04 08 01 05 00    -3.4810304   -1.1600478  952.5865  953.9829
2021 04 08 01 06 00    -3.4940789   -1.1666311  952.5915  954.0009
2021 04 08 01 07 00    -3.5070656   -1.1732229  952.5962  954.0128
2021 04 08 01 08 00    -3.5198823   -1.1796228  952.6006  954.0154
2021 04 08 01 09 00    -3.5326638   -1.1859422  952.6057  954.0108
2021 04 08 01 10 00    -3.5456151   -1.1923967  952.6114  954.0059
2021 04 08 01 11 00    -3.5585985   -1.1989339  952.6170  954.0151
2021 04 08 01 12 00    -3.5714462   -1.2054068  952.6218  954.0452
2021 04 08 01 13 00    -3.5842917   -1.2118582  952.6266  954.0800
2021 04 08 01 14 00    -3.5971998   -1.2184067  952.6324  954.1021
2021 04 08 01 15 00    -3.6099931   -1.2249502  952.6387  954.1208
2021 04 08 01 16 00    -3.6226149   -1.2313001  952.6451  954.1467
2021 04 08 01 17 00    -3.6352974   -1.2375996  952.6521  954.1667
2021 04 08 01 18 00    -3.6482131   -1.2441027  952.6595  954.1702
2021 04 08 01 19 00    -3.6611808   -1.2506524  952.6660  954.1676
2021 04 08 01 20 00    -3.6739532   -1.2569875  952.6717  954.1670
2021 04 08 01 21 00    -3.6866195   -1.2632676  952.6783  954.1629
2021 04 08 01 22 00    -3.6994236   -1.2696894  952.6856  954.1510
2021 04 08 01 23 00    -3.7123138   -1.2760944  952.6916  954.1346
2021 04 08 01 24 00    -3.7250800   -1.2824082  952.6960  954.1205
2021 04 08 01 25 00    -3.7376937   -1.2887276  952.7005  954.1192
2021 04 08 01 26 00    -3.7501424   -1.2949635  952.7056  954.1349
2021 04 08 01 27 00    -3.7624565   -1.3010733  952.7110  954.1529
2021 04 08 01 28 00    -3.7749354   -1.3072476  952.7167  954.1576
2021 04 08 01 29 00    -3.7876903   -1.3136090  952.7225  954.1579
2021 04 08 01 30 00    -3.8003340   -1.3200356  952.7281  954.1673
2021 04 08 01 31 00    -3.8126516   -1.3263028  952.7335  954.1709
2021 04 08 01 32 00    -3.8248950   -1.3323720  952.7391  954.1513
2021 04 08 01 33 00    -3.8371650   -1.3384376  952.7440  954.1339
2021 04 08 01 34 00    -3.8493480   -1.3446015  952.7483  954.1489
2021 04 08 01 35 00    -3.8615966   -1.3507480  952.7530  954.1721
2021 04 08 01 36 00    -3.8740083   -1.3568759  952.7577  954.1695
2021 04 08 01 37 00    -3.8862740   -1.3631324  952.7620  954.1571
2021 04 08 01 38 00    -3.8983459   -1.3694022  952.7659  954.1599
2021 04 08 01 39 00    -3.9105018   -1.3753999  952.7694  954.1644
2021 04 08 01 40 00    -3.9226363   -1.3811688  952.7724  954.1565
2021 04 08 01 41 00    -3.9346259   -1.3870710  952.7758  954.1558
2021 04 08 01 42 00    -3.9466818   -1.3932816  952.7802  954.1752
2021 04 08 01 43 00    -3.9587375   -1.3994803  952.7851  954.1918
2021 04 08 01 44 00    -3.9705575   -1.4053429  952.7896  954.1889
2021 04 08 01 45 00    -3.9822903   -1.4111044  952.7939  954.1868
2021 04 08 01 46 00    -3.9941438   -1.4170396  952.7985  954.2067
2021 04 08 01 47 00    -4.0059925   -1.4230128  952.8037  954.2331
2021 04 08 01 48 00    -4.0177109   -1.4289774  952.8097  954.2373
2021 04 08 01 49 00    -4.0294143   -1.4349965  952.8157  954.2186
2021 04 08 01 50 00    -4.0411221   -1.4408988  952.8206  954.2032
2021 04 08 01 51 00    -4.0527392   -1.4465987  952.8242  954.2058
2021 04 08 01 52 00    -4.0643311   -1.4522956  952.8274  954.2102
2021 04 08 01 53 00    -4.0759733   -1.4581599  952.8303  954.1960
2021 04 08 01 54 00    -4.0876249   -1.4640879  952.8329  954.1674
2021 04 08 01 55 00    -4.0991939   -1.4698730  952.8353  954.1468
2021 04 08 01 56 00    -4.1106645   -1.4755663  952.8380  954.1454
2021 04 08 01 57 00    -4.1221192   -1.4813147  952.8414  954.1512
2021 04 08 01 58 00    -4.1335072   -1.4870570  952.8449  954.1534
2021 04 08 01 59 00    -4.1447638   -1.4926902  952.8475  954.1573
2021 04 08 02 00 00    -4.1559193   -1.4981955  952.8495  954.1650
2021 04 08 02 01 00    -4.1669278   -1.5036802  952.8519  954.1695
2021 04 08 02 02 00    -4.1778897   -1.5093372  952.8550  954.1704
2021 04 08 02 03 00    -4.1890084   -1.5150408  952.8585  954.1759
2021 04 08 02 04 00    -4.2000795   -1.5204027  952.8619  954.1900
2021 04 08 02 05 00    -4.2107868   -1.5254652  952.8650  954.2084
2021 04 08 02 06 00    -4.2213377   -1.5306744  952.8682  954.2284
2021 04 08 02 07 00    -4.2320086   -1.5361454  952.8723  954.2517
2021 04 08 02 08 00    -4.2425694   -1.5415468  952.8771  954.2748
2021 04 08 02 09 00    -4.2529320   -1.5466933  952.8819  954.2888
2021 04 08 02 10 00    -4.2634995   -1.5518212  952.8866  954.2850
2021 04 08 02 11 00    -4.2743031   -1.5571353  952.8912  954.2621
2021 04 08 02 12 00    -4.2849510   -1.5625406  952.8952  954.2334
2021 04 08 02 13 00    -4.2953770   -1.5679387  952.8990  954.2137
2021 04 08 02 14 00    -4.3056697   -1.5732839  952.9026  954.2092
2021 04 08 02 15 00    -4.3158323   -1.5784969  952.9055  954.2205
2021 04 08 02 16 00    -4.3260373   -1.5835955  952.9078  954.2398
2021 04 08 02 17 00    -4.3363433   -1.5886172  952.9100  954.2565
2021 04 08 02 18 00    -4.3464550   -1.5935520  952.9126  954.2721
2021 04 08 02 19 00    -4.3563621   -1.5985482  952.9158  954.2846
2021 04 08 02 20 00    -4.3663818   -1.6037104  952.9199  954.2801
2021 04 08 02 21 00    -4.3763351   -1.6087800  952.9243  954.2668
2021 04 08 02 22 00    -4.3859429   -1.6135364  952.9284  954.2753
2021 04 08 02 23 00    -4.3955799   -1.6181895  952.9322  954.3046
2021 04 08 02 24 00    -4.4055202   -1.6230324  952.9364  954.3196
2021 04 08 02 25 00    -4.4153826   -1.6279967  952.9406  954.3110
2021 04 08 02 26 00    -4.4248829   -1.6328398  952.9444  954.3070
2021 04 08 02 27 00    -4.4342365   -1.6375754  952.9484  954.3237
2021 04 08 02 28 00    -4.4436558   -1.6423672  952.9525  954.3422
2021 04 08 02 29 00    -4.4530694   -1.6471778  952.9558  954.3434
2021 04 08 02 30 00    -4.4623767   -1.6518478  952.9590  954.3337
2021 04 08 02 31 00    -4.4716451   -1.6564501  952.9632  954.3273
2021 04 08 02 32 00    -4.4809735   -1.6611886  952.9673  954.3270
2021 04 08 02 33 00    -4.4902875   -1.6659643  952.9709  954.3256
2021 04 08 02 34 00    -4.4994528   -1.6705516  952.9745  954.3146
2021 04 08 02 35 00    -4.5084794   -1.6750034  952.9778  954.2962
2021 04 08 02 36 00    -4.5174269   -1.6794685  952.9805  954.2846
2021 04 08 02 37 00    -4.5262730   -1.6839802  952.9833  954.2842
2021 04 08 02 38 00    -4.5349894   -1.6884551  952.9861  954.2874
2021 04 08 02 39 00    -4.5436359   -1.6927514  952.9882  954.2958
2021 04 08 02 40 00    -4.5522511   -1.6969089  952.9901  954.3148
2021 04 08 02 41 00    -4.5607739   -1.7010853  952.9929  954.3304
2021 04 08 02 42 00    -4.5692046   -1.7052950  952.9965  954.3347
2021 04 08 02 43 00    -4.5775658   -1.7095083  953.0002  954.3472
2021 04 08 02 44 00    -4.5857371   -1.7136762  953.0043  954.3710
2021 04 08 02 45 00    -4.5936912   -1.7176864  953.0092  954.3815
2021 04 08 02 46 00    -4.6015980   -1.7215955  953.0141  954.3764
2021 04 08 02 47 00    -4.6094773   -1.7255369  953.0182  954.3789
2021 04 08 02 48 00    -4.6173341   -1.7295099  953.0213  954.3925
2021 04 08 02 49 00    -4.6253402   -1.7335153  953.0248  954.3956
2021 04 08 02 50 00    -4.6333984   -1.7375156  953.0288  954.3790
2021 04 08 02 51 00    -4.6413268   -1.7414798  953.0322  954.3627
2021 04 08 02 52 00    -4.6491086   -1.7453869  953.0348  954.3685
2021 04 08 02 53 00    -4.6565374   -1.7490299  953.0376  954.3948
2021 04 08 02 54 00    -4.6636256   -1.7524478  953.0418  954.4261
2021 04 08 02 55 00    -4.6707683   -1.7559998  953.0473  954.4527
2021 04 08 02 56 00    -4.6780526   -1.7597087  953.0529  954.4740
2021 04 08 02 57 00    -4.6853738   -1.7633799  953.0577  954.4895
2021 04 08 02 58 00    -4.6927111   -1.7669964  953.0622  954.4926
2021 04 08 02 59 00    -4.6999020   -1.7705884  953.0667  954.4799
2021 04 08 03 00 00    -4.7069030   -1.7741504  953.0712  954.4617
2021 04 08 03 01 00    -4.7139025   -1.7776248  953.0755  954.4509
2021 04 08 03 02 00    -4.7208859   -1.7809687  953.0801  954.4484
2021 04 08 03 03 00    -4.7277802   -1.7843672  953.0848  954.4516
2021 04 08 03 04 00    -4.7346624   -1.7879506  953.0892  954.4584
2021 04 08 03 05 00    -4.7414353   -1.7914506  953.0934  954.4584
2021 04 08 03 06 00    -4.7480191   -1.7947420  953.0972  954.4413
2021 04 08 03 07 00    -4.7545150   -1.7980303  953.1000  954.4188
2021 04 08 03 08 00    -4.7608263   -1.8012469  953.1021  954.4158
2021 04 08 03 09 00    -4.7669735   -1.8043058  953.1053  954.4347
2021 04 08 03 10 00    -4.7732465   -1.8074308  953.1096  954.4514
2021 04 08 03 11 00    -4.7795248   -1.8106283  953.1134  954.4488
2021 04 08 03 12 00    -4.7854862   -1.8136815  953.1162  954.4371
2021 04 08 03 13 00    -4.7912121   -1.8165346  953.1187  954.4384
2021 04 08 03 14 00    -4.7968855   -1.8193184  953.1215  954.4591
2021 04 08 03 15 00    -4.8025252   -1.8221682  953.1247  954.4850
2021 04 08 03 16 00    -4.8081730   -1.8250305  953.1282  954.4947
2021 04 08 03 17 00    -4.8138795   -1.8278613  953.1314  954.4795
2021 04 08 03 18 00    -4.8195448   -1.8307486  953.1346  954.4576
2021 04 08 03 19 00    -4.8249866   -1.8335467  953.1382  954.4542
2021 04 08 03 20 00    -4.8301641   -1.8360468  953.1421  954.4686
2021 04 08 03 21 00    -4.8352730   -1.8385137  953.1459  954.4839
2021 04 08 03 22 00    -4.8404502   -1.8412087  953.1491  954.4898
2021 04 08 03 23 00    -4.8455360   -1.8438589  953.1523  954.4895
2021 04 08 03 24 00    -4.8504229   -1.8462911  953.1559  954.4937
2021 04 08 03 25 00    -4.8552035   -1.8486931  953.1592  954.5029
2021 04 08 03 26 00    -4.8599060   -1.8510626  953.1619  954.5129
2021 04 08 03 27 00    -4.8645716   -1.8533010  953.1652  954.5290
2021 04 08 03 28 00    -4.8692404   -1.8555264  953.1692  954.5477
2021 04 08 03 29 00    -4.8737820   -1.8578202  953.1733  954.5462
2021 04 08 03 30 00    -4.8782386   -1.8601240  953.1771  954.5163
2021 04 08 03 31 00    -4.8827951   -1.8623938  953.1806  954.4869
2021 04 08 03 32 00    -4.8872692   -1.8645671  953.1834  954.4847
2021 04 08 03 33 00    -4.8913970   -1.8665614  953.1855  954.4994
2021 04 08 03 34 00    -4.8952728   -1.8684326  953.1883  954.5104
2021 04 08 03 35 00    -4.8990662   -1.8703445  953.1924  954.5166
2021 04 08 03 36 00    -4.9028389   -1.8723416  953.1964  954.5225
2021 04 08 03 37 00    -4.9066817   -1.8743124  953.1988  954.5241
2021 04 08 03 38 00    -4.9105114   -1.8761437  953.2000  954.5200
2021 04 08 03 39 00    -4.9140905   -1.8778847  953.2019  954.5150
2021 04 08 03 40 00    -4.9175219   -1.8796942  953.2048  954.5128
2021 04 08 03 41 00    -4.9209617   -1.8814830  953.2074  954.5219
2021 04 08 03 42 00    -4.9242283   -1.8830318  953.2095  954.5479
2021 04 08 03 43 00    -4.9273040   -1.8844806  953.2127  954.5723
2021 04 08 03 44 00    -4.9303905   -1.8860629  953.2167  954.5770
2021 04 08 03 45 00    -4.9334656   -1.8877118  953.2200  954.5721
2021 04 08 03 46 00    -4.9364682   -1.8893102  953.2232  954.5703
2021 04 08 03 47 00    -4.9394826   -1.8908136  953.2271  954.5672
2021 04 08 03 48 00    -4.9424050   -1.8921326  953.2306  954.5608
2021 04 08 03 49 00    -4.9450759   -1.8933334  953.2329  954.5567
2021 04 08 03 50 00    -4.9476471   -1.8946692  953.2349  954.5621
2021 04 08 03 51 00    -4.9501972   -1.8961134  953.2379  954.5804
2021 04 08 03 52 00    -4.9525820   -1.8974044  953.2411  954.6010
2021 04 08 03 53 00    -4.9548430   -1.8985393  953.2443  954.6075
2021 04 08 03 54 00    -4.9570711   -1.8995868  953.2483  954.6023
2021 04 08 03 55 00    -4.9592132   -1.9005320  953.2527  954.6012
2021 04 08 03 56 00    -4.9612643   -1.9015643  953.2567  954.6108
2021 04 08 03 57 00    -4.9632607   -1.9027303  953.2599  954.6252
2021 04 08 03 58 00    -4.9651846   -1.9037138  953.2628  954.6278
2021 04 08 03 59 00    -4.9670038   -1.9044700  953.2657  954.6099
2021 04 08 04 00 00    -4.9687371   -1.9052522  953.2686  954.5949
2021 04 08 04 01 00    -4.9703754   -1.9060572  953.2714  954.6030
2021 04 08 04 02 00    -4.9718572   -1.9067949  953.2743  954.6152
2021 04 08 04 03 00    -4.9732392   -1.9075609  953.2773  954.6138
2021 04 08 04 04 00    -4.9746090   -1.9083679  953.2799  954.6097
2021 04 08 04 05 00    -4.9759343   -1.9090976  953.2826  954.6129
2021 04 08 04 06 00    -4.9770947   -1.9096821  953.2857  954.6218
2021 04 08 04 07 00    -4.9779336   -1.9100586  953.2888  954.6353
2021 04 08 04 08 00    -4.9785251   -1.9102723  953.2918  954.6524
2021 04 08 04 09 00    -4.9792161   -1.9106229  953.2952  954.6668
2021 04 08 04 10 00    -4.9801003   -1.9111988  953.2993  954.6700
2021 04 08 04 11 00    -4.9809045   -1.9116227  953.3036  954.6636
2021 04 08 04 12 00    -4.9814904   -1.9117489  953.3073  954.6618
2021 04 08 04 13 00    -4.9819624   -1.9118633  953.3105  954.6754
2021 04 08 04 14 00    -4.9823800   -1.9120765  953.3142  954.6971
2021 04 08 04 15 00    -4.9826811   -1.9122862  953.3189  954.7096
2021 04 08 04 16 00    -4.9827737   -1.9124160  953.3239  954.7083
2021 04 08 04 17 00    -4.9826727   -1.9123672  953.3281  954.7074
2021 04 08 04 18 00    -4.9825514   -1.9121689  953.3316  954.7192
2021 04 08 04 19 00    -4.9825257   -1.9120655  953.3353  954.7373
2021 04 08 04 20 00    -4.9825414   -1.9121472  953.3395  954.7465
2021 04 08 04 21 00    -4.9824798   -1.9122083  953.3441  954.7447
2021 04 08 04 22 00    -4.9822005   -1.9121071  953.3490  954.7463
2021 04 08 04 23 00    -4.9816761   -1.9118411  953.3536  954.7600
2021 04 08 04 24 00    -4.9810632   -1.9114356  953.3576  954.7769
2021 04 08 04 25 00    -4.9804550   -1.9110099  953.3617  954.7876
2021 04 08 04 26 00    -4.9797307   -1.9105984  953.3667  954.7940
2021 04 08 04 27 00    -4.9788562   -1.9101598  953.3721  954.7994
2021 04 08 04 28 00    -4.9780084   -1.9097725  953.3772  954.8066
2021 04 08 04 29 00    -4.9771237   -1.9093667  953.3819  954.8165
2021 04 08 04 30 00    -4.9760378   -1.9088183  953.3863  954.8231
2021 04 08 04 31 00    -4.9749232   -1.9082785  953.3909  954.8235
2021 04 08 04 32 00    -4.9738245   -1.9078262  953.3957  954.8220
2021 04 08 04 33 00    -4.9725792   -1.9073140  953.4005  954.8239
2021 04 08 04 34 00    -4.9712557   -1.9066439  953.4058  954.8330
2021 04 08 04 35 00    -4.9698147   -1.9058000  953.4116  954.8468
2021 04 08 04 36 00    -4.9680437   -1.9048099  953.4171  954.8572
2021 04 08 04 37 00    -4.9661429   -1.9037994  953.4214  954.8600
2021 04 08 04 38 00    -4.9645042   -1.9029924  953.4253  954.8593
2021 04 08 04 39 00    -4.9630014   -1.9023795  953.4298  954.8619
2021 04 08 04 40 00    -4.9612189   -1.9015829  953.4352  954.8705
2021 04 08 04 41 00    -4.9592082   -1.9005172  953.4409  954.8814
2021 04 08 04 42 00    -4.9572437   -1.8995082  953.4461  954.8863
2021 04 08 04 43 00    -4.9551819   -1.8985606  953.4508  954.8787
2021 04 08 04 44 00    -4.9529625   -1.8975132  953.4551  954.8603
2021 04 08 04 45 00    -4.9508773   -1.8965223  953.4588  954.8420
2021 04 08 04 46 00    -4.9488089   -1.8956019  953.4621  954.8362
2021 04 08 04 47 00    -4.9464007   -1.8944495  953.4656  954.8486
2021 04 08 04 48 00    -4.9437126   -1.8929821  953.4695  954.8703
2021 04 08 04 49 00    -4.9409485   -1.8914767  953.4738  954.8826
2021 04 08 04 50 00    -4.9382329   -1.8901548  953.4781  954.8739
2021 04 08 04 51 00    -4.9356345   -1.8889064  953.4819  954.8480
2021 04 08 04 52 00    -4.9329775   -1.8875492  953.4848  954.8189
2021 04 08 04 53 00    -4.9300873   -1.8860959  953.4874  954.8047
2021 04 08 04 54 00    -4.9270581   -1.8846143  953.4896  954.8172
2021 04 08 04 55 00    -4.9238966   -1.8830864  953.4918  954.8508
2021 04 08 04 56 00    -4.9205097   -1.8814553  953.4949  954.8843
2021 04 08 04 57 00    -4.9170503   -1.8797086  953.4990  954.9027
2021 04 08 04 58 00    -4.9136509   -1.8779367  953.5034  954.9117
2021 04 08 04 59 00    -4.9101402   -1.8761735  953.5078  954.9241
2021 04 08 05 00 00    -4.9063757   -1.8742618  953.5127  954.9436
2021 04 08 05 01 00    -4.9025289   -1.8722437  953.5182  954.9661
2021 04 08 05 02 00    -4.8988248   -1.8704072  953.5241  954.9881
2021 04 08 05 03 00    -4.8951291   -1.8686532  953.5297  955.0116
2021 04 08 05 04 00    -4.8911572   -1.8666592  953.5355  955.0395
2021 04 08 05 05 00    -4.8870165   -1.8645296  953.5419  955.0652
2021 04 08 05 06 00    -4.8829737   -1.8625225  953.5484  955.0805
2021 04 08 05 07 00    -4.8789306   -1.8605418  953.5545  955.0913
2021 04 08 05 08 00    -4.8746698   -1.8583353  953.5609  955.1035
2021 04 08 05 09 00    -4.8702528   -1.8559681  953.5680  955.1129
2021 04 08 05 10 00    -4.8658598   -1.8537670  953.5752  955.1243
2021 04 08 05 11 00    -4.8614805   -1.8517091  953.5818  955.1451
2021 04 08 05 12 00    -4.8569907   -1.8494863  953.5884  955.1653
2021 04 08 05 13 00    -4.8524231   -1.8471424  953.5956  955.1755
2021 04 08 05 14 00    -4.8478551   -1.8448378  953.6032  955.1817
2021 04 08 05 15 00    -4.8432466   -1.8425473  953.6104  955.1893
2021 04 08 05 16 00    -4.8385802   -1.8402715  953.6172  955.1975
2021 04 08 05 17 00    -4.8338368   -1.8379040  953.6240  955.2063
2021 04 08 05 18 00    -4.8289033   -1.8353927  953.6314  955.2145
2021 04 08 05 19 00    -4.8237882   -1.8329072  953.6395  955.2165
2021 04 08 05 20 00    -4.8187600   -1.8304455  953.6476  955.2124
2021 04 08 05 21 00    -4.8138494   -1.8279023  953.6548  955.2116
2021 04 08 05 22 00    -4.8086098   -1.8252508  953.6610  955.2211
2021 04 08 05 23 00    -4.8030085   -1.8224892  953.6671  955.2436
2021 04 08 05 24 00    -4.7975906   -1.8197671  953.6736  955.2791
2021 04 08 05 25 00    -4.7923630   -1.8171600  953.6806  955.3179
2021 04 08 05 26 00    -4.7868384   -1.8144673  953.6883  955.3443
2021 04 08 05 27 00    -4.7810451   -1.8116136  953.6971  955.3526
2021 04 08 05 28 00    -4.7753648   -1.8086985  953.7066  955.3490
2021 04 08 05 29 00    -4.7698018   -1.8057153  953.7156  955.3391
2021 04 08 05 30 00    -4.7641835   -1.8027649  953.7232  955.3231
2021 04 08 05 31 00    -4.7585837   -1.8000533  953.7306  955.3043
2021 04 08 05 32 00    -4.7529921   -1.7974553  953.7381  955.2945
2021 04 08 05 33 00    -4.7471735   -1.7946047  953.7453  955.3023
2021 04 08 05 34 00    -4.7411570   -1.7914325  953.7524  955.3206
2021 04 08 05 35 00    -4.7352259   -1.7882944  953.7598  955.3336
2021 04 08 05 36 00    -4.7294061   -1.7854143  953.7663  955.3353
2021 04 08 05 37 00    -4.7234528   -1.7825793  953.7722  955.3339
2021 04 08 05 38 00    -4.7172509   -1.7795920  953.7785  955.3387
2021 04 08 05 39 00    -4.7108943   -1.7764624  953.7851  955.3497
2021 04 08 05 40 00    -4.7045614   -1.7732228  953.7919  955.3587
2021 04 08 05 41 00    -4.6983241   -1.7699402  953.7983  955.3616
2021 04 08 05 42 00    -4.6919467   -1.7666328  953.8040  955.3635
2021 04 08 05 43 00    -4.6852948   -1.7632834  953.8096  955.3706
2021 04 08 05 44 00    -4.6786437   -1.7600313  953.8160  955.3825
2021 04 08 05 45 00    -4.6721708   -1.7569435  953.8232  955.3956
2021 04 08 05 46 00    -4.6657004   -1.7537927  953.8307  955.4083
2021 04 08 05 47 00    -4.6590285   -1.7503729  953.8383  955.4199
2021 04 08 05 48 00    -4.6521149   -1.7467710  953.8453  955.4287
2021 04 08 05 49 00    -4.6451219   -1.7432253  953.8520  955.4317
2021 04 08 05 50 00    -4.6383324   -1.7398532  953.8590  955.4249
2021 04 08 05 51 00    -4.6316827   -1.7365544  953.8657  955.4094
2021 04 08 05 52 00    -4.6247665   -1.7331420  953.8715  955.3970
2021 04 08 05 53 00    -4.6176033   -1.7295496  953.8765  955.4006
2021 04 08 05 54 00    -4.6105950   -1.7259281  953.8822  955.4202
2021 04 08 05 55 00    -4.6037243   -1.7224466  953.8888  955.4471
2021 04 08 05 56 00    -4.5966338   -1.7190475  953.8953  955.4732
2021 04 08 05 57 00    -4.5892808   -1.7155185  953.9019  955.4902
2021 04 08 05 58 00    -4.5818907   -1.7117520  953.9091  955.4932
2021 04 08 05 59 00    -4.5745366   -1.7079044  953.9166  955.4892
2021 04 08 06 00 00    -4.5671922   -1.7041387  953.9234  955.4890
2021 04 08 06 01 00    -4.5598831   -1.7003718  953.9297  955.4939
2021 04 08 06 02 00    -4.5525245   -1.6965673  953.9357  955.4975
2021 04 08 06 03 00    -4.5449432   -1.6928162  953.9418  955.4979
2021 04 08 06 04 00    -4.5371904   -1.6890788  953.9483  955.5010
2021 04 08 06 05 00    -4.5295592   -1.6853175  953.9551  955.5121
2021 04 08 06 06 00    -4.5221588   -1.6815993  953.9612  955.5292
2021 04 08 06 07 00    -4.5147322   -1.6778801  953.9672  955.5458
2021 04 08 06 08 00    -4.5070274   -1.6740635  953.9740  955.5566
2021 04 08 06 09 00    -4.4991919   -1.6702043  953.9811  955.5574
2021 04 08 06 10 00    -4.4915798   -1.6664300  953.9870  955.5476
2021 04 08 06 11 00    -4.4840973   -1.6627443  953.9922  955.5335
2021 04 08 06 12 00    -4.4763799   -1.6589895  953.9977  955.5227
2021 04 08 06 13 00    -4.4685784   -1.6550688  954.0034  955.5161
2021 04 08 06 14 00    -4.4608993   -1.6510406  954.0087  955.5122
2021 04 08 06 15 00    -4.4530010   -1.6469310  954.0136  955.5107
2021 04 08 06 16 00    -4.4447992   -1.6428535  954.0191  955.5110
2021 04 08 06 17 00    -4.4367030   -1.6389891  954.0248  955.5122
2021 04 08 06 18 00    -4.4287546   -1.6351373  954.0298  955.5132
2021 04 08 06 19 00    -4.4207272   -1.6310224  954.0340  955.5113
2021 04 08 06 20 00    -4.4126556   -1.6268234  954.0380  955.5093
2021 04 08 06 21 00    -4.4045432   -1.6227667  954.0417  955.5114
2021 04 08 06 22 00    -4.3962643   -1.6187742  954.0460  955.5138
2021 04 08 06 23 00    -4.3879004   -1.6146660  954.0514  955.5141
2021 04 08 06 24 00    -4.3796288   -1.6103637  954.0565  955.5172
2021 04 08 06 25 00    -4.3714265   -1.6060435  954.0606  955.5248
2021 04 08 06 26 00    -4.3631663   -1.6019686  954.0647  955.5354
2021 04 08 06 27 00    -4.3547664   -1.5980015  954.0696  955.5523
2021 04 08 06 28 00    -4.3462158   -1.5937895  954.0747  955.5770
2021 04 08 06 29 00    -4.3377006   -1.5893900  954.0794  955.6005
2021 04 08 06 30 00    -4.3293634   -1.5850749  954.0843  955.6115
2021 04 08 06 31 00    -4.3210063   -1.5808846  954.0898  955.6091
2021 04 08 06 32 00    -4.3124996   -1.5767230  954.0960  955.5994
2021 04 08 06 33 00    -4.3039960   -1.5725224  954.1025  955.5869
2021 04 08 06 34 00    -4.2955649   -1.5682752  954.1083  955.5747
2021 04 08 06 35 00    -4.2871237   -1.5639582  954.1123  955.5641
2021 04 08 06 36 00    -4.2786423   -1.5595572  954.1154  955.5516
2021 04 08 06 37 00    -4.2701659   -1.5552187  954.1186  955.5333
2021 04 08 06 38 00    -4.2616892   -1.5510322  954.1216  955.5146
2021 04 08 06 39 00    -4.2531622   -1.5468440  954.1240  955.5067
2021 04 08 06 40 00    -4.2446136   -1.5425807  954.1265  955.5092
2021 04 08 06 41 00    -4.2360330   -1.5383347  954.1290  955.5099
2021 04 08 06 42 00    -4.2273793   -1.5341095  954.1314  955.5048
2021 04 08 06 43 00    -4.2187401   -1.5298330  954.1341  955.4997
2021 04 08 06 44 00    -4.2101348   -1.5254545  954.1366  955.4962
2021 04 08 06 45 00    -4.2014542   -1.5209977  954.1383  955.4952
2021 04 08 06 46 00    -4.1926427   -1.5165717  954.1399  955.5046
2021 04 08 06 47 00    -4.1837150   -1.5121778  954.1423  955.5287
2021 04 08 06 48 00    -4.1747436   -1.5077397  954.1458  955.5571
2021 04 08 06 49 00    -4.1658185   -1.5032846  954.1500  955.5751
2021 04 08 06 50 00    -4.1569941   -1.4988519  954.1538  955.5801
2021 04 08 06 51 00    -4.1482274   -1.4944428  954.1566  955.5789
2021 04 08 06 52 00    -4.1394245   -1.4900301  954.1596  955.5778
2021 04 08 06 53 00    -4.1305950   -1.4856037  954.1632  955.5791
2021 04 08 06 54 00    -4.1217748   -1.4812410  954.1671  955.5817
2021 04 08 06 55 00    -4.1130003   -1.4769207  954.1708  955.5821
2021 04 08 06 56 00    -4.1042614   -1.4724785  954.1743  955.5803
2021 04 08 06 57 00    -4.0953835   -1.4679263  954.1777  955.5806
2021 04 08 06 58 00    -4.0863306   -1.4634592  954.1807  955.5872
2021 04 08 06 59 00    -4.0773211   -1.4590760  954.1832  955.6010
2021 04 08 07 00 00    -4.0684478   -1.4545924  954.1865  955.6190
2021 04 08 07 01 00    -4.0595738   -1.4499976  954.1912  955.6367
2021 04 08 07 02 00    -4.0505830   -1.4454346  954.1963  955.6502
2021 04 08 07 03 00    -4.0415361   -1.4409589  954.2011  955.6584
2021 04 08 07 04 00    -4.0325931   -1.4365707  954.2059  955.6598
2021 04 08 07 05 00    -4.0237900   -1.4322633  954.2110  955.6523
2021 04 08 07 06 00    -4.0149612   -1.4278624  954.2159  955.6404
2021 04 08 07 07 00    -4.0059888   -1.4231933  954.2198  955.6334
2021 04 08 07 08 00    -3.9969258   -1.4184354  954.2232  955.6360
2021 04 08 07 09 00    -3.9878984   -1.4138829  954.2268  955.6465
2021 04 08 07 10 00    -3.9790557   -1.4095521  954.2308  955.6637
2021 04 08 07 11 00    -3.9703095   -1.4052325  954.2351  955.6879
2021 04 08 07 12 00    -3.9613874   -1.4007780  954.2395  955.7139
2021 04 08 07 13 00    -3.9523659   -1.3962973  954.2446  955.7308
2021 04 08 07 14 00    -3.9434217   -1.3918693  954.2504  955.7354
2021 04 08 07 15 00    -3.9344021   -1.3873190  954.2559  955.7378
2021 04 08 07 16 00    -3.9252752   -1.3826500  954.2609  955.7471
2021 04 08 07 17 00    -3.9162790   -1.3781399  954.2664  955.7594
2021 04 08 07 18 00    -3.9074497   -1.3738016  954.2724  955.7666
2021 04 08 07 19 00    -3.8986232   -1.3693858  954.2785  955.7683
2021 04 08 07 20 00    -3.8897661   -1.3648527  954.2846  955.7713
2021 04 08 07 21 00    -3.8809304   -1.3604038  954.2904  955.7802
2021 04 08 07 22 00    -3.8721386   -1.3561089  954.2960  955.7937
2021 04 08 07 23 00    -3.8633584   -1.3517411  954.3016  955.8089
2021 04 08 07 24 00    -3.8544814   -1.3471888  954.3075  955.8225
2021 04 08 07 25 00    -3.8455564   -1.3427026  954.3141  955.8317
2021 04 08 07 26 00    -3.8367347   -1.3383502  954.3208  955.8372
2021 04 08 07 27 00    -3.8279132   -1.3338721  954.3268  955.8408
2021 04 08 07 28 00    -3.8190120   -1.3293605  954.3319  955.8425
2021 04 08 07 29 00    -3.8102603   -1.3251496  954.3376  955.8445
2021 04 08 07 30 00    -3.8017240   -1.3210683  954.3442  955.8515
2021 04 08 07 31 00    -3.7931119   -1.3167491  954.3505  955.8620
2021 04 08 07 32 00    -3.7843007   -1.3122777  954.3564  955.8708
2021 04 08 07 33 00    -3.7755379   -1.3078848  954.3625  955.8793
2021 04 08 07 34 00    -3.7670256   -1.3035837  954.3690  955.8890
2021 04 08 07 35 00    -3.7585597   -1.2993240  954.3756  955.8972
2021 04 08 07 36 00    -3.7498038   -1.2950298  954.3822  955.9065
2021 04 08 07 37 00    -3.7408824   -1.2906103  954.3889  955.9199
2021 04 08 07 38 00    -3.7321542   -1.2861320  954.3954  955.9310
2021 04 08 07 39 00    -3.7236041   -1.2817840  954.4015  955.9364
2021 04 08 07 40 00    -3.7150419   -1.2776086  954.4078  955.9466
2021 04 08 07 41 00    -3.7064452   -1.2734194  954.4150  955.9686
2021 04 08 07 42 00    -3.6979173   -1.2691144  954.4226  955.9950
2021 04 08 07 43 00    -3.6895234   -1.2647900  954.4297  956.0166
2021 04 08 07 44 00    -3.6811592   -1.2604919  954.4366  956.0303
2021 04 08 07 45 00    -3.6727494   -1.2562490  954.4438  956.0368
2021 04 08 07 46 00    -3.6643091   -1.2520741  954.4508  956.0399
2021 04 08 07 47 00    -3.6558266   -1.2478676  954.4574  956.0433
2021 04 08 07 48 00    -3.6474238   -1.2436526  954.4640  956.0455
2021 04 08 07 49 00    -3.6391920   -1.2395282  954.4711  956.0423
2021 04 08 07 50 00    -3.6309814   -1.2354107  954.4788  956.0374
2021 04 08 07 51 00    -3.6227363   -1.2311969  954.4862  956.0416
2021 04 08 07 52 00    -3.6145176   -1.2269671  954.4925  956.0577
2021 04 08 07 53 00    -3.6063116   -1.2228913  954.4983  956.0776
2021 04 08 07 54 00    -3.5982039   -1.2189765  954.5046  956.0898
2021 04 08 07 55 00    -3.5902208   -1.2150161  954.5116  956.0890
2021 04 08 07 56 00    -3.5821300   -1.2109430  954.5191  956.0831
2021 04 08 07 57 00    -3.5739009   -1.2068976  954.5260  956.0858
2021 04 08 07 58 00    -3.5658282   -1.2028846  954.5318  956.0986
2021 04 08 07 59 00    -3.5579790   -1.1988227  954.5370  956.1122
2021 04 08 08 00 00    -3.5501250   -1.1947698  954.5426  956.1231
2021 04 08 08 01 00    -3.5421855   -1.1908008  954.5488  956.1323
2021 04 08 08 02 00    -3.5342359   -1.1868807  954.5556  956.1346
2021 04 08 08 03 00    -3.5263513   -1.1829663  954.5622  956.1270
2021 04 08 08 04 00    -3.5186793   -1.1790884  954.5685  956.1161
2021 04 08 08 05 00    -3.5112262   -1.1752886  954.5740  956.1083
2021 04 08 08 06 00    -3.5037168   -1.1715197  954.5791  956.1062
2021 04 08 08 07 00    -3.4960360   -1.1676917  954.5843  956.1113
2021 04 08 08 08 00    -3.4883953   -1.1638565  954.5898  956.1217
2021 04 08 08 09 00    -3.4809101   -1.1601842  954.5951  956.1343
2021 04 08 08 10 00    -3.4734515   -1.1566041  954.6009  956.1485
2021 04 08 08 11 00    -3.4659249   -1.1527535  954.6075  956.1616
2021 04 08 08 12 00    -3.4584291   -1.1486878  954.6137  956.1669
2021 04 08 08 13 00    -3.4510430   -1.1449143  954.6188  956.1650
2021 04 08 08 14 00    -3.4436580   -1.1414012  954.6237  956.1643
2021 04 08 08 15 00    -3.4363025   -1.1377620  954.6292  956.1684
2021 04 08 08 16 00    -3.4291212   -1.1340486  954.6348  956.1730
2021 04 08 08 17 00    -3.4219353   -1.1304155  954.6400  956.1759
2021 04 08 08 18 00    -3.4146127   -1.1268614  954.6449  956.1803
2021 04 08 08 19 00    -3.4074399   -1.1234081  954.6499  956.1884
2021 04 08 08 20 00    -3.4004427   -1.1199181  954.6556  956.1973
2021 04 08 08 21 00    -3.3933269   -1.1162452  954.6629  956.2061
2021 04 08 08 22 00    -3.3862069   -1.1125750  954.6716  956.2144
2021 04 08 08 23 00    -3.3792679   -1.1090732  954.6805  956.2155
2021 04 08 08 24 00    -3.3723851   -1.1056626  954.6892  956.2067
2021 04 08 08 25 00    -3.3655506   -1.1022627  954.6978  956.2016
2021 04 08 08 26 00    -3.3587830   -1.0988410  954.7058  956.2114
2021 04 08 08 27 00    -3.3519897   -1.0954428  954.7132  956.2279
2021 04 08 08 28 00    -3.3452955   -1.0921836  954.7209  956.2349
2021 04 08 08 29 00    -3.3388443   -1.0890563  954.7291  956.2339
2021 04 08 08 30 00    -3.3324367   -1.0858857  954.7376  956.2405
2021 04 08 08 31 00    -3.3258831   -1.0825866  954.7468  956.2550
2021 04 08 08 32 00    -3.3193057   -1.0793231  954.7562  956.2682
2021 04 08 08 33 00    -3.3128425   -1.0761797  954.7649  956.2819
2021 04 08 08 34 00    -3.3064775   -1.0729903  954.7732  956.2870
2021 04 08 08 35 00    -3.3001827   -1.0697394  954.7820  956.2723
2021 04 08 08 36 00    -3.2940138   -1.0666546  954.7903  956.2588
2021 04 08 08 37 00    -3.2879739   -1.0637362  954.7978  956.2614
2021 04 08 08 38 00    -3.2819227   -1.0607614  954.8052  956.2662
2021 04 08 08 39 00    -3.2758521   -1.0577365  954.8130  956.2722
2021 04 08 08 40 00    -3.2698384   -1.0546907  954.8208  956.2872
2021 04 08 08 41 00    -3.2637829   -1.0514923  954.8284  956.2979
2021 04 08 08 42 00    -3.2577310   -1.0483742  954.8360  956.2923
2021 04 08 08 43 00    -3.2519388   -1.0456520  954.8437  956.2840
2021 04 08 08 44 00    -3.2463315   -1.0429883  954.8511  956.2886
2021 04 08 08 45 00    -3.2405237   -1.0399523  954.8581  956.3020
2021 04 08 08 46 00    -3.2345192   -1.0367726  954.8646  956.3120
2021 04 08 08 47 00    -3.2287891   -1.0339082  954.8714  956.3111
2021 04 08 08 48 00    -3.2234336   -1.0312794  954.8788  956.3051
2021 04 08 08 49 00    -3.2180413   -1.0284812  954.8860  956.3079
2021 04 08 08 50 00    -3.2125543   -1.0256291  954.8926  956.3209
2021 04 08 08 51 00    -3.2072347   -1.0230899  954.8993  956.3332
2021 04 08 08 52 00    -3.2019723   -1.0206719  954.9066  956.3381
2021 04 08 08 53 00    -3.1966429   -1.0180160  954.9136  956.3385
2021 04 08 08 54 00    -3.1914758   -1.0152456  954.9202  956.3370
2021 04 08 08 55 00    -3.1864630   -1.0126567  954.9272  956.3314
2021 04 08 08 56 00    -3.1813718   -1.0102071  954.9339  956.3225
2021 04 08 08 57 00    -3.1763298   -1.0076971  954.9394  956.3157
2021 04 08 08 58 00    -3.1714961   -1.0051525  954.9442  956.3137
2021 04 08 08 59 00    -3.1667110   -1.0027123  954.9494  956.3138
2021 04 08 09 00 00    -3.1619096   -1.0004056  954.9551  956.3098
2021 04 08 09 01 00    -3.1571878   -0.9981413  954.9605  956.2989
2021 04 08 09 02 00    -3.1525665   -0.9958520  954.9650  956.2882
2021 04 08 09 03 00    -3.1480726   -0.9936128  954.9691  956.2862
2021 04 08 09 04 00    -3.1437767   -0.9914703  954.9733  956.2905
2021 04 08 09 05 00    -3.1395572   -0.9893243  954.9779  956.2917
2021 04 08 09 06 00    -3.1351382   -0.9870861  954.9830  956.2846
2021 04 08 09 07 00    -3.1305919   -0.9847974  954.9880  956.2742
2021 04 08 09 08 00    -3.1262410   -0.9825621  954.9920  956.2696
2021 04 08 09 09 00    -3.1221393   -0.9804543  954.9952  956.2747
2021 04 08 09 10 00    -3.1181995   -0.9784798  954.9983  956.2860
2021 04 08 09 11 00    -3.1142802   -0.9765223  955.0017  956.2982
2021 04 08 09 12 00    -3.1101724   -0.9744779  955.0060  956.3079
2021 04 08 09 13 00    -3.1060255   -0.9724667  955.0107  956.3145
2021 04 08 09 14 00    -3.1021509   -0.9706046  955.0156  956.3164
2021 04 08 09 15 00    -3.0984425   -0.9687724  955.0203  956.3130
2021 04 08 09 16 00    -3.0946942   -0.9668556  955.0247  956.3068
2021 04 08 09 17 00    -3.0909575   -0.9649309  955.0287  956.3006
2021 04 08 09 18 00    -3.0873262   -0.9631168  955.0331  956.2995
2021 04 08 09 19 00    -3.0838073   -0.9613326  955.0379  956.3024
2021 04 08 09 20 00    -3.0803788   -0.9595034  955.0427  956.2968
2021 04 08 09 21 00    -3.0770604   -0.9578563  955.0466  956.2837
2021 04 08 09 22 00    -3.0738406   -0.9564341  955.0500  956.2756
2021 04 08 09 23 00    -3.0706982   -0.9549479  955.0529  956.2727
2021 04 08 09 24 00    -3.0676508   -0.9533304  955.0559  956.2708
2021 04 08 09 25 00    -3.0645705   -0.9517105  955.0593  956.2702
2021 04 08 09 26 00    -3.0614107   -0.9501611  955.0620  956.2706
2021 04 08 09 27 00    -3.0583974   -0.9486620  955.0639  956.2694
2021 04 08 09 28 00    -3.0555808   -0.9471583  955.0661  956.2632
2021 04 08 09 29 00    -3.0528452   -0.9457783  955.0687  956.2540
2021 04 08 09 30 00    -3.0502719   -0.9446331  955.0707  956.2484
2021 04 08 09 31 00    -3.0478915   -0.9435183  955.0719  956.2458
2021 04 08 09 32 00    -3.0454791   -0.9422457  955.0735  956.2390
2021 04 08 09 33 00    -3.0429233   -0.9408839  955.0755  956.2263
2021 04 08 09 34 00    -3.0403919   -0.9395968  955.0767  956.2148
2021 04 08 09 35 00    -3.0380302   -0.9385080  955.0770  956.2076
2021 04 08 09 36 00    -3.0358283   -0.9374983  955.0772  956.2001
2021 04 08 09 37 00    -3.0336951   -0.9362888  955.0779  956.1918
2021 04 08 09 38 00    -3.0315460   -0.9349380  955.0790  956.1877
2021 04 08 09 39 00    -3.0294511   -0.9338561  955.0796  956.1890
2021 04 08 09 40 00    -3.0275365   -0.9331695  955.0799  956.1935
2021 04 08 09 41 00    -3.0257655   -0.9324848  955.0804  956.1993
2021 04 08 09 42 00    -3.0240425   -0.9315306  955.0811  956.2031
2021 04 08 09 43 00    -3.0223392   -0.9305453  955.0821  956.1985
2021 04 08 09 44 00    -3.0206618   -0.9297591  955.0838  956.1833
2021 04 08 09 45 00    -3.0190771   -0.9290619  955.0857  956.1698
2021 04 08 09 46 00    -3.0175936   -0.9283160  955.0867  956.1680
2021 04 08 09 47 00    -3.0161025   -0.9275216  955.0868  956.1757
2021 04 08 09 48 00    -3.0146314   -0.9267319  955.0873  956.1913
2021 04 08 09 49 00    -3.0132986   -0.9260873  955.0885  956.1986
2021 04 08 09 50 00    -3.0120822   -0.9256327  955.0895  956.1757
2021 04 08 09 51 00    -3.0109273   -0.9251290  955.0897  956.1454
2021 04 08 09 52 00    -3.0098582   -0.9244993  955.0898  956.1432
2021 04 08 09 53 00    -3.0088787   -0.9239339  955.0903  956.1596
2021 04 08 09 54 00    -3.0079220   -0.9234166  955.0907  956.1677
2021 04 08 09 55 00    -3.0069812   -0.9229165  955.0905  956.1581
2021 04 08 09 56 00    -3.0061697   -0.9226015  955.0897  956.1440
2021 04 08 09 57 00    -3.0055732   -0.9224298  955.0890  956.1482
2021 04 08 09 58 00    -3.0051168   -0.9221697  955.0889  956.1593
2021 04 08 09 59 00    -3.0045994   -0.9218028  955.0893  956.1466
2021 04 08 10 00 00    -3.0039556   -0.9214807  955.0895  956.1254
2021 04 08 10 01 00    -3.0033611   -0.9212347  955.0893  956.1192
2021 04 08 10 02 00    -3.0029034   -0.9209306  955.0883  956.1053
2021 04 08 10 03 00    -3.0025559   -0.9205717  955.0866  956.0780
2021 04 08 10 04 00    -3.0023749   -0.9204070  955.0844  956.0751
2021 04 08 10 05 00    -3.0022691   -0.9204159  955.0827  956.1023
2021 04 08 10 06 00    -3.0020741   -0.9203016  955.0820  956.1229
2021 04 08 10 07 00    -3.0019261   -0.9201720  955.0821  956.1252
2021 04 08 10 08 00    -3.0020101   -0.9203025  955.0826  956.1284
2021 04 08 10 09 00    -3.0022982   -0.9205775  955.0833  956.1288
2021 04 08 10 10 00    -3.0027677   -0.9208587  955.0838  956.1050
2021 04 08 10 11 00    -3.0033086   -0.9211385  955.0838  956.0712
2021 04 08 10 12 00    -3.0036473   -0.9212732  955.0831  956.0651
2021 04 08 10 13 00    -3.0038465   -0.9213006  955.0822  956.0853
2021 04 08 10 14 00    -3.0042705   -0.9214953  955.0817  956.0916
2021 04 08 10 15 00    -3.0049267   -0.9218378  955.0814  956.0921
2021 04 08 10 16 00    -3.0055726   -0.9221875  955.0813  956.1224
2021 04 08 10 17 00    -3.0062286   -0.9226759  955.0820  956.1429
2021 04 08 10 18 00    -3.0070202   -0.9232838  955.0826  956.1219
2021 04 08 10 19 00    -3.0079254   -0.9237148  955.0822  956.1006
2021 04 08 10 20 00    -3.0089120   -0.9239850  955.0814  956.0863
2021 04 08 10 21 00    -3.0099578   -0.9244219  955.0805  956.0572
2021 04 08 10 22 00    -3.0110773   -0.9251338  955.0789  956.0292
2021 04 08 10 23 00    -3.0123520   -0.9259056  955.0769  956.0131
2021 04 08 10 24 00    -3.0137230   -0.9265516  955.0750  955.9964
2021 04 08 10 25 00    -3.0151030   -0.9271834  955.0731  955.9795
2021 04 08 10 26 00    -3.0165538   -0.9279649  955.0710  955.9681
2021 04 08 10 27 00    -3.0180693   -0.9288219  955.0687  955.9549
2021 04 08 10 28 00    -3.0196266   -0.9296172  955.0666  955.9371
2021 04 08 10 29 00    -3.0213389   -0.9303801  955.0643  955.9238
2021 04 08 10 30 00    -3.0231815   -0.9312116  955.0610  955.9215
2021 04 08 10 31 00    -3.0249712   -0.9320991  955.0568  955.9264
2021 04 08 10 32 00    -3.0267484   -0.9329990  955.0529  955.9306
2021 04 08 10 33 00    -3.0286636   -0.9339366  955.0497  955.9329
2021 04 08 10 34 00    -3.0306093   -0.9349103  955.0474  955.9348
2021 04 08 10 35 00    -3.0325296   -0.9359134  955.0462  955.9283
2021 04 08 10 36 00    -3.0346362   -0.9369647  955.0441  955.9123
2021 04 08 10 37 00    -3.0369107   -0.9380161  955.0394  955.8981
2021 04 08 10 38 00    -3.0390992   -0.9390139  955.0328  955.8874
2021 04 08 10 39 00    -3.0412431   -0.9400854  955.0258  955.8774
2021 04 08 10 40 00    -3.0436208   -0.9414109  955.0198  955.8753
2021 04 08 10 41 00    -3.0462403   -0.9428601  955.0148  955.8777
2021 04 08 10 42 00    -3.0487902   -0.9441557  955.0093  955.8668
2021 04 08 10 43 00    -3.0511794   -0.9453165  955.0021  955.8388
2021 04 08 10 44 00    -3.0537152   -0.9465801  954.9938  955.8161
2021 04 08 10 45 00    -3.0565849   -0.9480824  954.9857  955.8195
2021 04 08 10 46 00    -3.0595824   -0.9496564  954.9783  955.8324
2021 04 08 10 47 00    -3.0624538   -0.9510260  954.9715  955.8255
2021 04 08 10 48 00    -3.0652145   -0.9522861  954.9644  955.8035
2021 04 08 10 49 00    -3.0680905   -0.9537391  954.9567  955.7913
2021 04 08 10 50 00    -3.0712178   -0.9554044  954.9490  955.7953
2021 04 08 10 51 00    -3.0744595   -0.9570594  954.9418  955.8067
2021 04 08 10 52 00    -3.0776243   -0.9585578  954.9357  955.8168
2021 04 08 10 53 00    -3.0807416   -0.9600138  954.9307  955.8195
2021 04 08 10 54 00    -3.0839235   -0.9615605  954.9259  955.8193
2021 04 08 10 55 00    -3.0871284   -0.9631188  954.9205  955.8254
2021 04 08 10 56 00    -3.0903912   -0.9647280  954.9148  955.8295
2021 04 08 10 57 00    -3.0938808   -0.9665573  954.9099  955.8263
2021 04 08 10 58 00    -3.0974179   -0.9684503  954.9069  955.8381
2021 04 08 10 59 00    -3.1007617   -0.9701244  954.9052  955.8705
2021 04 08 11 00 00    -3.1041866   -0.9716874  954.9043  955.8960
2021 04 08 11 01 00    -3.1078267   -0.9734513  954.9036  955.9065
2021 04 08 11 02 00    -3.1113705   -0.9754201  954.9026  955.9147
2021 04 08 11 03 00    -3.1148719   -0.9773111  954.9014  955.9180
2021 04 08 11 04 00    -3.1186159   -0.9790534  954.9009  955.9113
2021 04 08 11 05 00    -3.1225245   -0.9809358  954.9010  955.9025
2021 04 08 11 06 00    -3.1265142   -0.9830457  954.9004  955.9013
2021 04 08 11 07 00    -3.1306089   -0.9850747  954.8986  955.9071
2021 04 08 11 08 00    -3.1347177   -0.9869868  954.8964  955.9075
2021 04 08 11 09 00    -3.1388446   -0.9890843  954.8949  955.8916
2021 04 08 11 10 00    -3.1430868   -0.9913895  954.8940  955.8695
2021 04 08 11 11 00    -3.1474155   -0.9936333  954.8933  955.8615
2021 04 08 11 12 00    -3.1517195   -0.9956779  954.8919  955.8724
2021 04 08 11 13 00    -3.1559204   -0.9976684  954.8899  955.8886
2021 04 08 11 14 00    -3.1600869   -0.9997781  954.8885  955.8954
2021 04 08 11 15 00    -3.1644199   -1.0020263  954.8885  955.8918
2021 04 08 11 16 00    -3.1689473   -1.0043612  954.8888  955.8865
2021 04 08 11 17 00    -3.1735550   -1.0067117  954.8887  955.8836
2021 04 08 11 18 00    -3.1782706   -1.0090105  954.8885  955.8778
2021 04 08 11 19 00    -3.1830621   -1.0112042  954.8882  955.8666
2021 04 08 11 20 00    -3.1878082   -1.0133920  954.8876  955.8526
2021 04 08 11 21 00    -3.1926047   -1.0158161  954.8873  955.8384
2021 04 08 11 22 00    -3.1975207   -1.0184251  954.8873  955.8292
2021 04 08 11 23 00    -3.2023941   -1.0209336  954.8867  955.8260
2021 04 08 11 24 00    -3.2072319   -1.0233386  954.8850  955.8223
2021 04 08 11 25 00    -3.2122494   -1.0257905  954.8834  955.8134
2021 04 08 11 26 00    -3.2174319   -1.0282595  954.8822  955.8002
2021 04 08 11 27 00    -3.2225879   -1.0307296  954.8802  955.7835
2021 04 08 11 28 00    -3.2277766   -1.0333648  954.8768  955.7686
2021 04 08 11 29 00    -3.2331046   -1.0361861  954.8732  955.7665
2021 04 08 11 30 00    -3.2385000   -1.0389890  954.8706  955.7752
2021 04 08 11 31 00    -3.2439572   -1.0416866  954.8687  955.7772
2021 04 08 11 32 00    -3.2493283   -1.0443334  954.8663  955.7651
2021 04 08 11 33 00    -3.2545857   -1.0470753  954.8631  955.7506
2021 04 08 11 34 00    -3.2600790   -1.0499645  954.8601  955.7453
2021 04 08 11 35 00    -3.2656854   -1.0527419  954.8578  955.7497
2021 04 08 11 36 00    -3.2710645   -1.0553245  954.8553  955.7566
2021 04 08 11 37 00    -3.2764541   -1.0579919  954.8522  955.7577
2021 04 08 11 38 00    -3.2820731   -1.0608350  954.8495  955.7532
2021 04 08 11 39 00    -3.2877103   -1.0636632  954.8475  955.7479
2021 04 08 11 40 00    -3.2932948   -1.0664288  954.8452  955.7442
2021 04 08 11 41 00    -3.2990234   -1.0692880  954.8424  955.7451
2021 04 08 11 42 00    -3.3048657   -1.0722471  954.8399  955.7487
2021 04 08 11 43 00    -3.3106751   -1.0751806  954.8376  955.7460
2021 04 08 11 44 00    -3.3165395   -1.0781097  954.8348  955.7366
2021 04 08 11 45 00    -3.3224933   -1.0810749  954.8319  955.7254
2021 04 08 11 46 00    -3.3284720   -1.0840757  954.8298  955.7105
2021 04 08 11 47 00    -3.3345297   -1.0871675  954.8276  955.6913
2021 04 08 11 48 00    -3.3406236   -1.0903052  954.8236  955.6730
2021 04 08 11 49 00    -3.3466753   -1.0934052  954.8186  955.6624
2021 04 08 11 50 00    -3.3528199   -1.0965092  954.8143  955.6646
2021 04 08 11 51 00    -3.3591356   -1.0996240  954.8108  955.6739
2021 04 08 11 52 00    -3.3654343   -1.1026712  954.8073  955.6776
2021 04 08 11 53 00    -3.3715400   -1.1056507  954.8036  955.6731
2021 04 08 11 54 00    -3.3775252   -1.1086488  954.8001  955.6671
2021 04 08 11 55 00    -3.3836096   -1.1117429  954.7976  955.6628
2021 04 08 11 56 00    -3.3898932   -1.1149185  954.7958  955.6594
2021 04 08 11 57 00    -3.3962600   -1.1180939  954.7933  955.6576
2021 04 08 11 58 00    -3.4026878   -1.1213173  954.7897  955.6537
2021 04 08 11 59 00    -3.4092613   -1.1246526  954.7858  955.6428
2021 04 08 12 00 00    -3.4158122   -1.1279910  954.7822  955.6347
2021 04 08 12 01 00    -3.4221619   -1.1312427  954.7793  955.6432
2021 04 08 12 02 00    -3.4284274   -1.1343554  954.7774  955.6570
2021 04 08 12 03 00    -3.4348097   -1.1374076  954.7754  955.6593
2021 04 08 12 04 00    -3.4413615   -1.1406790  954.7727  955.6521
2021 04 08 12 05 00    -3.4479167   -1.1440933  954.7694  955.6392
2021 04 08 12 06 00    -3.4544171   -1.1473358  954.7664  955.6194
2021 04 08 12 07 00    -3.4610645   -1.1505593  954.7637  955.6012
2021 04 08 12 08 00    -3.4678836   -1.1539896  954.7612  955.5920
2021 04 08 12 09 00    -3.4747188   -1.1574414  954.7583  955.5886
2021 04 08 12 10 00    -3.4815154   -1.1607850  954.7555  955.5838
2021 04 08 12 11 00    -3.4882736   -1.1641878  954.7531  955.5723
2021 04 08 12 12 00    -3.4950031   -1.1676940  954.7507  955.5570
2021 04 08 12 13 00    -3.5017285   -1.1711201  954.7476  955.5471
2021 04 08 12 14 00    -3.5085538   -1.1744757  954.7443  955.5418
2021 04 08 12 15 00    -3.5155180   -1.1779068  954.7412  955.5359
2021 04 08 12 16 00    -3.5224556   -1.1813509  954.7375  955.5386
2021 04 08 12 17 00    -3.5293098   -1.1847676  954.7330  955.5486
2021 04 08 12 18 00    -3.5362511   -1.1882847  954.7281  955.5300
2021 04 08 12 19 00    -3.5433639   -1.1918675  954.7227  955.4702
2021 04 08 12 20 00    -3.5503357   -1.1953149  954.7164  955.4177
2021 04 08 12 21 00    -3.5570385   -1.1987200  954.7102  955.4092
2021 04 08 12 22 00    -3.5640460   -1.2023557  954.7046  955.4156
2021 04 08 12 23 00    -3.5714374   -1.2060577  954.6989  955.4016
2021 04 08 12 24 00    -3.5784926   -1.2095402  954.6926  955.3795
2021 04 08 12 25 00    -3.5851201   -1.2129357  954.6859  955.3727
2021 04 08 12 26 00    -3.5919327   -1.2163820  954.6791  955.3767
2021 04 08 12 27 00    -3.5991202   -1.2198138  954.6726  955.3782
2021 04 08 12 28 00    -3.6063053   -1.2232792  954.6670  955.3739
2021 04 08 12 29 00    -3.6133149   -1.2268730  954.6620  955.3609
2021 04 08 12 30 00    -3.6203471   -1.2305203  954.6569  955.3380
2021 04 08 12 31 00    -3.6274909   -1.2340954  954.6511  955.3223
2021 04 08 12 32 00    -3.6345831   -1.2375767  954.6448  955.3243
2021 04 08 12 33 00    -3.6415124   -1.2410129  954.6385  955.3173
2021 04 08 12 34 00    -3.6485227   -1.2444847  954.6326  955.2826
2021 04 08 12 35 00    -3.6558408   -1.2480590  954.6265  955.2499
2021 04 08 12 36 00    -3.6632014   -1.2517325  954.6198  955.2481
2021 04 08 12 37 00    -3.6702709   -1.2554014  954.6127  955.2625
2021 04 08 12 38 00    -3.6771505   -1.2589144  954.6059  955.2671
2021 04 08 12 39 00    -3.6841903   -1.2623339  954.6000  955.2595
2021 04 08 12 40 00    -3.6914260   -1.2658708  954.5949  955.2510
2021 04 08 12 41 00    -3.6985486   -1.2694758  954.5904  955.2493
2021 04 08 12 42 00    -3.7054885   -1.2729489  954.5861  955.2578
2021 04 08 12 43 00    -3.7124239   -1.2763266  954.5819  955.2748
2021 04 08 12 44 00    -3.7194222   -1.2798163  954.5785  955.2890
2021 04 08 12 45 00    -3.7264425   -1.2834769  954.5762  955.2917
2021 04 08 12 46 00    -3.7334471   -1.2871458  954.5739  955.2909
2021 04 08 12 47 00    -3.7404509   -1.2906326  954.5710  955.2938
2021 04 08 12 48 00    -3.7474878   -1.2939980  954.5682  955.2960
2021 04 08 12 49 00    -3.7545800   -1.2975117  954.5660  955.2925
2021 04 08 12 50 00    -3.7616844   -1.3012143  954.5640  955.2879
2021 04 08 12 51 00    -3.7686807   -1.3048837  954.5619  955.2943
2021 04 08 12 52 00    -3.7756300   -1.3084236  954.5601  955.3060
2021 04 08 12 53 00    -3.7827760   -1.3119080  954.5586  955.2985
2021 04 08 12 54 00    -3.7900734   -1.3153459  954.5565  955.2728
2021 04 08 12 55 00    -3.7972526   -1.3187740  954.5536  955.2535
2021 04 08 12 56 00    -3.8043508   -1.3223969  954.5510  955.2485
2021 04 08 12 57 00    -3.8115263   -1.3261783  954.5490  955.2479
2021 04 08 12 58 00    -3.8186216   -1.3297757  954.5469  955.2435
2021 04 08 12 59 00    -3.8254971   -1.3331751  954.5440  955.2337
2021 04 08 13 00 00    -3.8324059   -1.3366750  954.5406  955.2198
2021 04 08 13 01 00    -3.8395717   -1.3403105  954.5366  955.2046
2021 04 08 13 02 00    -3.8468026   -1.3439033  954.5324  955.1909
2021 04 08 13 03 00    -3.8538950   -1.3474457  954.5286  955.1813
2021 04 08 13 04 00    -3.8609258   -1.3510523  954.5254  955.1752
2021 04 08 13 05 00    -3.8679740   -1.3546970  954.5223  955.1677
2021 04 08 13 06 00    -3.8750402   -1.3582602  954.5192  955.1564
2021 04 08 13 07 00    -3.8821324   -1.3617147  954.5159  955.1432
2021 04 08 13 08 00    -3.8891952   -1.3650862  954.5120  955.1251
2021 04 08 13 09 00    -3.8961423   -1.3684115  954.5077  955.1068
2021 04 08 13 10 00    -3.9030015   -1.3718508  954.5042  955.1101
2021 04 08 13 11 00    -3.9099285   -1.3755195  954.5011  955.1375
2021 04 08 13 12 00    -3.9169151   -1.3791377  954.4975  955.1569
2021 04 08 13 13 00    -3.9237461   -1.3824446  954.4937  955.1488
2021 04 08 13 14 00    -3.9304859   -1.3857192  954.4898  955.1309
2021 04 08 13 15 00    -3.9373594   -1.3891744  954.4854  955.1222
2021 04 08 13 16 00    -3.9442972   -1.3926309  954.4803  955.1163
2021 04 08 13 17 00    -3.9511864   -1.3960584  954.4753  955.1003
2021 04 08 13 18 00    -3.9580371   -1.3995370  954.4715  955.0762
2021 04 08 13 19 00    -3.9648359   -1.4030091  954.4683  955.0504
2021 04 08 13 20 00    -3.9715833   -1.4064144  954.4638  955.0252
2021 04 08 13 21 00    -3.9782858   -1.4097220  954.4578  955.0046
2021 04 08 13 22 00    -3.9849477   -1.4129452  954.4521  954.9905
2021 04 08 13 23 00    -3.9915780   -1.4161716  954.4470  954.9791
2021 04 08 13 24 00    -3.9981666   -1.4195243  954.4413  954.9674
2021 04 08 13 25 00    -4.0047441   -1.4230048  954.4349  954.9553
2021 04 08 13 26 00    -4.0113140   -1.4263506  954.4287  954.9425
2021 04 08 13 27 00    -4.0178206   -1.4294672  954.4234  954.9331
2021 04 08 13 28 00    -4.0243301   -1.4326749  954.4186  954.9328
2021 04 08 13 29 00    -4.0309252   -1.4360315  954.4134  954.9417
2021 04 08 13 30 00    -4.0374796   -1.4392415  954.4079  954.9569
2021 04 08 13 31 00    -4.0438617   -1.4423056  954.4027  954.9776
2021 04 08 13 32 00    -4.0501141   -1.4454193  954.3982  954.9954
2021 04 08 13 33 00    -4.0563149   -1.4486150  954.3944  954.9947
2021 04 08 13 34 00    -4.0625533   -1.4518417  954.3911  954.9742
2021 04 08 13 35 00    -4.0689649   -1.4550455  954.3876  954.9444
2021 04 08 13 36 00    -4.0755311   -1.4582035  954.3831  954.9126
2021 04 08 13 37 00    -4.0820162   -1.4613634  954.3779  954.8866
2021 04 08 13 38 00    -4.0882728   -1.4645238  954.3724  954.8671
2021 04 08 13 39 00    -4.0944306   -1.4676432  954.3661  954.8428
2021 04 08 13 40 00    -4.1006994   -1.4707984  954.3594  954.8156
2021 04 08 13 41 00    -4.1069729   -1.4739467  954.3534  954.7997
2021 04 08 13 42 00    -4.1129260   -1.4769279  954.3482  954.7969
2021 04 08 13 43 00    -4.1187080   -1.4798844  954.3429  954.7960
2021 04 08 13 44 00    -4.1247746   -1.4829869  954.3370  954.7896
2021 04 08 13 45 00    -4.1309894   -1.4860819  954.3312  954.7802
2021 04 08 13 46 00    -4.1369423   -1.4890217  954.3253  954.7753
2021 04 08 13 47 00    -4.1427590   -1.4918924  954.3193  954.7813
2021 04 08 13 48 00    -4.1485989   -1.4947752  954.3140  954.7925
2021 04 08 13 49 00    -4.1542568   -1.4975725  954.3100  954.7908
2021 04 08 13 50 00    -4.1598240   -1.5003469  954.3061  954.7774
2021 04 08 13 51 00    -4.1655571   -1.5033250  954.3006  954.7767
2021 04 08 13 52 00    -4.1712351   -1.5063274  954.2948  954.7981
2021 04 08 13 53 00    -4.1766289   -1.5090441  954.2905  954.8229
2021 04 08 13 54 00    -4.1819908   -1.5116344  954.2869  954.8249
2021 04 08 13 55 00    -4.1875886   -1.5143708  954.2826  954.7978
2021 04 08 13 56 00    -4.1932902   -1.5172466  954.2775  954.7642
2021 04 08 13 57 00    -4.1988443   -1.5200988  954.2726  954.7392
2021 04 08 13 58 00    -4.2042112   -1.5227835  954.2677  954.7126
2021 04 08 13 59 00    -4.2094853   -1.5253637  954.2623  954.6831
2021 04 08 14 00 00    -4.2148368   -1.5280376  954.2566  954.6677
2021 04 08 14 01 00    -4.2203152   -1.5307747  954.2510  954.6739
2021 04 08 14 02 00    -4.2255987   -1.5333614  954.2450  954.6833
2021 04 08 14 03 00    -4.2305570   -1.5358269  954.2384  954.6737
2021 04 08 14 04 00    -4.2356000   -1.5384334  954.2322  954.6494
2021 04 08 14 05 00    -4.2408568   -1.5411816  954.2262  954.6263
2021 04 08 14 06 00    -4.2459454   -1.5437608  954.2199  954.6100
2021 04 08 14 07 00    -4.2507774   -1.5461214  954.2131  954.6036
2021 04 08 14 08 00    -4.2556688   -1.5485411  954.2064  954.6001
2021 04 08 14 09 00    -4.2607264   -1.5510765  954.1999  954.5806
2021 04 08 14 10 00    -4.2657410   -1.5535651  954.1931  954.5437
2021 04 08 14 11 00    -4.2705603   -1.5559873  954.1862  954.5114
2021 04 08 14 12 00    -4.2752064   -1.5583628  954.1797  954.4999
2021 04 08 14 13 00    -4.2797451   -1.5606135  954.1737  954.5055
2021 04 08 14 14 00    -4.2842034   -1.5627478  954.1675  954.5200
2021 04 08 14 15 00    -4.2886500   -1.5649263  954.1610  954.5428
2021 04 08 14 16 00    -4.2931569   -1.5672339  954.1544  954.5656
2021 04 08 14 17 00    -4.2975809   -1.5695117  954.1483  954.5691
2021 04 08 14 18 00    -4.3018152   -1.5716447  954.1425  954.5472
2021 04 08 14 19 00    -4.3060435   -1.5738212  954.1364  954.5165
2021 04 08 14 20 00    -4.3103723   -1.5760781  954.1301  954.4964
2021 04 08 14 21 00    -4.3146604   -1.5781451  954.1241  954.4949
2021 04 08 14 22 00    -4.3188337   -1.5800662  954.1186  954.5069
2021 04 08 14 23 00    -4.3230111   -1.5821128  954.1132  954.5151
2021 04 08 14 24 00    -4.3271866   -1.5842203  954.1077  954.5061
2021 04 08 14 25 00    -4.3311957   -1.5862401  954.1025  954.4832
2021 04 08 14 26 00    -4.3350686   -1.5882123  954.0975  954.4575
2021 04 08 14 27 00    -4.3389223   -1.5901547  954.0919  954.4356
2021 04 08 14 28 00    -4.3427585   -1.5920938  954.0855  954.4187
2021 04 08 14 29 00    -4.3465776   -1.5940421  954.0788  954.4059
2021 04 08 14 30 00    -4.3503222   -1.5958634  954.0724  954.3988
2021 04 08 14 31 00    -4.3538824   -1.5975630  954.0664  954.3992
2021 04 08 14 32 00    -4.3573015   -1.5993295  954.0606  954.4027
2021 04 08 14 33 00    -4.3607162   -1.6011267  954.0544  954.4036
2021 04 08 14 34 00    -4.3641604   -1.6028175  954.0472  954.3953
2021 04 08 14 35 00    -4.3675042   -1.6044685  954.0400  954.3718
2021 04 08 14 36 00    -4.3706369   -1.6060999  954.0335  954.3389
2021 04 08 14 37 00    -4.3737391   -1.6076379  954.0275  954.3150
2021 04 08 14 38 00    -4.3769922   -1.6091674  954.0218  954.3128
2021 04 08 14 39 00    -4.3801651   -1.6107272  954.0161  954.3186
2021 04 08 14 40 00    -4.3830637   -1.6122033  954.0100  954.3057
2021 04 08 14 41 00    -4.3859873   -1.6136540  954.0036  954.2766
2021 04 08 14 42 00    -4.3890742   -1.6151657  953.9976  954.2579
2021 04 08 14 43 00    -4.3918776   -1.6165618  953.9918  954.2546
2021 04 08 14 44 00    -4.3942567   -1.6178124  953.9858  954.2500
2021 04 08 14 45 00    -4.3967284   -1.6191689  953.9790  954.2366
2021 04 08 14 46 00    -4.3995263   -1.6206161  953.9716  954.2184
2021 04 08 14 47 00    -4.4022543   -1.6219374  953.9645  954.1981
2021 04 08 14 48 00    -4.4046406   -1.6231668  953.9582  954.1766
2021 04 08 14 49 00    -4.4068994   -1.6244038  953.9518  954.1554
2021 04 08 14 50 00    -4.4091655   -1.6255794  953.9450  954.1396
2021 04 08 14 51 00    -4.4113418   -1.6266524  953.9383  954.1405
2021 04 08 14 52 00    -4.4135258   -1.6276779  953.9322  954.1566
2021 04 08 14 53 00    -4.4157923   -1.6286806  953.9266  954.1596
2021 04 08 14 54 00    -4.4179576   -1.6296817  953.9205  954.1318
2021 04 08 14 55 00    -4.4199896   -1.6307614  953.9132  954.0937
2021 04 08 14 56 00    -4.4220552   -1.6319738  953.9052  954.0687
2021 04 08 14 57 00    -4.4241202   -1.6331426  953.8979  954.0562
2021 04 08 14 58 00    -4.4260022   -1.6339881  953.8915  954.0472
2021 04 08 14 59 00    -4.4277412   -1.6346642  953.8846  954.0364
2021 04 08 15 00 00    -4.4294685   -1.6355347  953.8772  954.0225
2021 04 08 15 01 00    -4.4310902   -1.6364647  953.8698  954.0048
2021 04 08 15 02 00    -4.4325672   -1.6372073  953.8627  953.9805
2021 04 08 15 03 00    -4.4340718   -1.6379252  953.8559  953.9568
2021 04 08 15 04 00    -4.4355704   -1.6386890  953.8489  953.9486
2021 04 08 15 05 00    -4.4368403   -1.6392865  953.8413  953.9533
2021 04 08 15 06 00    -4.4378826   -1.6397155  953.8333  953.9495
2021 04 08 15 07 00    -4.4388535   -1.6401884  953.8258  953.9298
2021 04 08 15 08 00    -4.4397984   -1.6407563  953.8188  953.9091
2021 04 08 15 09 00    -4.4407642   -1.6413001  953.8119  953.8967
2021 04 08 15 10 00    -4.4418456   -1.6417799  953.8047  953.8838
2021 04 08 15 11 00    -4.4429026   -1.6422292  953.7980  953.8630
2021 04 08 15 12 00    -4.4436441   -1.6425639  953.7921  953.8433
2021 04 08 15 13 00    -4.4440758   -1.6427418  953.7871  953.8341
2021 04 08 15 14 00    -4.4444765   -1.6429009  953.7822  953.8278
2021 04 08 15 15 00    -4.4449514   -1.6431443  953.7765  953.8184
2021 04 08 15 16 00    -4.4453403   -1.6434038  953.7702  953.8114
2021 04 08 15 17 00    -4.4455999   -1.6435575  953.7642  953.8063
2021 04 08 15 18 00    -4.4458606   -1.6436595  953.7590  953.7973
2021 04 08 15 19 00    -4.4460810   -1.6438101  953.7534  953.7846
2021 04 08 15 20 00    -4.4462229   -1.6439571  953.7471  953.7697
2021 04 08 15 21 00    -4.4463828   -1.6440853  953.7412  953.7543
2021 04 08 15 22 00    -4.4464409   -1.6441816  953.7359  953.7411
2021 04 08 15 23 00    -4.4462942   -1.6440942  953.7299  953.7290
2021 04 08 15 24 00    -4.4460310   -1.6437846  953.7231  953.7169
2021 04 08 15 25 00    -4.4456697   -1.6434773  953.7165  953.7080
2021 04 08 15 26 00    -4.4453108   -1.6433370  953.7109  953.6996
2021 04 08 15 27 00    -4.4450297   -1.6432721  953.7061  953.6842
2021 04 08 15 28 00    -4.4446145   -1.6431591  953.7004  953.6644
2021 04 08 15 29 00    -4.4439431   -1.6429314  953.6929  953.6476
2021 04 08 15 30 00    -4.4432041   -1.6426291  953.6853  953.6344
2021 04 08 15 31 00    -4.4425179   -1.6423613  953.6792  953.6218
2021 04 08 15 32 00    -4.4417171   -1.6419844  953.6734  953.6113
2021 04 08 15 33 00    -4.4407026   -1.6413915  953.6671  953.6050
2021 04 08 15 34 00    -4.4396408   -1.6408183  953.6611  953.5993
2021 04 08 15 35 00    -4.4386043   -1.6402915  953.6558  953.5923
2021 04 08 15 36 00    -4.4374299   -1.6395927  953.6502  953.5895
2021 04 08 15 37 00    -4.4360098   -1.6387561  953.6436  953.5925
2021 04 08 15 38 00    -4.4344855   -1.6379335  953.6368  953.5947
2021 04 08 15 39 00    -4.4330258   -1.6371922  953.6310  953.5934
2021 04 08 15 40 00    -4.4315257   -1.6365658  953.6261  953.5916
2021 04 08 15 41 00    -4.4298450   -1.6359365  953.6213  953.5881
2021 04 08 15 42 00    -4.4280842   -1.6351126  953.6160  953.5796
2021 04 08 15 43 00    -4.4263884   -1.6341503  953.6103  953.5664
2021 04 08 15 44 00    -4.4248083   -1.6333219  953.6041  953.5516
2021 04 08 15 45 00    -4.4231935   -1.6326086  953.5977  953.5396
2021 04 08 15 46 00    -4.4212570   -1.6316098  953.5915  953.5340
2021 04 08 15 47 00    -4.4190636   -1.6303177  953.5859  953.5346
2021 04 08 15 48 00    -4.4168443   -1.6291719  953.5807  953.5372
2021 04 08 15 49 00    -4.4144763   -1.6281631  953.5757  953.5378
2021 04 08 15 50 00    -4.4119072   -1.6269722  953.5707  953.5380
2021 04 08 15 51 00    -4.4094040   -1.6256519  953.5656  953.5402
2021 04 08 15 52 00    -4.4069609   -1.6242906  953.5606  953.5421
2021 04 08 15 53 00    -4.4042760   -1.6228085  953.5554  953.5398
2021 04 08 15 54 00    -4.4013940   -1.6213691  953.5497  953.5336
2021 04 08 15 55 00    -4.3986445   -1.6201073  953.5446  953.5259
2021 04 08 15 56 00    -4.3960623   -1.6188590  953.5407  953.5194
2021 04 08 15 57 00    -4.3933164   -1.6174978  953.5371  953.5152
2021 04 08 15 58 00    -4.3901670   -1.6159862  953.5322  953.5132
2021 04 08 15 59 00    -4.3869013   -1.6143676  953.5268  953.5152
2021 04 08 16 00 00    -4.3838874   -1.6128038  953.5221  953.5212
2021 04 08 16 01 00    -4.3809319   -1.6113180  953.5177  953.5241
2021 04 08 16 02 00    -4.3777011   -1.6097021  953.5130  953.5187
2021 04 08 16 03 00    -4.3741902   -1.6078595  953.5085  953.5100
2021 04 08 16 04 00    -4.3706238   -1.6059909  953.5044  953.5055
2021 04 08 16 05 00    -4.3671672   -1.6042576  953.5001  953.5039
2021 04 08 16 06 00    -4.3636870   -1.6026147  953.4954  953.4985
2021 04 08 16 07 00    -4.3600860   -1.6009548  953.4905  953.4902
2021 04 08 16 08 00    -4.3564269   -1.5991462  953.4860  953.4857
2021 04 08 16 09 00    -4.3526294   -1.5971764  953.4821  953.4858
2021 04 08 16 10 00    -4.3485928   -1.5951649  953.4780  953.4861
2021 04 08 16 11 00    -4.3443531   -1.5931107  953.4732  953.4861
2021 04 08 16 12 00    -4.3401256   -1.5909903  953.4681  953.4858
2021 04 08 16 13 00    -4.3360657   -1.5888979  953.4633  953.4823
2021 04 08 16 14 00    -4.3318790   -1.5867846  953.4586  953.4741
2021 04 08 16 15 00    -4.3273752   -1.5845313  953.4536  953.4655
2021 04 08 16 16 00    -4.3228781   -1.5822401  953.4491  953.4612
2021 04 08 16 17 00    -4.3184838   -1.5800322  953.4457  953.4601
2021 04 08 16 18 00    -4.3139425   -1.5778478  953.4423  953.4591
2021 04 08 16 19 00    -4.3092234   -1.5755306  953.4383  953.4563
2021 04 08 16 20 00    -4.3044521   -1.5730542  953.4341  953.4522
2021 04 08 16 21 00    -4.2997156   -1.5706161  953.4298  953.4508
2021 04 08 16 22 00    -4.2950207   -1.5682976  953.4249  953.4546
2021 04 08 16 23 00    -4.2902846   -1.5659821  953.4198  953.4559
2021 04 08 16 24 00    -4.2854280   -1.5635785  953.4157  953.4443
2021 04 08 16 25 00    -4.2804300   -1.5610594  953.4128  953.4211
2021 04 08 16 26 00    -4.2753358   -1.5584752  953.4100  953.3977
2021 04 08 16 27 00    -4.2701194   -1.5558655  953.4060  953.3839
2021 04 08 16 28 00    -4.2647178   -1.5531865  953.4009  953.3792
2021 04 08 16 29 00    -4.2592678   -1.5504396  953.3955  953.3758
2021 04 08 16 30 00    -4.2539181   -1.5477690  953.3898  953.3697
2021 04 08 16 31 00    -4.2485545   -1.5451976  953.3843  953.3641
2021 04 08 16 32 00    -4.2429575   -1.5424316  953.3799  953.3619
2021 04 08 16 33 00    -4.2370557   -1.5393940  953.3758  953.3617
2021 04 08 16 34 00    -4.2310451   -1.5364148  953.3710  953.3617
2021 04 08 16 35 00    -4.2252101   -1.5335999  953.3659  953.3636
2021 04 08 16 36 00    -4.2195268   -1.5307581  953.3616  953.3685
2021 04 08 16 37 00    -4.2137114   -1.5277790  953.3576  953.3739
2021 04 08 16 38 00    -4.2076218   -1.5246665  953.3537  953.3777
2021 04 08 16 39 00    -4.2013590   -1.5215195  953.3502  953.3806
2021 04 08 16 40 00    -4.1950944   -1.5184329  953.3466  953.3839
2021 04 08 16 41 00    -4.1888759   -1.5153321  953.3427  953.3864
2021 04 08 16 42 00    -4.1826315   -1.5121214  953.3387  953.3848
2021 04 08 16 43 00    -4.1763031   -1.5088804  953.3345  953.3810
2021 04 08 16 44 00    -4.1698220   -1.5057124  953.3305  953.3830
2021 04 08 16 45 00    -4.1631290   -1.5024648  953.3274  953.3916
2021 04 08 16 46 00    -4.1563180   -1.4989084  953.3247  953.3986
2021 04 08 16 47 00    -4.1495326   -1.4952224  953.3218  953.3998
2021 04 08 16 48 00    -4.1427779   -1.4917638  953.3186  953.3972
2021 04 08 16 49 00    -4.1359780   -1.4884644  953.3154  953.3928
2021 04 08 16 50 00    -4.1290647   -1.4850371  953.3119  953.3881
2021 04 08 16 51 00    -4.1219979   -1.4814715  953.3083  953.3871
2021 04 08 16 52 00    -4.1147715   -1.4779109  953.3047  953.3922
2021 04 08 16 53 00    -4.1075239   -1.4744146  953.3012  953.4016
2021 04 08 16 54 00    -4.1004263   -1.4709344  953.2984  953.4107
2021 04 08 16 55 00    -4.0932381   -1.4672915  953.2958  953.4166
2021 04 08 16 56 00    -4.0857363   -1.4635168  953.2926  953.4196
2021 04 08 16 57 00    -4.0782502   -1.4598691  953.2888  953.4202
2021 04 08 16 58 00    -4.0709120   -1.4562428  953.2854  953.4166
2021 04 08 16 59 00    -4.0634439   -1.4524181  953.2825  953.4091
2021 04 08 17 00 00    -4.0558914   -1.4485208  953.2796  953.4006
2021 04 08 17 01 00    -4.0484130   -1.4446912  953.2761  953.3931
2021 04 08 17 02 00    -4.0408720   -1.4409703  953.2726  953.3867
2021 04 08 17 03 00    -4.0332841   -1.4373451  953.2698  953.3790
2021 04 08 17 04 00    -4.0258021   -1.4336580  953.2671  953.3671
2021 04 08 17 05 00    -4.0182321   -1.4297713  953.2638  953.3543
2021 04 08 17 06 00    -4.0103256   -1.4256536  953.2601  953.3472
2021 04 08 17 07 00    -4.0021638   -1.4213964  953.2566  953.3448
2021 04 08 17 08 00    -3.9939414   -1.4172560  953.2530  953.3387
2021 04 08 17 09 00    -3.9858131   -1.4133764  953.2490  953.3269
2021 04 08 17 10 00    -3.9777762   -1.4095622  953.2452  953.3177
2021 04 08 17 11 00    -3.9695917   -1.4055396  953.2419  953.3159
2021 04 08 17 12 00    -3.9612341   -1.4013210  953.2382  953.3165
2021 04 08 17 13 00    -3.9529942   -1.3971157  953.2340  953.3161
2021 04 08 17 14 00    -3.9448289   -1.3929763  953.2295  953.3143
2021 04 08 17 15 00    -3.9363852   -1.3887805  953.2255  953.3095
2021 04 08 17 16 00    -3.9277012   -1.3844658  953.2221  953.3006
2021 04 08 17 17 00    -3.9191103   -1.3801134  953.2185  953.2893
2021 04 08 17 18 00    -3.9106185   -1.3758035  953.2145  953.2802
2021 04 08 17 19 00    -3.9019923   -1.3714933  953.2108  953.2758
2021 04 08 17 20 00    -3.8932868   -1.3671390  953.2075  953.2718
2021 04 08 17 21 00    -3.8846750   -1.3627647  953.2038  953.2664
2021 04 08 17 22 00    -3.8759128   -1.3583382  953.1994  953.2639
2021 04 08 17 23 00    -3.8667633   -1.3538081  953.1955  953.2665
2021 04 08 17 24 00    -3.8575676   -1.3492279  953.1928  953.2713
2021 04 08 17 25 00    -3.8485570   -1.3446298  953.1899  953.2728
2021 04 08 17 26 00    -3.8395015   -1.3400120  953.1861  953.2664
2021 04 08 17 27 00    -3.8304482   -1.3355089  953.1823  953.2536
2021 04 08 17 28 00    -3.8215941   -1.3312064  953.1788  953.2400
2021 04 08 17 29 00    -3.8126734   -1.3268949  953.1747  953.2275
2021 04 08 17 30 00    -3.8034348   -1.3222972  953.1701  953.2146
2021 04 08 17 31 00    -3.7941013   -1.3174518  953.1659  953.2010
2021 04 08 17 32 00    -3.7848224   -1.3126592  953.1620  953.1896
2021 04 08 17 33 00    -3.7754058   -1.3080346  953.1579  953.1840
2021 04 08 17 34 00    -3.7657878   -1.3033217  953.1535  953.1813
2021 04 08 17 35 00    -3.7561579   -1.2983709  953.1489  953.1739
2021 04 08 17 36 00    -3.7466829   -1.2935005  953.1436  953.1606
2021 04 08 17 37 00    -3.7373165   -1.2888784  953.1382  953.1489
2021 04 08 17 38 00    -3.7278439   -1.2841831  953.1336  953.1423
2021 04 08 17 39 00    -3.7181802   -1.2793102  953.1293  953.1355
2021 04 08 17 40 00    -3.7084343   -1.2744718  953.1250  953.1255
2021 04 08 17 41 00    -3.6986956   -1.2696719  953.1210  953.1152
2021 04 08 17 42 00    -3.6889353   -1.2648301  953.1170  953.1043
2021 04 08 17 43 00    -3.6791738   -1.2599749  953.1121  953.0902
2021 04 08 17 44 00    -3.6694482   -1.2550188  953.1065  953.0758
2021 04 08 17 45 00    -3.6594801   -1.2498446  953.1014  953.0655
2021 04 08 17 46 00    -3.6492957   -1.2446829  953.0970  953.0581
2021 04 08 17 47 00    -3.6394354   -1.2398097  953.0922  953.0527
2021 04 08 17 48 00    -3.6297701   -1.2350859  953.0867  953.0528
2021 04 08 17 49 00    -3.6197420   -1.2302304  953.0813  953.0593
2021 04 08 17 50 00    -3.6093856   -1.2250691  953.0764  953.0671
2021 04 08 17 51 00    -3.5989468   -1.2196435  953.0716  953.0714
2021 04 08 17 52 00    -3.5884762   -1.2142837  953.0670  953.0724
2021 04 08 17 53 00    -3.5780749   -1.2092054  953.0632  953.0736
2021 04 08 17 54 00    -3.5678210   -1.2042042  953.0595  953.0773
2021 04 08 17 55 00    -3.5576163   -1.1990313  953.0548  953.0805
2021 04 08 17 56 00    -3.5473732   -1.1937882  953.0496  953.0782
2021 04 08 17 57 00    -3.5369983   -1.1886095  953.0456  953.0693
2021 04 08 17 58 00    -3.5264150   -1.1833284  953.0423  953.0570
2021 04 08 17 59 00    -3.5158193   -1.1778869  953.0379  953.0451
2021 04 08 18 00 00    -3.5054354   -1.1725695  953.0325  953.0373
2021 04 08 18 01 00    -3.4951326   -1.1674709  953.0274  953.0344
2021 04 08 18 02 00    -3.4846563   -1.1623493  953.0231  953.0337
2021 04 08 18 03 00    -3.4740019   -1.1570938  953.0192  953.0330
2021 04 08 18 04 00    -3.4633523   -1.1517388  953.0157  953.0329
2021 04 08 18 05 00    -3.4528334   -1.1463465  953.0117  953.0327
2021 04 08 18 06 00    -3.4423554   -1.1410660  953.0064  953.0290
2021 04 08 18 07 00    -3.4316619   -1.1358055  953.0005  953.0209
2021 04 08 18 08 00    -3.4207779   -1.1303367  952.9958  953.0129
2021 04 08 18 09 00    -3.4100568   -1.1248632  952.9922  953.0114
2021 04 08 18 10 00    -3.3995027   -1.1196025  952.9887  953.0176
2021 04 08 18 11 00    -3.3887698   -1.1143294  952.9847  953.0271
2021 04 08 18 12 00    -3.3778034   -1.1088995  952.9803  953.0354
2021 04 08 18 13 00    -3.3667955   -1.1033934  952.9761  953.0389
2021 04 08 18 14 00    -3.3558453   -1.0978965  952.9720  953.0358
2021 04 08 18 15 00    -3.3449515   -1.0925530  952.9680  953.0297
2021 04 08 18 16 00    -3.3340115   -1.0872696  952.9643  953.0272
2021 04 08 18 17 00    -3.3229246   -1.0816798  952.9608  953.0298
2021 04 08 18 18 00    -3.3118453   -1.0759127  952.9576  953.0350
2021 04 08 18 19 00    -3.3009631   -1.0704456  952.9543  953.0412
2021 04 08 18 20 00    -3.2900690   -1.0650901  952.9507  953.0471
2021 04 08 18 21 00    -3.2789357   -1.0594808  952.9470  953.0515
2021 04 08 18 22 00    -3.2677432   -1.0538605  952.9439  953.0545
2021 04 08 18 23 00    -3.2566258   -1.0483361  952.9410  953.0574
2021 04 08 18 24 00    -3.2455541   -1.0427279  952.9383  953.0617
2021 04 08 18 25 00    -3.2345950   -1.0371526  952.9356  953.0675
2021 04 08 18 26 00    -3.2236166   -1.0316875  952.9323  953.0731
2021 04 08 18 27 00    -3.2124217   -1.0261865  952.9284  953.0763
2021 04 08 18 28 00    -3.2011821   -1.0205809  952.9247  953.0783
2021 04 08 18 29 00    -3.1900223   -1.0148471  952.9216  953.0802
2021 04 08 18 30 00    -3.1788241   -1.0091253  952.9190  953.0799
2021 04 08 18 31 00    -3.1676419   -1.0037013  952.9162  953.0782
2021 04 08 18 32 00    -3.1565947   -0.9984000  952.9134  953.0802
2021 04 08 18 33 00    -3.1455494   -0.9927611  952.9108  953.0869
2021 04 08 18 34 00    -3.1343507   -0.9869079  952.9078  953.0922
2021 04 08 18 35 00    -3.1231025   -0.9812661  952.9044  953.0915
2021 04 08 18 36 00    -3.1119408   -0.9758108  952.9020  953.0856
2021 04 08 18 37 00    -3.1008243   -0.9702798  952.9004  953.0776
2021 04 08 18 38 00    -3.0896582   -0.9646115  952.8982  953.0716
2021 04 08 18 39 00    -3.0784126   -0.9589964  952.8950  953.0729
2021 04 08 18 40 00    -3.0671844   -0.9535637  952.8919  953.0816
2021 04 08 18 41 00    -3.0560160   -0.9480378  952.8891  953.0903
2021 04 08 18 42 00    -3.0448121   -0.9422416  952.8867  953.0942
2021 04 08 18 43 00    -3.0335918   -0.9364998  952.8848  953.0967
2021 04 08 18 44 00    -3.0223731   -0.9309603  952.8830  953.1042
2021 04 08 18 45 00    -3.0111035   -0.9253705  952.8805  953.1190
2021 04 08 18 46 00    -2.9998471   -0.9196427  952.8776  953.1355
2021 04 08 18 47 00    -2.9886008   -0.9139279  952.8754  953.1467
2021 04 08 18 48 00    -2.9773262   -0.9083075  952.8738  953.1510
2021 04 08 18 49 00    -2.9661347   -0.9026971  952.8719  953.1488
2021 04 08 18 50 00    -2.9550042   -0.8970413  952.8698  953.1419
2021 04 08 18 51 00    -2.9437315   -0.8913841  952.8676  953.1339
2021 04 08 18 52 00    -2.9323563   -0.8857291  952.8655  953.1279
2021 04 08 18 53 00    -2.9211879   -0.8801735  952.8637  953.1247
2021 04 08 18 54 00    -2.9102134   -0.8747545  952.8623  953.1237
2021 04 08 18 55 00    -2.8990790   -0.8692496  952.8608  953.1244
2021 04 08 18 56 00    -2.8878061   -0.8636402  952.8589  953.1261
2021 04 08 18 57 00    -2.8766446   -0.8580565  952.8563  953.1276
2021 04 08 18 58 00    -2.8655024   -0.8524015  952.8532  953.1287
2021 04 08 18 59 00    -2.8542983   -0.8466963  952.8507  953.1307
2021 04 08 19 00 00    -2.8432351   -0.8411618  952.8492  953.1346
2021 04 08 19 01 00    -2.8323242   -0.8357755  952.8479  953.1404
2021 04 08 19 02 00    -2.8212961   -0.8302661  952.8464  953.1491
2021 04 08 19 03 00    -2.8100778   -0.8245446  952.8448  953.1606
2021 04 08 19 04 00    -2.7988046   -0.8188000  952.8430  953.1712
2021 04 08 19 05 00    -2.7875646   -0.8131606  952.8411  953.1769
2021 04 08 19 06 00    -2.7764720   -0.8075873  952.8397  953.1799
2021 04 08 19 07 00    -2.7655271   -0.8020295  952.8388  953.1865
2021 04 08 19 08 00    -2.7545643   -0.7965387  952.8380  953.1974
2021 04 08 19 09 00    -2.7436542   -0.7912427  952.8371  953.2071
2021 04 08 19 10 00    -2.7328473   -0.7860116  952.8362  953.2116
2021 04 08 19 11 00    -2.7218656   -0.7805189  952.8350  953.2125
2021 04 08 19 12 00    -2.7107677   -0.7748529  952.8335  953.2130
2021 04 08 19 13 00    -2.6998857   -0.7693264  952.8325  953.2148
2021 04 08 19 14 00    -2.6890709   -0.7638932  952.8321  953.2179
2021 04 08 19 15 00    -2.6780853   -0.7584302  952.8317  953.2227
2021 04 08 19 16 00    -2.6670679   -0.7530044  952.8314  953.2302
2021 04 08 19 17 00    -2.6561941   -0.7475881  952.8313  953.2390
2021 04 08 19 18 00    -2.6454400   -0.7420412  952.8310  953.2467
2021 04 08 19 19 00    -2.6346084   -0.7364131  952.8308  953.2542
2021 04 08 19 20 00    -2.6237473   -0.7309920  952.8307  953.2647
2021 04 08 19 21 00    -2.6131298   -0.7258419  952.8303  953.2793
2021 04 08 19 22 00    -2.6025149   -0.7206133  952.8297  953.2963
2021 04 08 19 23 00    -2.5916147   -0.7151797  952.8294  953.3096
2021 04 08 19 24 00    -2.5807814   -0.7098125  952.8294  953.3128
2021 04 08 19 25 00    -2.5702387   -0.7045873  952.8295  953.3074
2021 04 08 19 26 00    -2.5598178   -0.6993471  952.8298  953.3019
2021 04 08 19 27 00    -2.5495030   -0.6940920  952.8299  953.3011
2021 04 08 19 28 00    -2.5392456   -0.6888761  952.8293  953.3021
2021 04 08 19 29 00    -2.5288478   -0.6836547  952.8284  953.3012
2021 04 08 19 30 00    -2.5183864   -0.6784755  952.8279  953.2970
2021 04 08 19 31 00    -2.5080311   -0.6733883  952.8276  953.2890
2021 04 08 19 32 00    -2.4977241   -0.6682929  952.8269  953.2780
2021 04 08 19 33 00    -2.4874838   -0.6631659  952.8257  953.2675
2021 04 08 19 34 00    -2.4773363   -0.6580688  952.8244  953.2610
2021 04 08 19 35 00    -2.4671590   -0.6530678  952.8234  953.2589
2021 04 08 19 36 00    -2.4570545   -0.6481888  952.8226  953.2586
2021 04 08 19 37 00    -2.4471071   -0.6431960  952.8218  953.2573
2021 04 08 19 38 00    -2.4370657   -0.6379615  952.8204  953.2543
2021 04 08 19 39 00    -2.4268763   -0.6327511  952.8185  953.2515
2021 04 08 19 40 00    -2.4167740   -0.6276895  952.8167  953.2499
2021 04 08 19 41 00    -2.4068322   -0.6226904  952.8152  953.2467
2021 04 08 19 42 00    -2.3969744   -0.6177514  952.8139  953.2428
2021 04 08 19 43 00    -2.3871428   -0.6128579  952.8126  953.2418
2021 04 08 19 44 00    -2.3773075   -0.6079567  952.8111  953.2401
2021 04 08 19 45 00    -2.3675078   -0.6030497  952.8094  953.2321
2021 04 08 19 46 00    -2.3577597   -0.5981216  952.8076  953.2216
2021 04 08 19 47 00    -2.3479906   -0.5931166  952.8059  953.2150
2021 04 08 19 48 00    -2.3383174   -0.5881899  952.8047  953.2135
2021 04 08 19 49 00    -2.3289348   -0.5835866  952.8040  953.2150
2021 04 08 19 50 00    -2.3195546   -0.5790108  952.8030  953.2167
2021 04 08 19 51 00    -2.3098918   -0.5740850  952.8012  953.2167
2021 04 08 19 52 00    -2.3003605   -0.5692247  952.7990  953.2152
2021 04 08 19 53 00    -2.2911513   -0.5647299  952.7970  953.2138
2021 04 08 19 54 00    -2.2818404   -0.5601650  952.7952  953.2159
2021 04 08 19 55 00    -2.2724125   -0.5553839  952.7941  953.2218
2021 04 08 19 56 00    -2.2630959   -0.5506282  952.7935  953.2266
2021 04 08 19 57 00    -2.2537965   -0.5459245  952.7921  953.2272
2021 04 08 19 58 00    -2.2445315   -0.5412890  952.7902  953.2254
2021 04 08 19 59 00    -2.2354405   -0.5368200  952.7887  953.2244
2021 04 08 20 00 00    -2.2264136   -0.5323705  952.7873  953.2246
2021 04 08 20 01 00    -2.2173061   -0.5277445  952.7856  953.2229
2021 04 08 20 02 00    -2.2083299   -0.5231664  952.7838  953.2143
2021 04 08 20 03 00    -2.1996821   -0.5188407  952.7818  953.1991
2021 04 08 20 04 00    -2.1911394   -0.5145799  952.7797  953.1837
2021 04 08 20 05 00    -2.1825369   -0.5103361  952.7773  953.1726
2021 04 08 20 06 00    -2.1738443   -0.5061237  952.7744  953.1653
2021 04 08 20 07 00    -2.1650088   -0.5017539  952.7717  953.1601
2021 04 08 20 08 00    -2.1562446   -0.4972701  952.7697  953.1576
2021 04 08 20 09 00    -2.1477315   -0.4929144  952.7677  953.1593
2021 04 08 20 10 00    -2.1393013   -0.4886852  952.7653  953.1656
2021 04 08 20 11 00    -2.1308214   -0.4844543  952.7633  953.1742
2021 04 08 20 12 00    -2.1223971   -0.4802786  952.7618  953.1805
2021 04 08 20 13 00    -2.1141112   -0.4762020  952.7604  953.1829
2021 04 08 20 14 00    -2.1058698   -0.4720705  952.7591  953.1850
2021 04 08 20 15 00    -2.0976306   -0.4678661  952.7582  953.1869
2021 04 08 20 16 00    -2.0895192   -0.4637653  952.7567  953.1844
2021 04 08 20 17 00    -2.0815444   -0.4597930  952.7539  953.1763
2021 04 08 20 18 00    -2.0735448   -0.4558119  952.7510  953.1676
2021 04 08 20 19 00    -2.0656020   -0.4518271  952.7490  953.1634
2021 04 08 20 20 00    -2.0579007   -0.4479835  952.7472  953.1620
2021 04 08 20 21 00    -2.0502722   -0.4442391  952.7451  953.1587
2021 04 08 20 22 00    -2.0425991   -0.4404234  952.7430  953.1536
2021 04 08 20 23 00    -2.0350421   -0.4365572  952.7412  953.1501
2021 04 08 20 24 00    -2.0276044   -0.4327877  952.7393  953.1476
2021 04 08 20 25 00    -2.0201395   -0.4290718  952.7368  953.1441
2021 04 08 20 26 00    -2.0126252   -0.4252269  952.7343  953.1398
2021 04 08 20 27 00    -2.0052087   -0.4213577  952.7320  953.1340
2021 04 08 20 28 00    -1.9979667   -0.4177070  952.7298  953.1247
2021 04 08 20 29 00    -1.9908118   -0.4142337  952.7275  953.1148
2021 04 08 20 30 00    -1.9837497   -0.4108158  952.7253  953.1087
2021 04 08 20 31 00    -1.9767927   -0.4073953  952.7229  953.1054
2021 04 08 20 32 00    -1.9698757   -0.4039050  952.7199  953.1004
2021 04 08 20 33 00    -1.9630544   -0.4003847  952.7173  953.0926
2021 04 08 20 34 00    -1.9563215   -0.3969169  952.7154  953.0848
2021 04 08 20 35 00    -1.9495480   -0.3935300  952.7134  953.0814
2021 04 08 20 36 00    -1.9427735   -0.3902524  952.7104  953.0816
2021 04 08 20 37 00    -1.9361195   -0.3870344  952.7069  953.0799
2021 04 08 20 38 00    -1.9296126   -0.3837445  952.7035  953.0752
2021 04 08 20 39 00    -1.9232775   -0.3804338  952.7010  953.0712
2021 04 08 20 40 00    -1.9170765   -0.3773042  952.6989  953.0679
2021 04 08 20 41 00    -1.9108603   -0.3742724  952.6960  953.0612
2021 04 08 20 42 00    -1.9046495   -0.3711529  952.6927  953.0491
2021 04 08 20 43 00    -1.8985979   -0.3680927  952.6900  953.0328
2021 04 08 20 44 00    -1.8926757   -0.3651953  952.6878  953.0154
2021 04 08 20 45 00    -1.8867668   -0.3622788  952.6851  953.0009
2021 04 08 20 46 00    -1.8809160   -0.3592805  952.6811  952.9910
2021 04 08 20 47 00    -1.8752983   -0.3563888  952.6764  952.9849
2021 04 08 20 48 00    -1.8698510   -0.3537080  952.6717  952.9804
2021 04 08 20 49 00    -1.8642447   -0.3510502  952.6674  952.9737
2021 04 08 20 50 00    -1.8585143   -0.3482310  952.6639  952.9614
2021 04 08 20 51 00    -1.8530213   -0.3453783  952.6612  952.9440
2021 04 08 20 52 00    -1.8477739   -0.3426460  952.6581  952.9265
2021 04 08 20 53 00    -1.8425879   -0.3400000  952.6544  952.9125
2021 04 08 20 54 00    -1.8375101   -0.3374427  952.6506  952.9000
2021 04 08 20 55 00    -1.8325088   -0.3349229  952.6461  952.8861
2021 04 08 20 56 00    -1.8274301   -0.3323257  952.6410  952.8714
2021 04 08 20 57 00    -1.8224115   -0.3297673  952.6363  952.8580
2021 04 08 20 58 00    -1.8176406   -0.3273603  952.6318  952.8443
2021 04 08 20 59 00    -1.8130069   -0.3250298  952.6271  952.8290
2021 04 08 21 00 00    -1.8083301   -0.3227371  952.6224  952.8171
2021 04 08 21 01 00    -1.8035709   -0.3204383  952.6184  952.8146
2021 04 08 21 02 00    -1.7988991   -0.3181265  952.6146  952.8175
2021 04 08 21 03 00    -1.7944961   -0.3159152  952.6102  952.8154
2021 04 08 21 04 00    -1.7902462   -0.3138118  952.6054  952.8050
2021 04 08 21 05 00    -1.7859988   -0.3117448  952.6007  952.7913
2021 04 08 21 06 00    -1.7818626   -0.3097197  952.5962  952.7799
2021 04 08 21 07 00    -1.7779494   -0.3077812  952.5917  952.7732
2021 04 08 21 08 00    -1.7741286   -0.3059070  952.5870  952.7711
2021 04 08 21 09 00    -1.7702032   -0.3039362  952.5818  952.7722
2021 04 08 21 10 00    -1.7662135   -0.3018483  952.5767  952.7721
2021 04 08 21 11 00    -1.7623541   -0.2998766  952.5725  952.7655
2021 04 08 21 12 00    -1.7587119   -0.2981245  952.5688  952.7535
2021 04 08 21 13 00    -1.7552239   -0.2965104  952.5646  952.7429
2021 04 08 21 14 00    -1.7518157   -0.2949544  952.5597  952.7378
2021 04 08 21 15 00    -1.7485382   -0.2933217  952.5549  952.7343
2021 04 08 21 16 00    -1.7453512   -0.2915248  952.5506  952.7287
2021 04 08 21 17 00    -1.7421138   -0.2897355  952.5459  952.7203
2021 04 08 21 18 00    -1.7390225   -0.2882192  952.5408  952.7065
2021 04 08 21 19 00    -1.7363465   -0.2870189  952.5359  952.6861
2021 04 08 21 20 00    -1.7338269   -0.2858598  952.5316  952.6630
2021 04 08 21 21 00    -1.7311060   -0.2844986  952.5273  952.6403
2021 04 08 21 22 00    -1.7283435   -0.2831031  952.5217  952.6189
2021 04 08 21 23 00    -1.7257960   -0.2818411  952.5151  952.6000
2021 04 08 21 24 00    -1.7234273   -0.2805950  952.5087  952.5849
2021 04 08 21 25 00    -1.7211395   -0.2793741  952.5031  952.5740
2021 04 08 21 26 00    -1.7188634   -0.2782944  952.4980  952.5651
2021 04 08 21 27 00    -1.7166458   -0.2773393  952.4927  952.5532
2021 04 08 21 28 00    -1.7146041   -0.2764238  952.4874  952.5379
2021 04 08 21 29 00    -1.7126914   -0.2754423  952.4820  952.5237
2021 04 08 21 30 00    -1.7107723   -0.2743743  952.4761  952.5114
2021 04 08 21 31 00    -1.7088147   -0.2733033  952.4697  952.4989
2021 04 08 21 32 00    -1.7070013   -0.2722774  952.4634  952.4876
2021 04 08 21 33 00    -1.7054975   -0.2714103  952.4573  952.4798
2021 04 08 21 34 00    -1.7041484   -0.2708322  952.4515  952.4741
2021 04 08 21 35 00    -1.7027320   -0.2703018  952.4457  952.4652
2021 04 08 21 36 00    -1.7012871   -0.2695196  952.4397  952.4512
2021 04 08 21 37 00    -1.7000221   -0.2687118  952.4335  952.4379
2021 04 08 21 38 00    -1.6989124   -0.2681461  952.4277  952.4303
2021 04 08 21 39 00    -1.6977532   -0.2676720  952.4222  952.4245
2021 04 08 21 40 00    -1.6967167   -0.2672350  952.4163  952.4153
2021 04 08 21 41 00    -1.6960061   -0.2669119  952.4096  952.4024
2021 04 08 21 42 00    -1.6953972   -0.2665288  952.4032  952.3874
2021 04 08 21 43 00    -1.6948337   -0.2660868  952.3979  952.3736
2021 04 08 21 44 00    -1.6944398   -0.2658782  952.3932  952.3651
2021 04 08 21 45 00    -1.6940437   -0.2658347  952.3877  952.3620
2021 04 08 21 46 00    -1.6935520   -0.2656354  952.3811  952.3615
2021 04 08 21 47 00    -1.6931840   -0.2653416  952.3743  952.3601
2021 04 08 21 48 00    -1.6930552   -0.2652300  952.3678  952.3532
2021 04 08 21 49 00    -1.6930679   -0.2653003  952.3618  952.3405
2021 04 08 21 50 00    -1.6931457   -0.2653505  952.3558  952.3265
2021 04 08 21 51 00    -1.6932582   -0.2653306  952.3494  952.3124
2021 04 08 21 52 00    -1.6934106   -0.2654137  952.3429  952.2966
2021 04 08 21 53 00    -1.6936801   -0.2656158  952.3370  952.2800
2021 04 08 21 54 00    -1.6941415   -0.2657665  952.3312  952.2628
2021 04 08 21 55 00    -1.6948184   -0.2660297  952.3249  952.2438
2021 04 08 21 56 00    -1.6956479   -0.2666363  952.3182  952.2255
2021 04 08 21 57 00    -1.6964589   -0.2672633  952.3113  952.2121
2021 04 08 21 58 00    -1.6971547   -0.2675729  952.3048  952.2041
2021 04 08 21 59 00    -1.6979336   -0.2678389  952.2988  952.1983
2021 04 08 22 00 00    -1.6989724   -0.2683415  952.2925  952.1927
2021 04 08 22 01 00    -1.7000853   -0.2689285  952.2853  952.1885
2021 04 08 22 02 00    -1.7011506   -0.2694778  952.2780  952.1875
2021 04 08 22 03 00    -1.7022809   -0.2700155  952.2715  952.1875
2021 04 08 22 04 00    -1.7034759   -0.2705333  952.2655  952.1866
2021 04 08 22 05 00    -1.7047726   -0.2710916  952.2593  952.1851
2021 04 08 22 06 00    -1.7063237   -0.2717786  952.2531  952.1820
2021 04 08 22 07 00    -1.7080805   -0.2726085  952.2471  952.1774
2021 04 08 22 08 00    -1.7099464   -0.2736271  952.2414  952.1741
2021 04 08 22 09 00    -1.7119328   -0.2748161  952.2359  952.1720
2021 04 08 22 10 00    -1.7139203   -0.2759486  952.2304  952.1654
2021 04 08 22 11 00    -1.7159670   -0.2769460  952.2243  952.1482
2021 04 08 22 12 00    -1.7183455   -0.2780361  952.2173  952.1203
2021 04 08 22 13 00    -1.7208110   -0.2792766  952.2104  952.0884
2021 04 08 22 14 00    -1.7230810   -0.2805191  952.2045  952.0591
2021 04 08 22 15 00    -1.7255131   -0.2817755  952.1992  952.0368
2021 04 08 22 16 00    -1.7281952   -0.2830611  952.1930  952.0248
2021 04 08 22 17 00    -1.7307126   -0.2842202  952.1859  952.0241
2021 04 08 22 18 00    -1.7331316   -0.2852920  952.1789  952.0314
2021 04 08 22 19 00    -1.7359033   -0.2866253  952.1722  952.0395
2021 04 08 22 20 00    -1.7390054   -0.2882939  952.1654  952.0424
2021 04 08 22 21 00    -1.7420533   -0.2899261  952.1588  952.0417
2021 04 08 22 22 00    -1.7449968   -0.2913865  952.1525  952.0433
2021 04 08 22 23 00    -1.7481163   -0.2929452  952.1466  952.0499
2021 04 08 22 24 00    -1.7514908   -0.2947072  952.1413  952.0577
2021 04 08 22 25 00    -1.7548701   -0.2964350  952.1357  952.0594
2021 04 08 22 26 00    -1.7581478   -0.2979843  952.1294  952.0522
2021 04 08 22 27 00    -1.7616551   -0.2996055  952.1233  952.0402
2021 04 08 22 28 00    -1.7655451   -0.3014650  952.1179  952.0290
2021 04 08 22 29 00    -1.7694396   -0.3033684  952.1124  952.0219
2021 04 08 22 30 00    -1.7732280   -0.3053498  952.1062  952.0187
2021 04 08 22 31 00    -1.7772225   -0.3075457  952.0998  952.0150
2021 04 08 22 32 00    -1.7813762   -0.3096647  952.0940  952.0077
2021 04 08 22 33 00    -1.7854944   -0.3116046  952.0892  951.9986
2021 04 08 22 34 00    -1.7897685   -0.3137039  952.0844  951.9912
2021 04 08 22 35 00    -1.7942551   -0.3159923  952.0791  951.9858
2021 04 08 22 36 00    -1.7987183   -0.3182353  952.0733  951.9816
2021 04 08 22 37 00    -1.8032068   -0.3204850  952.0676  951.9777
2021 04 08 22 38 00    -1.8079575   -0.3229293  952.0619  951.9717
2021 04 08 22 39 00    -1.8129742   -0.3254975  952.0565  951.9607
2021 04 08 22 40 00    -1.8180042   -0.3279940  952.0508  951.9453
2021 04 08 22 41 00    -1.8228511   -0.3304312  952.0446  951.9302
2021 04 08 22 42 00    -1.8276935   -0.3329041  952.0388  951.9213
2021 04 08 22 43 00    -1.8327956   -0.3354483  952.0337  951.9190
2021 04 08 22 44 00    -1.8381253   -0.3380907  952.0283  951.9174
2021 04 08 22 45 00    -1.8435561   -0.3407685  952.0225  951.9132
2021 04 08 22 46 00    -1.8490415   -0.3434135  952.0168  951.9077
2021 04 08 22 47 00    -1.8545101   -0.3460709  952.0113  951.9018
2021 04 08 22 48 00    -1.8599870   -0.3488465  952.0056  951.8952
2021 04 08 22 49 00    -1.8656461   -0.3517906  951.9997  951.8884
2021 04 08 22 50 00    -1.8714592   -0.3547394  951.9935  951.8800
2021 04 08 22 51 00    -1.8772374   -0.3575408  951.9876  951.8684
2021 04 08 22 52 00    -1.8830651   -0.3603961  951.9822  951.8554
2021 04 08 22 53 00    -1.8891711   -0.3635112  951.9769  951.8447
2021 04 08 22 54 00    -1.8954933   -0.3667102  951.9712  951.8376
2021 04 08 22 55 00    -1.9017449   -0.3697794  951.9656  951.8346
2021 04 08 22 56 00    -1.9078745   -0.3728081  951.9601  951.8351
2021 04 08 22 57 00    -1.9141930   -0.3760074  951.9544  951.8339
2021 04 08 22 58 00    -1.9208698   -0.3793883  951.9487  951.8262
2021 04 08 22 59 00    -1.9276897   -0.3827929  951.9432  951.8127
2021 04 08 23 00 00    -1.9344303   -0.3861379  951.9375  951.7974
2021 04 08 23 01 00    -1.9411218   -0.3894521  951.9321  951.7838
2021 04 08 23 02 00    -1.9480097   -0.3928758  951.9266  951.7714
2021 04 08 23 03 00    -1.9551143   -0.3964653  951.9203  951.7577
2021 04 08 23 04 00    -1.9620607   -0.3999914  951.9133  951.7437
2021 04 08 23 05 00    -1.9688752   -0.4034032  951.9066  951.7333
2021 04 08 23 06 00    -1.9760239   -0.4069665  951.9006  951.7256
2021 04 08 23 07 00    -1.9834960   -0.4107266  951.8947  951.7172
2021 04 08 23 08 00    -1.9909955   -0.4145773  951.8890  951.7057
2021 04 08 23 09 00    -1.9985292   -0.4184862  951.8832  951.6916
2021 04 08 23 10 00    -2.0062166   -0.4223541  951.8768  951.6796
2021 04 08 23 11 00    -2.0140494   -0.4261540  951.8698  951.6724
2021 04 08 23 12 00    -2.0218018   -0.4299292  951.8631  951.6661
2021 04 08 23 13 00    -2.0293710   -0.4337137  951.8572  951.6559
2021 04 08 23 14 00    -2.0371424   -0.4376518  951.8512  951.6409
2021 04 08 23 15 00    -2.0452825   -0.4417333  951.8446  951.6214
2021 04 08 23 16 00    -2.0534229   -0.4457569  951.8384  951.5984
2021 04 08 23 17 00    -2.0615006   -0.4497061  951.8328  951.5763
2021 04 08 23 18 00    -2.0697812   -0.4537195  951.8267  951.5590
2021 04 08 23 19 00    -2.0782107   -0.4578951  951.8196  951.5455
2021 04 08 23 20 00    -2.0866332   -0.4622054  951.8120  951.5331
2021 04 08 23 21 00    -2.0951044   -0.4665039  951.8046  951.5234
2021 04 08 23 22 00    -2.1035597   -0.4707094  951.7974  951.5178
2021 04 08 23 23 00    -2.1119557   -0.4749346  951.7908  951.5107
2021 04 08 23 24 00    -2.1205917   -0.4793294  951.7847  951.4973
2021 04 08 23 25 00    -2.1295425   -0.4838303  951.7780  951.4796
2021 04 08 23 26 00    -2.1385065   -0.4883002  951.7704  951.4620
2021 04 08 23 27 00    -2.1474199   -0.4928072  951.7632  951.4503
2021 04 08 23 28 00    -2.1563835   -0.4973597  951.7566  951.4476
2021 04 08 23 29 00    -2.1653957   -0.5018460  951.7500  951.4486
2021 04 08 23 30 00    -2.1744551   -0.5063933  951.7431  951.4456
2021 04 08 23 31 00    -2.1835651   -0.5110581  951.7365  951.4365
2021 04 08 23 32 00    -2.1928247   -0.5156672  951.7302  951.4250
2021 04 08 23 33 00    -2.2023267   -0.5203312  951.7236  951.4174
2021 04 08 23 34 00    -2.2118966   -0.5252202  951.7162  951.4152
2021 04 08 23 35 00    -2.2213101   -0.5300845  951.7084  951.4118
2021 04 08 23 36 00    -2.2306041   -0.5347449  951.7014  951.4027
2021 04 08 23 37 00    -2.2400530   -0.5394429  951.6950  951.3907
2021 04 08 23 38 00    -2.2498526   -0.5442920  951.6889  951.3803
2021 04 08 23 39 00    -2.2598518   -0.5491629  951.6827  951.3738
2021 04 08 23 40 00    -2.2698089   -0.5541116  951.6762  951.3708
2021 04 08 23 41 00    -2.2796798   -0.5591316  951.6690  951.3684
2021 04 08 23 42 00    -2.2895249   -0.5640255  951.6618  951.3647
2021 04 08 23 43 00    -2.2994315   -0.5688924  951.6554  951.3594
2021 04 08 23 44 00    -2.3094479   -0.5739047  951.6493  951.3521
2021 04 08 23 45 00    -2.3195348   -0.5789239  951.6428  951.3426
2021 04 08 23 46 00    -2.3296742   -0.5839155  951.6359  951.3341
2021 04 08 23 47 00    -2.3399123   -0.5890181  951.6286  951.3341
2021 04 08 23 48 00    -2.3502270   -0.5942021  951.6216  951.3438
2021 04 08 23 49 00    -2.3605209   -0.5994249  951.6157  951.3527
2021 04 08 23 50 00    -2.3708471   -0.6046784  951.6110  951.3521
2021 04 08 23 51 00    -2.3813611   -0.6098963  951.6059  951.3422
2021 04 08 23 52 00    -2.3920853   -0.6151892  951.5996  951.3269
2021 04 08 23 53 00    -2.4029173   -0.6206489  951.5930  951.3119
2021 04 08 23 54 00    -2.4137200   -0.6260884  951.5863  951.3040
2021 04 08 23 55 00    -2.4244563   -0.6314533  951.5798  951.3051
2021 04 08 23 56 00    -2.4351929   -0.6368258  951.5738  951.3105
2021 04 08 23 57 00    -2.4458834   -0.6421267  951.5676  951.3126
2021 04 08 23 58 00    -2.4565779   -0.6474476  951.5613  951.3066
2021 04 08 23 59 00    -2.4675504   -0.6530094  951.5555  951.2974
