[TSF-file]     v01.0

[TIMEFORMAT]   DATETIME
[INCREMENT]    60
[CHANNELS]
    BF:SG056:G1-F60 
    BF:SG056:G2-F60 
    BF:SG056:Br1-F60
    BF:SG056:Br2-F60
[UNITS]
    Volt
    Volt
    mbar
    mbar
[UNDETVAL]                      9999.999
[PHASE_LAG_1_DEG_CPD]           0.0402
[PHASE_LAG_1_DEG_CPD_ERROR]     0.0002
[N_LATITUDE_DEG]                48.3294
[N_LATITUDE_DEG_ERROR]          0.0001
[E_LONGITUDE_DEG]               008.3284
[E_LONGITUDE_DEG_ERROR]         0.0001
[HEIGHT_M_1]                    589.20
[HEIGHT_M_1_ERROR]              0.01
[GRAVITY_CAL_1_UGAL_V]          -40.1100
[GRAVITY_CAL_1_UGAL_V_ERROR]    0.0300
[PRESSURE_CAL_MBAR_V]           1.0000
[PRESSURE_CAL_MBAR_V_ERROR]     0.0001
[AUTHOR]                        Thomas Forbriger@kit.edu
[PHASE_LAG_2_DEG_CPD]           0.0402
[PHASE_LAG_2_DEG_CPD_ERROR]     0.0002
[HEIGHT_M_2]                    589.40
[HEIGHT_M_2_ERROR]              0.01
[GRAVITY_CAL_2_UGAL_V]          -80.0699
[GRAVITY_CAL_2_UGAL_V_ERROR]    0.0600
[PRESSURE_ADMIT_HPA_NMS2]       -3.4000
[PRESSURE_MEAN_HPA]             0980.0
[COMMENT]                           
software upgrade and FitPC2 replacement on 29. July 2019



Date           Time     G1-F60        G2-F60        Br1-F60       Br2-F60      
[DATA]
2021 04 19 00 00 00    -4.4121968   -1.6301779  950.4279  950.9970
2021 04 19 00 01 00    -4.4150107   -1.6316018  950.4244  950.9911
2021 04 19 00 02 00    -4.4177611   -1.6331000  950.4207  950.9850
2021 04 19 00 03 00    -4.4205287   -1.6345174  950.4169  950.9769
2021 04 19 00 04 00    -4.4233607   -1.6358908  950.4130  950.9668
2021 04 19 00 05 00    -4.4262262   -1.6372533  950.4092  950.9551
2021 04 19 00 06 00    -4.4290408   -1.6385780  950.4056  950.9410
2021 04 19 00 07 00    -4.4317819   -1.6399714  950.4019  950.9247
2021 04 19 00 08 00    -4.4345853   -1.6415193  950.3981  950.9098
2021 04 19 00 09 00    -4.4374632   -1.6430627  950.3941  950.8991
2021 04 19 00 10 00    -4.4401975   -1.6444543  950.3901  950.8913
2021 04 19 00 11 00    -4.4427827   -1.6457685  950.3860  950.8840
2021 04 19 00 12 00    -4.4454530   -1.6470894  950.3820  950.8767
2021 04 19 00 13 00    -4.4481880   -1.6484028  950.3780  950.8696
2021 04 19 00 14 00    -4.4507894   -1.6496825  950.3739  950.8626
2021 04 19 00 15 00    -4.4532665   -1.6508863  950.3697  950.8559
2021 04 19 00 16 00    -4.4557600   -1.6520747  950.3657  950.8494
2021 04 19 00 17 00    -4.4583570   -1.6533954  950.3618  950.8434
2021 04 19 00 18 00    -4.4609352   -1.6547680  950.3579  950.8395
2021 04 19 00 19 00    -4.4633090   -1.6560237  950.3537  950.8363
2021 04 19 00 20 00    -4.4656154   -1.6571940  950.3493  950.8299
2021 04 19 00 21 00    -4.4680288   -1.6583623  950.3450  950.8208
2021 04 19 00 22 00    -4.4703764   -1.6595526  950.3409  950.8144
2021 04 19 00 23 00    -4.4725266   -1.6607232  950.3367  950.8125
2021 04 19 00 24 00    -4.4746879   -1.6618030  950.3326  950.8087
2021 04 19 00 25 00    -4.4769879   -1.6628208  950.3286  950.7985
2021 04 19 00 26 00    -4.4793009   -1.6638916  950.3246  950.7847
2021 04 19 00 27 00    -4.4816380   -1.6650736  950.3205  950.7721
2021 04 19 00 28 00    -4.4840217   -1.6662757  950.3161  950.7640
2021 04 19 00 29 00    -4.4862587   -1.6673518  950.3117  950.7609
2021 04 19 00 30 00    -4.4883284   -1.6683238  950.3072  950.7608
2021 04 19 00 31 00    -4.4903811   -1.6693630  950.3028  950.7593
2021 04 19 00 32 00    -4.4924119   -1.6705364  950.2988  950.7537
2021 04 19 00 33 00    -4.4944700   -1.6717081  950.2948  950.7450
2021 04 19 00 34 00    -4.4967053   -1.6727448  950.2905  950.7379
2021 04 19 00 35 00    -4.4989584   -1.6737157  950.2860  950.7340
2021 04 19 00 36 00    -4.5009206   -1.6747132  950.2814  950.7291
2021 04 19 00 37 00    -4.5027363   -1.6757187  950.2770  950.7205
2021 04 19 00 38 00    -4.5047244   -1.6767273  950.2728  950.7107
2021 04 19 00 39 00    -4.5068212   -1.6777475  950.2686  950.7030
2021 04 19 00 40 00    -4.5088796   -1.6787879  950.2641  950.6977
2021 04 19 00 41 00    -4.5108887   -1.6797964  950.2596  950.6927
2021 04 19 00 42 00    -4.5128352   -1.6807050  950.2548  950.6858
2021 04 19 00 43 00    -4.5147098   -1.6816036  950.2501  950.6761
2021 04 19 00 44 00    -4.5165483   -1.6825644  950.2457  950.6637
2021 04 19 00 45 00    -4.5184721   -1.6835979  950.2414  950.6509
2021 04 19 00 46 00    -4.5205029   -1.6847007  950.2368  950.6400
2021 04 19 00 47 00    -4.5224945   -1.6856972  950.2319  950.6282
2021 04 19 00 48 00    -4.5243487   -1.6865296  950.2270  950.6125
2021 04 19 00 49 00    -4.5260512   -1.6873840  950.2220  950.5954
2021 04 19 00 50 00    -4.5277023   -1.6882684  950.2169  950.5802
2021 04 19 00 51 00    -4.5294468   -1.6890702  950.2119  950.5663
2021 04 19 00 52 00    -4.5312846   -1.6898647  950.2069  950.5523
2021 04 19 00 53 00    -4.5331557   -1.6907705  950.2020  950.5388
2021 04 19 00 54 00    -4.5350120   -1.6917591  950.1970  950.5278
2021 04 19 00 55 00    -4.5367750   -1.6927363  950.1921  950.5206
2021 04 19 00 56 00    -4.5384029   -1.6935999  950.1871  950.5143
2021 04 19 00 57 00    -4.5399634   -1.6942910  950.1818  950.5046
2021 04 19 00 58 00    -4.5415776   -1.6949493  950.1765  950.4918
2021 04 19 00 59 00    -4.5432641   -1.6957296  950.1712  950.4798
2021 04 19 01 00 00    -4.5448876   -1.6965392  950.1658  950.4711
2021 04 19 01 01 00    -4.5463421   -1.6972569  950.1604  950.4668
2021 04 19 01 02 00    -4.5477652   -1.6979478  950.1551  950.4664
2021 04 19 01 03 00    -4.5492906   -1.6987191  950.1498  950.4690
2021 04 19 01 04 00    -4.5507539   -1.6995394  950.1448  950.4757
2021 04 19 01 05 00    -4.5520972   -1.7003381  950.1400  950.4840
2021 04 19 01 06 00    -4.5534867   -1.7011194  950.1349  950.4881
2021 04 19 01 07 00    -4.5549261   -1.7018615  950.1297  950.4872
2021 04 19 01 08 00    -4.5563695   -1.7025744  950.1246  950.4872
2021 04 19 01 09 00    -4.5578080   -1.7032921  950.1198  950.4908
2021 04 19 01 10 00    -4.5592058   -1.7039493  950.1150  950.4948
2021 04 19 01 11 00    -4.5606092   -1.7046000  950.1101  950.4963
2021 04 19 01 12 00    -4.5619567   -1.7053404  950.1053  950.4941
2021 04 19 01 13 00    -4.5631244   -1.7060010  950.1008  950.4895
2021 04 19 01 14 00    -4.5642722   -1.7065118  950.0964  950.4852
2021 04 19 01 15 00    -4.5656503   -1.7071467  950.0917  950.4814
2021 04 19 01 16 00    -4.5672183   -1.7079932  950.0868  950.4776
2021 04 19 01 17 00    -4.5687003   -1.7087697  950.0820  950.4760
2021 04 19 01 18 00    -4.5699422   -1.7093491  950.0774  950.4771
2021 04 19 01 19 00    -4.5710508   -1.7098844  950.0730  950.4774
2021 04 19 01 20 00    -4.5722306   -1.7104637  950.0685  950.4750
2021 04 19 01 21 00    -4.5735903   -1.7111077  950.0638  950.4693
2021 04 19 01 22 00    -4.5750102   -1.7118190  950.0592  950.4587
2021 04 19 01 23 00    -4.5763275   -1.7125225  950.0547  950.4445
2021 04 19 01 24 00    -4.5775649   -1.7132029  950.0502  950.4310
2021 04 19 01 25 00    -4.5787826   -1.7138499  950.0453  950.4191
2021 04 19 01 26 00    -4.5799927   -1.7143831  950.0403  950.4089
2021 04 19 01 27 00    -4.5811701   -1.7148293  950.0354  950.4024
2021 04 19 01 28 00    -4.5822618   -1.7153614  950.0307  950.4000
2021 04 19 01 29 00    -4.5833086   -1.7161356  950.0259  950.3986
2021 04 19 01 30 00    -4.5843543   -1.7169450  950.0211  950.3954
2021 04 19 01 31 00    -4.5854016   -1.7174245  950.0162  950.3902
2021 04 19 01 32 00    -4.5864679   -1.7177508  950.0113  950.3848
2021 04 19 01 33 00    -4.5874788   -1.7182614  950.0064  950.3799
2021 04 19 01 34 00    -4.5884329   -1.7187844  950.0017  950.3746
2021 04 19 01 35 00    -4.5895128   -1.7191750  949.9970  950.3691
2021 04 19 01 36 00    -4.5907725   -1.7196993  949.9922  950.3653
2021 04 19 01 37 00    -4.5919630   -1.7203890  949.9871  950.3644
2021 04 19 01 38 00    -4.5928701   -1.7209092  949.9821  950.3654
2021 04 19 01 39 00    -4.5937035   -1.7212638  949.9773  950.3663
2021 04 19 01 40 00    -4.5947107   -1.7217435  949.9729  950.3664
2021 04 19 01 41 00    -4.5957400   -1.7223064  949.9687  950.3661
2021 04 19 01 42 00    -4.5965989   -1.7227036  949.9643  950.3654
2021 04 19 01 43 00    -4.5973786   -1.7230350  949.9597  950.3642
2021 04 19 01 44 00    -4.5982541   -1.7235615  949.9552  950.3625
2021 04 19 01 45 00    -4.5991828   -1.7240939  949.9507  950.3609
2021 04 19 01 46 00    -4.6001049   -1.7244523  949.9461  950.3603
2021 04 19 01 47 00    -4.6011152   -1.7248904  949.9415  950.3621
2021 04 19 01 48 00    -4.6020936   -1.7254162  949.9372  950.3682
2021 04 19 01 49 00    -4.6028576   -1.7258382  949.9328  950.3775
2021 04 19 01 50 00    -4.6035142   -1.7262196  949.9283  950.3871
2021 04 19 01 51 00    -4.6041363   -1.7265346  949.9239  950.3962
2021 04 19 01 52 00    -4.6047025   -1.7267295  949.9198  950.4058
2021 04 19 01 53 00    -4.6053449   -1.7270224  949.9159  950.4153
2021 04 19 01 54 00    -4.6061200   -1.7274621  949.9123  950.4228
2021 04 19 01 55 00    -4.6068752   -1.7278559  949.9087  950.4261
2021 04 19 01 56 00    -4.6075857   -1.7282610  949.9049  950.4243
2021 04 19 01 57 00    -4.6083498   -1.7287818  949.9009  950.4197
2021 04 19 01 58 00    -4.6090684   -1.7292077  949.8971  950.4163
2021 04 19 01 59 00    -4.6097050   -1.7294147  949.8936  950.4163
2021 04 19 02 00 00    -4.6103940   -1.7295870  949.8902  950.4200
2021 04 19 02 01 00    -4.6110793   -1.7298693  949.8868  950.4244
2021 04 19 02 02 00    -4.6117877   -1.7302981  949.8831  950.4232
2021 04 19 02 03 00    -4.6126177   -1.7308129  949.8791  950.4149
2021 04 19 02 04 00    -4.6133488   -1.7312340  949.8752  950.4042
2021 04 19 02 05 00    -4.6139253   -1.7315540  949.8718  950.3957
2021 04 19 02 06 00    -4.6145757   -1.7318889  949.8685  950.3894
2021 04 19 02 07 00    -4.6152727   -1.7322043  949.8648  950.3844
2021 04 19 02 08 00    -4.6159229   -1.7324892  949.8607  950.3797
2021 04 19 02 09 00    -4.6166438   -1.7328446  949.8568  950.3739
2021 04 19 02 10 00    -4.6174432   -1.7332859  949.8531  950.3658
2021 04 19 02 11 00    -4.6181807   -1.7337179  949.8493  950.3587
2021 04 19 02 12 00    -4.6188187   -1.7340512  949.8453  950.3564
2021 04 19 02 13 00    -4.6193747   -1.7342969  949.8413  950.3567
2021 04 19 02 14 00    -4.6198281   -1.7344706  949.8376  950.3543
2021 04 19 02 15 00    -4.6202295   -1.7345560  949.8339  950.3489
2021 04 19 02 16 00    -4.6207827   -1.7347191  949.8302  950.3443
2021 04 19 02 17 00    -4.6215359   -1.7351188  949.8263  950.3423
2021 04 19 02 18 00    -4.6221959   -1.7355692  949.8223  950.3411
2021 04 19 02 19 00    -4.6226417   -1.7358450  949.8184  950.3362
2021 04 19 02 20 00    -4.6231299   -1.7360274  949.8146  950.3252
2021 04 19 02 21 00    -4.6237833   -1.7362920  949.8110  950.3129
2021 04 19 02 22 00    -4.6244138   -1.7366230  949.8074  950.3061
2021 04 19 02 23 00    -4.6248568   -1.7368773  949.8033  950.3050
2021 04 19 02 24 00    -4.6251844   -1.7370753  949.7991  950.3046
2021 04 19 02 25 00    -4.6256688   -1.7374293  949.7953  950.3025
2021 04 19 02 26 00    -4.6264177   -1.7378827  949.7914  950.3007
2021 04 19 02 27 00    -4.6270697   -1.7381211  949.7873  950.3001
2021 04 19 02 28 00    -4.6273632   -1.7381764  949.7832  950.2998
2021 04 19 02 29 00    -4.6276316   -1.7382972  949.7795  950.2997
2021 04 19 02 30 00    -4.6281442   -1.7385097  949.7760  950.2996
2021 04 19 02 31 00    -4.6286270   -1.7386973  949.7726  950.2974
2021 04 19 02 32 00    -4.6289088   -1.7388402  949.7690  950.2937
2021 04 19 02 33 00    -4.6292235   -1.7390910  949.7652  950.2922
2021 04 19 02 34 00    -4.6296238   -1.7394034  949.7616  950.2958
2021 04 19 02 35 00    -4.6299895   -1.7395441  949.7580  950.3034
2021 04 19 02 36 00    -4.6304101   -1.7396494  949.7546  950.3111
2021 04 19 02 37 00    -4.6308730   -1.7399032  949.7512  950.3165
2021 04 19 02 38 00    -4.6312580   -1.7401356  949.7480  950.3211
2021 04 19 02 39 00    -4.6317384   -1.7403045  949.7447  950.3258
2021 04 19 02 40 00    -4.6322723   -1.7404632  949.7413  950.3300
2021 04 19 02 41 00    -4.6324869   -1.7405183  949.7381  950.3318
2021 04 19 02 42 00    -4.6326292   -1.7406147  949.7352  950.3282
2021 04 19 02 43 00    -4.6331279   -1.7409259  949.7322  950.3169
2021 04 19 02 44 00    -4.6337292   -1.7412899  949.7289  950.2996
2021 04 19 02 45 00    -4.6342128   -1.7416350  949.7254  950.2817
2021 04 19 02 46 00    -4.6346929   -1.7420160  949.7216  950.2679
2021 04 19 02 47 00    -4.6351897   -1.7423188  949.7179  950.2607
2021 04 19 02 48 00    -4.6356487   -1.7424772  949.7143  950.2578
2021 04 19 02 49 00    -4.6359557   -1.7425663  949.7104  950.2538
2021 04 19 02 50 00    -4.6361480   -1.7426513  949.7063  950.2447
2021 04 19 02 51 00    -4.6364911   -1.7428153  949.7023  950.2327
2021 04 19 02 52 00    -4.6369746   -1.7430557  949.6986  950.2228
2021 04 19 02 53 00    -4.6373552   -1.7432045  949.6950  950.2191
2021 04 19 02 54 00    -4.6375833   -1.7432396  949.6913  950.2218
2021 04 19 02 55 00    -4.6377287   -1.7433242  949.6876  950.2285
2021 04 19 02 56 00    -4.6379431   -1.7434880  949.6838  950.2384
2021 04 19 02 57 00    -4.6383422   -1.7436840  949.6802  950.2492
2021 04 19 02 58 00    -4.6386578   -1.7438708  949.6768  950.2567
2021 04 19 02 59 00    -4.6386746   -1.7439448  949.6734  950.2590
2021 04 19 03 00 00    -4.6386879   -1.7439587  949.6699  950.2581
2021 04 19 03 01 00    -4.6389263   -1.7440974  949.6668  950.2559
2021 04 19 03 02 00    -4.6392653   -1.7443802  949.6638  950.2546
2021 04 19 03 03 00    -4.6395613   -1.7446485  949.6607  950.2551
2021 04 19 03 04 00    -4.6397090   -1.7446670  949.6576  950.2559
2021 04 19 03 05 00    -4.6397529   -1.7444361  949.6543  950.2548
2021 04 19 03 06 00    -4.6399005   -1.7443785  949.6512  950.2507
2021 04 19 03 07 00    -4.6401543   -1.7446653  949.6481  950.2451
2021 04 19 03 08 00    -4.6403938   -1.7448750  949.6447  950.2420
2021 04 19 03 09 00    -4.6406733   -1.7448362  949.6410  950.2427
2021 04 19 03 10 00    -4.6410087   -1.7448459  949.6373  950.2437
2021 04 19 03 11 00    -4.6413025   -1.7449630  949.6343  950.2406
2021 04 19 03 12 00    -4.6415977   -1.7451104  949.6317  950.2308
2021 04 19 03 13 00    -4.6419010   -1.7453705  949.6288  950.2135
2021 04 19 03 14 00    -4.6420811   -1.7456334  949.6254  950.1914
2021 04 19 03 15 00    -4.6422239   -1.7457376  949.6217  950.1722
2021 04 19 03 16 00    -4.6424952   -1.7458218  949.6180  950.1637
2021 04 19 03 17 00    -4.6428231   -1.7459653  949.6141  950.1680
2021 04 19 03 18 00    -4.6430877   -1.7460519  949.6101  950.1829
2021 04 19 03 19 00    -4.6432446   -1.7460884  949.6063  950.2039
2021 04 19 03 20 00    -4.6432351   -1.7461119  949.6030  950.2253
2021 04 19 03 21 00    -4.6430654   -1.7461152  949.6002  950.2431
2021 04 19 03 22 00    -4.6428630   -1.7461351  949.5977  950.2564
2021 04 19 03 23 00    -4.6427532   -1.7460882  949.5952  950.2645
2021 04 19 03 24 00    -4.6428381   -1.7459760  949.5925  950.2694
2021 04 19 03 25 00    -4.6430569   -1.7459875  949.5900  950.2756
2021 04 19 03 26 00    -4.6431085   -1.7460737  949.5881  950.2826
2021 04 19 03 27 00    -4.6429388   -1.7460759  949.5861  950.2867
2021 04 19 03 28 00    -4.6427802   -1.7459387  949.5838  950.2891
2021 04 19 03 29 00    -4.6426676   -1.7456562  949.5815  950.2938
2021 04 19 03 30 00    -4.6426565   -1.7455328  949.5799  950.3000
2021 04 19 03 31 00    -4.6428760   -1.7457897  949.5784  950.3039
2021 04 19 03 32 00    -4.6430635   -1.7460391  949.5765  950.3020
2021 04 19 03 33 00    -4.6430598   -1.7460682  949.5743  950.2936
2021 04 19 03 34 00    -4.6431484   -1.7461503  949.5720  950.2808
2021 04 19 03 35 00    -4.6433058   -1.7462604  949.5697  950.2661
2021 04 19 03 36 00    -4.6433825   -1.7462591  949.5672  950.2518
2021 04 19 03 37 00    -4.6435499   -1.7463232  949.5645  950.2412
2021 04 19 03 38 00    -4.6437885   -1.7464949  949.5622  950.2369
2021 04 19 03 39 00    -4.6439635   -1.7466202  949.5600  950.2368
2021 04 19 03 40 00    -4.6440131   -1.7466056  949.5573  950.2380
2021 04 19 03 41 00    -4.6438856   -1.7464582  949.5545  950.2401
2021 04 19 03 42 00    -4.6438342   -1.7463672  949.5521  950.2430
2021 04 19 03 43 00    -4.6439929   -1.7464685  949.5498  950.2447
2021 04 19 03 44 00    -4.6440922   -1.7466445  949.5472  950.2411
2021 04 19 03 45 00    -4.6440472   -1.7467319  949.5447  950.2272
2021 04 19 03 46 00    -4.6440554   -1.7467063  949.5425  950.2026
2021 04 19 03 47 00    -4.6442521   -1.7467281  949.5399  950.1739
2021 04 19 03 48 00    -4.6445376   -1.7468679  949.5368  950.1505
2021 04 19 03 49 00    -4.6447310   -1.7469681  949.5334  950.1375
2021 04 19 03 50 00    -4.6447895   -1.7469819  949.5298  950.1358
2021 04 19 03 51 00    -4.6447126   -1.7469236  949.5262  950.1452
2021 04 19 03 52 00    -4.6445016   -1.7467166  949.5230  950.1623
2021 04 19 03 53 00    -4.6442439   -1.7464407  949.5200  950.1789
2021 04 19 03 54 00    -4.6440538   -1.7463130  949.5175  950.1874
2021 04 19 03 55 00    -4.6440500   -1.7464803  949.5152  950.1875
2021 04 19 03 56 00    -4.6442161   -1.7467899  949.5125  950.1839
2021 04 19 03 57 00    -4.6443180   -1.7468612  949.5099  950.1795
2021 04 19 03 58 00    -4.6443432   -1.7467270  949.5076  950.1719
2021 04 19 03 59 00    -4.6444204   -1.7467010  949.5051  950.1615
2021 04 19 04 00 00    -4.6444004   -1.7467571  949.5022  950.1561
2021 04 19 04 01 00    -4.6442529   -1.7467754  949.4993  950.1612
2021 04 19 04 02 00    -4.6441315   -1.7467574  949.4967  950.1714
2021 04 19 04 03 00    -4.6440177   -1.7467023  949.4944  950.1790
2021 04 19 04 04 00    -4.6438954   -1.7466512  949.4923  950.1819
2021 04 19 04 05 00    -4.6438151   -1.7466020  949.4902  950.1804
2021 04 19 04 06 00    -4.6437851   -1.7465323  949.4877  950.1736
2021 04 19 04 07 00    -4.6438406   -1.7465427  949.4853  950.1591
2021 04 19 04 08 00    -4.6439309   -1.7466562  949.4828  950.1376
2021 04 19 04 09 00    -4.6439019   -1.7467108  949.4799  950.1159
2021 04 19 04 10 00    -4.6437737   -1.7466155  949.4767  950.1032
2021 04 19 04 11 00    -4.6436583   -1.7464540  949.4737  950.1039
2021 04 19 04 12 00    -4.6435312   -1.7463553  949.4709  950.1135
2021 04 19 04 13 00    -4.6433817   -1.7463497  949.4679  950.1234
2021 04 19 04 14 00    -4.6431797   -1.7462912  949.4652  950.1263
2021 04 19 04 15 00    -4.6428650   -1.7461012  949.4629  950.1198
2021 04 19 04 16 00    -4.6426593   -1.7459781  949.4605  950.1058
2021 04 19 04 17 00    -4.6426773   -1.7459986  949.4575  950.0900
2021 04 19 04 18 00    -4.6426427   -1.7459702  949.4541  950.0796
2021 04 19 04 19 00    -4.6425116   -1.7458507  949.4508  950.0766
2021 04 19 04 20 00    -4.6424407   -1.7457340  949.4480  950.0767
2021 04 19 04 21 00    -4.6423817   -1.7456210  949.4454  950.0775
2021 04 19 04 22 00    -4.6422756   -1.7455214  949.4424  950.0813
2021 04 19 04 23 00    -4.6420829   -1.7454845  949.4395  950.0849
2021 04 19 04 24 00    -4.6417459   -1.7454487  949.4368  950.0794
2021 04 19 04 25 00    -4.6414125   -1.7453324  949.4339  950.0642
2021 04 19 04 26 00    -4.6412900   -1.7452440  949.4307  950.0495
2021 04 19 04 27 00    -4.6412956   -1.7452886  949.4275  950.0437
2021 04 19 04 28 00    -4.6411799   -1.7453284  949.4243  950.0472
2021 04 19 04 29 00    -4.6409093   -1.7452237  949.4212  950.0545
2021 04 19 04 30 00    -4.6406329   -1.7449834  949.4185  950.0622
2021 04 19 04 31 00    -4.6403726   -1.7446793  949.4158  950.0723
2021 04 19 04 32 00    -4.6401134   -1.7445202  949.4134  950.0853
2021 04 19 04 33 00    -4.6398563   -1.7445355  949.4113  950.0972
2021 04 19 04 34 00    -4.6394930   -1.7444119  949.4090  950.1070
2021 04 19 04 35 00    -4.6390978   -1.7441114  949.4067  950.1165
2021 04 19 04 36 00    -4.6388673   -1.7438894  949.4048  950.1235
2021 04 19 04 37 00    -4.6386915   -1.7437693  949.4034  950.1219
2021 04 19 04 38 00    -4.6384112   -1.7436599  949.4016  950.1089
2021 04 19 04 39 00    -4.6381588   -1.7436183  949.3993  950.0842
2021 04 19 04 40 00    -4.6380675   -1.7436668  949.3966  950.0505
2021 04 19 04 41 00    -4.6380369   -1.7436518  949.3937  950.0166
2021 04 19 04 42 00    -4.6379532   -1.7435094  949.3905  949.9938
2021 04 19 04 43 00    -4.6377920   -1.7433698  949.3872  949.9851
2021 04 19 04 44 00    -4.6375468   -1.7432993  949.3840  949.9835
2021 04 19 04 45 00    -4.6372453   -1.7432363  949.3807  949.9798
2021 04 19 04 46 00    -4.6368861   -1.7430726  949.3776  949.9706
2021 04 19 04 47 00    -4.6365518   -1.7427948  949.3744  949.9592
2021 04 19 04 48 00    -4.6363792   -1.7425333  949.3707  949.9510
2021 04 19 04 49 00    -4.6361915   -1.7423184  949.3668  949.9490
2021 04 19 04 50 00    -4.6358234   -1.7421859  949.3632  949.9528
2021 04 19 04 51 00    -4.6354358   -1.7422150  949.3602  949.9602
2021 04 19 04 52 00    -4.6350329   -1.7422060  949.3575  949.9692
2021 04 19 04 53 00    -4.6345379   -1.7419647  949.3545  949.9787
2021 04 19 04 54 00    -4.6341110   -1.7415909  949.3515  949.9857
2021 04 19 04 55 00    -4.6336960   -1.7412603  949.3490  949.9872
2021 04 19 04 56 00    -4.6331407   -1.7410891  949.3468  949.9861
2021 04 19 04 57 00    -4.6327070   -1.7409684  949.3444  949.9886
2021 04 19 04 58 00    -4.6324615   -1.7407053  949.3417  949.9977
2021 04 19 04 59 00    -4.6320658   -1.7404577  949.3387  950.0118
2021 04 19 05 00 00    -4.6314532   -1.7403534  949.3360  950.0276
2021 04 19 05 01 00    -4.6308055   -1.7401314  949.3340  950.0406
2021 04 19 05 02 00    -4.6303142   -1.7397869  949.3324  950.0465
2021 04 19 05 03 00    -4.6300225   -1.7395695  949.3308  950.0431
2021 04 19 05 04 00    -4.6296599   -1.7393852  949.3287  950.0327
2021 04 19 05 05 00    -4.6291488   -1.7391696  949.3263  950.0208
2021 04 19 05 06 00    -4.6287640   -1.7390768  949.3243  950.0120
2021 04 19 05 07 00    -4.6284649   -1.7389945  949.3223  950.0063
2021 04 19 05 08 00    -4.6279528   -1.7387140  949.3199  950.0017
2021 04 19 05 09 00    -4.6272559   -1.7382905  949.3175  949.9997
2021 04 19 05 10 00    -4.6266398   -1.7378868  949.3154  950.0048
2021 04 19 05 11 00    -4.6261767   -1.7375966  949.3135  950.0177
2021 04 19 05 12 00    -4.6256747   -1.7373967  949.3116  950.0342
2021 04 19 05 13 00    -4.6250378   -1.7370961  949.3097  950.0477
2021 04 19 05 14 00    -4.6244373   -1.7366006  949.3081  950.0547
2021 04 19 05 15 00    -4.6239641   -1.7361981  949.3068  950.0556
2021 04 19 05 16 00    -4.6234244   -1.7360643  949.3055  950.0512
2021 04 19 05 17 00    -4.6227067   -1.7359051  949.3040  950.0448
2021 04 19 05 18 00    -4.6220220   -1.7355255  949.3022  950.0432
2021 04 19 05 19 00    -4.6214712   -1.7351315  949.3004  950.0492
2021 04 19 05 20 00    -4.6208462   -1.7348720  949.2989  950.0588
2021 04 19 05 21 00    -4.6201197   -1.7345734  949.2976  950.0676
2021 04 19 05 22 00    -4.6194981   -1.7341626  949.2964  950.0715
2021 04 19 05 23 00    -4.6189490   -1.7338428  949.2952  950.0666
2021 04 19 05 24 00    -4.6183369   -1.7336268  949.2937  950.0547
2021 04 19 05 25 00    -4.6177138   -1.7333423  949.2920  950.0450
2021 04 19 05 26 00    -4.6170232   -1.7329586  949.2905  950.0435
2021 04 19 05 27 00    -4.6161988   -1.7325238  949.2893  950.0466
2021 04 19 05 28 00    -4.6154277   -1.7320840  949.2882  950.0489
2021 04 19 05 29 00    -4.6147575   -1.7317146  949.2871  950.0514
2021 04 19 05 30 00    -4.6141125   -1.7315031  949.2858  950.0570
2021 04 19 05 31 00    -4.6134884   -1.7313170  949.2844  950.0645
2021 04 19 05 32 00    -4.6127697   -1.7308709  949.2831  950.0703
2021 04 19 05 33 00    -4.6119809   -1.7302832  949.2822  950.0716
2021 04 19 05 34 00    -4.6112333   -1.7298674  949.2814  950.0697
2021 04 19 05 35 00    -4.6103943   -1.7295930  949.2809  950.0707
2021 04 19 05 36 00    -4.6095278   -1.7293533  949.2804  950.0773
2021 04 19 05 37 00    -4.6088370   -1.7290791  949.2797  950.0834
2021 04 19 05 38 00    -4.6080799   -1.7286159  949.2791  950.0850
2021 04 19 05 39 00    -4.6071130   -1.7280466  949.2786  950.0865
2021 04 19 05 40 00    -4.6062863   -1.7276032  949.2781  950.0914
2021 04 19 05 41 00    -4.6056568   -1.7272228  949.2776  950.0959
2021 04 19 05 42 00    -4.6048991   -1.7267897  949.2774  950.0952
2021 04 19 05 43 00    -4.6040166   -1.7264551  949.2774  950.0907
2021 04 19 05 44 00    -4.6031896   -1.7262654  949.2767  950.0885
2021 04 19 05 45 00    -4.6023093   -1.7259304  949.2756  950.0900
2021 04 19 05 46 00    -4.6013612   -1.7253238  949.2747  950.0901
2021 04 19 05 47 00    -4.6005560   -1.7247222  949.2742  950.0858
2021 04 19 05 48 00    -4.5997413   -1.7242570  949.2737  950.0820
2021 04 19 05 49 00    -4.5987005   -1.7238211  949.2729  950.0843
2021 04 19 05 50 00    -4.5976700   -1.7234124  949.2723  950.0916
2021 04 19 05 51 00    -4.5966952   -1.7229174  949.2720  950.1002
2021 04 19 05 52 00    -4.5955869   -1.7222678  949.2720  950.1095
2021 04 19 05 53 00    -4.5944858   -1.7217349  949.2722  950.1217
2021 04 19 05 54 00    -4.5934144   -1.7213088  949.2727  950.1368
2021 04 19 05 55 00    -4.5922014   -1.7206901  949.2735  950.1528
2021 04 19 05 56 00    -4.5910011   -1.7200331  949.2746  950.1687
2021 04 19 05 57 00    -4.5899977   -1.7195940  949.2761  950.1844
2021 04 19 05 58 00    -4.5890988   -1.7191577  949.2775  950.1979
2021 04 19 05 59 00    -4.5881174   -1.7185620  949.2787  950.2079
2021 04 19 06 00 00    -4.5869027   -1.7179425  949.2802  950.2152
2021 04 19 06 01 00    -4.5855114   -1.7172855  949.2817  950.2205
2021 04 19 06 02 00    -4.5842158   -1.7165649  949.2833  950.2225
2021 04 19 06 03 00    -4.5831785   -1.7159705  949.2851  950.2216
2021 04 19 06 04 00    -4.5822644   -1.7155436  949.2868  950.2201
2021 04 19 06 05 00    -4.5812066   -1.7150764  949.2882  950.2197
2021 04 19 06 06 00    -4.5799231   -1.7144516  949.2895  950.2202
2021 04 19 06 07 00    -4.5786911   -1.7138687  949.2908  950.2203
2021 04 19 06 08 00    -4.5777672   -1.7134985  949.2921  950.2168
2021 04 19 06 09 00    -4.5768652   -1.7130062  949.2937  950.2091
2021 04 19 06 10 00    -4.5756119   -1.7121547  949.2953  950.2029
2021 04 19 06 11 00    -4.5742217   -1.7113566  949.2964  950.2032
2021 04 19 06 12 00    -4.5730001   -1.7108698  949.2970  950.2068
2021 04 19 06 13 00    -4.5718056   -1.7104427  949.2975  950.2097
2021 04 19 06 14 00    -4.5705392   -1.7099205  949.2984  950.2143
2021 04 19 06 15 00    -4.5693286   -1.7093297  949.2997  950.2211
2021 04 19 06 16 00    -4.5680728   -1.7086689  949.3010  950.2243
2021 04 19 06 17 00    -4.5665966   -1.7079285  949.3024  950.2201
2021 04 19 06 18 00    -4.5650966   -1.7071204  949.3037  950.2131
2021 04 19 06 19 00    -4.5638391   -1.7063219  949.3049  950.2108
2021 04 19 06 20 00    -4.5626382   -1.7056005  949.3058  950.2134
2021 04 19 06 21 00    -4.5612406   -1.7049592  949.3067  950.2143
2021 04 19 06 22 00    -4.5597987   -1.7043705  949.3075  950.2116
2021 04 19 06 23 00    -4.5584156   -1.7036806  949.3084  950.2085
2021 04 19 06 24 00    -4.5569934   -1.7028276  949.3092  950.2068
2021 04 19 06 25 00    -4.5556069   -1.7020919  949.3098  950.2059
2021 04 19 06 26 00    -4.5542853   -1.7015576  949.3107  950.2056
2021 04 19 06 27 00    -4.5527610   -1.7008907  949.3119  950.2037
2021 04 19 06 28 00    -4.5510046   -1.7000568  949.3130  950.1996
2021 04 19 06 29 00    -4.5494377   -1.6993339  949.3138  950.1977
2021 04 19 06 30 00    -4.5481856   -1.6986961  949.3144  950.1993
2021 04 19 06 31 00    -4.5468519   -1.6979532  949.3150  950.1993
2021 04 19 06 32 00    -4.5451586   -1.6970632  949.3157  950.1964
2021 04 19 06 33 00    -4.5432704   -1.6960618  949.3163  950.1968
2021 04 19 06 34 00    -4.5415532   -1.6951000  949.3169  950.2032
2021 04 19 06 35 00    -4.5400664   -1.6943569  949.3175  950.2113
2021 04 19 06 36 00    -4.5385322   -1.6937462  949.3184  950.2170
2021 04 19 06 37 00    -4.5368985   -1.6930407  949.3199  950.2213
2021 04 19 06 38 00    -4.5352852   -1.6921791  949.3214  950.2268
2021 04 19 06 39 00    -4.5336082   -1.6912193  949.3224  950.2335
2021 04 19 06 40 00    -4.5318237   -1.6902418  949.3233  950.2385
2021 04 19 06 41 00    -4.5301209   -1.6894057  949.3245  950.2421
2021 04 19 06 42 00    -4.5285368   -1.6887326  949.3260  950.2485
2021 04 19 06 43 00    -4.5267360   -1.6879049  949.3279  950.2593
2021 04 19 06 44 00    -4.5246617   -1.6868263  949.3299  950.2707
2021 04 19 06 45 00    -4.5227371   -1.6858180  949.3315  950.2791
2021 04 19 06 46 00    -4.5209787   -1.6849097  949.3328  950.2841
2021 04 19 06 47 00    -4.5191350   -1.6839196  949.3342  950.2874
2021 04 19 06 48 00    -4.5173367   -1.6829292  949.3360  950.2888
2021 04 19 06 49 00    -4.5155764   -1.6820134  949.3381  950.2886
2021 04 19 06 50 00    -4.5136353   -1.6811019  949.3401  950.2900
2021 04 19 06 51 00    -4.5116508   -1.6801741  949.3417  950.2939
2021 04 19 06 52 00    -4.5097340   -1.6792396  949.3432  950.2971
2021 04 19 06 53 00    -4.5077078   -1.6782928  949.3450  950.2981
2021 04 19 06 54 00    -4.5056491   -1.6773816  949.3471  950.2998
2021 04 19 06 55 00    -4.5037020   -1.6764937  949.3491  950.3033
2021 04 19 06 56 00    -4.5017746   -1.6754964  949.3507  950.3064
2021 04 19 06 57 00    -4.4999233   -1.6744130  949.3523  950.3066
2021 04 19 06 58 00    -4.4981116   -1.6734252  949.3540  950.3032
2021 04 19 06 59 00    -4.4960595   -1.6725375  949.3559  950.2958
2021 04 19 07 00 00    -4.4938500   -1.6715782  949.3574  950.2852
2021 04 19 07 01 00    -4.4917839   -1.6704477  949.3586  950.2751
2021 04 19 07 02 00    -4.4897923   -1.6691837  949.3596  950.2691
2021 04 19 07 03 00    -4.4876967   -1.6679848  949.3604  950.2657
2021 04 19 07 04 00    -4.4856511   -1.6670635  949.3612  950.2616
2021 04 19 07 05 00    -4.4836903   -1.6662293  949.3621  950.2557
2021 04 19 07 06 00    -4.4815151   -1.6651157  949.3632  950.2498
2021 04 19 07 07 00    -4.4792209   -1.6638644  949.3643  950.2454
2021 04 19 07 08 00    -4.4771337   -1.6628565  949.3654  950.2443
2021 04 19 07 09 00    -4.4750594   -1.6619729  949.3663  950.2481
2021 04 19 07 10 00    -4.4727742   -1.6608337  949.3670  950.2543
2021 04 19 07 11 00    -4.4704456   -1.6594860  949.3678  950.2563
2021 04 19 07 12 00    -4.4680752   -1.6582326  949.3687  950.2525
2021 04 19 07 13 00    -4.4656415   -1.6571420  949.3694  950.2488
2021 04 19 07 14 00    -4.4634116   -1.6561150  949.3701  950.2486
2021 04 19 07 15 00    -4.4612053   -1.6549907  949.3708  950.2496
2021 04 19 07 16 00    -4.4586761   -1.6537037  949.3718  950.2503
2021 04 19 07 17 00    -4.4561975   -1.6524283  949.3731  950.2512
2021 04 19 07 18 00    -4.4539375   -1.6512247  949.3742  950.2530
2021 04 19 07 19 00    -4.4514822   -1.6500110  949.3750  950.2562
2021 04 19 07 20 00    -4.4488810   -1.6487682  949.3758  950.2615
2021 04 19 07 21 00    -4.4464183   -1.6474479  949.3765  950.2673
2021 04 19 07 22 00    -4.4440297   -1.6461711  949.3771  950.2701
2021 04 19 07 23 00    -4.4415388   -1.6450953  949.3778  950.2685
2021 04 19 07 24 00    -4.4388489   -1.6439908  949.3788  950.2649
2021 04 19 07 25 00    -4.4361898   -1.6426981  949.3800  950.2633
2021 04 19 07 26 00    -4.4337395   -1.6413690  949.3814  950.2651
2021 04 19 07 27 00    -4.4311161   -1.6399598  949.3827  950.2682
2021 04 19 07 28 00    -4.4282171   -1.6384334  949.3837  950.2706
2021 04 19 07 29 00    -4.4254782   -1.6370381  949.3845  950.2723
2021 04 19 07 30 00    -4.4229604   -1.6358034  949.3855  950.2734
2021 04 19 07 31 00    -4.4204372   -1.6345494  949.3865  950.2736
2021 04 19 07 32 00    -4.4177903   -1.6332360  949.3871  950.2716
2021 04 19 07 33 00    -4.4149044   -1.6317883  949.3877  950.2669
2021 04 19 07 34 00    -4.4119595   -1.6302582  949.3889  950.2625
2021 04 19 07 35 00    -4.4092221   -1.6288675  949.3901  950.2616
2021 04 19 07 36 00    -4.4065172   -1.6275552  949.3911  950.2614
2021 04 19 07 37 00    -4.4036861   -1.6261906  949.3918  950.2564
2021 04 19 07 38 00    -4.4008291   -1.6248202  949.3922  950.2459
2021 04 19 07 39 00    -4.3980247   -1.6234544  949.3924  950.2346
2021 04 19 07 40 00    -4.3953143   -1.6220798  949.3925  950.2278
2021 04 19 07 41 00    -4.3926040   -1.6206313  949.3925  950.2259
2021 04 19 07 42 00    -4.3897314   -1.6190449  949.3926  950.2249
2021 04 19 07 43 00    -4.3867014   -1.6174988  949.3926  950.2235
2021 04 19 07 44 00    -4.3835502   -1.6160823  949.3926  950.2235
2021 04 19 07 45 00    -4.3803793   -1.6146283  949.3924  950.2263
2021 04 19 07 46 00    -4.3773974   -1.6131359  949.3923  950.2309
2021 04 19 07 47 00    -4.3744517   -1.6115781  949.3923  950.2356
2021 04 19 07 48 00    -4.3712268   -1.6098284  949.3928  950.2394
2021 04 19 07 49 00    -4.3678242   -1.6080696  949.3935  950.2437
2021 04 19 07 50 00    -4.3644887   -1.6064457  949.3942  950.2502
2021 04 19 07 51 00    -4.3612621   -1.6048350  949.3950  950.2576
2021 04 19 07 52 00    -4.3580441   -1.6032403  949.3956  950.2645
2021 04 19 07 53 00    -4.3547834   -1.6017197  949.3961  950.2707
2021 04 19 07 54 00    -4.3515093   -1.6001422  949.3969  950.2773
2021 04 19 07 55 00    -4.3482054   -1.5984347  949.3983  950.2843
2021 04 19 07 56 00    -4.3448732   -1.5967787  949.3997  950.2903
2021 04 19 07 57 00    -4.3415256   -1.5952475  949.4008  950.2934
2021 04 19 07 58 00    -4.3381698   -1.5936041  949.4017  950.2951
2021 04 19 07 59 00    -4.3347748   -1.5916974  949.4026  950.2980
2021 04 19 08 00 00    -4.3312138   -1.5896832  949.4035  950.3022
2021 04 19 08 01 00    -4.3275559   -1.5877945  949.4048  950.3066
2021 04 19 08 02 00    -4.3240464   -1.5861025  949.4065  950.3113
2021 04 19 08 03 00    -4.3207132   -1.5844687  949.4081  950.3161
2021 04 19 08 04 00    -4.3173752   -1.5827710  949.4092  950.3195
2021 04 19 08 05 00    -4.3139152   -1.5811194  949.4102  950.3224
2021 04 19 08 06 00    -4.3103382   -1.5795210  949.4115  950.3276
2021 04 19 08 07 00    -4.3066288   -1.5777126  949.4131  950.3362
2021 04 19 08 08 00    -4.3029045   -1.5757261  949.4151  950.3478
2021 04 19 08 09 00    -4.2993308   -1.5738680  949.4173  950.3606
2021 04 19 08 10 00    -4.2956596   -1.5720560  949.4192  950.3724
2021 04 19 08 11 00    -4.2917117   -1.5700683  949.4209  950.3815
2021 04 19 08 12 00    -4.2878472   -1.5681175  949.4229  950.3882
2021 04 19 08 13 00    -4.2842290   -1.5663939  949.4255  950.3945
2021 04 19 08 14 00    -4.2805819   -1.5646419  949.4280  950.4010
2021 04 19 08 15 00    -4.2767119   -1.5626583  949.4300  950.4064
2021 04 19 08 16 00    -4.2726255   -1.5605471  949.4317  950.4099
2021 04 19 08 17 00    -4.2685675   -1.5584676  949.4339  950.4126
2021 04 19 08 18 00    -4.2648634   -1.5565667  949.4361  950.4152
2021 04 19 08 19 00    -4.2613324   -1.5548027  949.4381  950.4182
2021 04 19 08 20 00    -4.2574464   -1.5528922  949.4403  950.4222
2021 04 19 08 21 00    -4.2532474   -1.5508495  949.4427  950.4271
2021 04 19 08 22 00    -4.2491900   -1.5489073  949.4451  950.4301
2021 04 19 08 23 00    -4.2452787   -1.5469521  949.4474  950.4302
2021 04 19 08 24 00    -4.2413148   -1.5448857  949.4499  950.4302
2021 04 19 08 25 00    -4.2373343   -1.5428406  949.4523  950.4318
2021 04 19 08 26 00    -4.2333405   -1.5407740  949.4543  950.4341
2021 04 19 08 27 00    -4.2292533   -1.5386781  949.4562  950.4370
2021 04 19 08 28 00    -4.2250614   -1.5367247  949.4586  950.4417
2021 04 19 08 29 00    -4.2208733   -1.5348327  949.4613  950.4469
2021 04 19 08 30 00    -4.2167785   -1.5327670  949.4635  950.4508
2021 04 19 08 31 00    -4.2126442   -1.5306073  949.4656  950.4532
2021 04 19 08 32 00    -4.2084453   -1.5285912  949.4681  950.4541
2021 04 19 08 33 00    -4.2043166   -1.5266116  949.4707  950.4540
2021 04 19 08 34 00    -4.2000981   -1.5244366  949.4730  950.4553
2021 04 19 08 35 00    -4.1956935   -1.5222085  949.4754  950.4601
2021 04 19 08 36 00    -4.1913226   -1.5200176  949.4779  950.4688
2021 04 19 08 37 00    -4.1869326   -1.5176645  949.4803  950.4796
2021 04 19 08 38 00    -4.1824067   -1.5152963  949.4826  950.4890
2021 04 19 08 39 00    -4.1779563   -1.5131822  949.4854  950.4955
2021 04 19 08 40 00    -4.1736012   -1.5110820  949.4883  950.4997
2021 04 19 08 41 00    -4.1691484   -1.5088128  949.4908  950.5011
2021 04 19 08 42 00    -4.1646277   -1.5065929  949.4934  950.4981
2021 04 19 08 43 00    -4.1601846   -1.5044315  949.4961  950.4906
2021 04 19 08 44 00    -4.1557892   -1.5021281  949.4983  950.4816
2021 04 19 08 45 00    -4.1512408   -1.4997340  949.5004  950.4756
2021 04 19 08 46 00    -4.1465456   -1.4974380  949.5026  950.4757
2021 04 19 08 47 00    -4.1419600   -1.4952396  949.5047  950.4829
2021 04 19 08 48 00    -4.1374940   -1.4929528  949.5067  950.4960
2021 04 19 08 49 00    -4.1328837   -1.4904848  949.5091  950.5100
2021 04 19 08 50 00    -4.1280329   -1.4879779  949.5118  950.5200
2021 04 19 08 51 00    -4.1231225   -1.4855788  949.5145  950.5265
2021 04 19 08 52 00    -4.1183052   -1.4832248  949.5171  950.5324
2021 04 19 08 53 00    -4.1135179   -1.4808029  949.5200  950.5391
2021 04 19 08 54 00    -4.1086943   -1.4783791  949.5230  950.5468
2021 04 19 08 55 00    -4.1038427   -1.4760337  949.5258  950.5548
2021 04 19 08 56 00    -4.0989441   -1.4736627  949.5285  950.5625
2021 04 19 08 57 00    -4.0940489   -1.4711950  949.5311  950.5706
2021 04 19 08 58 00    -4.0892246   -1.4686822  949.5336  950.5791
2021 04 19 08 59 00    -4.0843709   -1.4661272  949.5365  950.5872
2021 04 19 09 00 00    -4.0793744   -1.4635636  949.5396  950.5930
2021 04 19 09 01 00    -4.0742968   -1.4610232  949.5427  950.5956
2021 04 19 09 02 00    -4.0691812   -1.4583970  949.5457  950.5953
2021 04 19 09 03 00    -4.0640237   -1.4557426  949.5485  950.5938
2021 04 19 09 04 00    -4.0589534   -1.4532762  949.5512  950.5943
2021 04 19 09 05 00    -4.0539733   -1.4509102  949.5543  950.5983
2021 04 19 09 06 00    -4.0488940   -1.4484179  949.5576  950.6039
2021 04 19 09 07 00    -4.0437086   -1.4457968  949.5607  950.6088
2021 04 19 09 08 00    -4.0385036   -1.4431413  949.5638  950.6134
2021 04 19 09 09 00    -4.0332751   -1.4405471  949.5667  950.6190
2021 04 19 09 10 00    -4.0280277   -1.4380156  949.5695  950.6240
2021 04 19 09 11 00    -4.0227293   -1.4353831  949.5724  950.6251
2021 04 19 09 12 00    -4.0174009   -1.4326215  949.5754  950.6218
2021 04 19 09 13 00    -4.0121237   -1.4298780  949.5784  950.6168
2021 04 19 09 14 00    -4.0068134   -1.4272125  949.5814  950.6131
2021 04 19 09 15 00    -4.0014227   -1.4246092  949.5840  950.6121
2021 04 19 09 16 00    -3.9960773   -1.4220417  949.5861  950.6130
2021 04 19 09 17 00    -3.9907702   -1.4194677  949.5885  950.6130
2021 04 19 09 18 00    -3.9853397   -1.4168038  949.5914  950.6116
2021 04 19 09 19 00    -3.9797486   -1.4139489  949.5943  950.6110
2021 04 19 09 20 00    -3.9741624   -1.4110091  949.5969  950.6116
2021 04 19 09 21 00    -3.9686900   -1.4082297  949.5995  950.6117
2021 04 19 09 22 00    -3.9632552   -1.4055922  949.6020  950.6112
2021 04 19 09 23 00    -3.9578301   -1.4029325  949.6046  950.6117
2021 04 19 09 24 00    -3.9522836   -1.4001653  949.6071  950.6130
2021 04 19 09 25 00    -3.9464361   -1.3972223  949.6095  950.6132
2021 04 19 09 26 00    -3.9406313   -1.3942669  949.6116  950.6144
2021 04 19 09 27 00    -3.9351084   -1.3915140  949.6139  950.6190
2021 04 19 09 28 00    -3.9294831   -1.3887950  949.6166  950.6222
2021 04 19 09 29 00    -3.9236877   -1.3859263  949.6190  950.6182
2021 04 19 09 30 00    -3.9180007   -1.3829777  949.6209  950.6109
2021 04 19 09 31 00    -3.9123582   -1.3800234  949.6228  950.6082
2021 04 19 09 32 00    -3.9066305   -1.3771759  949.6251  950.6113
2021 04 19 09 33 00    -3.9008446   -1.3744514  949.6275  950.6146
2021 04 19 09 34 00    -3.8948676   -1.3715173  949.6298  950.6148
2021 04 19 09 35 00    -3.8886929   -1.3683019  949.6321  950.6127
2021 04 19 09 36 00    -3.8827237   -1.3652440  949.6346  950.6097
2021 04 19 09 37 00    -3.8769614   -1.3624355  949.6368  950.6053
2021 04 19 09 38 00    -3.8709972   -1.3595880  949.6386  950.5991
2021 04 19 09 39 00    -3.8649444   -1.3566297  949.6406  950.5928
2021 04 19 09 40 00    -3.8590597   -1.3535803  949.6427  950.5892
2021 04 19 09 41 00    -3.8531700   -1.3504504  949.6445  950.5888
2021 04 19 09 42 00    -3.8470702   -1.3473838  949.6459  950.5899
2021 04 19 09 43 00    -3.8408401   -1.3444660  949.6474  950.5918
2021 04 19 09 44 00    -3.8346882   -1.3415088  949.6491  950.5953
2021 04 19 09 45 00    -3.8286859   -1.3383879  949.6512  950.5992
2021 04 19 09 46 00    -3.8227375   -1.3353130  949.6533  950.6005
2021 04 19 09 47 00    -3.8166309   -1.3323417  949.6550  950.6005
2021 04 19 09 48 00    -3.8102893   -1.3292629  949.6565  950.6012
2021 04 19 09 49 00    -3.8040326   -1.3261198  949.6583  950.6006
2021 04 19 09 50 00    -3.7979849   -1.3230656  949.6603  950.5964
2021 04 19 09 51 00    -3.7917332   -1.3199467  949.6617  950.5903
2021 04 19 09 52 00    -3.7851807   -1.3166614  949.6628  950.5843
2021 04 19 09 53 00    -3.7787407   -1.3134454  949.6639  950.5785
2021 04 19 09 54 00    -3.7725296   -1.3104256  949.6652  950.5734
2021 04 19 09 55 00    -3.7662902   -1.3073756  949.6665  950.5688
2021 04 19 09 56 00    -3.7599193   -1.3040904  949.6678  950.5634
2021 04 19 09 57 00    -3.7535349   -1.3007348  949.6692  950.5567
2021 04 19 09 58 00    -3.7471660   -1.2975610  949.6704  950.5496
2021 04 19 09 59 00    -3.7407273   -1.2944409  949.6713  950.5425
2021 04 19 10 00 00    -3.7342136   -1.2911179  949.6720  950.5359
2021 04 19 10 01 00    -3.7276579   -1.2876789  949.6726  950.5310
2021 04 19 10 02 00    -3.7211211   -1.2843880  949.6730  950.5291
2021 04 19 10 03 00    -3.7146215   -1.2812410  949.6733  950.5288
2021 04 19 10 04 00    -3.7080175   -1.2780405  949.6738  950.5279
2021 04 19 10 05 00    -3.7013266   -1.2747670  949.6744  950.5257
2021 04 19 10 06 00    -3.6946927   -1.2714271  949.6748  950.5216
2021 04 19 10 07 00    -3.6880086   -1.2679541  949.6751  950.5151
2021 04 19 10 08 00    -3.6812391   -1.2645127  949.6757  950.5086
2021 04 19 10 09 00    -3.6745606   -1.2612269  949.6760  950.5034
2021 04 19 10 10 00    -3.6679722   -1.2579312  949.6761  950.4984
2021 04 19 10 11 00    -3.6614052   -1.2546360  949.6761  950.4929
2021 04 19 10 12 00    -3.6547684   -1.2514053  949.6765  950.4864
2021 04 19 10 13 00    -3.6478627   -1.2480140  949.6765  950.4768
2021 04 19 10 14 00    -3.6408431   -1.2444524  949.6760  950.4641
2021 04 19 10 15 00    -3.6340652   -1.2409811  949.6752  950.4528
2021 04 19 10 16 00    -3.6274333   -1.2376159  949.6745  950.4444
2021 04 19 10 17 00    -3.6206806   -1.2342395  949.6738  950.4357
2021 04 19 10 18 00    -3.6137767   -1.2308058  949.6729  950.4240
2021 04 19 10 19 00    -3.6068269   -1.2272821  949.6716  950.4113
2021 04 19 10 20 00    -3.5999247   -1.2237341  949.6704  950.4013
2021 04 19 10 21 00    -3.5929999   -1.2202264  949.6691  950.3958
2021 04 19 10 22 00    -3.5859420   -1.2166807  949.6674  950.3943
2021 04 19 10 23 00    -3.5788041   -1.2131296  949.6656  950.3945
2021 04 19 10 24 00    -3.5716910   -1.2096615  949.6641  950.3947
2021 04 19 10 25 00    -3.5646085   -1.2061076  949.6630  950.3953
2021 04 19 10 26 00    -3.5574908   -1.2023506  949.6620  950.3964
2021 04 19 10 27 00    -3.5503433   -1.1986400  949.6612  950.3971
2021 04 19 10 28 00    -3.5432261   -1.1951889  949.6603  950.3979
2021 04 19 10 29 00    -3.5361077   -1.1917533  949.6591  950.3990
2021 04 19 10 30 00    -3.5289096   -1.1880722  949.6578  950.4002
2021 04 19 10 31 00    -3.5216158   -1.1843149  949.6566  950.4031
2021 04 19 10 32 00    -3.5142863   -1.1806581  949.6557  950.4077
2021 04 19 10 33 00    -3.5070252   -1.1770730  949.6551  950.4113
2021 04 19 10 34 00    -3.4998373   -1.1735068  949.6545  950.4122
2021 04 19 10 35 00    -3.4925944   -1.1699037  949.6541  950.4105
2021 04 19 10 36 00    -3.4852169   -1.1662684  949.6536  950.4069
2021 04 19 10 37 00    -3.4777782   -1.1626115  949.6529  950.4030
2021 04 19 10 38 00    -3.4703681   -1.1588785  949.6520  950.3999
2021 04 19 10 39 00    -3.4629583   -1.1551228  949.6508  950.3971
2021 04 19 10 40 00    -3.4555681   -1.1514907  949.6494  950.3946
2021 04 19 10 41 00    -3.4482661   -1.1479211  949.6481  950.3916
2021 04 19 10 42 00    -3.4409313   -1.1442342  949.6472  950.3861
2021 04 19 10 43 00    -3.4334339   -1.1404688  949.6464  950.3784
2021 04 19 10 44 00    -3.4258902   -1.1367117  949.6454  950.3710
2021 04 19 10 45 00    -3.4184060   -1.1328868  949.6440  950.3650
2021 04 19 10 46 00    -3.4108910   -1.1290040  949.6424  950.3595
2021 04 19 10 47 00    -3.4033270   -1.1252293  949.6406  950.3541
2021 04 19 10 48 00    -3.3958178   -1.1215548  949.6390  950.3504
2021 04 19 10 49 00    -3.3883546   -1.1177847  949.6376  950.3487
2021 04 19 10 50 00    -3.3808208   -1.1139154  949.6363  950.3453
2021 04 19 10 51 00    -3.3731861   -1.1101514  949.6351  950.3376
2021 04 19 10 52 00    -3.3655181   -1.1064798  949.6337  950.3297
2021 04 19 10 53 00    -3.3577845   -1.1026307  949.6319  950.3257
2021 04 19 10 54 00    -3.3500205   -1.0986637  949.6299  950.3245
2021 04 19 10 55 00    -3.3424757   -1.0949088  949.6283  950.3232
2021 04 19 10 56 00    -3.3350662   -1.0912069  949.6272  950.3206
2021 04 19 10 57 00    -3.3273536   -1.0872463  949.6257  950.3154
2021 04 19 10 58 00    -3.3193482   -1.0832535  949.6236  950.3075
2021 04 19 10 59 00    -3.3114194   -1.0793904  949.6214  950.2997
2021 04 19 11 00 00    -3.3036148   -1.0753985  949.6196  950.2939
2021 04 19 11 01 00    -3.2958272   -1.0712688  949.6179  950.2899
2021 04 19 11 02 00    -3.2881047   -1.0672702  949.6158  950.2873
2021 04 19 11 03 00    -3.2804262   -1.0634351  949.6137  950.2853
2021 04 19 11 04 00    -3.2726578   -1.0596213  949.6119  950.2827
2021 04 19 11 05 00    -3.2647852   -1.0557154  949.6104  950.2799
2021 04 19 11 06 00    -3.2569032   -1.0517219  949.6086  950.2784
2021 04 19 11 07 00    -3.2490613   -1.0478216  949.6066  950.2787
2021 04 19 11 08 00    -3.2412099   -1.0440226  949.6048  950.2799
2021 04 19 11 09 00    -3.2332687   -1.0401113  949.6032  950.2809
2021 04 19 11 10 00    -3.2252604   -1.0361490  949.6015  950.2800
2021 04 19 11 11 00    -3.2172631   -1.0322802  949.5995  950.2773
2021 04 19 11 12 00    -3.2093609   -1.0283742  949.5972  950.2749
2021 04 19 11 13 00    -3.2015899   -1.0243732  949.5952  950.2743
2021 04 19 11 14 00    -3.1936778   -1.0203363  949.5940  950.2737
2021 04 19 11 15 00    -3.1853649   -1.0162200  949.5928  950.2721
2021 04 19 11 16 00    -3.1770386   -1.0121374  949.5910  950.2695
2021 04 19 11 17 00    -3.1691749   -1.0082534  949.5887  950.2653
2021 04 19 11 18 00    -3.1614414   -1.0043209  949.5869  950.2592
2021 04 19 11 19 00    -3.1533588   -1.0001344  949.5853  950.2527
2021 04 19 11 20 00    -3.1451493   -0.9959702  949.5833  950.2465
2021 04 19 11 21 00    -3.1370336   -0.9919382  949.5810  950.2397
2021 04 19 11 22 00    -3.1288710   -0.9879003  949.5787  950.2328
2021 04 19 11 23 00    -3.1207542   -0.9839372  949.5770  950.2281
2021 04 19 11 24 00    -3.1126986   -0.9799565  949.5761  950.2262
2021 04 19 11 25 00    -3.1044487   -0.9757375  949.5758  950.2246
2021 04 19 11 26 00    -3.0961349   -0.9714972  949.5754  950.2212
2021 04 19 11 27 00    -3.0880135   -0.9674490  949.5747  950.2169
2021 04 19 11 28 00    -3.0799323   -0.9634023  949.5740  950.2141
2021 04 19 11 29 00    -3.0717300   -0.9592160  949.5731  950.2127
2021 04 19 11 30 00    -3.0634949   -0.9550230  949.5720  950.2097
2021 04 19 11 31 00    -3.0553138   -0.9509819  949.5707  950.2048
2021 04 19 11 32 00    -3.0471775   -0.9470275  949.5693  950.2009
2021 04 19 11 33 00    -3.0390010   -0.9429177  949.5681  950.2002
2021 04 19 11 34 00    -3.0307197   -0.9386531  949.5673  950.2020
2021 04 19 11 35 00    -3.0224197   -0.9345013  949.5666  950.2052
2021 04 19 11 36 00    -3.0141809   -0.9304941  949.5659  950.2082
2021 04 19 11 37 00    -3.0060042   -0.9264974  949.5650  950.2098
2021 04 19 11 38 00    -2.9977902   -0.9224525  949.5637  950.2097
2021 04 19 11 39 00    -2.9893676   -0.9182445  949.5623  950.2091
2021 04 19 11 40 00    -2.9808686   -0.9139418  949.5616  950.2097
2021 04 19 11 41 00    -2.9724932   -0.9097601  949.5611  950.2110
2021 04 19 11 42 00    -2.9641215   -0.9055886  949.5605  950.2109
2021 04 19 11 43 00    -2.9557039   -0.9013065  949.5598  950.2101
2021 04 19 11 44 00    -2.9472960   -0.8970704  949.5593  950.2098
2021 04 19 11 45 00    -2.9388716   -0.8929136  949.5588  950.2094
2021 04 19 11 46 00    -2.9304602   -0.8887145  949.5583  950.2080
2021 04 19 11 47 00    -2.9220564   -0.8844432  949.5575  950.2052
2021 04 19 11 48 00    -2.9136775   -0.8802101  949.5566  950.2004
2021 04 19 11 49 00    -2.9054003   -0.8760706  949.5557  950.1950
2021 04 19 11 50 00    -2.8970597   -0.8718137  949.5548  950.1917
2021 04 19 11 51 00    -2.8885485   -0.8673820  949.5538  950.1901
2021 04 19 11 52 00    -2.8800697   -0.8631004  949.5526  950.1884
2021 04 19 11 53 00    -2.8716109   -0.8590120  949.5513  950.1867
2021 04 19 11 54 00    -2.8630718   -0.8547929  949.5501  950.1851
2021 04 19 11 55 00    -2.8546688   -0.8504801  949.5490  950.1832
2021 04 19 11 56 00    -2.8464271   -0.8463644  949.5481  950.1827
2021 04 19 11 57 00    -2.8380612   -0.8423343  949.5473  950.1859
2021 04 19 11 58 00    -2.8294841   -0.8381110  949.5461  950.1912
2021 04 19 11 59 00    -2.8208304   -0.8336978  949.5450  950.1942
2021 04 19 12 00 00    -2.8122355   -0.8292421  949.5442  950.1937
2021 04 19 12 01 00    -2.8037536   -0.8249279  949.5437  950.1925
2021 04 19 12 02 00    -2.7953546   -0.8208399  949.5430  950.1925
2021 04 19 12 03 00    -2.7869179   -0.8167695  949.5423  950.1942
2021 04 19 12 04 00    -2.7783406   -0.8125032  949.5416  950.1978
2021 04 19 12 05 00    -2.7696859   -0.8080760  949.5411  950.2019
2021 04 19 12 06 00    -2.7610572   -0.8036391  949.5404  950.2038
2021 04 19 12 07 00    -2.7525572   -0.7993903  949.5396  950.2033
2021 04 19 12 08 00    -2.7441944   -0.7953534  949.5391  950.2032
2021 04 19 12 09 00    -2.7357066   -0.7912294  949.5387  950.2058
2021 04 19 12 10 00    -2.7270241   -0.7868528  949.5383  950.2100
2021 04 19 12 11 00    -2.7184433   -0.7824196  949.5379  950.2134
2021 04 19 12 12 00    -2.7100077   -0.7780954  949.5376  950.2143
2021 04 19 12 13 00    -2.7014803   -0.7738163  949.5372  950.2132
2021 04 19 12 14 00    -2.6928096   -0.7694731  949.5368  950.2111
2021 04 19 12 15 00    -2.6841855   -0.7650878  949.5364  950.2090
2021 04 19 12 16 00    -2.6757696   -0.7608097  949.5360  950.2076
2021 04 19 12 17 00    -2.6674292   -0.7566636  949.5356  950.2071
2021 04 19 12 18 00    -2.6589876   -0.7524762  949.5350  950.2073
2021 04 19 12 19 00    -2.6504742   -0.7482350  949.5346  950.2077
2021 04 19 12 20 00    -2.6418655   -0.7440357  949.5342  950.2075
2021 04 19 12 21 00    -2.6332556   -0.7397909  949.5339  950.2053
2021 04 19 12 22 00    -2.6248255   -0.7354720  949.5334  950.2009
2021 04 19 12 23 00    -2.6163609   -0.7312146  949.5327  950.1969
2021 04 19 12 24 00    -2.6077330   -0.7270497  949.5322  950.1943
2021 04 19 12 25 00    -2.5992201   -0.7228620  949.5317  950.1894
2021 04 19 12 26 00    -2.5908895   -0.7185872  949.5310  950.1813
2021 04 19 12 27 00    -2.5824899   -0.7143418  949.5298  950.1760
2021 04 19 12 28 00    -2.5738913   -0.7101891  949.5284  950.1763
2021 04 19 12 29 00    -2.5653055   -0.7059905  949.5274  950.1776
2021 04 19 12 30 00    -2.5569362   -0.7016770  949.5268  950.1753
2021 04 19 12 31 00    -2.5485253   -0.6972499  949.5260  950.1700
2021 04 19 12 32 00    -2.5398951   -0.6927949  949.5250  950.1633
2021 04 19 12 33 00    -2.5313460   -0.6885641  949.5241  950.1555
2021 04 19 12 34 00    -2.5229537   -0.6845453  949.5232  950.1497
2021 04 19 12 35 00    -2.5145140   -0.6804454  949.5221  950.1492
2021 04 19 12 36 00    -2.5060145   -0.6761397  949.5206  950.1507
2021 04 19 12 37 00    -2.4975266   -0.6717336  949.5190  950.1506
2021 04 19 12 38 00    -2.4890859   -0.6674377  949.5180  950.1509
2021 04 19 12 39 00    -2.4806392   -0.6633144  949.5173  950.1532
2021 04 19 12 40 00    -2.4721435   -0.6592070  949.5163  950.1563
2021 04 19 12 41 00    -2.4636481   -0.6550044  949.5153  950.1591
2021 04 19 12 42 00    -2.4550855   -0.6506660  949.5147  950.1617
2021 04 19 12 43 00    -2.4465083   -0.6462552  949.5144  950.1631
2021 04 19 12 44 00    -2.4380758   -0.6419446  949.5138  950.1604
2021 04 19 12 45 00    -2.4296158   -0.6377232  949.5130  950.1526
2021 04 19 12 46 00    -2.4210847   -0.6335009  949.5119  950.1439
2021 04 19 12 47 00    -2.4127377   -0.6293463  949.5106  950.1375
2021 04 19 12 48 00    -2.4044826   -0.6252565  949.5092  950.1323
2021 04 19 12 49 00    -2.3960544   -0.6210837  949.5077  950.1270
2021 04 19 12 50 00    -2.3875345   -0.6167972  949.5064  950.1216
2021 04 19 12 51 00    -2.3791566   -0.6125438  949.5053  950.1168
2021 04 19 12 52 00    -2.3709009   -0.6084133  949.5041  950.1136
2021 04 19 12 53 00    -2.3625258   -0.6042419  949.5024  950.1127
2021 04 19 12 54 00    -2.3539838   -0.5998751  949.5008  950.1126
2021 04 19 12 55 00    -2.3455132   -0.5955137  949.4995  950.1117
2021 04 19 12 56 00    -2.3372425   -0.5913977  949.4984  950.1096
2021 04 19 12 57 00    -2.3290666   -0.5874447  949.4973  950.1079
2021 04 19 12 58 00    -2.3208551   -0.5834663  949.4960  950.1067
2021 04 19 12 59 00    -2.3125280   -0.5793464  949.4942  950.1051
2021 04 19 13 00 00    -2.3040828   -0.5750277  949.4926  950.1038
2021 04 19 13 01 00    -2.2956361   -0.5706429  949.4914  950.1036
2021 04 19 13 02 00    -2.2873222   -0.5664564  949.4904  950.1033
2021 04 19 13 03 00    -2.2790928   -0.5624606  949.4893  950.1022
2021 04 19 13 04 00    -2.2707660   -0.5583440  949.4880  950.1011
2021 04 19 13 05 00    -2.2623688   -0.5540442  949.4863  950.1008
2021 04 19 13 06 00    -2.2540931   -0.5498524  949.4846  950.1010
2021 04 19 13 07 00    -2.2458956   -0.5458313  949.4833  950.1029
2021 04 19 13 08 00    -2.2376624   -0.5417840  949.4825  950.1080
2021 04 19 13 09 00    -2.2294618   -0.5376672  949.4815  950.1140
2021 04 19 13 10 00    -2.2212650   -0.5335009  949.4805  950.1166
2021 04 19 13 11 00    -2.2130615   -0.5293299  949.4797  950.1151
2021 04 19 13 12 00    -2.2050253   -0.5252686  949.4789  950.1121
2021 04 19 13 13 00    -2.1969959   -0.5211851  949.4777  950.1077
2021 04 19 13 14 00    -2.1886744   -0.5169385  949.4761  950.1012
2021 04 19 13 15 00    -2.1803798   -0.5127922  949.4747  950.0944
2021 04 19 13 16 00    -2.1724417   -0.5088637  949.4734  950.0892
2021 04 19 13 17 00    -2.1645048   -0.5048809  949.4719  950.0858
2021 04 19 13 18 00    -2.1563495   -0.5007927  949.4706  950.0837
2021 04 19 13 19 00    -2.1482564   -0.4967789  949.4693  950.0811
2021 04 19 13 20 00    -2.1403238   -0.4928361  949.4679  950.0766
2021 04 19 13 21 00    -2.1324013   -0.4888306  949.4662  950.0708
2021 04 19 13 22 00    -2.1244360   -0.4847370  949.4647  950.0635
2021 04 19 13 23 00    -2.1164952   -0.4806902  949.4633  950.0530
2021 04 19 13 24 00    -2.1086241   -0.4767954  949.4617  950.0409
2021 04 19 13 25 00    -2.1007748   -0.4729807  949.4599  950.0309
2021 04 19 13 26 00    -2.0929436   -0.4691052  949.4578  950.0239
2021 04 19 13 27 00    -2.0851552   -0.4651755  949.4559  950.0181
2021 04 19 13 28 00    -2.0773245   -0.4613392  949.4539  950.0123
2021 04 19 13 29 00    -2.0694656   -0.4575899  949.4516  950.0063
2021 04 19 13 30 00    -2.0616472   -0.4537021  949.4492  950.0005
2021 04 19 13 31 00    -2.0537320   -0.4495849  949.4469  949.9954
2021 04 19 13 32 00    -2.0457501   -0.4454997  949.4447  949.9910
2021 04 19 13 33 00    -2.0380054   -0.4416645  949.4423  949.9883
2021 04 19 13 34 00    -2.0304265   -0.4378781  949.4400  949.9886
2021 04 19 13 35 00    -2.0227004   -0.4339597  949.4381  949.9905
2021 04 19 13 36 00    -2.0149627   -0.4300891  949.4361  949.9915
2021 04 19 13 37 00    -2.0073664   -0.4262968  949.4336  949.9903
2021 04 19 13 38 00    -1.9996779   -0.4223812  949.4312  949.9873
2021 04 19 13 39 00    -1.9918872   -0.4184755  949.4296  949.9832
2021 04 19 13 40 00    -1.9841797   -0.4147676  949.4281  949.9776
2021 04 19 13 41 00    -1.9765731   -0.4110669  949.4259  949.9702
2021 04 19 13 42 00    -1.9691010   -0.4072796  949.4232  949.9606
2021 04 19 13 43 00    -1.9616615   -0.4034575  949.4208  949.9495
2021 04 19 13 44 00    -1.9540625   -0.3995568  949.4184  949.9395
2021 04 19 13 45 00    -1.9464929   -0.3957598  949.4158  949.9328
2021 04 19 13 46 00    -1.9391864   -0.3922006  949.4131  949.9280
2021 04 19 13 47 00    -1.9318878   -0.3885823  949.4106  949.9233
2021 04 19 13 48 00    -1.9243134   -0.3847609  949.4080  949.9195
2021 04 19 13 49 00    -1.9166789   -0.3809024  949.4053  949.9177
2021 04 19 13 50 00    -1.9092660   -0.3770894  949.4029  949.9169
2021 04 19 13 51 00    -1.9020158   -0.3734074  949.4004  949.9159
2021 04 19 13 52 00    -1.8947739   -0.3698338  949.3976  949.9147
2021 04 19 13 53 00    -1.8874206   -0.3661260  949.3949  949.9122
2021 04 19 13 54 00    -1.8799406   -0.3622888  949.3926  949.9080
2021 04 19 13 55 00    -1.8725804   -0.3586066  949.3902  949.9032
2021 04 19 13 56 00    -1.8655153   -0.3551748  949.3875  949.8990
2021 04 19 13 57 00    -1.8584508   -0.3517703  949.3847  949.8954
2021 04 19 13 58 00    -1.8510779   -0.3481583  949.3819  949.8915
2021 04 19 13 59 00    -1.8437145   -0.3444569  949.3792  949.8871
2021 04 19 14 00 00    -1.8367767   -0.3408961  949.3767  949.8838
2021 04 19 14 01 00    -1.8299671   -0.3373737  949.3744  949.8818
2021 04 19 14 02 00    -1.8228571   -0.3338057  949.3719  949.8802
2021 04 19 14 03 00    -1.8155939   -0.3303178  949.3692  949.8789
2021 04 19 14 04 00    -1.8084033   -0.3267405  949.3667  949.8796
2021 04 19 14 05 00    -1.8013252   -0.3229786  949.3642  949.8828
2021 04 19 14 06 00    -1.7944630   -0.3194532  949.3616  949.8872
2021 04 19 14 07 00    -1.7877155   -0.3162191  949.3594  949.8917
2021 04 19 14 08 00    -1.7807818   -0.3128418  949.3575  949.8982
2021 04 19 14 09 00    -1.7736641   -0.3092213  949.3553  949.9069
2021 04 19 14 10 00    -1.7665675   -0.3055569  949.3528  949.9126
2021 04 19 14 11 00    -1.7595843   -0.3020673  949.3506  949.9157
2021 04 19 14 12 00    -1.7527357   -0.2987689  949.3492  949.9251
2021 04 19 14 13 00    -1.7460389   -0.2954291  949.3479  949.9358
2021 04 19 14 14 00    -1.7394399   -0.2920566  949.3460  949.9338
2021 04 19 14 15 00    -1.7327243   -0.2887715  949.3439  949.9243
2021 04 19 14 16 00    -1.7258460   -0.2854323  949.3420  949.9204
2021 04 19 14 17 00    -1.7191243   -0.2820026  949.3403  949.9183
2021 04 19 14 18 00    -1.7126480   -0.2786263  949.3385  949.9068
2021 04 19 14 19 00    -1.7061209   -0.2753168  949.3361  949.8876
2021 04 19 14 20 00    -1.6994728   -0.2720135  949.3337  949.8772
2021 04 19 14 21 00    -1.6929238   -0.2687266  949.3317  949.8800
2021 04 19 14 22 00    -1.6865475   -0.2655072  949.3300  949.8803
2021 04 19 14 23 00    -1.6802256   -0.2623536  949.3277  949.8700
2021 04 19 14 24 00    -1.6739138   -0.2592234  949.3252  949.8573
2021 04 19 14 25 00    -1.6676583   -0.2561760  949.3228  949.8484
2021 04 19 14 26 00    -1.6614534   -0.2532286  949.3201  949.8412
2021 04 19 14 27 00    -1.6552843   -0.2501342  949.3174  949.8298
2021 04 19 14 28 00    -1.6491036   -0.2467990  949.3149  949.8146
2021 04 19 14 29 00    -1.6428255   -0.2435479  949.3123  949.8044
2021 04 19 14 30 00    -1.6366219   -0.2405752  949.3094  949.8000
2021 04 19 14 31 00    -1.6306932   -0.2376678  949.3064  949.7926
2021 04 19 14 32 00    -1.6247415   -0.2346371  949.3035  949.7821
2021 04 19 14 33 00    -1.6184935   -0.2315546  949.3007  949.7788
2021 04 19 14 34 00    -1.6122646   -0.2284871  949.2979  949.7826
2021 04 19 14 35 00    -1.6063093   -0.2253384  949.2949  949.7798
2021 04 19 14 36 00    -1.6003838   -0.2221271  949.2917  949.7688
2021 04 19 14 37 00    -1.5943655   -0.2191179  949.2888  949.7632
2021 04 19 14 38 00    -1.5884034   -0.2163076  949.2858  949.7658
2021 04 19 14 39 00    -1.5825338   -0.2134275  949.2827  949.7701
2021 04 19 14 40 00    -1.5768587   -0.2106195  949.2798  949.7762
2021 04 19 14 41 00    -1.5713756   -0.2079659  949.2770  949.7833
2021 04 19 14 42 00    -1.5657393   -0.2050459  949.2743  949.7828
2021 04 19 14 43 00    -1.5598951   -0.2018789  949.2718  949.7700
2021 04 19 14 44 00    -1.5541180   -0.1989596  949.2693  949.7533
2021 04 19 14 45 00    -1.5484571   -0.1963162  949.2664  949.7463
2021 04 19 14 46 00    -1.5428379   -0.1936104  949.2634  949.7482
2021 04 19 14 47 00    -1.5373009   -0.1907744  949.2605  949.7477
2021 04 19 14 48 00    -1.5318626   -0.1880271  949.2578  949.7415
2021 04 19 14 49 00    -1.5264589   -0.1854215  949.2548  949.7286
2021 04 19 14 50 00    -1.5211046   -0.1827856  949.2519  949.7094
2021 04 19 14 51 00    -1.5157986   -0.1800668  949.2488  949.6995
2021 04 19 14 52 00    -1.5104610   -0.1773207  949.2458  949.7118
2021 04 19 14 53 00    -1.5051828   -0.1746297  949.2427  949.7275
2021 04 19 14 54 00    -1.5000521   -0.1720978  949.2397  949.7205
2021 04 19 14 55 00    -1.4949537   -0.1696340  949.2366  949.6979
2021 04 19 14 56 00    -1.4898762   -0.1670666  949.2336  949.6810
2021 04 19 14 57 00    -1.4847865   -0.1644450  949.2305  949.6710
2021 04 19 14 58 00    -1.4795341   -0.1619036  949.2272  949.6623
2021 04 19 14 59 00    -1.4744055   -0.1594730  949.2237  949.6573
2021 04 19 15 00 00    -1.4697116   -0.1571220  949.2203  949.6565
2021 04 19 15 01 00    -1.4650637   -0.1547829  949.2173  949.6543
2021 04 19 15 02 00    -1.4600709   -0.1523360  949.2139  949.6409
2021 04 19 15 03 00    -1.4550085   -0.1498093  949.2101  949.6146
2021 04 19 15 04 00    -1.4503850   -0.1474733  949.2065  949.5913
2021 04 19 15 05 00    -1.4461030   -0.1453336  949.2029  949.5808
2021 04 19 15 06 00    -1.4415553   -0.1430429  949.1990  949.5735
2021 04 19 15 07 00    -1.4367257   -0.1405803  949.1949  949.5627
2021 04 19 15 08 00    -1.4321402   -0.1382643  949.1910  949.5501
2021 04 19 15 09 00    -1.4278825   -0.1361518  949.1870  949.5366
2021 04 19 15 10 00    -1.4235922   -0.1339846  949.1828  949.5227
2021 04 19 15 11 00    -1.4191290   -0.1316478  949.1784  949.5088
2021 04 19 15 12 00    -1.4147261   -0.1293432  949.1740  949.4929
2021 04 19 15 13 00    -1.4103842   -0.1271736  949.1695  949.4802
2021 04 19 15 14 00    -1.4058563   -0.1249730  949.1649  949.4824
2021 04 19 15 15 00    -1.4013455   -0.1227546  949.1604  949.4923
2021 04 19 15 16 00    -1.3971059   -0.1206639  949.1563  949.4880
2021 04 19 15 17 00    -1.3929954   -0.1186287  949.1522  949.4700
2021 04 19 15 18 00    -1.3889641   -0.1166473  949.1478  949.4547
2021 04 19 15 19 00    -1.3849872   -0.1147689  949.1434  949.4457
2021 04 19 15 20 00    -1.3809086   -0.1127656  949.1390  949.4387
2021 04 19 15 21 00    -1.3767560   -0.1105223  949.1346  949.4344
2021 04 19 15 22 00    -1.3727585   -0.1083671  949.1302  949.4304
2021 04 19 15 23 00    -1.3689972   -0.1065206  949.1258  949.4223
2021 04 19 15 24 00    -1.3652116   -0.1047137  949.1212  949.4146
2021 04 19 15 25 00    -1.3613426   -0.1028428  949.1166  949.4110
2021 04 19 15 26 00    -1.3576287   -0.1010659  949.1122  949.4050
2021 04 19 15 27 00    -1.3538894   -0.0991423  949.1079  949.3958
2021 04 19 15 28 00    -1.3499594   -0.0969657  949.1035  949.3929
2021 04 19 15 29 00    -1.3461853   -0.0949323  949.0989  949.3971
2021 04 19 15 30 00    -1.3426613   -0.0931470  949.0946  949.4015
2021 04 19 15 31 00    -1.3391555   -0.0914481  949.0905  949.4045
2021 04 19 15 32 00    -1.3356223   -0.0898436  949.0866  949.4054
2021 04 19 15 33 00    -1.3321046   -0.0882743  949.0825  949.4017
2021 04 19 15 34 00    -1.3286264   -0.0865357  949.0782  949.4015
2021 04 19 15 35 00    -1.3252661   -0.0846245  949.0739  949.4170
2021 04 19 15 36 00    -1.3220687   -0.0828260  949.0697  949.4412
2021 04 19 15 37 00    -1.3188990   -0.0812875  949.0658  949.4577
2021 04 19 15 38 00    -1.3155877   -0.0797760  949.0622  949.4661
2021 04 19 15 39 00    -1.3122148   -0.0780906  949.0588  949.4695
2021 04 19 15 40 00    -1.3090117   -0.0763928  949.0553  949.4620
2021 04 19 15 41 00    -1.3059864   -0.0748365  949.0516  949.4454
2021 04 19 15 42 00    -1.3029099   -0.0732870  949.0477  949.4336
2021 04 19 15 43 00    -1.2997620   -0.0717216  949.0438  949.4336
2021 04 19 15 44 00    -1.2967723   -0.0702919  949.0400  949.4385
2021 04 19 15 45 00    -1.2939417   -0.0688763  949.0365  949.4393
2021 04 19 15 46 00    -1.2911170   -0.0673478  949.0332  949.4363
2021 04 19 15 47 00    -1.2883528   -0.0659224  949.0298  949.4343
2021 04 19 15 48 00    -1.2856751   -0.0646255  949.0265  949.4344
2021 04 19 15 49 00    -1.2830043   -0.0632419  949.0231  949.4357
2021 04 19 15 50 00    -1.2804497   -0.0618949  949.0196  949.4376
2021 04 19 15 51 00    -1.2780210   -0.0607492  949.0161  949.4387
2021 04 19 15 52 00    -1.2754774   -0.0596007  949.0127  949.4394
2021 04 19 15 53 00    -1.2728198   -0.0582956  949.0096  949.4411
2021 04 19 15 54 00    -1.2702793   -0.0569449  949.0065  949.4432
2021 04 19 15 55 00    -1.2679968   -0.0557046  949.0033  949.4453
2021 04 19 15 56 00    -1.2658915   -0.0546205  949.0002  949.4479
2021 04 19 15 57 00    -1.2637182   -0.0535930  948.9974  949.4501
2021 04 19 15 58 00    -1.2614455   -0.0525004  948.9944  949.4491
2021 04 19 15 59 00    -1.2592927   -0.0513827  948.9912  949.4425
2021 04 19 16 00 00    -1.2573432   -0.0504282  948.9880  949.4316
2021 04 19 16 01 00    -1.2554159   -0.0496354  948.9850  949.4211
2021 04 19 16 02 00    -1.2534135   -0.0487412  948.9822  949.4135
2021 04 19 16 03 00    -1.2514342   -0.0476548  948.9793  949.4077
2021 04 19 16 04 00    -1.2495755   -0.0466349  948.9760  949.4032
2021 04 19 16 05 00    -1.2479809   -0.0459084  948.9725  949.4012
2021 04 19 16 06 00    -1.2465112   -0.0452788  948.9691  949.4014
2021 04 19 16 07 00    -1.2448081   -0.0444534  948.9659  949.4019
2021 04 19 16 08 00    -1.2430426   -0.0435173  948.9630  949.4003
2021 04 19 16 09 00    -1.2415124   -0.0426685  948.9598  949.3960
2021 04 19 16 10 00    -1.2400239   -0.0419042  948.9563  949.3890
2021 04 19 16 11 00    -1.2384423   -0.0411718  948.9528  949.3823
2021 04 19 16 12 00    -1.2369698   -0.0404438  948.9494  949.3815
2021 04 19 16 13 00    -1.2356407   -0.0396503  948.9465  949.3857
2021 04 19 16 14 00    -1.2342804   -0.0388455  948.9438  949.3888
2021 04 19 16 15 00    -1.2329287   -0.0381935  948.9409  949.3914
2021 04 19 16 16 00    -1.2317208   -0.0376800  948.9376  949.3965
2021 04 19 16 17 00    -1.2306222   -0.0372145  948.9343  949.4017
2021 04 19 16 18 00    -1.2295760   -0.0367684  948.9313  949.4021
2021 04 19 16 19 00    -1.2285709   -0.0362647  948.9287  949.3970
2021 04 19 16 20 00    -1.2275975   -0.0356589  948.9261  949.3888
2021 04 19 16 21 00    -1.2266387   -0.0350306  948.9233  949.3811
2021 04 19 16 22 00    -1.2257273   -0.0345488  948.9204  949.3765
2021 04 19 16 23 00    -1.2249302   -0.0342381  948.9170  949.3755
2021 04 19 16 24 00    -1.2241787   -0.0338248  948.9137  949.3779
2021 04 19 16 25 00    -1.2234385   -0.0332986  948.9111  949.3833
2021 04 19 16 26 00    -1.2227722   -0.0330084  948.9086  949.3896
2021 04 19 16 27 00    -1.2220991   -0.0328722  948.9058  949.3946
2021 04 19 16 28 00    -1.2213850   -0.0325210  948.9026  949.3979
2021 04 19 16 29 00    -1.2207905   -0.0320802  948.8991  949.4018
2021 04 19 16 30 00    -1.2204083   -0.0319130  948.8958  949.4096
2021 04 19 16 31 00    -1.2201139   -0.0319023  948.8930  949.4208
2021 04 19 16 32 00    -1.2197220   -0.0316991  948.8904  949.4315
2021 04 19 16 33 00    -1.2192226   -0.0313425  948.8877  949.4391
2021 04 19 16 34 00    -1.2187552   -0.0310630  948.8854  949.4450
2021 04 19 16 35 00    -1.2184621   -0.0309355  948.8834  949.4505
2021 04 19 16 36 00    -1.2183989   -0.0308981  948.8811  949.4571
2021 04 19 16 37 00    -1.2184559   -0.0308463  948.8788  949.4655
2021 04 19 16 38 00    -1.2184315   -0.0307996  948.8770  949.4736
2021 04 19 16 39 00    -1.2182421   -0.0308246  948.8753  949.4778
2021 04 19 16 40 00    -1.2181208   -0.0308962  948.8733  949.4790
2021 04 19 16 41 00    -1.2183603   -0.0310094  948.8712  949.4796
2021 04 19 16 42 00    -1.2188155   -0.0311396  948.8696  949.4800
2021 04 19 16 43 00    -1.2191994   -0.0312134  948.8683  949.4799
2021 04 19 16 44 00    -1.2195557   -0.0313307  948.8668  949.4797
2021 04 19 16 45 00    -1.2199736   -0.0316256  948.8649  949.4781
2021 04 19 16 46 00    -1.2204064   -0.0319233  948.8628  949.4740
2021 04 19 16 47 00    -1.2208176   -0.0320143  948.8609  949.4697
2021 04 19 16 48 00    -1.2212601   -0.0321145  948.8590  949.4678
2021 04 19 16 49 00    -1.2219576   -0.0325551  948.8568  949.4674
2021 04 19 16 50 00    -1.2229344   -0.0331698  948.8545  949.4648
2021 04 19 16 51 00    -1.2238488   -0.0336012  948.8524  949.4572
2021 04 19 16 52 00    -1.2246233   -0.0339354  948.8506  949.4473
2021 04 19 16 53 00    -1.2254980   -0.0344144  948.8486  949.4399
2021 04 19 16 54 00    -1.2265472   -0.0349693  948.8462  949.4353
2021 04 19 16 55 00    -1.2276662   -0.0354546  948.8439  949.4305
2021 04 19 16 56 00    -1.2287764   -0.0359492  948.8420  949.4239
2021 04 19 16 57 00    -1.2299324   -0.0365823  948.8402  949.4160
2021 04 19 16 58 00    -1.2311941   -0.0373251  948.8378  949.4080
2021 04 19 16 59 00    -1.2324956   -0.0380919  948.8350  949.3996
2021 04 19 17 00 00    -1.2337979   -0.0388604  948.8323  949.3905
2021 04 19 17 01 00    -1.2351744   -0.0396301  948.8296  949.3821
2021 04 19 17 02 00    -1.2366362   -0.0403187  948.8269  949.3764
2021 04 19 17 03 00    -1.2380962   -0.0408887  948.8243  949.3743
2021 04 19 17 04 00    -1.2395900   -0.0415249  948.8219  949.3764
2021 04 19 17 05 00    -1.2411772   -0.0423338  948.8194  949.3821
2021 04 19 17 06 00    -1.2427666   -0.0432081  948.8169  949.3867
2021 04 19 17 07 00    -1.2443461   -0.0441121  948.8146  949.3865
2021 04 19 17 08 00    -1.2460157   -0.0450077  948.8123  949.3831
2021 04 19 17 09 00    -1.2477460   -0.0457712  948.8100  949.3806
2021 04 19 17 10 00    -1.2495014   -0.0465253  948.8079  949.3801
2021 04 19 17 11 00    -1.2514440   -0.0475683  948.8056  949.3799
2021 04 19 17 12 00    -1.2535775   -0.0488082  948.8031  949.3792
2021 04 19 17 13 00    -1.2556120   -0.0498482  948.8004  949.3779
2021 04 19 17 14 00    -1.2575296   -0.0506528  948.7979  949.3748
2021 04 19 17 15 00    -1.2596010   -0.0515546  948.7956  949.3698
2021 04 19 17 16 00    -1.2618478   -0.0526708  948.7931  949.3650
2021 04 19 17 17 00    -1.2641855   -0.0538483  948.7905  949.3629
2021 04 19 17 18 00    -1.2666093   -0.0550230  948.7882  949.3644
2021 04 19 17 19 00    -1.2689254   -0.0561943  948.7860  949.3676
2021 04 19 17 20 00    -1.2711189   -0.0573550  948.7837  949.3690
2021 04 19 17 21 00    -1.2735239   -0.0585741  948.7815  949.3677
2021 04 19 17 22 00    -1.2760747   -0.0598308  948.7795  949.3658
2021 04 19 17 23 00    -1.2784287   -0.0609796  948.7773  949.3660
2021 04 19 17 24 00    -1.2807498   -0.0620723  948.7749  949.3696
2021 04 19 17 25 00    -1.2834446   -0.0633449  948.7726  949.3756
2021 04 19 17 26 00    -1.2864046   -0.0647843  948.7709  949.3819
2021 04 19 17 27 00    -1.2891577   -0.0661940  948.7693  949.3868
2021 04 19 17 28 00    -1.2917130   -0.0676065  948.7675  949.3892
2021 04 19 17 29 00    -1.2945247   -0.0691019  948.7656  949.3891
2021 04 19 17 30 00    -1.2976147   -0.0705590  948.7641  949.3875
2021 04 19 17 31 00    -1.3005983   -0.0719360  948.7625  949.3858
2021 04 19 17 32 00    -1.3034857   -0.0734362  948.7608  949.3857
2021 04 19 17 33 00    -1.3066223   -0.0751348  948.7586  949.3887
2021 04 19 17 34 00    -1.3099423   -0.0768003  948.7562  949.3934
2021 04 19 17 35 00    -1.3131781   -0.0784025  948.7543  949.3971
2021 04 19 17 36 00    -1.3164537   -0.0801279  948.7530  949.3986
2021 04 19 17 37 00    -1.3198346   -0.0818641  948.7516  949.3975
2021 04 19 17 38 00    -1.3231511   -0.0834723  948.7500  949.3939
2021 04 19 17 39 00    -1.3265272   -0.0851075  948.7482  949.3898
2021 04 19 17 40 00    -1.3300778   -0.0868441  948.7466  949.3870
2021 04 19 17 41 00    -1.3336426   -0.0886252  948.7452  949.3845
2021 04 19 17 42 00    -1.3372635   -0.0904773  948.7436  949.3816
2021 04 19 17 43 00    -1.3409647   -0.0923538  948.7416  949.3787
2021 04 19 17 44 00    -1.3446429   -0.0942623  948.7394  949.3763
2021 04 19 17 45 00    -1.3484372   -0.0963163  948.7375  949.3759
2021 04 19 17 46 00    -1.3522295   -0.0982643  948.7361  949.3793
2021 04 19 17 47 00    -1.3558065   -0.0999217  948.7349  949.3858
2021 04 19 17 48 00    -1.3595467   -0.1016871  948.7333  949.3932
2021 04 19 17 49 00    -1.3636211   -0.1037235  948.7316  949.3996
2021 04 19 17 50 00    -1.3676452   -0.1057498  948.7299  949.4052
2021 04 19 17 51 00    -1.3715877   -0.1077574  948.7284  949.4102
2021 04 19 17 52 00    -1.3757097   -0.1098648  948.7273  949.4135
2021 04 19 17 53 00    -1.3798857   -0.1119446  948.7265  949.4137
2021 04 19 17 54 00    -1.3839801   -0.1139696  948.7257  949.4106
2021 04 19 17 55 00    -1.3882490   -0.1161105  948.7242  949.4050
2021 04 19 17 56 00    -1.3926880   -0.1182998  948.7225  949.4005
2021 04 19 17 57 00    -1.3970501   -0.1204058  948.7210  949.4004
2021 04 19 17 58 00    -1.4014916   -0.1226033  948.7199  949.4034
2021 04 19 17 59 00    -1.4060730   -0.1249532  948.7188  949.4071
2021 04 19 18 00 00    -1.4105011   -0.1272150  948.7177  949.4124
2021 04 19 18 01 00    -1.4148325   -0.1293568  948.7168  949.4201
2021 04 19 18 02 00    -1.4193563   -0.1316391  948.7160  949.4285
2021 04 19 18 03 00    -1.4240609   -0.1341219  948.7151  949.4366
2021 04 19 18 04 00    -1.4288438   -0.1366179  948.7141  949.4442
2021 04 19 18 05 00    -1.4336731   -0.1390175  948.7132  949.4498
2021 04 19 18 06 00    -1.4384553   -0.1412786  948.7127  949.4514
2021 04 19 18 07 00    -1.4432449   -0.1435310  948.7123  949.4511
2021 04 19 18 08 00    -1.4482332   -0.1460519  948.7118  949.4526
2021 04 19 18 09 00    -1.4533056   -0.1487085  948.7113  949.4555
2021 04 19 18 10 00    -1.4582174   -0.1511634  948.7109  949.4576
2021 04 19 18 11 00    -1.4631034   -0.1535578  948.7104  949.4590
2021 04 19 18 12 00    -1.4682138   -0.1561542  948.7100  949.4607
2021 04 19 18 13 00    -1.4734777   -0.1588746  948.7096  949.4639
2021 04 19 18 14 00    -1.4787739   -0.1615973  948.7093  949.4695
2021 04 19 18 15 00    -1.4841423   -0.1642409  948.7094  949.4753
2021 04 19 18 16 00    -1.4895034   -0.1666952  948.7095  949.4787
2021 04 19 18 17 00    -1.4947372   -0.1691243  948.7094  949.4798
2021 04 19 18 18 00    -1.4999718   -0.1718298  948.7093  949.4809
2021 04 19 18 19 00    -1.5053906   -0.1747245  948.7093  949.4843
2021 04 19 18 20 00    -1.5109674   -0.1774897  948.7095  949.4902
2021 04 19 18 21 00    -1.5164812   -0.1800681  948.7097  949.4964
2021 04 19 18 22 00    -1.5218201   -0.1826845  948.7099  949.5015
2021 04 19 18 23 00    -1.5272856   -0.1855608  948.7103  949.5070
2021 04 19 18 24 00    -1.5330810   -0.1886127  948.7108  949.5140
2021 04 19 18 25 00    -1.5388474   -0.1914974  948.7112  949.5207
2021 04 19 18 26 00    -1.5444366   -0.1941734  948.7116  949.5251
2021 04 19 18 27 00    -1.5501817   -0.1969750  948.7122  949.5272
2021 04 19 18 28 00    -1.5561386   -0.1999998  948.7130  949.5283
2021 04 19 18 29 00    -1.5621108   -0.2030371  948.7138  949.5318
2021 04 19 18 30 00    -1.5680723   -0.2060086  948.7143  949.5382
2021 04 19 18 31 00    -1.5741136   -0.2090687  948.7150  949.5431
2021 04 19 18 32 00    -1.5802609   -0.2122458  948.7158  949.5433
2021 04 19 18 33 00    -1.5864055   -0.2153369  948.7165  949.5412
2021 04 19 18 34 00    -1.5925602   -0.2183602  948.7168  949.5402
2021 04 19 18 35 00    -1.5988413   -0.2214840  948.7170  949.5410
2021 04 19 18 36 00    -1.6051498   -0.2246473  948.7174  949.5423
2021 04 19 18 37 00    -1.6113657   -0.2277974  948.7181  949.5434
2021 04 19 18 38 00    -1.6175167   -0.2309345  948.7187  949.5460
2021 04 19 18 39 00    -1.6237087   -0.2339700  948.7193  949.5524
2021 04 19 18 40 00    -1.6300615   -0.2369933  948.7201  949.5639
2021 04 19 18 41 00    -1.6365929   -0.2402646  948.7210  949.5782
2021 04 19 18 42 00    -1.6432454   -0.2437797  948.7223  949.5906
2021 04 19 18 43 00    -1.6498606   -0.2472003  948.7240  949.5976
2021 04 19 18 44 00    -1.6563619   -0.2503728  948.7255  949.6007
2021 04 19 18 45 00    -1.6629543   -0.2535690  948.7267  949.6034
2021 04 19 18 46 00    -1.6697293   -0.2569632  948.7278  949.6067
2021 04 19 18 47 00    -1.6764741   -0.2603441  948.7288  949.6089
2021 04 19 18 48 00    -1.6830514   -0.2635643  948.7301  949.6084
2021 04 19 18 49 00    -1.6896656   -0.2668118  948.7315  949.6058
2021 04 19 18 50 00    -1.6965091   -0.2702652  948.7328  949.6035
2021 04 19 18 51 00    -1.7034060   -0.2738209  948.7340  949.6040
2021 04 19 18 52 00    -1.7102692   -0.2773391  948.7351  949.6089
2021 04 19 18 53 00    -1.7172073   -0.2808172  948.7361  949.6171
2021 04 19 18 54 00    -1.7241408   -0.2842664  948.7371  949.6264
2021 04 19 18 55 00    -1.7310164   -0.2877017  948.7385  949.6359
2021 04 19 18 56 00    -1.7379042   -0.2911121  948.7405  949.6472
2021 04 19 18 57 00    -1.7449173   -0.2945220  948.7427  949.6607
2021 04 19 18 58 00    -1.7521622   -0.2980970  948.7445  949.6749
2021 04 19 18 59 00    -1.7594625   -0.3018197  948.7460  949.6879
2021 04 19 19 00 00    -1.7666250   -0.3054185  948.7480  949.6989
2021 04 19 19 01 00    -1.7737179   -0.3088421  948.7503  949.7081
2021 04 19 19 02 00    -1.7808602   -0.3123404  948.7524  949.7149
2021 04 19 19 03 00    -1.7881533   -0.3160551  948.7545  949.7207
2021 04 19 19 04 00    -1.7955271   -0.3198206  948.7569  949.7278
2021 04 19 19 05 00    -1.8028180   -0.3234609  948.7594  949.7359
2021 04 19 19 06 00    -1.8101032   -0.3270336  948.7617  949.7440
2021 04 19 19 07 00    -1.8174972   -0.3306573  948.7642  949.7535
2021 04 19 19 08 00    -1.8249739   -0.3344415  948.7669  949.7639
2021 04 19 19 09 00    -1.8325054   -0.3384331  948.7693  949.7716
2021 04 19 19 10 00    -1.8400404   -0.3424107  948.7715  949.7765
2021 04 19 19 11 00    -1.8476040   -0.3462030  948.7739  949.7823
2021 04 19 19 12 00    -1.8552753   -0.3499187  948.7768  949.7905
2021 04 19 19 13 00    -1.8629547   -0.3536396  948.7797  949.7993
2021 04 19 19 14 00    -1.8705846   -0.3574451  948.7825  949.8062
2021 04 19 19 15 00    -1.8783172   -0.3614455  948.7854  949.8106
2021 04 19 19 16 00    -1.8862033   -0.3655949  948.7880  949.8140
2021 04 19 19 17 00    -1.8940875   -0.3697040  948.7906  949.8184
2021 04 19 19 18 00    -1.9018566   -0.3735491  948.7935  949.8242
2021 04 19 19 19 00    -1.9095864   -0.3771701  948.7964  949.8304
2021 04 19 19 20 00    -1.9174536   -0.3809324  948.7994  949.8352
2021 04 19 19 21 00    -1.9254657   -0.3849831  948.8025  949.8379
2021 04 19 19 22 00    -1.9334833   -0.3891382  948.8054  949.8392
2021 04 19 19 23 00    -1.9415906   -0.3933020  948.8082  949.8388
2021 04 19 19 24 00    -1.9498491   -0.3974261  948.8111  949.8359
2021 04 19 19 25 00    -1.9580160   -0.4014547  948.8137  949.8305
2021 04 19 19 26 00    -1.9660281   -0.4054982  948.8158  949.8236
2021 04 19 19 27 00    -1.9741087   -0.4096124  948.8180  949.8168
2021 04 19 19 28 00    -1.9823626   -0.4137369  948.8205  949.8129
2021 04 19 19 29 00    -1.9906666   -0.4178945  948.8228  949.8122
2021 04 19 19 30 00    -1.9989038   -0.4220613  948.8251  949.8129
2021 04 19 19 31 00    -2.0071697   -0.4261769  948.8275  949.8131
2021 04 19 19 32 00    -2.0155161   -0.4302696  948.8300  949.8128
2021 04 19 19 33 00    -2.0238102   -0.4343535  948.8320  949.8138
2021 04 19 19 34 00    -2.0321014   -0.4384758  948.8339  949.8171
2021 04 19 19 35 00    -2.0405240   -0.4427074  948.8361  949.8218
2021 04 19 19 36 00    -2.0489495   -0.4469945  948.8385  949.8267
2021 04 19 19 37 00    -2.0573573   -0.4512767  948.8407  949.8290
2021 04 19 19 38 00    -2.0659089   -0.4555544  948.8424  949.8258
2021 04 19 19 39 00    -2.0744983   -0.4598341  948.8442  949.8172
2021 04 19 19 40 00    -2.0830331   -0.4641280  948.8462  949.8069
2021 04 19 19 41 00    -2.0916166   -0.4684157  948.8482  949.7990
2021 04 19 19 42 00    -2.1002330   -0.4727336  948.8499  949.7954
2021 04 19 19 43 00    -2.1088603   -0.4771248  948.8517  949.7949
2021 04 19 19 44 00    -2.1175574   -0.4815097  948.8537  949.7950
2021 04 19 19 45 00    -2.1263477   -0.4858727  948.8556  949.7958
2021 04 19 19 46 00    -2.1351304   -0.4902134  948.8571  949.7990
2021 04 19 19 47 00    -2.1437535   -0.4944692  948.8586  949.8040
2021 04 19 19 48 00    -2.1523680   -0.4987944  948.8602  949.8064
2021 04 19 19 49 00    -2.1612321   -0.5033183  948.8618  949.8029
2021 04 19 19 50 00    -2.1702272   -0.5078102  948.8633  949.7942
2021 04 19 19 51 00    -2.1791893   -0.5121992  948.8646  949.7826
2021 04 19 19 52 00    -2.1882055   -0.5167312  948.8656  949.7707
2021 04 19 19 53 00    -2.1972374   -0.5213465  948.8663  949.7611
2021 04 19 19 54 00    -2.2061396   -0.5257802  948.8669  949.7544
2021 04 19 19 55 00    -2.2149548   -0.5300937  948.8675  949.7499
2021 04 19 19 56 00    -2.2238329   -0.5345419  948.8682  949.7479
2021 04 19 19 57 00    -2.2328486   -0.5391954  948.8688  949.7486
2021 04 19 19 58 00    -2.2418116   -0.5437911  948.8693  949.7501
2021 04 19 19 59 00    -2.2506071   -0.5481061  948.8698  949.7501
2021 04 19 20 00 00    -2.2595591   -0.5523849  948.8704  949.7494
2021 04 19 20 01 00    -2.2687332   -0.5568490  948.8710  949.7493
2021 04 19 20 02 00    -2.2778017   -0.5613535  948.8717  949.7485
2021 04 19 20 03 00    -2.2868593   -0.5659016  948.8727  949.7459
2021 04 19 20 04 00    -2.2961379   -0.5705820  948.8733  949.7421
2021 04 19 20 05 00    -2.3053914   -0.5752076  948.8734  949.7376
2021 04 19 20 06 00    -2.3144232   -0.5797290  948.8733  949.7319
2021 04 19 20 07 00    -2.3234510   -0.5843554  948.8733  949.7254
2021 04 19 20 08 00    -2.3326015   -0.5890544  948.8735  949.7184
2021 04 19 20 09 00    -2.3417715   -0.5936423  948.8734  949.7106
2021 04 19 20 10 00    -2.3510007   -0.5982081  948.8731  949.7020
2021 04 19 20 11 00    -2.3603366   -0.6028613  948.8725  949.6929
2021 04 19 20 12 00    -2.3696021   -0.6074514  948.8717  949.6841
2021 04 19 20 13 00    -2.3787504   -0.6119716  948.8708  949.6771
2021 04 19 20 14 00    -2.3880256   -0.6166575  948.8700  949.6730
2021 04 19 20 15 00    -2.3974641   -0.6214630  948.8694  949.6710
2021 04 19 20 16 00    -2.4067744   -0.6260955  948.8687  949.6704
2021 04 19 20 17 00    -2.4159656   -0.6305814  948.8678  949.6709
2021 04 19 20 18 00    -2.4253027   -0.6352147  948.8668  949.6725
2021 04 19 20 19 00    -2.4346768   -0.6400477  948.8658  949.6739
2021 04 19 20 20 00    -2.4439250   -0.6448700  948.8651  949.6746
2021 04 19 20 21 00    -2.4533146   -0.6495929  948.8645  949.6755
2021 04 19 20 22 00    -2.4629619   -0.6543226  948.8640  949.6768
2021 04 19 20 23 00    -2.4724652   -0.6590472  948.8636  949.6777
2021 04 19 20 24 00    -2.4816381   -0.6636451  948.8631  949.6773
2021 04 19 20 25 00    -2.4908416   -0.6681983  948.8627  949.6782
2021 04 19 20 26 00    -2.5003187   -0.6728805  948.8624  949.6829
2021 04 19 20 27 00    -2.5098416   -0.6776609  948.8622  949.6903
2021 04 19 20 28 00    -2.5191595   -0.6823694  948.8622  949.6964
2021 04 19 20 29 00    -2.5283915   -0.6869625  948.8623  949.6993
2021 04 19 20 30 00    -2.5377866   -0.6915911  948.8622  949.7013
2021 04 19 20 31 00    -2.5473505   -0.6963732  948.8620  949.7057
2021 04 19 20 32 00    -2.5568929   -0.7012468  948.8619  949.7118
2021 04 19 20 33 00    -2.5663448   -0.7060969  948.8621  949.7171
2021 04 19 20 34 00    -2.5758295   -0.7109046  948.8624  949.7216
2021 04 19 20 35 00    -2.5853908   -0.7157097  948.8627  949.7256
2021 04 19 20 36 00    -2.5949774   -0.7205119  948.8632  949.7274
2021 04 19 20 37 00    -2.6045965   -0.7252703  948.8637  949.7259
2021 04 19 20 38 00    -2.6142004   -0.7299279  948.8639  949.7205
2021 04 19 20 39 00    -2.6237237   -0.7345585  948.8638  949.7124
2021 04 19 20 40 00    -2.6332481   -0.7393925  948.8635  949.7048
2021 04 19 20 41 00    -2.6428589   -0.7444094  948.8635  949.6992
2021 04 19 20 42 00    -2.6525387   -0.7493429  948.8634  949.6952
2021 04 19 20 43 00    -2.6622011   -0.7541523  948.8630  949.6944
2021 04 19 20 44 00    -2.6716823   -0.7589138  948.8623  949.6980
2021 04 19 20 45 00    -2.6810804   -0.7636034  948.8618  949.7052
2021 04 19 20 46 00    -2.6907670   -0.7683274  948.8616  949.7149
2021 04 19 20 47 00    -2.7005846   -0.7731932  948.8616  949.7240
2021 04 19 20 48 00    -2.7100945   -0.7780449  948.8618  949.7284
2021 04 19 20 49 00    -2.7195826   -0.7828283  948.8620  949.7273
2021 04 19 20 50 00    -2.7294489   -0.7877213  948.8621  949.7229
2021 04 19 20 51 00    -2.7393244   -0.7927016  948.8621  949.7166
2021 04 19 20 52 00    -2.7487851   -0.7975509  948.8619  949.7080
2021 04 19 20 53 00    -2.7581334   -0.8022410  948.8616  949.6978
2021 04 19 20 54 00    -2.7678503   -0.8069557  948.8612  949.6888
2021 04 19 20 55 00    -2.7777766   -0.8117978  948.8608  949.6830
2021 04 19 20 56 00    -2.7874918   -0.8167259  948.8603  949.6800
2021 04 19 20 57 00    -2.7970786   -0.8216958  948.8596  949.6786
2021 04 19 20 58 00    -2.8068197   -0.8266499  948.8586  949.6780
2021 04 19 20 59 00    -2.8166232   -0.8314946  948.8577  949.6770
2021 04 19 21 00 00    -2.8262025   -0.8361608  948.8570  949.6749
2021 04 19 21 01 00    -2.8355782   -0.8407495  948.8564  949.6734
2021 04 19 21 02 00    -2.8450619   -0.8455210  948.8558  949.6738
2021 04 19 21 03 00    -2.8547483   -0.8504806  948.8552  949.6749
2021 04 19 21 04 00    -2.8645522   -0.8553794  948.8544  949.6742
2021 04 19 21 05 00    -2.8743766   -0.8601645  948.8533  949.6702
2021 04 19 21 06 00    -2.8840008   -0.8649287  948.8524  949.6640
2021 04 19 21 07 00    -2.8934858   -0.8697172  948.8518  949.6606
2021 04 19 21 08 00    -2.9030823   -0.8745148  948.8514  949.6634
2021 04 19 21 09 00    -2.9127001   -0.8792794  948.8510  949.6710
2021 04 19 21 10 00    -2.9223197   -0.8841290  948.8505  949.6790
2021 04 19 21 11 00    -2.9320715   -0.8891262  948.8503  949.6841
2021 04 19 21 12 00    -2.9417768   -0.8940212  948.8501  949.6855
2021 04 19 21 13 00    -2.9513399   -0.8987912  948.8499  949.6859
2021 04 19 21 14 00    -2.9609484   -0.9037160  948.8496  949.6877
2021 04 19 21 15 00    -2.9705877   -0.9086588  948.8494  949.6909
2021 04 19 21 16 00    -2.9801470   -0.9133766  948.8495  949.6929
2021 04 19 21 17 00    -2.9896830   -0.9181173  948.8494  949.6925
2021 04 19 21 18 00    -2.9992503   -0.9230202  948.8492  949.6929
2021 04 19 21 19 00    -3.0088886   -0.9278712  948.8489  949.6956
2021 04 19 21 20 00    -3.0185426   -0.9326142  948.8488  949.6971
2021 04 19 21 21 00    -3.0280905   -0.9373888  948.8487  949.6959
2021 04 19 21 22 00    -3.0376297   -0.9422675  948.8488  949.6935
2021 04 19 21 23 00    -3.0473337   -0.9471742  948.8488  949.6895
2021 04 19 21 24 00    -3.0571763   -0.9520028  948.8485  949.6829
2021 04 19 21 25 00    -3.0669049   -0.9567077  948.8479  949.6760
2021 04 19 21 26 00    -3.0763949   -0.9614084  948.8473  949.6720
2021 04 19 21 27 00    -3.0859337   -0.9663542  948.8468  949.6726
2021 04 19 21 28 00    -3.0956403   -0.9714308  948.8462  949.6763
2021 04 19 21 29 00    -3.1052081   -0.9761763  948.8455  949.6797
2021 04 19 21 30 00    -3.1145684   -0.9805641  948.8450  949.6803
2021 04 19 21 31 00    -3.1239727   -0.9850865  948.8446  949.6786
2021 04 19 21 32 00    -3.1335183   -0.9899790  948.8442  949.6750
2021 04 19 21 33 00    -3.1431131   -0.9949588  948.8438  949.6683
2021 04 19 21 34 00    -3.1526994   -0.9997670  948.8435  949.6583
2021 04 19 21 35 00    -3.1622601   -1.0044488  948.8432  949.6472
2021 04 19 21 36 00    -3.1717241   -1.0091222  948.8425  949.6364
2021 04 19 21 37 00    -3.1812229   -1.0138826  948.8414  949.6264
2021 04 19 21 38 00    -3.1909754   -1.0187655  948.8402  949.6175
2021 04 19 21 39 00    -3.2006943   -1.0236505  948.8390  949.6090
2021 04 19 21 40 00    -3.2100271   -1.0283864  948.8373  949.5997
2021 04 19 21 41 00    -3.2193523   -1.0330405  948.8354  949.5899
2021 04 19 21 42 00    -3.2291164   -1.0378332  948.8337  949.5814
2021 04 19 21 43 00    -3.2389006   -1.0427323  948.8324  949.5754
2021 04 19 21 44 00    -3.2482650   -1.0475236  948.8308  949.5712
2021 04 19 21 45 00    -3.2575316   -1.0521484  948.8288  949.5677
2021 04 19 21 46 00    -3.2668950   -1.0566552  948.8267  949.5637
2021 04 19 21 47 00    -3.2762654   -1.0612516  948.8249  949.5601
2021 04 19 21 48 00    -3.2857252   -1.0661274  948.8232  949.5582
2021 04 19 21 49 00    -3.2951279   -1.0710433  948.8212  949.5561
2021 04 19 21 50 00    -3.3043021   -1.0757179  948.8190  949.5504
2021 04 19 21 51 00    -3.3134948   -1.0803030  948.8169  949.5426
2021 04 19 21 52 00    -3.3228951   -1.0849954  948.8149  949.5357
2021 04 19 21 53 00    -3.3324361   -1.0897743  948.8130  949.5302
2021 04 19 21 54 00    -3.3419408   -1.0945912  948.8109  949.5253
2021 04 19 21 55 00    -3.3511502   -1.0993018  948.8088  949.5202
2021 04 19 21 56 00    -3.3601557   -1.1038047  948.8068  949.5159
2021 04 19 21 57 00    -3.3693826   -1.1082896  948.8047  949.5138
2021 04 19 21 58 00    -3.3788240   -1.1129080  948.8025  949.5145
2021 04 19 21 59 00    -3.3881146   -1.1176015  948.8004  949.5164
2021 04 19 22 00 00    -3.3972463   -1.1222549  948.7984  949.5172
2021 04 19 22 01 00    -3.4063702   -1.1267525  948.7964  949.5160
2021 04 19 22 02 00    -3.4154438   -1.1312130  948.7942  949.5141
2021 04 19 22 03 00    -3.4245505   -1.1358317  948.7919  949.5133
2021 04 19 22 04 00    -3.4337546   -1.1403932  948.7899  949.5159
2021 04 19 22 05 00    -3.4428276   -1.1446971  948.7886  949.5223
2021 04 19 22 06 00    -3.4517455   -1.1490780  948.7873  949.5295
2021 04 19 22 07 00    -3.4607597   -1.1537987  948.7856  949.5343
2021 04 19 22 08 00    -3.4698147   -1.1585587  948.7836  949.5359
2021 04 19 22 09 00    -3.4787163   -1.1630346  948.7819  949.5357
2021 04 19 22 10 00    -3.4875625   -1.1673257  948.7807  949.5358
2021 04 19 22 11 00    -3.4964610   -1.1717142  948.7795  949.5383
2021 04 19 22 12 00    -3.5054081   -1.1762838  948.7782  949.5421
2021 04 19 22 13 00    -3.5144257   -1.1808629  948.7766  949.5444
2021 04 19 22 14 00    -3.5234359   -1.1853611  948.7748  949.5449
2021 04 19 22 15 00    -3.5323240   -1.1898418  948.7730  949.5450
2021 04 19 22 16 00    -3.5411800   -1.1943072  948.7716  949.5456
2021 04 19 22 17 00    -3.5501986   -1.1987993  948.7706  949.5472
2021 04 19 22 18 00    -3.5592207   -1.2033401  948.7697  949.5488
2021 04 19 22 19 00    -3.5679107   -1.2077518  948.7687  949.5482
2021 04 19 22 20 00    -3.5764481   -1.2119969  948.7676  949.5457
2021 04 19 22 21 00    -3.5851734   -1.2162753  948.7661  949.5442
2021 04 19 22 22 00    -3.5940098   -1.2206361  948.7646  949.5453
2021 04 19 22 23 00    -3.6027839   -1.2250430  948.7634  949.5488
2021 04 19 22 24 00    -3.6114943   -1.2295528  948.7624  949.5555
2021 04 19 22 25 00    -3.6201968   -1.2340748  948.7617  949.5660
2021 04 19 22 26 00    -3.6288505   -1.2384431  948.7611  949.5764
2021 04 19 22 27 00    -3.6373990   -1.2427152  948.7608  949.5826
2021 04 19 22 28 00    -3.6459087   -1.2469128  948.7603  949.5852
2021 04 19 22 29 00    -3.6544086   -1.2509207  948.7598  949.5876
2021 04 19 22 30 00    -3.6628843   -1.2549313  948.7593  949.5915
2021 04 19 22 31 00    -3.6713300   -1.2592008  948.7588  949.5969
2021 04 19 22 32 00    -3.6796998   -1.2635272  948.7586  949.6026
2021 04 19 22 33 00    -3.6881522   -1.2677885  948.7585  949.6071
2021 04 19 22 34 00    -3.6968479   -1.2721964  948.7584  949.6106
2021 04 19 22 35 00    -3.7054058   -1.2765773  948.7580  949.6143
2021 04 19 22 36 00    -3.7135549   -1.2806468  948.7574  949.6175
2021 04 19 22 37 00    -3.7217283   -1.2846486  948.7568  949.6191
2021 04 19 22 38 00    -3.7301212   -1.2887672  948.7569  949.6196
2021 04 19 22 39 00    -3.7384747   -1.2929469  948.7571  949.6203
2021 04 19 22 40 00    -3.7468312   -1.2972881  948.7569  949.6222
2021 04 19 22 41 00    -3.7552644   -1.3017070  948.7565  949.6258
2021 04 19 22 42 00    -3.7636319   -1.3059355  948.7567  949.6300
2021 04 19 22 43 00    -3.7718869   -1.3100287  948.7575  949.6337
2021 04 19 22 44 00    -3.7800415   -1.3141526  948.7581  949.6355
2021 04 19 22 45 00    -3.7881697   -1.3182021  948.7585  949.6354
2021 04 19 22 46 00    -3.7963480   -1.3221418  948.7587  949.6344
2021 04 19 22 47 00    -3.8045618   -1.3262604  948.7585  949.6322
2021 04 19 22 48 00    -3.8128167   -1.3305652  948.7580  949.6294
2021 04 19 22 49 00    -3.8209950   -1.3346425  948.7576  949.6293
2021 04 19 22 50 00    -3.8289705   -1.3385120  948.7574  949.6330
2021 04 19 22 51 00    -3.8368540   -1.3425029  948.7576  949.6382
2021 04 19 22 52 00    -3.8447056   -1.3464990  948.7585  949.6456
2021 04 19 22 53 00    -3.8525268   -1.3503503  948.7595  949.6565
2021 04 19 22 54 00    -3.8603929   -1.3541863  948.7601  949.6689
2021 04 19 22 55 00    -3.8682123   -1.3580571  948.7609  949.6803
2021 04 19 22 56 00    -3.8759020   -1.3619876  948.7620  949.6901
2021 04 19 22 57 00    -3.8836349   -1.3659840  948.7631  949.6977
2021 04 19 22 58 00    -3.8914974   -1.3698893  948.7641  949.7021
2021 04 19 22 59 00    -3.8993278   -1.3736498  948.7651  949.7040
2021 04 19 23 00 00    -3.9070441   -1.3774403  948.7665  949.7056
2021 04 19 23 01 00    -3.9147491   -1.3813562  948.7680  949.7075
2021 04 19 23 02 00    -3.9224901   -1.3853187  948.7693  949.7094
2021 04 19 23 03 00    -3.9302301   -1.3892577  948.7704  949.7125
2021 04 19 23 04 00    -3.9379545   -1.3931466  948.7716  949.7176
2021 04 19 23 05 00    -3.9456026   -1.3969434  948.7727  949.7228
2021 04 19 23 06 00    -3.9531562   -1.4006832  948.7739  949.7258
2021 04 19 23 07 00    -3.9607203   -1.4045276  948.7751  949.7273
2021 04 19 23 08 00    -3.9682556   -1.4084554  948.7764  949.7269
2021 04 19 23 09 00    -3.9756409   -1.4121954  948.7777  949.7253
2021 04 19 23 10 00    -3.9830117   -1.4157357  948.7790  949.7242
2021 04 19 23 11 00    -3.9905056   -1.4193506  948.7801  949.7226
2021 04 19 23 12 00    -3.9979741   -1.4230681  948.7812  949.7179
2021 04 19 23 13 00    -4.0053532   -1.4267962  948.7823  949.7107
2021 04 19 23 14 00    -4.0127873   -1.4306412  948.7834  949.7026
2021 04 19 23 15 00    -4.0202486   -1.4344721  948.7843  949.6939
2021 04 19 23 16 00    -4.0275958   -1.4380386  948.7848  949.6848
2021 04 19 23 17 00    -4.0348957   -1.4416078  948.7850  949.6750
2021 04 19 23 18 00    -4.0422114   -1.4453757  948.7850  949.6636
2021 04 19 23 19 00    -4.0494709   -1.4490668  948.7849  949.6508
2021 04 19 23 20 00    -4.0567944   -1.4526594  948.7844  949.6372
2021 04 19 23 21 00    -4.0642037   -1.4563105  948.7836  949.6217
2021 04 19 23 22 00    -4.0713920   -1.4599180  948.7823  949.6047
2021 04 19 23 23 00    -4.0783824   -1.4634522  948.7809  949.5898
2021 04 19 23 24 00    -4.0854821   -1.4670520  948.7796  949.5792
2021 04 19 23 25 00    -4.0926598   -1.4707357  948.7784  949.5691
2021 04 19 23 26 00    -4.0997311   -1.4743728  948.7770  949.5576
2021 04 19 23 27 00    -4.1067004   -1.4778543  948.7752  949.5516
2021 04 19 23 28 00    -4.1136534   -1.4812344  948.7734  949.5554
2021 04 19 23 29 00    -4.1205922   -1.4846162  948.7720  949.5612
2021 04 19 23 30 00    -4.1274147   -1.4879617  948.7709  949.5613
2021 04 19 23 31 00    -4.1341066   -1.4912596  948.7699  949.5595
2021 04 19 23 32 00    -4.1407962   -1.4946243  948.7687  949.5605
2021 04 19 23 33 00    -4.1475248   -1.4980630  948.7673  949.5623
2021 04 19 23 34 00    -4.1542507   -1.5014930  948.7658  949.5613
2021 04 19 23 35 00    -4.1609520   -1.5048754  948.7643  949.5557
2021 04 19 23 36 00    -4.1675431   -1.5081670  948.7629  949.5480
2021 04 19 23 37 00    -4.1740013   -1.5113752  948.7616  949.5419
2021 04 19 23 38 00    -4.1805463   -1.5146273  948.7604  949.5379
2021 04 19 23 39 00    -4.1872938   -1.5180066  948.7591  949.5337
2021 04 19 23 40 00    -4.1939997   -1.5213692  948.7574  949.5269
2021 04 19 23 41 00    -4.2005200   -1.5245603  948.7556  949.5166
2021 04 19 23 42 00    -4.2070059   -1.5277446  948.7541  949.5052
2021 04 19 23 43 00    -4.2135104   -1.5311251  948.7526  949.4959
2021 04 19 23 44 00    -4.2199625   -1.5345408  948.7507  949.4873
2021 04 19 23 45 00    -4.2263366   -1.5377451  948.7483  949.4763
2021 04 19 23 46 00    -4.2326762   -1.5408259  948.7458  949.4633
2021 04 19 23 47 00    -4.2391011   -1.5440191  948.7436  949.4504
2021 04 19 23 48 00    -4.2455574   -1.5472982  948.7412  949.4375
2021 04 19 23 49 00    -4.2518636   -1.5505013  948.7385  949.4231
2021 04 19 23 50 00    -4.2580783   -1.5536126  948.7358  949.4063
2021 04 19 23 51 00    -4.2643519   -1.5567144  948.7332  949.3899
2021 04 19 23 52 00    -4.2706283   -1.5598701  948.7303  949.3763
2021 04 19 23 53 00    -4.2767766   -1.5629994  948.7271  949.3635
2021 04 19 23 54 00    -4.2828429   -1.5660076  948.7239  949.3514
2021 04 19 23 55 00    -4.2888940   -1.5689561  948.7207  949.3413
2021 04 19 23 56 00    -4.2948590   -1.5718868  948.7176  949.3312
2021 04 19 23 57 00    -4.3007650   -1.5748515  948.7142  949.3207
2021 04 19 23 58 00    -4.3066962   -1.5778903  948.7106  949.3116
2021 04 19 23 59 00    -4.3126086   -1.5808350  948.7070  949.3033
