[TSF-file]     v01.0

[TIMEFORMAT]   DATETIME
[INCREMENT]    60
[CHANNELS]
    BF:SG056:G1-F60 
    BF:SG056:G2-F60 
    BF:SG056:Br1-F60
    BF:SG056:Br2-F60
[UNITS]
    Volt
    Volt
    mbar
    mbar
[UNDETVAL]                      9999.999
[PHASE_LAG_1_DEG_CPD]           0.0402
[PHASE_LAG_1_DEG_CPD_ERROR]     0.0002
[N_LATITUDE_DEG]                48.3294
[N_LATITUDE_DEG_ERROR]          0.0001
[E_LONGITUDE_DEG]               008.3284
[E_LONGITUDE_DEG_ERROR]         0.0001
[HEIGHT_M_1]                    589.20
[HEIGHT_M_1_ERROR]              0.01
[GRAVITY_CAL_1_UGAL_V]          -40.1100
[GRAVITY_CAL_1_UGAL_V_ERROR]    0.0300
[PRESSURE_CAL_MBAR_V]           1.0000
[PRESSURE_CAL_MBAR_V_ERROR]     0.0001
[AUTHOR]                        Thomas Forbriger@kit.edu
[PHASE_LAG_2_DEG_CPD]           0.0402
[PHASE_LAG_2_DEG_CPD_ERROR]     0.0002
[HEIGHT_M_2]                    589.40
[HEIGHT_M_2_ERROR]              0.01
[GRAVITY_CAL_2_UGAL_V]          -80.0699
[GRAVITY_CAL_2_UGAL_V_ERROR]    0.0600
[PRESSURE_ADMIT_HPA_NMS2]       -3.4000
[PRESSURE_MEAN_HPA]             0980.0
[COMMENT]                           
software upgrade and FitPC2 replacement on 29. July 2019



Date           Time     G1-F60        G2-F60        Br1-F60       Br2-F60      
[DATA]
2021 04 23 00 00 00    -3.5044513   -1.1765800  954.3098  955.3830
2021 04 23 00 01 00    -3.5177820   -1.1832602  954.3123  955.3707
2021 04 23 00 02 00    -3.5312705   -1.1899536  954.3149  955.3579
2021 04 23 00 03 00    -3.5449612   -1.1966846  954.3169  955.3497
2021 04 23 00 04 00    -3.5584898   -1.2034573  954.3191  955.3441
2021 04 23 00 05 00    -3.5717827   -1.2102517  954.3214  955.3311
2021 04 23 00 06 00    -3.5852572   -1.2170893  954.3234  955.3170
2021 04 23 00 07 00    -3.5989588   -1.2238857  954.3251  955.3083
2021 04 23 00 08 00    -3.6124256   -1.2305586  954.3267  955.3010
2021 04 23 00 09 00    -3.6256151   -1.2372608  954.3283  955.3034
2021 04 23 00 10 00    -3.6389895   -1.2441213  954.3301  955.3157
2021 04 23 00 11 00    -3.6524743   -1.2509456  954.3322  955.3181
2021 04 23 00 12 00    -3.6655610   -1.2574588  954.3340  955.3106
2021 04 23 00 13 00    -3.6784815   -1.2637995  954.3356  955.3148
2021 04 23 00 14 00    -3.6917135   -1.2703104  954.3377  955.3338
2021 04 23 00 15 00    -3.7049948   -1.2769374  954.3402  955.3521
2021 04 23 00 16 00    -3.7180563   -1.2834991  954.3424  955.3645
2021 04 23 00 17 00    -3.7311361   -1.2900692  954.3444  955.3760
2021 04 23 00 18 00    -3.7443298   -1.2967070  954.3467  955.3879
2021 04 23 00 19 00    -3.7574111   -1.3033779  954.3494  955.3984
2021 04 23 00 20 00    -3.7704092   -1.3100256  954.3520  955.4064
2021 04 23 00 21 00    -3.7835866   -1.3165282  954.3545  955.4091
2021 04 23 00 22 00    -3.7967805   -1.3229153  954.3572  955.4074
2021 04 23 00 23 00    -3.8097602   -1.3294488  954.3598  955.4069
2021 04 23 00 24 00    -3.8227675   -1.3361678  954.3624  955.4054
2021 04 23 00 25 00    -3.8358695   -1.3427569  954.3651  955.3996
2021 04 23 00 26 00    -3.8488102   -1.3490910  954.3677  955.3940
2021 04 23 00 27 00    -3.8616542   -1.3554057  954.3699  955.3923
2021 04 23 00 28 00    -3.8745990   -1.3619009  954.3719  955.3972
2021 04 23 00 29 00    -3.8875099   -1.3685044  954.3742  955.4035
2021 04 23 00 30 00    -3.9002905   -1.3749843  954.3766  955.4002
2021 04 23 00 31 00    -3.9131076   -1.3812763  954.3786  955.3928
2021 04 23 00 32 00    -3.9259878   -1.3875614  954.3808  955.3926
2021 04 23 00 33 00    -3.9388489   -1.3939368  954.3833  955.3964
2021 04 23 00 34 00    -3.9517493   -1.4003832  954.3857  955.3929
2021 04 23 00 35 00    -3.9645895   -1.4068751  954.3874  955.3766
2021 04 23 00 36 00    -3.9771726   -1.4132993  954.3886  955.3610
2021 04 23 00 37 00    -3.9897684   -1.4196968  954.3897  955.3566
2021 04 23 00 38 00    -4.0026301   -1.4261987  954.3912  955.3530
2021 04 23 00 39 00    -4.0153934   -1.4326354  954.3929  955.3456
2021 04 23 00 40 00    -4.0278908   -1.4389017  954.3942  955.3403
2021 04 23 00 41 00    -4.0404356   -1.4451783  954.3952  955.3405
2021 04 23 00 42 00    -4.0530312   -1.4514863  954.3962  955.3434
2021 04 23 00 43 00    -4.0654563   -1.4577053  954.3973  955.3383
2021 04 23 00 44 00    -4.0777723   -1.4638287  954.3985  955.3259
2021 04 23 00 45 00    -4.0901020   -1.4699083  954.3994  955.3181
2021 04 23 00 46 00    -4.1024337   -1.4760427  954.4000  955.3115
2021 04 23 00 47 00    -4.1147130   -1.4822532  954.4007  955.2997
2021 04 23 00 48 00    -4.1268929   -1.4884011  954.4014  955.2918
2021 04 23 00 49 00    -4.1391403   -1.4944803  954.4021  955.2915
2021 04 23 00 50 00    -4.1515511   -1.5006289  954.4026  955.2894
2021 04 23 00 51 00    -4.1637752   -1.5068151  954.4028  955.2848
2021 04 23 00 52 00    -4.1757273   -1.5129140  954.4029  955.2810
2021 04 23 00 53 00    -4.1878053   -1.5189595  954.4027  955.2715
2021 04 23 00 54 00    -4.2000041   -1.5250064  954.4021  955.2565
2021 04 23 00 55 00    -4.2119731   -1.5309812  954.4010  955.2454
2021 04 23 00 56 00    -4.2237492   -1.5369314  954.3999  955.2370
2021 04 23 00 57 00    -4.2356068   -1.5429529  954.3990  955.2273
2021 04 23 00 58 00    -4.2475546   -1.5488709  954.3982  955.2208
2021 04 23 00 59 00    -4.2594301   -1.5546554  954.3974  955.2189
2021 04 23 01 00 00    -4.2712066   -1.5605576  954.3965  955.2194
2021 04 23 01 01 00    -4.2828907   -1.5664856  954.3956  955.2212
2021 04 23 01 02 00    -4.2944104   -1.5722080  954.3948  955.2188
2021 04 23 01 03 00    -4.3058457   -1.5778754  954.3938  955.2090
2021 04 23 01 04 00    -4.3174020   -1.5836634  954.3924  955.2017
2021 04 23 01 05 00    -4.3289693   -1.5894462  954.3911  955.2040
2021 04 23 01 06 00    -4.3402835   -1.5950927  954.3900  955.2049
2021 04 23 01 07 00    -4.3514869   -1.6007094  954.3889  955.1959
2021 04 23 01 08 00    -4.3628048   -1.6064024  954.3874  955.1869
2021 04 23 01 09 00    -4.3741726   -1.6121053  954.3860  955.1896
2021 04 23 01 10 00    -4.3854283   -1.6176929  954.3850  955.1995
2021 04 23 01 11 00    -4.3964161   -1.6231043  954.3842  955.2075
2021 04 23 01 12 00    -4.4072752   -1.6285350  954.3833  955.2128
2021 04 23 01 13 00    -4.4183153   -1.6342016  954.3825  955.2166
2021 04 23 01 14 00    -4.4293583   -1.6398556  954.3817  955.2164
2021 04 23 01 15 00    -4.4401290   -1.6451975  954.3808  955.2181
2021 04 23 01 16 00    -4.4508505   -1.6504741  954.3801  955.2269
2021 04 23 01 17 00    -4.4616995   -1.6559964  954.3797  955.2311
2021 04 23 01 18 00    -4.4724360   -1.6615387  954.3794  955.2289
2021 04 23 01 19 00    -4.4828183   -1.6667862  954.3790  955.2349
2021 04 23 01 20 00    -4.4930558   -1.6718730  954.3787  955.2442
2021 04 23 01 21 00    -4.5035649   -1.6770588  954.3787  955.2421
2021 04 23 01 22 00    -4.5142159   -1.6823390  954.3786  955.2361
2021 04 23 01 23 00    -4.5246022   -1.6875837  954.3780  955.2378
2021 04 23 01 24 00    -4.5348104   -1.6927480  954.3773  955.2396
2021 04 23 01 25 00    -4.5450991   -1.6978794  954.3770  955.2383
2021 04 23 01 26 00    -4.5554114   -1.7030001  954.3768  955.2429
2021 04 23 01 27 00    -4.5655877   -1.7080371  954.3768  955.2500
2021 04 23 01 28 00    -4.5756404   -1.7130337  954.3765  955.2512
2021 04 23 01 29 00    -4.5856682   -1.7181536  954.3760  955.2483
2021 04 23 01 30 00    -4.5955697   -1.7232315  954.3755  955.2464
2021 04 23 01 31 00    -4.6051587   -1.7280053  954.3756  955.2520
2021 04 23 01 32 00    -4.6146622   -1.7327082  954.3761  955.2668
2021 04 23 01 33 00    -4.6244138   -1.7375951  954.3767  955.2766
2021 04 23 01 34 00    -4.6341781   -1.7424830  954.3771  955.2753
2021 04 23 01 35 00    -4.6437325   -1.7473070  954.3774  955.2776
2021 04 23 01 36 00    -4.6532690   -1.7521711  954.3777  955.2851
2021 04 23 01 37 00    -4.6627219   -1.7569076  954.3780  955.2831
2021 04 23 01 38 00    -4.6719695   -1.7614623  954.3782  955.2731
2021 04 23 01 39 00    -4.6812537   -1.7660570  954.3785  955.2672
2021 04 23 01 40 00    -4.6906064   -1.7707135  954.3787  955.2676
2021 04 23 01 41 00    -4.6996980   -1.7753127  954.3788  955.2716
2021 04 23 01 42 00    -4.7085113   -1.7798217  954.3789  955.2787
2021 04 23 01 43 00    -4.7173703   -1.7842200  954.3791  955.2938
2021 04 23 01 44 00    -4.7262569   -1.7885176  954.3798  955.3165
2021 04 23 01 45 00    -4.7350145   -1.7928400  954.3812  955.3364
2021 04 23 01 46 00    -4.7437222   -1.7972793  954.3829  955.3470
2021 04 23 01 47 00    -4.7523083   -1.8017237  954.3845  955.3517
2021 04 23 01 48 00    -4.7607004   -1.8060302  954.3858  955.3572
2021 04 23 01 49 00    -4.7690141   -1.8101727  954.3871  955.3646
2021 04 23 01 50 00    -4.7773744   -1.8142823  954.3886  955.3697
2021 04 23 01 51 00    -4.7859282   -1.8185719  954.3905  955.3715
2021 04 23 01 52 00    -4.7945184   -1.8229135  954.3924  955.3680
2021 04 23 01 53 00    -4.8028547   -1.8270297  954.3939  955.3581
2021 04 23 01 54 00    -4.8110306   -1.8310688  954.3949  955.3516
2021 04 23 01 55 00    -4.8191237   -1.8351860  954.3957  955.3498
2021 04 23 01 56 00    -4.8270320   -1.8392095  954.3964  955.3445
2021 04 23 01 57 00    -4.8348922   -1.8431451  954.3972  955.3405
2021 04 23 01 58 00    -4.8428463   -1.8471485  954.3983  955.3445
2021 04 23 01 59 00    -4.8506907   -1.8511173  954.3994  955.3501
2021 04 23 02 00 00    -4.8582790   -1.8548844  954.4004  955.3556
2021 04 23 02 01 00    -4.8656824   -1.8584551  954.4017  955.3661
2021 04 23 02 02 00    -4.8729220   -1.8619588  954.4034  955.3834
2021 04 23 02 03 00    -4.8800861   -1.8655819  954.4051  955.4043
2021 04 23 02 04 00    -4.8872710   -1.8693265  954.4065  955.4231
2021 04 23 02 05 00    -4.8944501   -1.8729976  954.4082  955.4373
2021 04 23 02 06 00    -4.9016471   -1.8765235  954.4106  955.4494
2021 04 23 02 07 00    -4.9087300   -1.8799144  954.4133  955.4592
2021 04 23 02 08 00    -4.9154967   -1.8832056  954.4155  955.4606
2021 04 23 02 09 00    -4.9222877   -1.8866562  954.4175  955.4545
2021 04 23 02 10 00    -4.9294594   -1.8903743  954.4196  955.4498
2021 04 23 02 11 00    -4.9365062   -1.8939565  954.4219  955.4485
2021 04 23 02 12 00    -4.9430062   -1.8971865  954.4239  955.4453
2021 04 23 02 13 00    -4.9494294   -1.9003650  954.4257  955.4419
2021 04 23 02 14 00    -4.9560582   -1.9036275  954.4275  955.4400
2021 04 23 02 15 00    -4.9626252   -1.9068747  954.4295  955.4335
2021 04 23 02 16 00    -4.9690516   -1.9101239  954.4313  955.4264
2021 04 23 02 17 00    -4.9753319   -1.9133189  954.4328  955.4280
2021 04 23 02 18 00    -4.9814036   -1.9163623  954.4340  955.4345
2021 04 23 02 19 00    -4.9874217   -1.9193596  954.4355  955.4405
2021 04 23 02 20 00    -4.9934878   -1.9223839  954.4376  955.4438
2021 04 23 02 21 00    -4.9994963   -1.9253626  954.4397  955.4429
2021 04 23 02 22 00    -5.0053894   -1.9283110  954.4410  955.4411
2021 04 23 02 23 00    -5.0111677   -1.9312472  954.4421  955.4408
2021 04 23 02 24 00    -5.0168218   -1.9340901  954.4433  955.4396
2021 04 23 02 25 00    -5.0223946   -1.9368691  954.4450  955.4363
2021 04 23 02 26 00    -5.0279048   -1.9396414  954.4471  955.4333
2021 04 23 02 27 00    -5.0333052   -1.9423660  954.4489  955.4330
2021 04 23 02 28 00    -5.0386218   -1.9450493  954.4502  955.4351
2021 04 23 02 29 00    -5.0437894   -1.9476307  954.4511  955.4398
2021 04 23 02 30 00    -5.0486973   -1.9500308  954.4526  955.4470
2021 04 23 02 31 00    -5.0536446   -1.9524732  954.4546  955.4530
2021 04 23 02 32 00    -5.0588188   -1.9551270  954.4566  955.4560
2021 04 23 02 33 00    -5.0637292   -1.9576646  954.4581  955.4581
2021 04 23 02 34 00    -5.0681393   -1.9598294  954.4593  955.4607
2021 04 23 02 35 00    -5.0725701   -1.9619401  954.4605  955.4635
2021 04 23 02 36 00    -5.0773184   -1.9642630  954.4620  955.4674
2021 04 23 02 37 00    -5.0820088   -1.9666067  954.4639  955.4695
2021 04 23 02 38 00    -5.0864109   -1.9688549  954.4657  955.4643
2021 04 23 02 39 00    -5.0907690   -1.9710963  954.4672  955.4518
2021 04 23 02 40 00    -5.0951330   -1.9733306  954.4685  955.4372
2021 04 23 02 41 00    -5.0993093   -1.9754922  954.4695  955.4250
2021 04 23 02 42 00    -5.1033525   -1.9775677  954.4700  955.4172
2021 04 23 02 43 00    -5.1073380   -1.9795591  954.4704  955.4151
2021 04 23 02 44 00    -5.1111497   -1.9813812  954.4708  955.4177
2021 04 23 02 45 00    -5.1148188   -1.9831093  954.4714  955.4227
2021 04 23 02 46 00    -5.1185365   -1.9850502  954.4723  955.4300
2021 04 23 02 47 00    -5.1222709   -1.9871670  954.4738  955.4372
2021 04 23 02 48 00    -5.1257401   -1.9890354  954.4753  955.4410
2021 04 23 02 49 00    -5.1288960   -1.9904861  954.4764  955.4450
2021 04 23 02 50 00    -5.1319658   -1.9917651  954.4773  955.4541
2021 04 23 02 51 00    -5.1349905   -1.9931457  954.4786  955.4676
2021 04 23 02 52 00    -5.1379728   -1.9947011  954.4801  955.4799
2021 04 23 02 53 00    -5.1410040   -1.9963233  954.4818  955.4874
2021 04 23 02 54 00    -5.1439217   -1.9978151  954.4835  955.4960
2021 04 23 02 55 00    -5.1466353   -1.9991465  954.4850  955.5078
2021 04 23 02 56 00    -5.1493461   -2.0004912  954.4867  955.5164
2021 04 23 02 57 00    -5.1519895   -2.0018156  954.4889  955.5252
2021 04 23 02 58 00    -5.1544150   -2.0029599  954.4915  955.5399
2021 04 23 02 59 00    -5.1567748   -2.0041010  954.4940  955.5546
2021 04 23 03 00 00    -5.1590595   -2.0053616  954.4964  955.5677
2021 04 23 03 01 00    -5.1611329   -2.0065106  954.4991  955.5826
2021 04 23 03 02 00    -5.1631627   -2.0075417  954.5019  955.5950
2021 04 23 03 03 00    -5.1652824   -2.0086242  954.5046  955.6049
2021 04 23 03 04 00    -5.1673464   -2.0096376  954.5075  955.6176
2021 04 23 03 05 00    -5.1692918   -2.0104943  954.5106  955.6299
2021 04 23 03 06 00    -5.1711192   -2.0113245  954.5136  955.6365
2021 04 23 03 07 00    -5.1726854   -2.0121153  954.5167  955.6377
2021 04 23 03 08 00    -5.1741247   -2.0128247  954.5197  955.6335
2021 04 23 03 09 00    -5.1757599   -2.0136115  954.5223  955.6253
2021 04 23 03 10 00    -5.1773932   -2.0145107  954.5249  955.6170
2021 04 23 03 11 00    -5.1787614   -2.0153455  954.5277  955.6120
2021 04 23 03 12 00    -5.1800296   -2.0159998  954.5301  955.6101
2021 04 23 03 13 00    -5.1811639   -2.0164506  954.5323  955.6100
2021 04 23 03 14 00    -5.1820430   -2.0168078  954.5349  955.6137
2021 04 23 03 15 00    -5.1829895   -2.0173093  954.5375  955.6222
2021 04 23 03 16 00    -5.1841481   -2.0179798  954.5397  955.6309
2021 04 23 03 17 00    -5.1850589   -2.0184961  954.5420  955.6371
2021 04 23 03 18 00    -5.1854712   -2.0186821  954.5447  955.6420
2021 04 23 03 19 00    -5.1858095   -2.0188146  954.5476  955.6466
2021 04 23 03 20 00    -5.1863989   -2.0190735  954.5504  955.6515
2021 04 23 03 21 00    -5.1869922   -2.0192880  954.5533  955.6552
2021 04 23 03 22 00    -5.1872970   -2.0193635  954.5560  955.6557
2021 04 23 03 23 00    -5.1873927   -2.0193829  954.5582  955.6531
2021 04 23 03 24 00    -5.1875810   -2.0194859  954.5606  955.6518
2021 04 23 03 25 00    -5.1878376   -2.0196668  954.5634  955.6551
2021 04 23 03 26 00    -5.1877500   -2.0196677  954.5661  955.6592
2021 04 23 03 27 00    -5.1873715   -2.0194913  954.5688  955.6651
2021 04 23 03 28 00    -5.1871885   -2.0194643  954.5714  955.6735
2021 04 23 03 29 00    -5.1870548   -2.0194715  954.5740  955.6764
2021 04 23 03 30 00    -5.1864838   -2.0191033  954.5768  955.6745
2021 04 23 03 31 00    -5.1857566   -2.0185708  954.5799  955.6766
2021 04 23 03 32 00    -5.1853439   -2.0183794  954.5826  955.6777
2021 04 23 03 33 00    -5.1849395   -2.0183785  954.5851  955.6737
2021 04 23 03 34 00    -5.1841462   -2.0180624  954.5876  955.6721
2021 04 23 03 35 00    -5.1831312   -2.0173770  954.5900  955.6735
2021 04 23 03 36 00    -5.1821911   -2.0167182  954.5923  955.6742
2021 04 23 03 37 00    -5.1813588   -2.0163370  954.5946  955.6764
2021 04 23 03 38 00    -5.1804327   -2.0159678  954.5971  955.6798
2021 04 23 03 39 00    -5.1792248   -2.0153244  954.5994  955.6817
2021 04 23 03 40 00    -5.1777795   -2.0145880  954.6015  955.6833
2021 04 23 03 41 00    -5.1763223   -2.0139524  954.6037  955.6870
2021 04 23 03 42 00    -5.1749424   -2.0132614  954.6064  955.6907
2021 04 23 03 43 00    -5.1734582   -2.0123675  954.6089  955.6922
2021 04 23 03 44 00    -5.1717604   -2.0114319  954.6111  955.6922
2021 04 23 03 45 00    -5.1699973   -2.0106629  954.6133  955.6923
2021 04 23 03 46 00    -5.1682763   -2.0099551  954.6160  955.6908
2021 04 23 03 47 00    -5.1664545   -2.0090900  954.6186  955.6867
2021 04 23 03 48 00    -5.1644290   -2.0080618  954.6209  955.6829
2021 04 23 03 49 00    -5.1623453   -2.0069842  954.6233  955.6806
2021 04 23 03 50 00    -5.1602426   -2.0058916  954.6254  955.6779
2021 04 23 03 51 00    -5.1580110   -2.0046998  954.6271  955.6753
2021 04 23 03 52 00    -5.1557247   -2.0034237  954.6286  955.6740
2021 04 23 03 53 00    -5.1534370   -2.0022648  954.6305  955.6729
2021 04 23 03 54 00    -5.1509849   -2.0011991  954.6326  955.6720
2021 04 23 03 55 00    -5.1482731   -1.9999103  954.6347  955.6733
2021 04 23 03 56 00    -5.1454742   -1.9983972  954.6364  955.6763
2021 04 23 03 57 00    -5.1428040   -1.9970145  954.6381  955.6773
2021 04 23 03 58 00    -5.1401230   -1.9957952  954.6401  955.6758
2021 04 23 03 59 00    -5.1372111   -1.9944434  954.6421  955.6747
2021 04 23 04 00 00    -5.1342158   -1.9929473  954.6438  955.6753
2021 04 23 04 01 00    -5.1312622   -1.9915173  954.6452  955.6763
2021 04 23 04 02 00    -5.1281797   -1.9900772  954.6467  955.6772
2021 04 23 04 03 00    -5.1248896   -1.9884276  954.6484  955.6765
2021 04 23 04 04 00    -5.1215763   -1.9866789  954.6505  955.6735
2021 04 23 04 05 00    -5.1183672   -1.9849703  954.6528  955.6716
2021 04 23 04 06 00    -5.1150760   -1.9831704  954.6547  955.6739
2021 04 23 04 07 00    -5.1114354   -1.9812566  954.6562  955.6810
2021 04 23 04 08 00    -5.1074411   -1.9793519  954.6578  955.6915
2021 04 23 04 09 00    -5.1033247   -1.9773574  954.6599  955.7024
2021 04 23 04 10 00    -5.0993363   -1.9752659  954.6624  955.7122
2021 04 23 04 11 00    -5.0955154   -1.9733897  954.6646  955.7225
2021 04 23 04 12 00    -5.0915956   -1.9716753  954.6668  955.7346
2021 04 23 04 13 00    -5.0874630   -1.9696557  954.6693  955.7485
2021 04 23 04 14 00    -5.0833713   -1.9673523  954.6718  955.7612
2021 04 23 04 15 00    -5.0792409   -1.9651557  954.6745  955.7700
2021 04 23 04 16 00    -5.0747773   -1.9630547  954.6774  955.7768
2021 04 23 04 17 00    -5.0702670   -1.9609084  954.6802  955.7822
2021 04 23 04 18 00    -5.0659301   -1.9587626  954.6827  955.7870
2021 04 23 04 19 00    -5.0613813   -1.9565169  954.6854  955.7951
2021 04 23 04 20 00    -5.0565010   -1.9540656  954.6885  955.8075
2021 04 23 04 21 00    -5.0515446   -1.9515598  954.6914  955.8228
2021 04 23 04 22 00    -5.0465802   -1.9491158  954.6942  955.8377
2021 04 23 04 23 00    -5.0416066   -1.9466620  954.6971  955.8492
2021 04 23 04 24 00    -5.0366341   -1.9441250  954.7004  955.8604
2021 04 23 04 25 00    -5.0316085   -1.9415629  954.7039  955.8765
2021 04 23 04 26 00    -5.0264411   -1.9390404  954.7077  955.8957
2021 04 23 04 27 00    -5.0211087   -1.9364559  954.7115  955.9104
2021 04 23 04 28 00    -5.0158595   -1.9337761  954.7154  955.9189
2021 04 23 04 29 00    -5.0107378   -1.9310765  954.7193  955.9263
2021 04 23 04 30 00    -5.0054116   -1.9283293  954.7230  955.9270
2021 04 23 04 31 00    -5.0000015   -1.9256024  954.7264  955.9153
2021 04 23 04 32 00    -4.9947396   -1.9229573  954.7295  955.9014
2021 04 23 04 33 00    -4.9893542   -1.9202637  954.7328  955.8918
2021 04 23 04 34 00    -4.9837026   -1.9175123  954.7359  955.8850
2021 04 23 04 35 00    -4.9779818   -1.9147617  954.7391  955.8831
2021 04 23 04 36 00    -4.9723856   -1.9119313  954.7423  955.8870
2021 04 23 04 37 00    -4.9668351   -1.9089882  954.7453  955.8937
2021 04 23 04 38 00    -4.9609898   -1.9059565  954.7480  955.9009
2021 04 23 04 39 00    -4.9548241   -1.9028349  954.7509  955.9057
2021 04 23 04 40 00    -4.9487137   -1.8997798  954.7541  955.9077
2021 04 23 04 41 00    -4.9427521   -1.8968756  954.7575  955.9106
2021 04 23 04 42 00    -4.9366066   -1.8938027  954.7605  955.9176
2021 04 23 04 43 00    -4.9302377   -1.8904754  954.7635  955.9288
2021 04 23 04 44 00    -4.9239389   -1.8873021  954.7670  955.9427
2021 04 23 04 45 00    -4.9175770   -1.8842960  954.7706  955.9568
2021 04 23 04 46 00    -4.9109438   -1.8810816  954.7743  955.9720
2021 04 23 04 47 00    -4.9043016   -1.8776743  954.7779  955.9876
2021 04 23 04 48 00    -4.8977887   -1.8743566  954.7817  955.9964
2021 04 23 04 49 00    -4.8913037   -1.8712073  954.7856  955.9970
2021 04 23 04 50 00    -4.8848089   -1.8680472  954.7895  955.9986
2021 04 23 04 51 00    -4.8781593   -1.8647065  954.7933  956.0043
2021 04 23 04 52 00    -4.8713261   -1.8612843  954.7971  956.0090
2021 04 23 04 53 00    -4.8645428   -1.8579207  954.8008  956.0119
2021 04 23 04 54 00    -4.8577820   -1.8545013  954.8045  956.0147
2021 04 23 04 55 00    -4.8507657   -1.8508709  954.8080  956.0206
2021 04 23 04 56 00    -4.8434639   -1.8470958  954.8117  956.0345
2021 04 23 04 57 00    -4.8360959   -1.8433663  954.8155  956.0528
2021 04 23 04 58 00    -4.8288275   -1.8397840  954.8194  956.0708
2021 04 23 04 59 00    -4.8215822   -1.8362156  954.8237  956.0927
2021 04 23 05 00 00    -4.8141853   -1.8324975  954.8284  956.1176
2021 04 23 05 01 00    -4.8066767   -1.8287919  954.8331  956.1393
2021 04 23 05 02 00    -4.7991873   -1.8251980  954.8377  956.1574
2021 04 23 05 03 00    -4.7917154   -1.8215073  954.8422  956.1736
2021 04 23 05 04 00    -4.7842920   -1.8177937  954.8470  956.1849
2021 04 23 05 05 00    -4.7769093   -1.8141651  954.8519  956.1873
2021 04 23 05 06 00    -4.7693803   -1.8103239  954.8566  956.1854
2021 04 23 05 07 00    -4.7616568   -1.8062515  954.8615  956.1897
2021 04 23 05 08 00    -4.7538904   -1.8022917  954.8665  956.2020
2021 04 23 05 09 00    -4.7461918   -1.7985017  954.8716  956.2152
2021 04 23 05 10 00    -4.7384537   -1.7946307  954.8765  956.2263
2021 04 23 05 11 00    -4.7303887   -1.7905120  954.8816  956.2400
2021 04 23 05 12 00    -4.7221359   -1.7863413  954.8867  956.2564
2021 04 23 05 13 00    -4.7141856   -1.7823765  954.8918  956.2676
2021 04 23 05 14 00    -4.7064081   -1.7785377  954.8969  956.2728
2021 04 23 05 15 00    -4.6983709   -1.7746172  954.9021  956.2790
2021 04 23 05 16 00    -4.6901940   -1.7705200  954.9075  956.2858
2021 04 23 05 17 00    -4.6820847   -1.7663568  954.9128  956.2906
2021 04 23 05 18 00    -4.6738797   -1.7622798  954.9179  956.2970
2021 04 23 05 19 00    -4.6655283   -1.7581856  954.9229  956.3057
2021 04 23 05 20 00    -4.6572201   -1.7539986  954.9281  956.3116
2021 04 23 05 21 00    -4.6489220   -1.7497845  954.9334  956.3160
2021 04 23 05 22 00    -4.6404532   -1.7454855  954.9387  956.3266
2021 04 23 05 23 00    -4.6318390   -1.7411299  954.9438  956.3416
2021 04 23 05 24 00    -4.6232634   -1.7368815  954.9490  956.3537
2021 04 23 05 25 00    -4.6148660   -1.7327102  954.9543  956.3604
2021 04 23 05 26 00    -4.6065251   -1.7284969  954.9596  956.3651
2021 04 23 05 27 00    -4.5979971   -1.7242543  954.9651  956.3735
2021 04 23 05 28 00    -4.5893303   -1.7199782  954.9707  956.3809
2021 04 23 05 29 00    -4.5806828   -1.7155796  954.9762  956.3787
2021 04 23 05 30 00    -4.5720028   -1.7110802  954.9813  956.3735
2021 04 23 05 31 00    -4.5633379   -1.7066924  954.9862  956.3725
2021 04 23 05 32 00    -4.5548389   -1.7025483  954.9912  956.3709
2021 04 23 05 33 00    -4.5463467   -1.6984248  954.9965  956.3673
2021 04 23 05 34 00    -4.5375694   -1.6939986  955.0015  956.3673
2021 04 23 05 35 00    -4.5285699   -1.6893807  955.0064  956.3720
2021 04 23 05 36 00    -4.5196564   -1.6849818  955.0114  956.3774
2021 04 23 05 37 00    -4.5107536   -1.6807469  955.0167  956.3818
2021 04 23 05 38 00    -4.5016198   -1.6762569  955.0220  956.3853
2021 04 23 05 39 00    -4.4925719   -1.6715948  955.0270  956.3869
2021 04 23 05 40 00    -4.4839049   -1.6671544  955.0317  956.3882
2021 04 23 05 41 00    -4.4751754   -1.6628305  955.0364  956.3926
2021 04 23 05 42 00    -4.4659826   -1.6583069  955.0414  956.4018
2021 04 23 05 43 00    -4.4566468   -1.6537230  955.0466  956.4123
2021 04 23 05 44 00    -4.4474938   -1.6492276  955.0518  956.4193
2021 04 23 05 45 00    -4.4383634   -1.6445869  955.0567  956.4235
2021 04 23 05 46 00    -4.4291870   -1.6398150  955.0616  956.4264
2021 04 23 05 47 00    -4.4201332   -1.6352275  955.0666  956.4279
2021 04 23 05 48 00    -4.4111368   -1.6308275  955.0720  956.4321
2021 04 23 05 49 00    -4.4019267   -1.6263616  955.0773  956.4382
2021 04 23 05 50 00    -4.3925341   -1.6216935  955.0822  956.4437
2021 04 23 05 51 00    -4.3832708   -1.6168540  955.0872  956.4509
2021 04 23 05 52 00    -4.3740401   -1.6119773  955.0925  956.4566
2021 04 23 05 53 00    -4.3645672   -1.6072442  955.0978  956.4574
2021 04 23 05 54 00    -4.3551322   -1.6026704  955.1029  956.4597
2021 04 23 05 55 00    -4.3459473   -1.5980755  955.1077  956.4648
2021 04 23 05 56 00    -4.3366603   -1.5933900  955.1126  956.4683
2021 04 23 05 57 00    -4.3271282   -1.5886771  955.1179  956.4717
2021 04 23 05 58 00    -4.3176058   -1.5839872  955.1230  956.4750
2021 04 23 05 59 00    -4.3081646   -1.5793280  955.1277  956.4745
2021 04 23 06 00 00    -4.2987264   -1.5745867  955.1324  956.4741
2021 04 23 06 01 00    -4.2892484   -1.5696978  955.1374  956.4795
2021 04 23 06 02 00    -4.2796335   -1.5648153  955.1424  956.4897
2021 04 23 06 03 00    -4.2699998   -1.5600725  955.1474  956.5001
2021 04 23 06 04 00    -4.2605371   -1.5553747  955.1525  956.5071
2021 04 23 06 05 00    -4.2510167   -1.5505470  955.1577  956.5119
2021 04 23 06 06 00    -4.2412694   -1.5456102  955.1630  956.5217
2021 04 23 06 07 00    -4.2315400   -1.5407419  955.1683  956.5358
2021 04 23 06 08 00    -4.2220102   -1.5360245  955.1735  956.5457
2021 04 23 06 09 00    -4.2126119   -1.5313526  955.1786  956.5505
2021 04 23 06 10 00    -4.2031100   -1.5265636  955.1840  956.5552
2021 04 23 06 11 00    -4.1933619   -1.5217002  955.1896  956.5619
2021 04 23 06 12 00    -4.1836337   -1.5169397  955.1952  956.5702
2021 04 23 06 13 00    -4.1741822   -1.5123060  955.2009  956.5777
2021 04 23 06 14 00    -4.1647964   -1.5076432  955.2065  956.5805
2021 04 23 06 15 00    -4.1551893   -1.5027912  955.2117  956.5813
2021 04 23 06 16 00    -4.1454127   -1.4978242  955.2168  956.5841
2021 04 23 06 17 00    -4.1356703   -1.4929192  955.2220  956.5866
2021 04 23 06 18 00    -4.1259948   -1.4880516  955.2276  956.5858
2021 04 23 06 19 00    -4.1162780   -1.4831743  955.2332  956.5848
2021 04 23 06 20 00    -4.1065833   -1.4783401  955.2383  956.5853
2021 04 23 06 21 00    -4.0970287   -1.4735333  955.2432  956.5851
2021 04 23 06 22 00    -4.0873756   -1.4686782  955.2484  956.5835
2021 04 23 06 23 00    -4.0774963   -1.4637936  955.2536  956.5843
2021 04 23 06 24 00    -4.0677781   -1.4590000  955.2585  956.5865
2021 04 23 06 25 00    -4.0583413   -1.4542884  955.2634  956.5847
2021 04 23 06 26 00    -4.0488640   -1.4495409  955.2684  956.5795
2021 04 23 06 27 00    -4.0392907   -1.4447518  955.2734  956.5751
2021 04 23 06 28 00    -4.0297903   -1.4400005  955.2782  956.5709
2021 04 23 06 29 00    -4.0203487   -1.4353279  955.2830  956.5649
2021 04 23 06 30 00    -4.0108384   -1.4306238  955.2879  956.5572
2021 04 23 06 31 00    -4.0012184   -1.4257387  955.2926  956.5498
2021 04 23 06 32 00    -3.9915940   -1.4208015  955.2972  956.5449
2021 04 23 06 33 00    -3.9820938   -1.4160695  955.3016  956.5435
2021 04 23 06 34 00    -3.9725853   -1.4114062  955.3061  956.5456
2021 04 23 06 35 00    -3.9628730   -1.4065320  955.3106  956.5499
2021 04 23 06 36 00    -3.9530632   -1.4015984  955.3150  956.5539
2021 04 23 06 37 00    -3.9433074   -1.3967489  955.3195  956.5582
2021 04 23 06 38 00    -3.9337357   -1.3918765  955.3242  956.5654
2021 04 23 06 39 00    -3.9243573   -1.3870429  955.3288  956.5749
2021 04 23 06 40 00    -3.9148201   -1.3822659  955.3333  956.5836
2021 04 23 06 41 00    -3.9051149   -1.3774740  955.3378  956.5911
2021 04 23 06 42 00    -3.8955610   -1.3727309  955.3425  956.6007
2021 04 23 06 43 00    -3.8859801   -1.3679567  955.3474  956.6141
2021 04 23 06 44 00    -3.8763010   -1.3630747  955.3523  956.6276
2021 04 23 06 45 00    -3.8667996   -1.3582132  955.3572  956.6379
2021 04 23 06 46 00    -3.8573126   -1.3533787  955.3623  956.6415
2021 04 23 06 47 00    -3.8476906   -1.3485174  955.3676  956.6399
2021 04 23 06 48 00    -3.8382231   -1.3437480  955.3726  956.6432
2021 04 23 06 49 00    -3.8288948   -1.3391409  955.3774  956.6540
2021 04 23 06 50 00    -3.8193791   -1.3345095  955.3824  956.6652
2021 04 23 06 51 00    -3.8097588   -1.3297399  955.3876  956.6739
2021 04 23 06 52 00    -3.8003317   -1.3249866  955.3930  956.6776
2021 04 23 06 53 00    -3.7910513   -1.3202829  955.3982  956.6779
2021 04 23 06 54 00    -3.7817045   -1.3155291  955.4034  956.6845
2021 04 23 06 55 00    -3.7723116   -1.3108478  955.4086  956.6962
2021 04 23 06 56 00    -3.7630838   -1.3063258  955.4136  956.7013
2021 04 23 06 57 00    -3.7539033   -1.3016804  955.4186  956.6995
2021 04 23 06 58 00    -3.7444868   -1.2968039  955.4239  956.6999
2021 04 23 06 59 00    -3.7351959   -1.2921177  955.4293  956.7070
2021 04 23 07 00 00    -3.7263079   -1.2877793  955.4345  956.7180
2021 04 23 07 01 00    -3.7172644   -1.2833515  955.4395  956.7254
2021 04 23 07 02 00    -3.7078892   -1.2786452  955.4447  956.7259
2021 04 23 07 03 00    -3.6986324   -1.2739516  955.4500  956.7250
2021 04 23 07 04 00    -3.6895669   -1.2694244  955.4553  956.7289
2021 04 23 07 05 00    -3.6805581   -1.2649612  955.4603  956.7379
2021 04 23 07 06 00    -3.6715145   -1.2604314  955.4653  956.7480
2021 04 23 07 07 00    -3.6622708   -1.2557610  955.4704  956.7564
2021 04 23 07 08 00    -3.6529941   -1.2510970  955.4758  956.7661
2021 04 23 07 09 00    -3.6440639   -1.2466533  955.4814  956.7820
2021 04 23 07 10 00    -3.6353798   -1.2423410  955.4869  956.7995
2021 04 23 07 11 00    -3.6266045   -1.2380325  955.4924  956.8109
2021 04 23 07 12 00    -3.6177974   -1.2337798  955.4978  956.8142
2021 04 23 07 13 00    -3.6090463   -1.2294465  955.5030  956.8053
2021 04 23 07 14 00    -3.6001432   -1.2248461  955.5082  956.7908
2021 04 23 07 15 00    -3.5911283   -1.2201734  955.5133  956.7893
2021 04 23 07 16 00    -3.5823371   -1.2157485  955.5183  956.7973
2021 04 23 07 17 00    -3.5738428   -1.2116094  955.5233  956.8007
2021 04 23 07 18 00    -3.5653536   -1.2074596  955.5283  956.8069
2021 04 23 07 19 00    -3.5566346   -1.2030034  955.5335  956.8266
2021 04 23 07 20 00    -3.5478772   -1.1984754  955.5390  956.8496
2021 04 23 07 21 00    -3.5393404   -1.1943099  955.5446  956.8584
2021 04 23 07 22 00    -3.5309414   -1.1903637  955.5501  956.8491
2021 04 23 07 23 00    -3.5225707   -1.1862404  955.5554  956.8327
2021 04 23 07 24 00    -3.5141627   -1.1819155  955.5604  956.8228
2021 04 23 07 25 00    -3.5056460   -1.1776012  955.5657  956.8238
2021 04 23 07 26 00    -3.4972468   -1.1734192  955.5713  956.8290
2021 04 23 07 27 00    -3.4891381   -1.1693090  955.5767  956.8338
2021 04 23 07 28 00    -3.4811198   -1.1652522  955.5818  956.8393
2021 04 23 07 29 00    -3.4730853   -1.1612603  955.5865  956.8402
2021 04 23 07 30 00    -3.4650346   -1.1571680  955.5912  956.8308
2021 04 23 07 31 00    -3.4569255   -1.1529904  955.5959  956.8229
2021 04 23 07 32 00    -3.4488913   -1.1489416  955.6005  956.8266
2021 04 23 07 33 00    -3.4409895   -1.1449710  955.6054  956.8310
2021 04 23 07 34 00    -3.4330049   -1.1409524  955.6104  956.8285
2021 04 23 07 35 00    -3.4249015   -1.1369587  955.6152  956.8247
2021 04 23 07 36 00    -3.4169573   -1.1330679  955.6199  956.8246
2021 04 23 07 37 00    -3.4091924   -1.1292132  955.6246  956.8318
2021 04 23 07 38 00    -3.4013574   -1.1253013  955.6293  956.8429
2021 04 23 07 39 00    -3.3935268   -1.1213655  955.6341  956.8485
2021 04 23 07 40 00    -3.3858598   -1.1174977  955.6389  956.8515
2021 04 23 07 41 00    -3.3781532   -1.1136869  955.6438  956.8600
2021 04 23 07 42 00    -3.3702558   -1.1098191  955.6489  956.8707
2021 04 23 07 43 00    -3.3625347   -1.1059452  955.6541  956.8781
2021 04 23 07 44 00    -3.3553051   -1.1022407  955.6589  956.8819
2021 04 23 07 45 00    -3.3481745   -1.0986200  955.6634  956.8826
2021 04 23 07 46 00    -3.3407967   -1.0949484  955.6679  956.8809
2021 04 23 07 47 00    -3.3333697   -1.0912771  955.6728  956.8753
2021 04 23 07 48 00    -3.3259602   -1.0876014  955.6778  956.8626
2021 04 23 07 49 00    -3.3185225   -1.0839504  955.6828  956.8505
2021 04 23 07 50 00    -3.3112830   -1.0804185  955.6877  956.8532
2021 04 23 07 51 00    -3.3043070   -1.0769013  955.6923  956.8672
2021 04 23 07 52 00    -3.2972569   -1.0732801  955.6970  956.8774
2021 04 23 07 53 00    -3.2900239   -1.0696642  955.7018  956.8803
2021 04 23 07 54 00    -3.2829227   -1.0661354  955.7063  956.8779
2021 04 23 07 55 00    -3.2760427   -1.0625905  955.7108  956.8690
2021 04 23 07 56 00    -3.2693489   -1.0590702  955.7156  956.8615
2021 04 23 07 57 00    -3.2629660   -1.0557675  955.7202  956.8641
2021 04 23 07 58 00    -3.2566100   -1.0525675  955.7243  956.8647
2021 04 23 07 59 00    -3.2498639   -1.0491934  955.7280  956.8503
2021 04 23 08 00 00    -3.2429274   -1.0456867  955.7320  956.8320
2021 04 23 08 01 00    -3.2361945   -1.0422633  955.7360  956.8263
2021 04 23 08 02 00    -3.2297504   -1.0390179  955.7397  956.8302
2021 04 23 08 03 00    -3.2234338   -1.0358840  955.7434  956.8354
2021 04 23 08 04 00    -3.2170470   -1.0327189  955.7474  956.8422
2021 04 23 08 05 00    -3.2106566   -1.0295291  955.7514  956.8476
2021 04 23 08 06 00    -3.2043864   -1.0264042  955.7550  956.8489
2021 04 23 08 07 00    -3.1981375   -1.0233364  955.7586  956.8540
2021 04 23 08 08 00    -3.1920057   -1.0204143  955.7623  956.8641
2021 04 23 08 09 00    -3.1861597   -1.0176542  955.7661  956.8677
2021 04 23 08 10 00    -3.1803038   -1.0147434  955.7701  956.8652
2021 04 23 08 11 00    -3.1741797   -1.0115654  955.7744  956.8643
2021 04 23 08 12 00    -3.1679824   -1.0083885  955.7785  956.8646
2021 04 23 08 13 00    -3.1620190   -1.0054023  955.7825  956.8664
2021 04 23 08 14 00    -3.1563993   -1.0026076  955.7864  956.8729
2021 04 23 08 15 00    -3.1507980   -0.9998423  955.7904  956.8784
2021 04 23 08 16 00    -3.1449624   -0.9969077  955.7944  956.8770
2021 04 23 08 17 00    -3.1392217   -0.9938907  955.7981  956.8768
2021 04 23 08 18 00    -3.1337976   -0.9910327  955.8018  956.8853
2021 04 23 08 19 00    -3.1284673   -0.9883278  955.8057  956.8945
2021 04 23 08 20 00    -3.1230123   -0.9856128  955.8098  956.8919
2021 04 23 08 21 00    -3.1175255   -0.9829621  955.8137  956.8759
2021 04 23 08 22 00    -3.1123146   -0.9804949  955.8172  956.8593
2021 04 23 08 23 00    -3.1073481   -0.9779967  955.8206  956.8536
2021 04 23 08 24 00    -3.1023070   -0.9753521  955.8242  956.8555
2021 04 23 08 25 00    -3.0971696   -0.9727962  955.8280  956.8607
2021 04 23 08 26 00    -3.0921083   -0.9703723  955.8316  956.8675
2021 04 23 08 27 00    -3.0872005   -0.9678993  955.8350  956.8660
2021 04 23 08 28 00    -3.0824335   -0.9654444  955.8380  956.8578
2021 04 23 08 29 00    -3.0776965   -0.9631335  955.8411  956.8657
2021 04 23 08 30 00    -3.0728755   -0.9607825  955.8446  956.8995
2021 04 23 08 31 00    -3.0680661   -0.9583001  955.8485  956.9329
2021 04 23 08 32 00    -3.0634851   -0.9559436  955.8523  956.9348
2021 04 23 08 33 00    -3.0591552   -0.9538329  955.8559  956.9052
2021 04 23 08 34 00    -3.0549345   -0.9517631  955.8591  956.8683
2021 04 23 08 35 00    -3.0506323   -0.9495313  955.8619  956.8483
2021 04 23 08 36 00    -3.0460985   -0.9472428  955.8647  956.8542
2021 04 23 08 37 00    -3.0415579   -0.9452102  955.8679  956.8713
2021 04 23 08 38 00    -3.0373727   -0.9434022  955.8710  956.8769
2021 04 23 08 39 00    -3.0334882   -0.9414503  955.8738  956.8690
2021 04 23 08 40 00    -3.0296710   -0.9392819  955.8768  956.8650
2021 04 23 08 41 00    -3.0257683   -0.9371319  955.8802  956.8741
2021 04 23 08 42 00    -3.0217613   -0.9350791  955.8839  956.8871
2021 04 23 08 43 00    -3.0178898   -0.9330833  955.8874  956.8931
2021 04 23 08 44 00    -3.0142599   -0.9312692  955.8905  956.8932
2021 04 23 08 45 00    -3.0106358   -0.9296244  955.8934  956.8887
2021 04 23 08 46 00    -3.0068622   -0.9278352  955.8964  956.8725
2021 04 23 08 47 00    -3.0031639   -0.9259725  955.8989  956.8462
2021 04 23 08 48 00    -2.9998957   -0.9244076  955.9013  956.8294
2021 04 23 08 49 00    -2.9968850   -0.9229154  955.9041  956.8405
2021 04 23 08 50 00    -2.9936639   -0.9211520  955.9071  956.8687
2021 04 23 08 51 00    -2.9903631   -0.9194246  955.9099  956.8829
2021 04 23 08 52 00    -2.9873011   -0.9179524  955.9129  956.8733
2021 04 23 08 53 00    -2.9843445   -0.9165266  955.9158  956.8595
2021 04 23 08 54 00    -2.9813292   -0.9150653  955.9182  956.8639
2021 04 23 08 55 00    -2.9782756   -0.9135843  955.9210  956.8913
2021 04 23 08 56 00    -2.9753148   -0.9121193  955.9239  956.9264
2021 04 23 08 57 00    -2.9725632   -0.9107222  955.9265  956.9470
2021 04 23 08 58 00    -2.9699058   -0.9093010  955.9290  956.9394
2021 04 23 08 59 00    -2.9673050   -0.9079072  955.9318  956.9099
2021 04 23 09 00 00    -2.9648679   -0.9067292  955.9342  956.8872
2021 04 23 09 01 00    -2.9625023   -0.9056803  955.9363  956.8919
2021 04 23 09 02 00    -2.9601921   -0.9046218  955.9387  956.9026
2021 04 23 09 03 00    -2.9580690   -0.9035651  955.9413  956.8865
2021 04 23 09 04 00    -2.9559997   -0.9024808  955.9433  956.8512
2021 04 23 09 05 00    -2.9537604   -0.9013767  955.9448  956.8225
2021 04 23 09 06 00    -2.9514457   -0.9002697  955.9464  956.8056
2021 04 23 09 07 00    -2.9494320   -0.8991913  955.9486  956.8020
2021 04 23 09 08 00    -2.9478725   -0.8983254  955.9509  956.8111
2021 04 23 09 09 00    -2.9463694   -0.8976184  955.9527  956.8145
2021 04 23 09 10 00    -2.9446409   -0.8967768  955.9542  956.8025
2021 04 23 09 11 00    -2.9429618   -0.8958812  955.9557  956.7907
2021 04 23 09 12 00    -2.9414421   -0.8951136  955.9570  956.7877
2021 04 23 09 13 00    -2.9399029   -0.8943071  955.9582  956.7840
2021 04 23 09 14 00    -2.9384106   -0.8934477  955.9590  956.7803
2021 04 23 09 15 00    -2.9369861   -0.8927254  955.9597  956.7849
2021 04 23 09 16 00    -2.9354632   -0.8920436  955.9605  956.7958
2021 04 23 09 17 00    -2.9339241   -0.8912834  955.9614  956.8099
2021 04 23 09 18 00    -2.9326950   -0.8906219  955.9625  956.8238
2021 04 23 09 19 00    -2.9318704   -0.8901570  955.9634  956.8239
2021 04 23 09 20 00    -2.9310318   -0.8896807  955.9643  956.8140
2021 04 23 09 21 00    -2.9299716   -0.8891905  955.9654  956.8084
2021 04 23 09 22 00    -2.9289932   -0.8889380  955.9671  956.7997
2021 04 23 09 23 00    -2.9281974   -0.8887780  955.9687  956.7872
2021 04 23 09 24 00    -2.9276809   -0.8884823  955.9699  956.7848
2021 04 23 09 25 00    -2.9274453   -0.8881474  955.9705  956.7841
2021 04 23 09 26 00    -2.9269580   -0.8877658  955.9705  956.7737
2021 04 23 09 27 00    -2.9261176   -0.8873550  955.9706  956.7698
2021 04 23 09 28 00    -2.9254674   -0.8871171  955.9716  956.7933
2021 04 23 09 29 00    -2.9251537   -0.8870129  955.9734  956.8397
2021 04 23 09 30 00    -2.9248889   -0.8868491  955.9754  956.8727
2021 04 23 09 31 00    -2.9245556   -0.8866533  955.9768  956.8627
2021 04 23 09 32 00    -2.9242623   -0.8865682  955.9776  956.8422
2021 04 23 09 33 00    -2.9241670   -0.8865766  955.9784  956.8541
2021 04 23 09 34 00    -2.9242729   -0.8865219  955.9795  956.8660
2021 04 23 09 35 00    -2.9243785   -0.8864486  955.9808  956.8344
2021 04 23 09 36 00    -2.9245198   -0.8865641  955.9822  956.7991
2021 04 23 09 37 00    -2.9248683   -0.8867557  955.9838  956.8101
2021 04 23 09 38 00    -2.9252179   -0.8868131  955.9852  956.8367
2021 04 23 09 39 00    -2.9254190   -0.8868859  955.9866  956.8411
2021 04 23 09 40 00    -2.9257393   -0.8871288  955.9877  956.8357
2021 04 23 09 41 00    -2.9263389   -0.8874467  955.9888  956.8282
2021 04 23 09 42 00    -2.9270876   -0.8877871  955.9901  956.8202
2021 04 23 09 43 00    -2.9279019   -0.8881984  955.9918  956.8250
2021 04 23 09 44 00    -2.9287378   -0.8886122  955.9936  956.8344
2021 04 23 09 45 00    -2.9295432   -0.8889410  955.9949  956.8357
2021 04 23 09 46 00    -2.9304154   -0.8892997  955.9958  956.8359
2021 04 23 09 47 00    -2.9314343   -0.8897955  955.9966  956.8296
2021 04 23 09 48 00    -2.9325517   -0.8903511  955.9974  956.8075
2021 04 23 09 49 00    -2.9337270   -0.8909337  955.9982  956.7959
2021 04 23 09 50 00    -2.9349494   -0.8915932  955.9995  956.8211
2021 04 23 09 51 00    -2.9362686   -0.8922760  956.0014  956.8587
2021 04 23 09 52 00    -2.9376725   -0.8929459  956.0033  956.8770
2021 04 23 09 53 00    -2.9390650   -0.8937170  956.0049  956.8745
2021 04 23 09 54 00    -2.9405278   -0.8945706  956.0059  956.8566
2021 04 23 09 55 00    -2.9421701   -0.8953171  956.0063  956.8329
2021 04 23 09 56 00    -2.9439162   -0.8960191  956.0064  956.8175
2021 04 23 09 57 00    -2.9456947   -0.8969117  956.0065  956.8165
2021 04 23 09 58 00    -2.9475123   -0.8979407  956.0067  956.8244
2021 04 23 09 59 00    -2.9494096   -0.8989217  956.0070  956.8298
2021 04 23 10 00 00    -2.9514404   -0.8998822  956.0073  956.8343
2021 04 23 10 01 00    -2.9535807   -0.9008618  956.0080  956.8451
2021 04 23 10 02 00    -2.9557678   -0.9018630  956.0091  956.8530
2021 04 23 10 03 00    -2.9580763   -0.9030475  956.0105  956.8478
2021 04 23 10 04 00    -2.9605606   -0.9044011  956.0115  956.8235
2021 04 23 10 05 00    -2.9629188   -0.9055707  956.0118  956.7824
2021 04 23 10 06 00    -2.9650114   -0.9065337  956.0115  956.7603
2021 04 23 10 07 00    -2.9673399   -0.9077082  956.0112  956.7762
2021 04 23 10 08 00    -2.9701109   -0.9091193  956.0110  956.7871
2021 04 23 10 09 00    -2.9729002   -0.9104418  956.0107  956.7718
2021 04 23 10 10 00    -2.9755933   -0.9117597  956.0103  956.7645
2021 04 23 10 11 00    -2.9783907   -0.9133064  956.0098  956.7668
2021 04 23 10 12 00    -2.9812904   -0.9149023  956.0091  956.7528
2021 04 23 10 13 00    -2.9842600   -0.9163545  956.0080  956.7404
2021 04 23 10 14 00    -2.9872918   -0.9178224  956.0067  956.7429
2021 04 23 10 15 00    -2.9902856   -0.9193922  956.0055  956.7285
2021 04 23 10 16 00    -2.9933490   -0.9209580  956.0048  956.6883
2021 04 23 10 17 00    -2.9966725   -0.9225739  956.0042  956.6517
2021 04 23 10 18 00    -3.0000859   -0.9243508  956.0027  956.6382
2021 04 23 10 19 00    -3.0034298   -0.9261781  955.9995  956.6416
2021 04 23 10 20 00    -3.0068374   -0.9278809  956.0011  956.6467
2021 04 23 10 21 00    -3.0103088   -0.9295055  956.0163  956.6487
2021 04 23 10 22 00    -3.0136434   -0.9311509  956.0384  956.6521
2021 04 23 10 23 00    -3.0168884   -0.9327616  956.0517  956.6581
2021 04 23 10 24 00    -3.0203771   -0.9344266  956.0541  956.6700
2021 04 23 10 25 00    -3.0241488   -0.9363366  956.0522  956.6973
2021 04 23 10 26 00    -3.0278859   -0.9383394  956.0460  956.7246
2021 04 23 10 27 00    -3.0315422   -0.9401992  956.0347  956.7159
2021 04 23 10 28 00    -3.0353617   -0.9420374  956.0404  956.6779
2021 04 23 10 29 00    -3.0394039   -0.9440329  956.0946  956.6555
2021 04 23 10 30 00    -3.0435133   -0.9460799  956.1674  956.6607
2021 04 23 10 31 00    -3.0475741   -0.9480309  956.1849  956.6622
2021 04 23 10 32 00    -3.0516401   -0.9500196  956.1438  956.6393
2021 04 23 10 33 00    -3.0558065   -0.9522033  956.1022  956.6130
2021 04 23 10 34 00    -3.0600409   -0.9544312  956.0805  956.6087
2021 04 23 10 35 00    -3.0642808   -0.9565746  956.0642  956.6163
2021 04 23 10 36 00    -3.0685306   -0.9587064  956.0489  956.6218
2021 04 23 10 37 00    -3.0728026   -0.9608280  956.0366  956.6361
2021 04 23 10 38 00    -3.0771979   -0.9629875  956.0271  956.6532
2021 04 23 10 39 00    -3.0818754   -0.9653804  956.0191  956.6431
2021 04 23 10 40 00    -3.0866825   -0.9679436  956.0121  956.6156
2021 04 23 10 41 00    -3.0913095   -0.9703755  956.0063  956.6089
2021 04 23 10 42 00    -3.0958444   -0.9726438  956.0015  956.6199
2021 04 23 10 43 00    -3.1005403   -0.9749227  955.9970  956.6262
2021 04 23 10 44 00    -3.1053777   -0.9772219  955.9926  956.6299
2021 04 23 10 45 00    -3.1101867   -0.9794659  955.9885  956.6348
2021 04 23 10 46 00    -3.1149469   -0.9817541  955.9845  956.6339
2021 04 23 10 47 00    -3.1198905   -0.9842782  955.9808  956.6263
2021 04 23 10 48 00    -3.1250880   -0.9870107  955.9782  956.6133
2021 04 23 10 49 00    -3.1301984   -0.9896865  955.9763  956.5939
2021 04 23 10 50 00    -3.1351545   -0.9921663  955.9737  956.5789
2021 04 23 10 51 00    -3.1404141   -0.9947139  955.9703  956.5818
2021 04 23 10 52 00    -3.1459551   -0.9975056  955.9668  956.6028
2021 04 23 10 53 00    -3.1512475   -1.0001970  955.9641  956.6309
2021 04 23 10 54 00    -3.1563965   -1.0026616  955.9624  956.6454
2021 04 23 10 55 00    -3.1617603   -1.0052474  955.9613  956.6322
2021 04 23 10 56 00    -3.1672454   -1.0080984  955.9597  956.6038
2021 04 23 10 57 00    -3.1728444   -1.0110061  955.9572  956.5853
2021 04 23 10 58 00    -3.1785442   -1.0137198  955.9543  956.5877
2021 04 23 10 59 00    -3.1841067   -1.0163483  955.9519  956.5903
2021 04 23 11 00 00    -3.1895351   -1.0191787  955.9504  956.5763
2021 04 23 11 01 00    -3.1950814   -1.0221506  955.9492  956.5774
2021 04 23 11 02 00    -3.2009146   -1.0251093  955.9473  956.6048
2021 04 23 11 03 00    -3.2068796   -1.0280063  955.9443  956.6090
2021 04 23 11 04 00    -3.2127905   -1.0308231  955.9413  956.5850
2021 04 23 11 05 00    -3.2187230   -1.0336871  955.9393  956.5857
2021 04 23 11 06 00    -3.2246003   -1.0366717  955.9389  956.6206
2021 04 23 11 07 00    -3.2303924   -1.0397392  955.9395  956.6603
2021 04 23 11 08 00    -3.2363737   -1.0428942  955.9407  956.6845
2021 04 23 11 09 00    -3.2425023   -1.0460090  955.9418  956.6756
2021 04 23 11 10 00    -3.2484697   -1.0489147  955.9417  956.6344
2021 04 23 11 11 00    -3.2543658   -1.0517860  955.9403  956.5971
2021 04 23 11 12 00    -3.2605121   -1.0548839  955.9383  956.5883
2021 04 23 11 13 00    -3.2668073   -1.0580403  955.9369  956.5984
2021 04 23 11 14 00    -3.2730106   -1.0610867  955.9365  956.6190
2021 04 23 11 15 00    -3.2792822   -1.0642226  955.9364  956.6473
2021 04 23 11 16 00    -3.2857036   -1.0674808  955.9365  956.6641
2021 04 23 11 17 00    -3.2920527   -1.0706853  955.9369  956.6563
2021 04 23 11 18 00    -3.2982507   -1.0738285  955.9373  956.6429
2021 04 23 11 19 00    -3.3044663   -1.0770037  955.9373  956.6443
2021 04 23 11 20 00    -3.3109354   -1.0802720  955.9375  956.6543
2021 04 23 11 21 00    -3.3176453   -1.0836129  955.9382  956.6589
2021 04 23 11 22 00    -3.3243322   -1.0869511  955.9388  956.6511
2021 04 23 11 23 00    -3.3309953   -1.0902808  955.9385  956.6317
2021 04 23 11 24 00    -3.3378137   -1.0936505  955.9384  956.6107
2021 04 23 11 25 00    -3.3445587   -1.0970027  955.9386  956.5971
2021 04 23 11 26 00    -3.3510235   -1.1002624  955.9380  956.5935
2021 04 23 11 27 00    -3.3576574   -1.1035939  955.9361  956.5914
2021 04 23 11 28 00    -3.3647202   -1.1071119  955.9339  956.5759
2021 04 23 11 29 00    -3.3717100   -1.1105638  955.9324  956.5552
2021 04 23 11 30 00    -3.3784011   -1.1138456  955.9317  956.5572
2021 04 23 11 31 00    -3.3851465   -1.1172337  955.9316  956.5892
2021 04 23 11 32 00    -3.3920355   -1.1207686  955.9315  956.6262
2021 04 23 11 33 00    -3.3989798   -1.1242412  955.9316  956.6378
2021 04 23 11 34 00    -3.4060554   -1.1277038  955.9318  956.6217
2021 04 23 11 35 00    -3.4131298   -1.1312729  955.9314  956.5995
2021 04 23 11 36 00    -3.4201064   -1.1348405  955.9304  956.5813
2021 04 23 11 37 00    -3.4272708   -1.1383331  955.9294  956.5627
2021 04 23 11 38 00    -3.4346233   -1.1418935  955.9284  956.5477
2021 04 23 11 39 00    -3.4417864   -1.1455987  955.9266  956.5480
2021 04 23 11 40 00    -3.4488334   -1.1492845  955.9244  956.5571
2021 04 23 11 41 00    -3.4561319   -1.1529121  955.9220  956.5509
2021 04 23 11 42 00    -3.4635286   -1.1565559  955.9198  956.5217
2021 04 23 11 43 00    -3.4707934   -1.1602110  955.9181  956.4836
2021 04 23 11 44 00    -3.4781506   -1.1639834  955.9164  956.4508
2021 04 23 11 45 00    -3.4855740   -1.1677735  955.9130  956.4245
2021 04 23 11 46 00    -3.4928731   -1.1713556  955.9079  956.3992
2021 04 23 11 47 00    -3.5002059   -1.1749217  955.9028  956.3911
2021 04 23 11 48 00    -3.5075209   -1.1786080  955.8992  956.4118
2021 04 23 11 49 00    -3.5146870   -1.1822895  955.8968  956.4188
2021 04 23 11 50 00    -3.5219670   -1.1859686  955.8943  956.3926
2021 04 23 11 51 00    -3.5294059   -1.1896646  955.8916  956.3872
2021 04 23 11 52 00    -3.5367650   -1.1933895  955.8890  956.4201
2021 04 23 11 53 00    -3.5440537   -1.1971093  955.8866  956.4375
2021 04 23 11 54 00    -3.5513081   -1.2006794  955.8839  956.4178
2021 04 23 11 55 00    -3.5584988   -1.2041719  955.8815  956.3989
2021 04 23 11 56 00    -3.5657992   -1.2077972  955.8794  956.4094
2021 04 23 11 57 00    -3.5732497   -1.2115268  955.8771  956.4339
2021 04 23 11 58 00    -3.5805908   -1.2151748  955.8744  956.4432
2021 04 23 11 59 00    -3.5878716   -1.2187365  955.8725  956.4389
2021 04 23 12 00 00    -3.5953910   -1.2223732  955.8716  956.4459
2021 04 23 12 01 00    -3.6030273   -1.2261024  955.8711  956.4659
2021 04 23 12 02 00    -3.6105547   -1.2298998  955.8703  956.4744
2021 04 23 12 03 00    -3.6180716   -1.2337888  955.8690  956.4603
2021 04 23 12 04 00    -3.6255817   -1.2376131  955.8672  956.4386
2021 04 23 12 05 00    -3.6330339   -1.2413645  955.8653  956.4246
2021 04 23 12 06 00    -3.6407122   -1.2453175  955.8637  956.4163
2021 04 23 12 07 00    -3.6486692   -1.2493729  955.8620  956.4064
2021 04 23 12 08 00    -3.6563110   -1.2531931  955.8595  956.3900
2021 04 23 12 09 00    -3.6634194   -1.2568029  955.8560  956.3618
2021 04 23 12 10 00    -3.6706439   -1.2603859  955.8525  956.3287
2021 04 23 12 11 00    -3.6783318   -1.2640980  955.8497  956.3121
2021 04 23 12 12 00    -3.6861268   -1.2680039  955.8469  956.3206
2021 04 23 12 13 00    -3.6938038   -1.2718814  955.8438  956.3421
2021 04 23 12 14 00    -3.7013135   -1.2755597  955.8411  956.3638
2021 04 23 12 15 00    -3.7086307   -1.2792058  955.8394  956.3750
2021 04 23 12 16 00    -3.7160436   -1.2830004  955.8378  956.3658
2021 04 23 12 17 00    -3.7237032   -1.2869156  955.8355  956.3478
2021 04 23 12 18 00    -3.7313525   -1.2907889  955.8332  956.3453
2021 04 23 12 19 00    -3.7388967   -1.2945216  955.8318  956.3567
2021 04 23 12 20 00    -3.7463840   -1.2982573  955.8310  956.3588
2021 04 23 12 21 00    -3.7538037   -1.3021362  955.8301  956.3440
2021 04 23 12 22 00    -3.7612859   -1.3060215  955.8284  956.3234
2021 04 23 12 23 00    -3.7688998   -1.3098051  955.8256  956.3020
2021 04 23 12 24 00    -3.7765592   -1.3135607  955.8222  956.2716
2021 04 23 12 25 00    -3.7842538   -1.3172934  955.8187  956.2258
2021 04 23 12 26 00    -3.7919110   -1.3210641  955.8152  956.1851
2021 04 23 12 27 00    -3.7994102   -1.3249823  955.8122  956.1820
2021 04 23 12 28 00    -3.8068625   -1.3288707  955.8095  956.2111
2021 04 23 12 29 00    -3.8144130   -1.3325890  955.8062  956.2343
2021 04 23 12 30 00    -3.8220252   -1.3363314  955.8027  956.2307
2021 04 23 12 31 00    -3.8296111   -1.3401281  955.7995  956.2117
2021 04 23 12 32 00    -3.8371211   -1.3438004  955.7961  956.1979
2021 04 23 12 33 00    -3.8445665   -1.3474542  955.7935  956.1909
2021 04 23 12 34 00    -3.8519139   -1.3511877  955.7933  956.1801
2021 04 23 12 35 00    -3.8592287   -1.3548509  955.7862  956.1675
2021 04 23 12 36 00    -3.8667463   -1.3585608  955.7671  956.1589
2021 04 23 12 37 00    -3.8743294   -1.3624199  955.7685  956.1480
2021 04 23 12 38 00    -3.8815258   -1.3660550  955.8125  956.1338
2021 04 23 12 39 00    -3.8882587   -1.3693795  955.8523  956.1267
2021 04 23 12 40 00    -3.8949572   -1.3728581  955.8428  956.1323
2021 04 23 12 41 00    -3.9019970   -1.3766643  955.8051  956.1541
2021 04 23 12 42 00    -3.9092883   -1.3805080  955.7793  956.1966
2021 04 23 12 43 00    -3.9167961   -1.3842255  955.7858  956.2536
2021 04 23 12 44 00    -3.9246301   -1.3879152  955.8263  956.3003
2021 04 23 12 45 00    -3.9322398   -1.3915966  955.8707  956.3074
2021 04 23 12 46 00    -3.9389461   -1.3951423  955.8797  956.2816
2021 04 23 12 47 00    -3.9452377   -1.3985115  955.8548  956.2609
2021 04 23 12 48 00    -3.9522271   -1.4019248  955.8306  956.2574
2021 04 23 12 49 00    -3.9600132   -1.4056224  955.8250  956.2561
2021 04 23 12 50 00    -3.9675340   -1.4093210  955.8251  956.2564
2021 04 23 12 51 00    -3.9741277   -1.4125671  955.8166  956.2675
2021 04 23 12 52 00    -3.9804035   -1.4156057  955.8030  956.2805
2021 04 23 12 53 00    -3.9871885   -1.4190283  955.7928  956.2794
2021 04 23 12 54 00    -3.9943247   -1.4227602  955.7874  956.2682
2021 04 23 12 55 00    -4.0011509   -1.4262121  955.7855  956.2637
2021 04 23 12 56 00    -4.0077130   -1.4293158  955.7857  956.2690
2021 04 23 12 57 00    -4.0142584   -1.4323951  955.7845  956.2721
2021 04 23 12 58 00    -4.0206255   -1.4354941  955.7804  956.2598
2021 04 23 12 59 00    -4.0274225   -1.4388734  955.7771  956.2396
2021 04 23 13 00 00    -4.0351669   -1.4427433  955.7771  956.2443
2021 04 23 13 01 00    -4.0426628   -1.4464349  955.7779  956.2799
2021 04 23 13 02 00    -4.0491358   -1.4495431  955.7774  956.3055
2021 04 23 13 03 00    -4.0555511   -1.4527046  955.7764  956.3005
2021 04 23 13 04 00    -4.0624670   -1.4562951  955.7763  956.2919
2021 04 23 13 05 00    -4.0693078   -1.4598674  955.7747  956.2974
2021 04 23 13 06 00    -4.0760249   -1.4631708  955.7692  956.3042
2021 04 23 13 07 00    -4.0832643   -1.4665603  955.7770  956.3050
2021 04 23 13 08 00    -4.0907836   -1.4702253  955.8277  956.3026
2021 04 23 13 09 00    -4.0977258   -1.4738605  955.8953  956.2931
2021 04 23 13 10 00    -4.1040964   -1.4772096  955.8950  956.2787
2021 04 23 13 11 00    -4.1104901   -1.4804479  955.8126  956.2700
2021 04 23 13 12 00    -4.1170651   -1.4838133  955.7295  956.2680
2021 04 23 13 13 00    -4.1235231   -1.4871162  955.6892  956.2616
2021 04 23 13 14 00    -4.1298102   -1.4901696  955.6680  956.2399
2021 04 23 13 15 00    -4.1361357   -1.4932019  955.6491  956.2100
2021 04 23 13 16 00    -4.1424057   -1.4963625  955.6343  956.1922
2021 04 23 13 17 00    -4.1485267   -1.4995159  955.6236  956.1872
2021 04 23 13 18 00    -4.1547453   -1.5025838  955.6151  956.1773
2021 04 23 13 19 00    -4.1612188   -1.5057197  955.6078  956.1631
2021 04 23 13 20 00    -4.1677244   -1.5089973  955.6021  956.1616
2021 04 23 13 21 00    -4.1738595   -1.5121492  955.5981  956.1701
2021 04 23 13 22 00    -4.1797175   -1.5151222  955.5947  956.1710
2021 04 23 13 23 00    -4.1857724   -1.5181553  955.5904  956.1581
2021 04 23 13 24 00    -4.1918563   -1.5211215  955.5861  956.1372
2021 04 23 13 25 00    -4.1976243   -1.5239154  955.5832  956.1194
2021 04 23 13 26 00    -4.2034015   -1.5268717  955.5815  956.1109
2021 04 23 13 27 00    -4.2094298   -1.5300587  955.5794  956.1054
2021 04 23 13 28 00    -4.2154031   -1.5330629  955.5770  956.0964
2021 04 23 13 29 00    -4.2210482   -1.5356863  955.5752  956.0777
2021 04 23 13 30 00    -4.2264560   -1.5382676  955.5741  956.0456
2021 04 23 13 31 00    -4.2318850   -1.5411298  955.5727  956.0166
2021 04 23 13 32 00    -4.2374026   -1.5440909  955.5709  956.0108
2021 04 23 13 33 00    -4.2429135   -1.5468528  955.5688  956.0241
2021 04 23 13 34 00    -4.2484543   -1.5494950  955.5667  956.0383
2021 04 23 13 35 00    -4.2539108   -1.5522457  955.5644  956.0354
2021 04 23 13 36 00    -4.2590581   -1.5550349  955.5614  956.0138
2021 04 23 13 37 00    -4.2641787   -1.5576380  955.5591  956.0025
2021 04 23 13 38 00    -4.2695443   -1.5601096  955.5582  956.0261
2021 04 23 13 39 00    -4.2749093   -1.5626832  955.5583  956.0602
2021 04 23 13 40 00    -4.2801197   -1.5653698  955.5585  956.0635
2021 04 23 13 41 00    -4.2852475   -1.5680249  955.5581  956.0324
2021 04 23 13 42 00    -4.2903904   -1.5706552  955.5567  955.9876
2021 04 23 13 43 00    -4.2955412   -1.5732648  955.5547  955.9422
2021 04 23 13 44 00    -4.3004888   -1.5757156  955.5521  955.9129
2021 04 23 13 45 00    -4.3052522   -1.5780460  955.5491  955.9094
2021 04 23 13 46 00    -4.3101046   -1.5804732  955.5461  955.9057
2021 04 23 13 47 00    -4.3150177   -1.5830194  955.5430  955.8863
2021 04 23 13 48 00    -4.3196860   -1.5854454  955.5403  955.8861
2021 04 23 13 49 00    -4.3240487   -1.5876153  955.5385  955.9235
2021 04 23 13 50 00    -4.3284126   -1.5897301  955.5372  955.9649
2021 04 23 13 51 00    -4.3330091   -1.5919757  955.5356  955.9819
2021 04 23 13 52 00    -4.3376627   -1.5942713  955.5334  955.9726
2021 04 23 13 53 00    -4.3420091   -1.5964902  955.5315  955.9456
2021 04 23 13 54 00    -4.3460894   -1.5986112  955.5305  955.9264
2021 04 23 13 55 00    -4.3502517   -1.6006819  955.5297  955.9291
2021 04 23 13 56 00    -4.3545217   -1.6027841  955.5276  955.9314
2021 04 23 13 57 00    -4.3588028   -1.6050002  955.5249  955.9124
2021 04 23 13 58 00    -4.3630690   -1.6072892  955.5230  955.8810
2021 04 23 13 59 00    -4.3671850   -1.6094645  955.5210  955.8586
2021 04 23 14 00 00    -4.3710733   -1.6113664  955.5182  955.8538
2021 04 23 14 01 00    -4.3747481   -1.6130763  955.5151  955.8545
2021 04 23 14 02 00    -4.3783436   -1.6148679  955.5119  955.8486
2021 04 23 14 03 00    -4.3820568   -1.6167554  955.5083  955.8392
2021 04 23 14 04 00    -4.3857405   -1.6185201  955.5048  955.8314
2021 04 23 14 05 00    -4.3892038   -1.6202558  955.5019  955.8292
2021 04 23 14 06 00    -4.3926915   -1.6221617  955.4994  955.8388
2021 04 23 14 07 00    -4.3962953   -1.6240446  955.4972  955.8515
2021 04 23 14 08 00    -4.3997100   -1.6256547  955.4954  955.8473
2021 04 23 14 09 00    -4.4029094   -1.6270986  955.4931  955.8268
2021 04 23 14 10 00    -4.4060901   -1.6285734  955.4896  955.8155
2021 04 23 14 11 00    -4.4092553   -1.6301400  955.4861  955.8309
2021 04 23 14 12 00    -4.4124464   -1.6318134  955.4835  955.8518
2021 04 23 14 13 00    -4.4156439   -1.6334673  955.4816  955.8451
2021 04 23 14 14 00    -4.4186448   -1.6349313  955.4795  955.8164
2021 04 23 14 15 00    -4.4215075   -1.6362798  955.4766  955.7904
2021 04 23 14 16 00    -4.4243951   -1.6376556  955.4733  955.7703
2021 04 23 14 17 00    -4.4272326   -1.6390738  955.4698  955.7526
2021 04 23 14 18 00    -4.4299639   -1.6404932  955.4663  955.7403
2021 04 23 14 19 00    -4.4326148   -1.6418649  955.4627  955.7335
2021 04 23 14 20 00    -4.4352030   -1.6432108  955.4591  955.7288
2021 04 23 14 21 00    -4.4378437   -1.6446041  955.4555  955.7218
2021 04 23 14 22 00    -4.4405178   -1.6459797  955.4518  955.7104
2021 04 23 14 23 00    -4.4428825   -1.6471585  955.4481  955.6968
2021 04 23 14 24 00    -4.4448808   -1.6481358  955.4444  955.6806
2021 04 23 14 25 00    -4.4469368   -1.6491053  955.4407  955.6657
2021 04 23 14 26 00    -4.4491476   -1.6501478  955.4369  955.6619
2021 04 23 14 27 00    -4.4512585   -1.6511903  955.4336  955.6627
2021 04 23 14 28 00    -4.4533084   -1.6522474  955.4302  955.6538
2021 04 23 14 29 00    -4.4553475   -1.6533194  955.4258  955.6400
2021 04 23 14 30 00    -4.4571200   -1.6542365  955.4209  955.6272
2021 04 23 14 31 00    -4.4585966   -1.6550393  955.4161  955.6132
2021 04 23 14 32 00    -4.4601138   -1.6559903  955.4113  955.6071
2021 04 23 14 33 00    -4.4617820   -1.6569545  955.4066  955.6103
2021 04 23 14 34 00    -4.4634031   -1.6576228  955.4021  955.6025
2021 04 23 14 35 00    -4.4648817   -1.6581442  955.3981  955.5820
2021 04 23 14 36 00    -4.4662122   -1.6587871  955.3945  955.5705
2021 04 23 14 37 00    -4.4673922   -1.6595219  955.3907  955.5733
2021 04 23 14 38 00    -4.4684779   -1.6601586  955.3862  955.5816
2021 04 23 14 39 00    -4.4694867   -1.6605921  955.3818  955.5899
2021 04 23 14 40 00    -4.4704326   -1.6610114  955.3779  955.5868
2021 04 23 14 41 00    -4.4713373   -1.6615740  955.3743  955.5617
2021 04 23 14 42 00    -4.4721770   -1.6620739  955.3706  955.5284
2021 04 23 14 43 00    -4.4729929   -1.6624156  955.3667  955.5100
2021 04 23 14 44 00    -4.4738017   -1.6628034  955.3627  955.5057
2021 04 23 14 45 00    -4.4744536   -1.6632331  955.3586  955.4989
2021 04 23 14 46 00    -4.4748539   -1.6634865  955.3545  955.4879
2021 04 23 14 47 00    -4.4751498   -1.6635980  955.3501  955.4814
2021 04 23 14 48 00    -4.4755670   -1.6637652  955.3453  955.4836
2021 04 23 14 49 00    -4.4760749   -1.6639208  955.3402  955.4969
2021 04 23 14 50 00    -4.4763195   -1.6638564  955.3362  955.5062
2021 04 23 14 51 00    -4.4762265   -1.6637121  955.3334  955.4938
2021 04 23 14 52 00    -4.4761368   -1.6637816  955.3300  955.4771
2021 04 23 14 53 00    -4.4760929   -1.6639475  955.3251  955.4753
2021 04 23 14 54 00    -4.4759599   -1.6639847  955.3206  955.4754
2021 04 23 14 55 00    -4.4757866   -1.6639309  955.3172  955.4697
2021 04 23 14 56 00    -4.4755300   -1.6637791  955.3139  955.4658
2021 04 23 14 57 00    -4.4751298   -1.6635008  955.3101  955.4619
2021 04 23 14 58 00    -4.4746224   -1.6631826  955.3066  955.4525
2021 04 23 14 59 00    -4.4740289   -1.6628325  955.3035  955.4358
2021 04 23 15 00 00    -4.4733672   -1.6624495  955.3000  955.4156
2021 04 23 15 01 00    -4.4726366   -1.6620788  955.2955  955.4154
2021 04 23 15 02 00    -4.4718019   -1.6616626  955.2906  955.4541
2021 04 23 15 03 00    -4.4708596   -1.6611844  955.2869  955.5050
2021 04 23 15 04 00    -4.4698831   -1.6606947  955.2844  955.5328
2021 04 23 15 05 00    -4.4688256   -1.6601151  955.2817  955.5356
2021 04 23 15 06 00    -4.4676163   -1.6594938  955.2787  955.5144
2021 04 23 15 07 00    -4.4664815   -1.6590124  955.2758  955.4753
2021 04 23 15 08 00    -4.4654402   -1.6585012  955.2731  955.4505
2021 04 23 15 09 00    -4.4640781   -1.6577114  955.2701  955.4483
2021 04 23 15 10 00    -4.4623704   -1.6568158  955.2662  955.4426
2021 04 23 15 11 00    -4.4607051   -1.6560250  955.2615  955.4294
2021 04 23 15 12 00    -4.4591034   -1.6552153  955.2575  955.4242
2021 04 23 15 13 00    -4.4573763   -1.6542855  955.2544  955.4257
2021 04 23 15 14 00    -4.4555595   -1.6533928  955.2516  955.4275
2021 04 23 15 15 00    -4.4536782   -1.6526192  955.2487  955.4318
2021 04 23 15 16 00    -4.4516986   -1.6517906  955.2457  955.4362
2021 04 23 15 17 00    -4.4496600   -1.6507523  955.2428  955.4345
2021 04 23 15 18 00    -4.4475495   -1.6495637  955.2399  955.4248
2021 04 23 15 19 00    -4.4452754   -1.6483238  955.2366  955.4156
2021 04 23 15 20 00    -4.4428693   -1.6470548  955.2332  955.4217
2021 04 23 15 21 00    -4.4404867   -1.6457868  955.2298  955.4368
2021 04 23 15 22 00    -4.4381417   -1.6445499  955.2265  955.4372
2021 04 23 15 23 00    -4.4356520   -1.6433511  955.2233  955.4208
2021 04 23 15 24 00    -4.4328797   -1.6421111  955.2199  955.4054
2021 04 23 15 25 00    -4.4300581   -1.6407289  955.2165  955.4006
2021 04 23 15 26 00    -4.4274276   -1.6392707  955.2137  955.4020
2021 04 23 15 27 00    -4.4246494   -1.6378280  955.2108  955.3975
2021 04 23 15 28 00    -4.4215175   -1.6364103  955.2072  955.3829
2021 04 23 15 29 00    -4.4183942   -1.6349701  955.2033  955.3710
2021 04 23 15 30 00    -4.4153380   -1.6333931  955.2000  955.3668
2021 04 23 15 31 00    -4.4121033   -1.6316983  955.1967  955.3575
2021 04 23 15 32 00    -4.4088471   -1.6300458  955.1931  955.3397
2021 04 23 15 33 00    -4.4057098   -1.6284506  955.1891  955.3250
2021 04 23 15 34 00    -4.4024044   -1.6267933  955.1844  955.3161
2021 04 23 15 35 00    -4.3988515   -1.6250223  955.1794  955.3028
2021 04 23 15 36 00    -4.3951997   -1.6231191  955.1749  955.2796
2021 04 23 15 37 00    -4.3914149   -1.6211208  955.1707  955.2548
2021 04 23 15 38 00    -4.3876351   -1.6192371  955.1664  955.2391
2021 04 23 15 39 00    -4.3840367   -1.6175516  955.1615  955.2295
2021 04 23 15 40 00    -4.3803447   -1.6157935  955.1567  955.2164
2021 04 23 15 41 00    -4.3763175   -1.6137392  955.1520  955.2004
2021 04 23 15 42 00    -4.3722133   -1.6115556  955.1472  955.1873
2021 04 23 15 43 00    -4.3682225   -1.6094670  955.1422  955.1789
2021 04 23 15 44 00    -4.3640661   -1.6074278  955.1376  955.1730
2021 04 23 15 45 00    -4.3596389   -1.6053815  955.1330  955.1667
2021 04 23 15 46 00    -4.3551446   -1.6032743  955.1280  955.1566
2021 04 23 15 47 00    -4.3505208   -1.6009110  955.1226  955.1392
2021 04 23 15 48 00    -4.3457862   -1.5984121  955.1171  955.1244
2021 04 23 15 49 00    -4.3411849   -1.5960970  955.1119  955.1292
2021 04 23 15 50 00    -4.3364856   -1.5938024  955.1071  955.1450
2021 04 23 15 51 00    -4.3314010   -1.5912815  955.1029  955.1510
2021 04 23 15 52 00    -4.3262544   -1.5886795  955.0986  955.1522
2021 04 23 15 53 00    -4.3212743   -1.5860769  955.0939  955.1593
2021 04 23 15 54 00    -4.3161894   -1.5834093  955.0898  955.1641
2021 04 23 15 55 00    -4.3108578   -1.5807442  955.0862  955.1616
2021 04 23 15 56 00    -4.3054472   -1.5781176  955.0820  955.1598
2021 04 23 15 57 00    -4.3001028   -1.5754933  955.0770  955.1648
2021 04 23 15 58 00    -4.2948393   -1.5729135  955.0724  955.1715
2021 04 23 15 59 00    -4.2894288   -1.5703033  955.0683  955.1684
2021 04 23 16 00 00    -4.2836669   -1.5675122  955.0639  955.1527
2021 04 23 16 01 00    -4.2778597   -1.5646951  955.0597  955.1377
2021 04 23 16 02 00    -4.2722443   -1.5619910  955.0561  955.1361
2021 04 23 16 03 00    -4.2665069   -1.5591319  955.0527  955.1473
2021 04 23 16 04 00    -4.2605645   -1.5560021  955.0488  955.1604
2021 04 23 16 05 00    -4.2546486   -1.5528448  955.0448  955.1664
2021 04 23 16 06 00    -4.2486894   -1.5497976  955.0411  955.1660
2021 04 23 16 07 00    -4.2425202   -1.5468103  955.0376  955.1625
2021 04 23 16 08 00    -4.2361062   -1.5437052  955.0342  955.1554
2021 04 23 16 09 00    -4.2296174   -1.5404209  955.0307  955.1496
2021 04 23 16 10 00    -4.2232708   -1.5371314  955.0270  955.1571
2021 04 23 16 11 00    -4.2169172   -1.5339189  955.0239  955.1737
2021 04 23 16 12 00    -4.2104879   -1.5308156  955.0213  955.1767
2021 04 23 16 13 00    -4.2041351   -1.5277239  955.0181  955.1588
2021 04 23 16 14 00    -4.1976735   -1.5243750  955.0141  955.1390
2021 04 23 16 15 00    -4.1909578   -1.5209055  955.0101  955.1318
2021 04 23 16 16 00    -4.1841807   -1.5175924  955.0065  955.1309
2021 04 23 16 17 00    -4.1773985   -1.5142570  955.0030  955.1245
2021 04 23 16 18 00    -4.1704935   -1.5107592  954.9998  955.1113
2021 04 23 16 19 00    -4.1634207   -1.5072580  954.9963  955.1019
2021 04 23 16 20 00    -4.1562689   -1.5037724  954.9924  955.1030
2021 04 23 16 21 00    -4.1491189   -1.5001478  954.9890  955.1062
2021 04 23 16 22 00    -4.1418546   -1.4963438  954.9857  955.1029
2021 04 23 16 23 00    -4.1345153   -1.4925805  954.9819  955.0968
2021 04 23 16 24 00    -4.1273437   -1.4890083  954.9772  955.0907
2021 04 23 16 25 00    -4.1201170   -1.4853766  954.9726  955.0850
2021 04 23 16 26 00    -4.1125722   -1.4816292  954.9688  955.0881
2021 04 23 16 27 00    -4.1049696   -1.4779757  954.9660  955.1039
2021 04 23 16 28 00    -4.0973288   -1.4741983  954.9637  955.1197
2021 04 23 16 29 00    -4.0894623   -1.4701223  954.9611  955.1236
2021 04 23 16 30 00    -4.0815148   -1.4660256  954.9580  955.1182
2021 04 23 16 31 00    -4.0735763   -1.4620709  954.9546  955.1119
2021 04 23 16 32 00    -4.0656251   -1.4581907  954.9511  955.1101
2021 04 23 16 33 00    -4.0577427   -1.4542645  954.9482  955.1125
2021 04 23 16 34 00    -4.0498577   -1.4501759  954.9457  955.1109
2021 04 23 16 35 00    -4.0417436   -1.4459862  954.9433  955.1007
2021 04 23 16 36 00    -4.0334488   -1.4418965  954.9411  955.0898
2021 04 23 16 37 00    -4.0252196   -1.4379064  954.9384  955.0867
2021 04 23 16 38 00    -4.0170254   -1.4338195  954.9349  955.0881
2021 04 23 16 39 00    -4.0086821   -1.4295900  954.9315  955.0891
2021 04 23 16 40 00    -4.0002159   -1.4252707  954.9288  955.0936
2021 04 23 16 41 00    -3.9917713   -1.4209105  954.9264  955.1008
2021 04 23 16 42 00    -3.9833295   -1.4166383  954.9239  955.1022
2021 04 23 16 43 00    -3.9747065   -1.4124385  954.9210  955.0965
2021 04 23 16 44 00    -3.9658894   -1.4081431  954.9174  955.0883
2021 04 23 16 45 00    -3.9571626   -1.4038055  954.9132  955.0781
2021 04 23 16 46 00    -3.9485947   -1.3995100  954.9093  955.0714
2021 04 23 16 47 00    -3.9398023   -1.3950605  954.9071  955.0776
2021 04 23 16 48 00    -3.9307050   -1.3904321  954.9059  955.0924
2021 04 23 16 49 00    -3.9217129   -1.3859243  954.9040  955.0974
2021 04 23 16 50 00    -3.9128864   -1.3815574  954.9011  955.0911
2021 04 23 16 51 00    -3.9039479   -1.3770483  954.8979  955.0894
2021 04 23 16 52 00    -3.8949047   -1.3723790  954.8947  955.0851
2021 04 23 16 53 00    -3.8858467   -1.3677365  954.8916  955.0645
2021 04 23 16 54 00    -3.8766521   -1.3630997  954.8889  955.0445
2021 04 23 16 55 00    -3.8673355   -1.3584310  954.8857  955.0388
2021 04 23 16 56 00    -3.8580933   -1.3538841  954.8820  955.0352
2021 04 23 16 57 00    -3.8488909   -1.3494335  954.8788  955.0256
2021 04 23 16 58 00    -3.8394775   -1.3447977  954.8759  955.0173
2021 04 23 16 59 00    -3.8297625   -1.3399291  954.8726  955.0173
2021 04 23 17 00 00    -3.8200522   -1.3351612  954.8692  955.0226
2021 04 23 17 01 00    -3.8105952   -1.3306171  954.8662  955.0277
2021 04 23 17 02 00    -3.8010773   -1.3259144  954.8635  955.0328
2021 04 23 17 03 00    -3.7913125   -1.3209161  954.8609  955.0360
2021 04 23 17 04 00    -3.7815988   -1.3159718  954.8586  955.0318
2021 04 23 17 05 00    -3.7720030   -1.3111519  954.8557  955.0226
2021 04 23 17 06 00    -3.7623794   -1.3062654  954.8515  955.0175
2021 04 23 17 07 00    -3.7526571   -1.3013443  954.8476  955.0162
2021 04 23 17 08 00    -3.7426438   -1.2963990  954.8449  955.0136
2021 04 23 17 09 00    -3.7323960   -1.2913202  954.8429  955.0123
2021 04 23 17 10 00    -3.7223471   -1.2861664  954.8404  955.0123
2021 04 23 17 11 00    -3.7124955   -1.2811068  954.8372  955.0079
2021 04 23 17 12 00    -3.7024243   -1.2761768  954.8343  955.0047
2021 04 23 17 13 00    -3.6921196   -1.2711937  954.8316  955.0104
2021 04 23 17 14 00    -3.6819118   -1.2660525  954.8285  955.0184
2021 04 23 17 15 00    -3.6718750   -1.2609218  954.8253  955.0198
2021 04 23 17 16 00    -3.6617813   -1.2558673  954.8222  955.0159
2021 04 23 17 17 00    -3.6515556   -1.2507864  954.8192  955.0083
2021 04 23 17 18 00    -3.6413638   -1.2456584  954.8167  954.9973
2021 04 23 17 19 00    -3.6311689   -1.2404600  954.8147  954.9876
2021 04 23 17 20 00    -3.6207901   -1.2351990  954.8124  954.9796
2021 04 23 17 21 00    -3.6103134   -1.2299988  954.8091  954.9719
2021 04 23 17 22 00    -3.5998330   -1.2248299  954.8054  954.9671
2021 04 23 17 23 00    -3.5892446   -1.2195463  954.8024  954.9625
2021 04 23 17 24 00    -3.5785681   -1.2141879  954.7994  954.9544
2021 04 23 17 25 00    -3.5679631   -1.2088379  954.7958  954.9479
2021 04 23 17 26 00    -3.5574890   -1.2035246  954.7920  954.9479
2021 04 23 17 27 00    -3.5470111   -1.1982591  954.7886  954.9525
2021 04 23 17 28 00    -3.5363827   -1.1929532  954.7852  954.9544
2021 04 23 17 29 00    -3.5256290   -1.1875614  954.7822  954.9514
2021 04 23 17 30 00    -3.5148409   -1.1821582  954.7795  954.9536
2021 04 23 17 31 00    -3.5041521   -1.1767857  954.7770  954.9652
2021 04 23 17 32 00    -3.4935040   -1.1713885  954.7745  954.9718
2021 04 23 17 33 00    -3.4826161   -1.1659567  954.7719  954.9694
2021 04 23 17 34 00    -3.4715353   -1.1605575  954.7692  954.9750
2021 04 23 17 35 00    -3.4604959   -1.1551717  954.7667  954.9885
2021 04 23 17 36 00    -3.4495547   -1.1497453  954.7641  954.9935
2021 04 23 17 37 00    -3.4386201   -1.1442012  954.7617  954.9941
2021 04 23 17 38 00    -3.4275212   -1.1385316  954.7598  955.0018
2021 04 23 17 39 00    -3.4164281   -1.1329799  954.7586  955.0118
2021 04 23 17 40 00    -3.4056183   -1.1276100  954.7577  955.0170
2021 04 23 17 41 00    -3.3948488   -1.1221335  954.7563  955.0184
2021 04 23 17 42 00    -3.3838461   -1.1164553  954.7543  955.0177
2021 04 23 17 43 00    -3.3727451   -1.1108191  954.7521  955.0161
2021 04 23 17 44 00    -3.3617036   -1.1053866  954.7503  955.0179
2021 04 23 17 45 00    -3.3506843   -1.0999754  954.7489  955.0219
2021 04 23 17 46 00    -3.3396393   -1.0944106  954.7475  955.0192
2021 04 23 17 47 00    -3.3285725   -1.0888038  954.7455  955.0123
2021 04 23 17 48 00    -3.3173945   -1.0832332  954.7434  955.0137
2021 04 23 17 49 00    -3.3060940   -1.0776714  954.7416  955.0219
2021 04 23 17 50 00    -3.2949416   -1.0721790  954.7404  955.0250
2021 04 23 17 51 00    -3.2839588   -1.0667022  954.7386  955.0229
2021 04 23 17 52 00    -3.2727140   -1.0610534  954.7357  955.0227
2021 04 23 17 53 00    -3.2612201   -1.0552717  954.7331  955.0281
2021 04 23 17 54 00    -3.2499564   -1.0495539  954.7320  955.0391
2021 04 23 17 55 00    -3.2388967   -1.0439558  954.7316  955.0528
2021 04 23 17 56 00    -3.2276726   -1.0383259  954.7312  955.0667
2021 04 23 17 57 00    -3.2162738   -1.0325191  954.7306  955.0794
2021 04 23 17 58 00    -3.2049061   -1.0267648  954.7297  955.0895
2021 04 23 17 59 00    -3.1935836   -1.0212899  954.7282  955.0994
2021 04 23 18 00 00    -3.1821929   -1.0157825  954.7271  955.1122
2021 04 23 18 01 00    -3.1707623   -1.0099742  954.7268  955.1239
2021 04 23 18 02 00    -3.1594359   -1.0041348  954.7266  955.1343
2021 04 23 18 03 00    -3.1482014   -0.9985338  954.7262  955.1484
2021 04 23 18 04 00    -3.1369275   -0.9930172  954.7261  955.1626
2021 04 23 18 05 00    -3.1256131   -0.9873531  954.7267  955.1684
2021 04 23 18 06 00    -3.1142121   -0.9815714  954.7271  955.1687
2021 04 23 18 07 00    -3.1027688   -0.9758728  954.7269  955.1758
2021 04 23 18 08 00    -3.0915957   -0.9703510  954.7268  955.1899
2021 04 23 18 09 00    -3.0805031   -0.9647663  954.7275  955.2004
2021 04 23 18 10 00    -3.0690508   -0.9589380  954.7286  955.2077
2021 04 23 18 11 00    -3.0575993   -0.9531565  954.7295  955.2180
2021 04 23 18 12 00    -3.0464662   -0.9475755  954.7305  955.2325
2021 04 23 18 13 00    -3.0351974   -0.9419197  954.7320  955.2496
2021 04 23 18 14 00    -3.0236706   -0.9361503  954.7338  955.2646
2021 04 23 18 15 00    -3.0122708   -0.9304995  954.7351  955.2772
2021 04 23 18 16 00    -3.0010195   -0.9249621  954.7365  955.2924
2021 04 23 18 17 00    -2.9897381   -0.9193505  954.7387  955.3044
2021 04 23 18 18 00    -2.9783717   -0.9135485  954.7413  955.3124
2021 04 23 18 19 00    -2.9668609   -0.9076357  954.7434  955.3282
2021 04 23 18 20 00    -2.9553543   -0.9018331  954.7449  955.3461
2021 04 23 18 21 00    -2.9441371   -0.8962393  954.7462  955.3545
2021 04 23 18 22 00    -2.9331167   -0.8907876  954.7483  955.3674
2021 04 23 18 23 00    -2.9219656   -0.8853612  954.7511  955.3905
2021 04 23 18 24 00    -2.9106520   -0.8798434  954.7538  955.4061
2021 04 23 18 25 00    -2.8993415   -0.8741588  954.7565  955.4131
2021 04 23 18 26 00    -2.8881115   -0.8683544  954.7597  955.4224
2021 04 23 18 27 00    -2.8769581   -0.8626538  954.7631  955.4292
2021 04 23 18 28 00    -2.8657937   -0.8571441  954.7660  955.4321
2021 04 23 18 29 00    -2.8546625   -0.8516644  954.7689  955.4403
2021 04 23 18 30 00    -2.8437577   -0.8462093  954.7720  955.4509
2021 04 23 18 31 00    -2.8329072   -0.8407629  954.7748  955.4538
2021 04 23 18 32 00    -2.8218090   -0.8351567  954.7765  955.4454
2021 04 23 18 33 00    -2.8106452   -0.8295334  954.7777  955.4336
2021 04 23 18 34 00    -2.7996828   -0.8240867  954.7795  955.4327
2021 04 23 18 35 00    -2.7888269   -0.8186933  954.7821  955.4440
2021 04 23 18 36 00    -2.7778811   -0.8132627  954.7849  955.4555
2021 04 23 18 37 00    -2.7668618   -0.8077977  954.7876  955.4637
2021 04 23 18 38 00    -2.7559155   -0.8022674  954.7903  955.4710
2021 04 23 18 39 00    -2.7450130   -0.7966996  954.7925  955.4759
2021 04 23 18 40 00    -2.7340454   -0.7911468  954.7944  955.4800
2021 04 23 18 41 00    -2.7231044   -0.7856992  954.7967  955.4875
2021 04 23 18 42 00    -2.7123618   -0.7804623  954.8000  955.5007
2021 04 23 18 43 00    -2.7017238   -0.7753074  954.8040  955.5198
2021 04 23 18 44 00    -2.6908893   -0.7699357  954.8076  955.5387
2021 04 23 18 45 00    -2.6798299   -0.7642532  954.8103  955.5528
2021 04 23 18 46 00    -2.6689017   -0.7586005  954.8131  955.5657
2021 04 23 18 47 00    -2.6583353   -0.7533309  954.8168  955.5781
2021 04 23 18 48 00    -2.6478483   -0.7481799  954.8209  955.5862
2021 04 23 18 49 00    -2.6371994   -0.7428507  954.8246  955.5948
2021 04 23 18 50 00    -2.6265721   -0.7375621  954.8280  955.6100
2021 04 23 18 51 00    -2.6160586   -0.7323685  954.8316  955.6255
2021 04 23 18 52 00    -2.6056464   -0.7271174  954.8352  955.6332
2021 04 23 18 53 00    -2.5952640   -0.7218868  954.8385  955.6344
2021 04 23 18 54 00    -2.5846514   -0.7166599  954.8418  955.6354
2021 04 23 18 55 00    -2.5739706   -0.7113018  954.8454  955.6420
2021 04 23 18 56 00    -2.5636443   -0.7059451  954.8490  955.6559
2021 04 23 18 57 00    -2.5535450   -0.7007644  954.8521  955.6713
2021 04 23 18 58 00    -2.5433535   -0.6956504  954.8553  955.6815
2021 04 23 18 59 00    -2.5330344   -0.6904225  954.8592  955.6884
2021 04 23 19 00 00    -2.5226632   -0.6851275  954.8633  955.6980
2021 04 23 19 01 00    -2.5123681   -0.6799449  954.8668  955.7086
2021 04 23 19 02 00    -2.5022390   -0.6749130  954.8702  955.7210
2021 04 23 19 03 00    -2.4922593   -0.6699697  954.8742  955.7409
2021 04 23 19 04 00    -2.4823646   -0.6650445  954.8788  955.7610
2021 04 23 19 05 00    -2.4723615   -0.6600214  954.8835  955.7729
2021 04 23 19 06 00    -2.4621948   -0.6549429  954.8879  955.7798
2021 04 23 19 07 00    -2.4521920   -0.6499726  954.8916  955.7854
2021 04 23 19 08 00    -2.4425510   -0.6451025  954.8951  955.7913
2021 04 23 19 09 00    -2.4330641   -0.6403426  954.8987  955.7992
2021 04 23 19 10 00    -2.4234534   -0.6356816  954.9024  955.8139
2021 04 23 19 11 00    -2.4136045   -0.6308484  954.9065  955.8360
2021 04 23 19 12 00    -2.4037591   -0.6258304  954.9108  955.8529
2021 04 23 19 13 00    -2.3942272   -0.6209511  954.9152  955.8630
2021 04 23 19 14 00    -2.3847461   -0.6161672  954.9195  955.8805
2021 04 23 19 15 00    -2.3749845   -0.6112797  954.9238  955.9050
2021 04 23 19 16 00    -2.3652865   -0.6064844  954.9281  955.9231
2021 04 23 19 17 00    -2.3559681   -0.6018917  954.9323  955.9337
2021 04 23 19 18 00    -2.3467739   -0.5972606  954.9361  955.9436
2021 04 23 19 19 00    -2.3375730   -0.5925677  954.9398  955.9528
2021 04 23 19 20 00    -2.3285209   -0.5880215  954.9434  955.9562
2021 04 23 19 21 00    -2.3194872   -0.5835765  954.9472  955.9590
2021 04 23 19 22 00    -2.3102787   -0.5790608  954.9513  955.9694
2021 04 23 19 23 00    -2.3011789   -0.5745517  954.9553  955.9818
2021 04 23 19 24 00    -2.2924233   -0.5701674  954.9596  955.9887
2021 04 23 19 25 00    -2.2836995   -0.5658093  954.9644  955.9940
2021 04 23 19 26 00    -2.2748151   -0.5613581  954.9689  956.0018
2021 04 23 19 27 00    -2.2660565   -0.5568774  954.9725  956.0061
2021 04 23 19 28 00    -2.2575778   -0.5525595  954.9760  956.0042
2021 04 23 19 29 00    -2.2491402   -0.5484353  954.9802  956.0042
2021 04 23 19 30 00    -2.2406302   -0.5442834  954.9842  956.0130
2021 04 23 19 31 00    -2.2321942   -0.5399733  954.9876  956.0235
2021 04 23 19 32 00    -2.2238153   -0.5356262  954.9912  956.0268
2021 04 23 19 33 00    -2.2154296   -0.5314152  954.9949  956.0309
2021 04 23 19 34 00    -2.2071641   -0.5273857  954.9986  956.0442
2021 04 23 19 35 00    -2.1990891   -0.5234536  955.0022  956.0573
2021 04 23 19 36 00    -2.1910794   -0.5195179  955.0056  956.0637
2021 04 23 19 37 00    -2.1829851   -0.5155306  955.0086  956.0685
2021 04 23 19 38 00    -2.1748769   -0.5115183  955.0113  956.0729
2021 04 23 19 39 00    -2.1669613   -0.5075558  955.0145  956.0769
2021 04 23 19 40 00    -2.1592812   -0.5036572  955.0184  956.0813
2021 04 23 19 41 00    -2.1516545   -0.4997671  955.0226  956.0836
2021 04 23 19 42 00    -2.1439187   -0.4959031  955.0263  956.0860
2021 04 23 19 43 00    -2.1361926   -0.4921213  955.0295  956.0943
2021 04 23 19 44 00    -2.1286298   -0.4883656  955.0330  956.1057
2021 04 23 19 45 00    -2.1211860   -0.4845586  955.0368  956.1067
2021 04 23 19 46 00    -2.1137836   -0.4807309  955.0401  956.0950
2021 04 23 19 47 00    -2.1064281   -0.4770123  955.0429  956.0905
2021 04 23 19 48 00    -2.0992142   -0.4734651  955.0457  956.1024
2021 04 23 19 49 00    -2.0921289   -0.4699568  955.0484  956.1151
2021 04 23 19 50 00    -2.0850945   -0.4664364  955.0510  956.1214
2021 04 23 19 51 00    -2.0781802   -0.4630323  955.0541  956.1270
2021 04 23 19 52 00    -2.0713495   -0.4596971  955.0575  956.1308
2021 04 23 19 53 00    -2.0644701   -0.4562466  955.0613  956.1337
2021 04 23 19 54 00    -2.0576917   -0.4527791  955.0650  956.1375
2021 04 23 19 55 00    -2.0511228   -0.4494851  955.0681  956.1352
2021 04 23 19 56 00    -2.0444927   -0.4462122  955.0700  956.1284
2021 04 23 19 57 00    -2.0377418   -0.4428722  955.0717  956.1274
2021 04 23 19 58 00    -2.0312402   -0.4396947  955.0743  956.1309
2021 04 23 19 59 00    -2.0251400   -0.4366354  955.0773  956.1300
2021 04 23 20 00 00    -2.0190708   -0.4334228  955.0803  956.1256
2021 04 23 20 01 00    -2.0126939   -0.4301197  955.0832  956.1265
2021 04 23 20 02 00    -2.0062858   -0.4268915  955.0859  956.1337
2021 04 23 20 03 00    -2.0002600   -0.4237463  955.0882  956.1404
2021 04 23 20 04 00    -1.9945569   -0.4208209  955.0904  956.1442
2021 04 23 20 05 00    -1.9888680   -0.4181670  955.0927  956.1470
2021 04 23 20 06 00    -1.9830525   -0.4154866  955.0952  956.1470
2021 04 23 20 07 00    -1.9773678   -0.4126550  955.0978  956.1403
2021 04 23 20 08 00    -1.9720203   -0.4098619  955.1003  956.1345
2021 04 23 20 09 00    -1.9666469   -0.4071244  955.1027  956.1383
2021 04 23 20 10 00    -1.9609802   -0.4043289  955.1049  956.1467
2021 04 23 20 11 00    -1.9554674   -0.4016004  955.1069  956.1512
2021 04 23 20 12 00    -1.9504113   -0.3990443  955.1086  956.1509
2021 04 23 20 13 00    -1.9453937   -0.3964566  955.1106  956.1533
2021 04 23 20 14 00    -1.9402930   -0.3938137  955.1132  956.1606
2021 04 23 20 15 00    -1.9354389   -0.3913624  955.1157  956.1626
2021 04 23 20 16 00    -1.9306683   -0.3890419  955.1176  956.1597
2021 04 23 20 17 00    -1.9258071   -0.3866441  955.1195  956.1587
2021 04 23 20 18 00    -1.9211338   -0.3842864  955.1218  956.1558
2021 04 23 20 19 00    -1.9166040   -0.3821192  955.1242  956.1534
2021 04 23 20 20 00    -1.9120238   -0.3800068  955.1263  956.1561
2021 04 23 20 21 00    -1.9075710   -0.3777886  955.1279  956.1584
2021 04 23 20 22 00    -1.9033009   -0.3754970  955.1296  956.1575
2021 04 23 20 23 00    -1.8990750   -0.3732871  955.1315  956.1544
2021 04 23 20 24 00    -1.8949279   -0.3712457  955.1330  956.1505
2021 04 23 20 25 00    -1.8910101   -0.3692763  955.1339  956.1488
2021 04 23 20 26 00    -1.8874152   -0.3673380  955.1346  956.1475
2021 04 23 20 27 00    -1.8839268   -0.3655100  955.1358  956.1453
2021 04 23 20 28 00    -1.8801602   -0.3637166  955.1380  956.1433
2021 04 23 20 29 00    -1.8762533   -0.3618914  955.1405  956.1403
2021 04 23 20 30 00    -1.8727368   -0.3601475  955.1423  956.1356
2021 04 23 20 31 00    -1.8695862   -0.3585079  955.1435  956.1280
2021 04 23 20 32 00    -1.8663582   -0.3569137  955.1447  956.1217
2021 04 23 20 33 00    -1.8630725   -0.3553280  955.1461  956.1257
2021 04 23 20 34 00    -1.8599565   -0.3537010  955.1473  956.1330
2021 04 23 20 35 00    -1.8568851   -0.3521030  955.1484  956.1300
2021 04 23 20 36 00    -1.8538304   -0.3506629  955.1489  956.1239
2021 04 23 20 37 00    -1.8510335   -0.3493873  955.1491  956.1251
2021 04 23 20 38 00    -1.8484885   -0.3481915  955.1498  956.1253
2021 04 23 20 39 00    -1.8459749   -0.3469092  955.1507  956.1195
2021 04 23 20 40 00    -1.8433809   -0.3454448  955.1513  956.1149
2021 04 23 20 41 00    -1.8408162   -0.3440197  955.1514  956.1130
2021 04 23 20 42 00    -1.8385102   -0.3428875  955.1520  956.1091
2021 04 23 20 43 00    -1.8364638   -0.3419728  955.1531  956.1000
2021 04 23 20 44 00    -1.8344762   -0.3410553  955.1537  956.0864
2021 04 23 20 45 00    -1.8324928   -0.3400393  955.1530  956.0761
2021 04 23 20 46 00    -1.8306172   -0.3390393  955.1525  956.0756
2021 04 23 20 47 00    -1.8288530   -0.3381986  955.1530  956.0784
2021 04 23 20 48 00    -1.8271226   -0.3374610  955.1534  956.0804
2021 04 23 20 49 00    -1.8254640   -0.3366824  955.1534  956.0874
2021 04 23 20 50 00    -1.8239475   -0.3358417  955.1537  956.0972
2021 04 23 20 51 00    -1.8225562   -0.3350684  955.1543  956.1005
2021 04 23 20 52 00    -1.8211692   -0.3343719  955.1548  956.0981
2021 04 23 20 53 00    -1.8198482   -0.3336731  955.1558  956.0981
2021 04 23 20 54 00    -1.8188635   -0.3330655  955.1572  956.1014
2021 04 23 20 55 00    -1.8179918   -0.3325081  955.1581  956.1015
2021 04 23 20 56 00    -1.8168600   -0.3318978  955.1577  956.0967
2021 04 23 20 57 00    -1.8159073   -0.3314963  955.1570  956.0930
2021 04 23 20 58 00    -1.8155137   -0.3314058  955.1569  956.0931
2021 04 23 20 59 00    -1.8151430   -0.3312255  955.1574  956.0941
2021 04 23 21 00 00    -1.8144454   -0.3307631  955.1582  956.0937
2021 04 23 21 01 00    -1.8137546   -0.3302820  955.1589  956.0899
2021 04 23 21 02 00    -1.8133918   -0.3300552  955.1588  956.0857
2021 04 23 21 03 00    -1.8133496   -0.3300891  955.1585  956.0842
2021 04 23 21 04 00    -1.8134159   -0.3301754  955.1589  956.0830
2021 04 23 21 05 00    -1.8135442   -0.3302588  955.1599  956.0788
2021 04 23 21 06 00    -1.8137915   -0.3304285  955.1601  956.0704
2021 04 23 21 07 00    -1.8141740   -0.3306948  955.1590  956.0601
2021 04 23 21 08 00    -1.8147340   -0.3310541  955.1579  956.0524
2021 04 23 21 09 00    -1.8152567   -0.3313795  955.1576  956.0487
2021 04 23 21 10 00    -1.8156538   -0.3315917  955.1574  956.0489
2021 04 23 21 11 00    -1.8163734   -0.3318965  955.1573  956.0496
2021 04 23 21 12 00    -1.8175233   -0.3323962  955.1575  956.0418
2021 04 23 21 13 00    -1.8185125   -0.3328886  955.1572  956.0269
2021 04 23 21 14 00    -1.8191915   -0.3332205  955.1557  956.0179
2021 04 23 21 15 00    -1.8201450   -0.3335770  955.1536  956.0156
2021 04 23 21 16 00    -1.8215354   -0.3341957  955.1519  956.0123
2021 04 23 21 17 00    -1.8229969   -0.3349729  955.1506  956.0057
2021 04 23 21 18 00    -1.8244044   -0.3356970  955.1491  955.9957
2021 04 23 21 19 00    -1.8259443   -0.3364481  955.1478  955.9849
2021 04 23 21 20 00    -1.8277830   -0.3374232  955.1467  955.9779
2021 04 23 21 21 00    -1.8297216   -0.3384982  955.1455  955.9740
2021 04 23 21 22 00    -1.8314437   -0.3393812  955.1443  955.9688
2021 04 23 21 23 00    -1.8331782   -0.3401593  955.1431  955.9593
2021 04 23 21 24 00    -1.8354048   -0.3412229  955.1417  955.9491
2021 04 23 21 25 00    -1.8379191   -0.3425522  955.1398  955.9437
2021 04 23 21 26 00    -1.8401964   -0.3437544  955.1376  955.9394
2021 04 23 21 27 00    -1.8424021   -0.3449075  955.1355  955.9324
2021 04 23 21 28 00    -1.8449304   -0.3462956  955.1340  955.9284
2021 04 23 21 29 00    -1.8477067   -0.3476784  955.1330  955.9295
2021 04 23 21 30 00    -1.8504509   -0.3488416  955.1319  955.9285
2021 04 23 21 31 00    -1.8531251   -0.3501114  955.1303  955.9220
2021 04 23 21 32 00    -1.8560835   -0.3517650  955.1281  955.9121
2021 04 23 21 33 00    -1.8594146   -0.3535754  955.1256  955.9005
2021 04 23 21 34 00    -1.8626958   -0.3552208  955.1230  955.8876
2021 04 23 21 35 00    -1.8658484   -0.3567203  955.1207  955.8736
2021 04 23 21 36 00    -1.8691532   -0.3583059  955.1188  955.8619
2021 04 23 21 37 00    -1.8726941   -0.3600943  955.1165  955.8558
2021 04 23 21 38 00    -1.8763987   -0.3619652  955.1129  955.8534
2021 04 23 21 39 00    -1.8800918   -0.3638042  955.1095  955.8536
2021 04 23 21 40 00    -1.8836719   -0.3656635  955.1077  955.8574
2021 04 23 21 41 00    -1.8873039   -0.3675787  955.1070  955.8625
2021 04 23 21 42 00    -1.8912037   -0.3695402  955.1058  955.8630
2021 04 23 21 43 00    -1.8953929   -0.3715350  955.1036  955.8590
2021 04 23 21 44 00    -1.8996708   -0.3735450  955.1010  955.8544
2021 04 23 21 45 00    -1.9039281   -0.3756418  955.0990  955.8453
2021 04 23 21 46 00    -1.9082523   -0.3778612  955.0979  955.8307
2021 04 23 21 47 00    -1.9127087   -0.3801540  955.0970  955.8205
2021 04 23 21 48 00    -1.9173593   -0.3825005  955.0955  955.8182
2021 04 23 21 49 00    -1.9221585   -0.3848412  955.0935  955.8191
2021 04 23 21 50 00    -1.9269604   -0.3872005  955.0914  955.8206
2021 04 23 21 51 00    -1.9318566   -0.3897496  955.0892  955.8188
2021 04 23 21 52 00    -1.9370116   -0.3924710  955.0868  955.8103
2021 04 23 21 53 00    -1.9422739   -0.3950931  955.0845  955.7985
2021 04 23 21 54 00    -1.9474061   -0.3975013  955.0825  955.7888
2021 04 23 21 55 00    -1.9525654   -0.3999864  955.0806  955.7803
2021 04 23 21 56 00    -1.9580900   -0.4028049  955.0783  955.7710
2021 04 23 21 57 00    -1.9638457   -0.4057491  955.0754  955.7653
2021 04 23 21 58 00    -1.9694614   -0.4085623  955.0730  955.7661
2021 04 23 21 59 00    -1.9749372   -0.4112767  955.0715  955.7678
2021 04 23 22 00 00    -1.9804699   -0.4139864  955.0697  955.7659
2021 04 23 22 01 00    -1.9863009   -0.4168416  955.0671  955.7631
2021 04 23 22 02 00    -1.9924527   -0.4199111  955.0647  955.7608
2021 04 23 22 03 00    -1.9984954   -0.4229825  955.0630  955.7573
2021 04 23 22 04 00    -2.0044720   -0.4260320  955.0616  955.7533
2021 04 23 22 05 00    -2.0108851   -0.4292425  955.0602  955.7495
2021 04 23 22 06 00    -2.0175695   -0.4325108  955.0587  955.7457
2021 04 23 22 07 00    -2.0240995   -0.4357537  955.0570  955.7454
2021 04 23 22 08 00    -2.0305382   -0.4390816  955.0556  955.7499
2021 04 23 22 09 00    -2.0371121   -0.4424484  955.0544  955.7525
2021 04 23 22 10 00    -2.0438772   -0.4458223  955.0530  955.7491
2021 04 23 22 11 00    -2.0508120   -0.4492952  955.0512  955.7430
2021 04 23 22 12 00    -2.0578570   -0.4527878  955.0492  955.7349
2021 04 23 22 13 00    -2.0649230   -0.4562103  955.0472  955.7257
2021 04 23 22 14 00    -2.0720302   -0.4597282  955.0454  955.7213
2021 04 23 22 15 00    -2.0792008   -0.4634342  955.0438  955.7213
2021 04 23 22 16 00    -2.0864738   -0.4672067  955.0423  955.7227
2021 04 23 22 17 00    -2.0939338   -0.4709652  955.0405  955.7317
2021 04 23 22 18 00    -2.1014558   -0.4746713  955.0390  955.7443
2021 04 23 22 19 00    -2.1089553   -0.4783697  955.0381  955.7481
2021 04 23 22 20 00    -2.1165412   -0.4821896  955.0377  955.7516
2021 04 23 22 21 00    -2.1242345   -0.4861452  955.0374  955.7636
2021 04 23 22 22 00    -2.1321027   -0.4901327  955.0370  955.7707
2021 04 23 22 23 00    -2.1402101   -0.4940474  955.0362  955.7662
2021 04 23 22 24 00    -2.1483787   -0.4980033  955.0352  955.7597
2021 04 23 22 25 00    -2.1564945   -0.5021726  955.0346  955.7559
2021 04 23 22 26 00    -2.1646105   -0.5064118  955.0346  955.7535
2021 04 23 22 27 00    -2.1727832   -0.5106108  955.0346  955.7506
2021 04 23 22 28 00    -2.1811417   -0.5148515  955.0335  955.7453
2021 04 23 22 29 00    -2.1897579   -0.5191119  955.0315  955.7389
2021 04 23 22 30 00    -2.1984756   -0.5233834  955.0298  955.7345
2021 04 23 22 31 00    -2.2071168   -0.5277263  955.0290  955.7326
2021 04 23 22 32 00    -2.2157309   -0.5321315  955.0284  955.7302
2021 04 23 22 33 00    -2.2244864   -0.5365351  955.0278  955.7251
2021 04 23 22 34 00    -2.2335083   -0.5409467  955.0273  955.7198
2021 04 23 22 35 00    -2.2427652   -0.5454824  955.0261  955.7181
2021 04 23 22 36 00    -2.2520036   -0.5501412  955.0243  955.7191
2021 04 23 22 37 00    -2.2611931   -0.5548786  955.0224  955.7183
2021 04 23 22 38 00    -2.2705567   -0.5597187  955.0210  955.7143
2021 04 23 22 39 00    -2.2799727   -0.5644845  955.0199  955.7102
2021 04 23 22 40 00    -2.2892880   -0.5690458  955.0189  955.7101
2021 04 23 22 41 00    -2.2987144   -0.5736192  955.0179  955.7101
2021 04 23 22 42 00    -2.3083337   -0.5783573  955.0163  955.7045
2021 04 23 22 43 00    -2.3180283   -0.5831893  955.0142  955.6991
2021 04 23 22 44 00    -2.3278011   -0.5880939  955.0125  955.6987
2021 04 23 22 45 00    -2.3376485   -0.5931165  955.0114  955.6977
2021 04 23 22 46 00    -2.3474844   -0.5981565  955.0104  955.6958
2021 04 23 22 47 00    -2.3573431   -0.6030494  955.0093  955.6972
2021 04 23 22 48 00    -2.3674014   -0.6079610  955.0084  955.6996
2021 04 23 22 49 00    -2.3777182   -0.6131761  955.0077  955.7007
2021 04 23 22 50 00    -2.3880364   -0.6184802  955.0065  955.7019
2021 04 23 22 51 00    -2.3981946   -0.6235638  955.0048  955.7006
2021 04 23 22 52 00    -2.4086036   -0.6287023  955.0037  955.6945
2021 04 23 22 53 00    -2.4194424   -0.6341026  955.0030  955.6843
2021 04 23 22 54 00    -2.4301677   -0.6394182  955.0023  955.6720
2021 04 23 22 55 00    -2.4406693   -0.6445663  955.0013  955.6632
2021 04 23 22 56 00    -2.4513322   -0.6498784  955.0000  955.6593
2021 04 23 22 57 00    -2.4621235   -0.6554037  954.9981  955.6523
2021 04 23 22 58 00    -2.4729611   -0.6609173  954.9960  955.6403
2021 04 23 22 59 00    -2.4839430   -0.6663074  954.9945  955.6300
2021 04 23 23 00 00    -2.4949187   -0.6716397  954.9931  955.6211
2021 04 23 23 01 00    -2.5058198   -0.6771023  954.9916  955.6144
2021 04 23 23 02 00    -2.5169454   -0.6828464  954.9898  955.6162
2021 04 23 23 03 00    -2.5282474   -0.6886288  954.9877  955.6208
2021 04 23 23 04 00    -2.5393515   -0.6941216  954.9856  955.6186
2021 04 23 23 05 00    -2.5504253   -0.6995809  954.9835  955.6097
2021 04 23 23 06 00    -2.5618358   -0.7053513  954.9813  955.5979
2021 04 23 23 07 00    -2.5735599   -0.7112838  954.9790  955.5875
2021 04 23 23 08 00    -2.5853387   -0.7171185  954.9768  955.5806
2021 04 23 23 09 00    -2.5969112   -0.7228585  954.9745  955.5756
2021 04 23 23 10 00    -2.6084117   -0.7287160  954.9715  955.5729
2021 04 23 23 11 00    -2.6201038   -0.7346875  954.9686  955.5726
2021 04 23 23 12 00    -2.6318472   -0.7405116  954.9666  955.5727
2021 04 23 23 13 00    -2.6435413   -0.7461968  954.9652  955.5740
2021 04 23 23 14 00    -2.6553214   -0.7519927  954.9633  955.5750
2021 04 23 23 15 00    -2.6672799   -0.7580300  954.9612  955.5693
2021 04 23 23 16 00    -2.6794373   -0.7642190  954.9594  955.5557
2021 04 23 23 17 00    -2.6915862   -0.7703154  954.9575  955.5399
2021 04 23 23 18 00    -2.7035684   -0.7762897  954.9549  955.5281
2021 04 23 23 19 00    -2.7156697   -0.7823996  954.9519  955.5234
2021 04 23 23 20 00    -2.7280008   -0.7886480  954.9495  955.5247
2021 04 23 23 21 00    -2.7402598   -0.7947723  954.9475  955.5288
2021 04 23 23 22 00    -2.7524976   -0.8008273  954.9448  955.5317
2021 04 23 23 23 00    -2.7650201   -0.8070697  954.9416  955.5303
2021 04 23 23 24 00    -2.7776474   -0.8134136  954.9391  955.5276
2021 04 23 23 25 00    -2.7900384   -0.8196148  954.9371  955.5269
2021 04 23 23 26 00    -2.8023686   -0.8257628  954.9348  955.5248
2021 04 23 23 27 00    -2.8149643   -0.8320824  954.9323  955.5185
2021 04 23 23 28 00    -2.8277547   -0.8385063  954.9302  955.5110
2021 04 23 23 29 00    -2.8405772   -0.8448988  954.9286  955.5062
2021 04 23 23 30 00    -2.8534132   -0.8512848  954.9267  955.5041
2021 04 23 23 31 00    -2.8661448   -0.8576213  954.9249  955.5042
2021 04 23 23 32 00    -2.8787249   -0.8639301  954.9232  955.5064
2021 04 23 23 33 00    -2.8914304   -0.8704017  954.9213  955.5068
2021 04 23 23 34 00    -2.9044625   -0.8769861  954.9189  955.4997
2021 04 23 23 35 00    -2.9176532   -0.8834624  954.9161  955.4871
2021 04 23 23 36 00    -2.9307099   -0.8898470  954.9131  955.4743
2021 04 23 23 37 00    -2.9436051   -0.8963454  954.9103  955.4621
2021 04 23 23 38 00    -2.9566897   -0.9031015  954.9077  955.4494
2021 04 23 23 39 00    -2.9700567   -0.9099461  954.9050  955.4369
2021 04 23 23 40 00    -2.9833056   -0.9165621  954.9020  955.4263
2021 04 23 23 41 00    -2.9963179   -0.9229973  954.8992  955.4193
2021 04 23 23 42 00    -3.0094536   -0.9295470  954.8963  955.4158
2021 04 23 23 43 00    -3.0229116   -0.9362641  954.8925  955.4133
2021 04 23 23 44 00    -3.0363843   -0.9429918  954.8889  955.4076
2021 04 23 23 45 00    -3.0496487   -0.9496862  954.8861  955.3985
2021 04 23 23 46 00    -3.0630387   -0.9564084  954.8831  955.3923
2021 04 23 23 47 00    -3.0766789   -0.9631256  954.8796  955.3888
2021 04 23 23 48 00    -3.0901801   -0.9697506  954.8765  955.3831
2021 04 23 23 49 00    -3.1034781   -0.9763748  954.8742  955.3775
2021 04 23 23 50 00    -3.1169060   -0.9832300  954.8721  955.3758
2021 04 23 23 51 00    -3.1304803   -0.9902327  954.8689  955.3755
2021 04 23 23 52 00    -3.1439657   -0.9970547  954.8646  955.3749
2021 04 23 23 53 00    -3.1575224   -1.0037767  954.8610  955.3726
2021 04 23 23 54 00    -3.1713739   -1.0106593  954.8588  955.3626
2021 04 23 23 55 00    -3.1851915   -1.0175826  954.8564  955.3464
2021 04 23 23 56 00    -3.1988002   -1.0244080  954.8529  955.3310
2021 04 23 23 57 00    -3.2125552   -1.0312563  954.8492  955.3152
2021 04 23 23 58 00    -3.2265654   -1.0382289  954.8458  955.2960
2021 04 23 23 59 00    -3.2405716   -1.0453010  954.8420  955.2763
