[TSF-file]     v01.0

[TIMEFORMAT]   DATETIME
[INCREMENT]    60
[CHANNELS]
    BF:SG056:G1-F60 
    BF:SG056:G2-F60 
    BF:SG056:Br1-F60
    BF:SG056:Br2-F60
[UNITS]
    Volt
    Volt
    mbar
    mbar
[UNDETVAL]                      9999.999
[PHASE_LAG_1_DEG_CPD]           0.0402
[PHASE_LAG_1_DEG_CPD_ERROR]     0.0002
[N_LATITUDE_DEG]                48.3294
[N_LATITUDE_DEG_ERROR]          0.0001
[E_LONGITUDE_DEG]               008.3284
[E_LONGITUDE_DEG_ERROR]         0.0001
[HEIGHT_M_1]                    589.20
[HEIGHT_M_1_ERROR]              0.01
[GRAVITY_CAL_1_UGAL_V]          -40.1100
[GRAVITY_CAL_1_UGAL_V_ERROR]    0.0300
[PRESSURE_CAL_MBAR_V]           1.0000
[PRESSURE_CAL_MBAR_V_ERROR]     0.0001
[AUTHOR]                        Thomas Forbriger@kit.edu
[PHASE_LAG_2_DEG_CPD]           0.0402
[PHASE_LAG_2_DEG_CPD_ERROR]     0.0002
[HEIGHT_M_2]                    589.40
[HEIGHT_M_2_ERROR]              0.01
[GRAVITY_CAL_2_UGAL_V]          -80.0699
[GRAVITY_CAL_2_UGAL_V_ERROR]    0.0600
[PRESSURE_ADMIT_HPA_NMS2]       -3.4000
[PRESSURE_MEAN_HPA]             0980.0
[COMMENT]                           
software upgrade and FitPC2 replacement on 29. July 2019



Date           Time     G1-F60        G2-F60        Br1-F60       Br2-F60      
[DATA]
2021 04 15 00 00 00    -3.7151721   -1.2798345  955.4999  956.2056
2021 04 15 00 01 00    -3.7134219   -1.2789909  955.4970  956.1991
2021 04 15 00 02 00    -3.7115690   -1.2781806  955.4942  956.1971
2021 04 15 00 03 00    -3.7096013   -1.2771003  955.4912  956.1995
2021 04 15 00 04 00    -3.7076961   -1.2758930  955.4878  956.2017
2021 04 15 00 05 00    -3.7059400   -1.2749521  955.4845  956.2020
2021 04 15 00 06 00    -3.7043678   -1.2743488  955.4819  956.2033
2021 04 15 00 07 00    -3.7029284   -1.2738394  955.4800  956.2054
2021 04 15 00 08 00    -3.7014145   -1.2731861  955.4779  956.2048
2021 04 15 00 09 00    -3.6998273   -1.2723166  955.4754  956.2003
2021 04 15 00 10 00    -3.6983806   -1.2714195  955.4731  956.1888
2021 04 15 00 11 00    -3.6971377   -1.2707581  955.4707  956.1710
2021 04 15 00 12 00    -3.6960920   -1.2703539  955.4677  956.1581
2021 04 15 00 13 00    -3.6950635   -1.2699512  955.4650  956.1538
2021 04 15 00 14 00    -3.6937415   -1.2693102  955.4634  956.1450
2021 04 15 00 15 00    -3.6923227   -1.2685510  955.4615  956.1302
2021 04 15 00 16 00    -3.6912675   -1.2679828  955.4582  956.1214
2021 04 15 00 17 00    -3.6905061   -1.2676172  955.4546  956.1182
2021 04 15 00 18 00    -3.6897261   -1.2672325  955.4513  956.1117
2021 04 15 00 19 00    -3.6888856   -1.2668221  955.4482  956.1025
2021 04 15 00 20 00    -3.6880021   -1.2664765  955.4454  956.0949
2021 04 15 00 21 00    -3.6870946   -1.2660778  955.4424  956.0900
2021 04 15 00 22 00    -3.6862969   -1.2656160  955.4383  956.0872
2021 04 15 00 23 00    -3.6856208   -1.2652440  955.4340  956.0845
2021 04 15 00 24 00    -3.6849200   -1.2648802  955.4312  956.0791
2021 04 15 00 25 00    -3.6842553   -1.2644952  955.4294  956.0700
2021 04 15 00 26 00    -3.6839018   -1.2643618  955.4268  956.0626
2021 04 15 00 27 00    -3.6837629   -1.2644415  955.4234  956.0616
2021 04 15 00 28 00    -3.6834027   -1.2643394  955.4201  956.0608
2021 04 15 00 29 00    -3.6828767   -1.2640126  955.4169  956.0532
2021 04 15 00 30 00    -3.6825355   -1.2637092  955.4133  956.0422
2021 04 15 00 31 00    -3.6823101   -1.2635045  955.4096  956.0354
2021 04 15 00 32 00    -3.6820969   -1.2634028  955.4060  956.0347
2021 04 15 00 33 00    -3.6820216   -1.2634184  955.4028  956.0351
2021 04 15 00 34 00    -3.6820939   -1.2634469  955.3998  956.0300
2021 04 15 00 35 00    -3.6822035   -1.2634644  955.3968  956.0213
2021 04 15 00 36 00    -3.6822201   -1.2635576  955.3936  956.0149
2021 04 15 00 37 00    -3.6821780   -1.2636805  955.3904  956.0088
2021 04 15 00 38 00    -3.6823367   -1.2637858  955.3871  955.9988
2021 04 15 00 39 00    -3.6827436   -1.2639393  955.3834  955.9873
2021 04 15 00 40 00    -3.6831801   -1.2641356  955.3795  955.9752
2021 04 15 00 41 00    -3.6835480   -1.2642876  955.3758  955.9610
2021 04 15 00 42 00    -3.6839339   -1.2644538  955.3722  955.9483
2021 04 15 00 43 00    -3.6844173   -1.2647270  955.3684  955.9408
2021 04 15 00 44 00    -3.6849776   -1.2649854  955.3645  955.9375
2021 04 15 00 45 00    -3.6855927   -1.2651856  955.3611  955.9356
2021 04 15 00 46 00    -3.6862877   -1.2654895  955.3579  955.9313
2021 04 15 00 47 00    -3.6870900   -1.2659414  955.3540  955.9226
2021 04 15 00 48 00    -3.6879171   -1.2664096  955.3494  955.9127
2021 04 15 00 49 00    -3.6885817   -1.2667407  955.3450  955.9055
2021 04 15 00 50 00    -3.6891597   -1.2669727  955.3414  955.9011
2021 04 15 00 51 00    -3.6899880   -1.2673689  955.3373  955.8977
2021 04 15 00 52 00    -3.6911715   -1.2679986  955.3326  955.8911
2021 04 15 00 53 00    -3.6925730   -1.2686379  955.3287  955.8783
2021 04 15 00 54 00    -3.6939609   -1.2691961  955.3255  955.8637
2021 04 15 00 55 00    -3.6951105   -1.2697616  955.3219  955.8535
2021 04 15 00 56 00    -3.6961415   -1.2704015  955.3175  955.8451
2021 04 15 00 57 00    -3.6972615   -1.2710907  955.3127  955.8361
2021 04 15 00 58 00    -3.6984487   -1.2717471  955.3079  955.8300
2021 04 15 00 59 00    -3.6997483   -1.2724032  955.3042  955.8262
2021 04 15 01 00 00    -3.7012263   -1.2730720  955.3015  955.8205
2021 04 15 01 01 00    -3.7027997   -1.2736911  955.2981  955.8145
2021 04 15 01 02 00    -3.7043292   -1.2743465  955.2935  955.8124
2021 04 15 01 03 00    -3.7057511   -1.2751319  955.2887  955.8123
2021 04 15 01 04 00    -3.7073098   -1.2760651  955.2842  955.8072
2021 04 15 01 05 00    -3.7091900   -1.2771056  955.2802  955.7953
2021 04 15 01 06 00    -3.7110042   -1.2780042  955.2762  955.7830
2021 04 15 01 07 00    -3.7125486   -1.2786699  955.2723  955.7735
2021 04 15 01 08 00    -3.7142971   -1.2794558  955.2684  955.7646
2021 04 15 01 09 00    -3.7163866   -1.2804531  955.2644  955.7553
2021 04 15 01 10 00    -3.7184459   -1.2813367  955.2604  955.7475
2021 04 15 01 11 00    -3.7205337   -1.2821966  955.2563  955.7435
2021 04 15 01 12 00    -3.7228289   -1.2833498  955.2522  955.7426
2021 04 15 01 13 00    -3.7250144   -1.2846095  955.2479  955.7390
2021 04 15 01 14 00    -3.7269207   -1.2856484  955.2433  955.7354
2021 04 15 01 15 00    -3.7288909   -1.2865713  955.2386  955.7419
2021 04 15 01 16 00    -3.7311375   -1.2876769  955.2341  955.7539
2021 04 15 01 17 00    -3.7334553   -1.2889675  955.2305  955.7591
2021 04 15 01 18 00    -3.7357589   -1.2902406  955.2273  955.7584
2021 04 15 01 19 00    -3.7381989   -1.2914454  955.2243  955.7582
2021 04 15 01 20 00    -3.7406546   -1.2926180  955.2213  955.7610
2021 04 15 01 21 00    -3.7430221   -1.2938568  955.2186  955.7655
2021 04 15 01 22 00    -3.7455784   -1.2952921  955.2155  955.7646
2021 04 15 01 23 00    -3.7483236   -1.2967173  955.2118  955.7569
2021 04 15 01 24 00    -3.7509922   -1.2979048  955.2083  955.7529
2021 04 15 01 25 00    -3.7537258   -1.2991419  955.2056  955.7546
2021 04 15 01 26 00    -3.7566764   -1.3006514  955.2028  955.7532
2021 04 15 01 27 00    -3.7596083   -1.3021809  955.1995  955.7486
2021 04 15 01 28 00    -3.7623970   -1.3035854  955.1964  955.7475
2021 04 15 01 29 00    -3.7652156   -1.3050197  955.1938  955.7452
2021 04 15 01 30 00    -3.7682326   -1.3065391  955.1914  955.7333
2021 04 15 01 31 00    -3.7713816   -1.3080253  955.1887  955.7205
2021 04 15 01 32 00    -3.7744508   -1.3094608  955.1853  955.7193
2021 04 15 01 33 00    -3.7774554   -1.3110230  955.1816  955.7222
2021 04 15 01 34 00    -3.7806017   -1.3127611  955.1785  955.7198
2021 04 15 01 35 00    -3.7839072   -1.3144546  955.1762  955.7204
2021 04 15 01 36 00    -3.7872338   -1.3160626  955.1738  955.7273
2021 04 15 01 37 00    -3.7906144   -1.3177806  955.1713  955.7285
2021 04 15 01 38 00    -3.7941200   -1.3195692  955.1682  955.7230
2021 04 15 01 39 00    -3.7975351   -1.3212546  955.1645  955.7216
2021 04 15 01 40 00    -3.8008184   -1.3229325  955.1613  955.7245
2021 04 15 01 41 00    -3.8043216   -1.3247683  955.1586  955.7254
2021 04 15 01 42 00    -3.8080016   -1.3266163  955.1561  955.7232
2021 04 15 01 43 00    -3.8114768   -1.3282862  955.1534  955.7209
2021 04 15 01 44 00    -3.8148976   -1.3299159  955.1509  955.7215
2021 04 15 01 45 00    -3.8185927   -1.3316777  955.1490  955.7215
2021 04 15 01 46 00    -3.8223737   -1.3335301  955.1473  955.7164
2021 04 15 01 47 00    -3.8260583   -1.3354725  955.1453  955.7120
2021 04 15 01 48 00    -3.8298556   -1.3375577  955.1427  955.7126
2021 04 15 01 49 00    -3.8338705   -1.3396632  955.1392  955.7112
2021 04 15 01 50 00    -3.8379413   -1.3416166  955.1359  955.7047
2021 04 15 01 51 00    -3.8419796   -1.3434682  955.1332  955.7027
2021 04 15 01 52 00    -3.8460618   -1.3454443  955.1309  955.7074
2021 04 15 01 53 00    -3.8501855   -1.3476094  955.1287  955.7078
2021 04 15 01 54 00    -3.8542784   -1.3497789  955.1267  955.7029
2021 04 15 01 55 00    -3.8583967   -1.3518370  955.1250  955.7003
2021 04 15 01 56 00    -3.8625594   -1.3538276  955.1228  955.6975
2021 04 15 01 57 00    -3.8667392   -1.3558213  955.1201  955.6906
2021 04 15 01 58 00    -3.8710823   -1.3579734  955.1172  955.6842
2021 04 15 01 59 00    -3.8755709   -1.3603436  955.1141  955.6807
2021 04 15 02 00 00    -3.8799283   -1.3626857  955.1109  955.6762
2021 04 15 02 01 00    -3.8841504   -1.3648161  955.1084  955.6712
2021 04 15 02 02 00    -3.8884158   -1.3668252  955.1067  955.6702
2021 04 15 02 03 00    -3.8927176   -1.3688413  955.1048  955.6727
2021 04 15 02 04 00    -3.8970810   -1.3709934  955.1023  955.6733
2021 04 15 02 05 00    -3.9016765   -1.3734007  955.0996  955.6679
2021 04 15 02 06 00    -3.9064517   -1.3758954  955.0968  955.6597
2021 04 15 02 07 00    -3.9111404   -1.3781817  955.0939  955.6583
2021 04 15 02 08 00    -3.9157682   -1.3804222  955.0913  955.6647
2021 04 15 02 09 00    -3.9204988   -1.3829295  955.0896  955.6681
2021 04 15 02 10 00    -3.9252314   -1.3854714  955.0880  955.6617
2021 04 15 02 11 00    -3.9299316   -1.3877412  955.0851  955.6496
2021 04 15 02 12 00    -3.9347147   -1.3899483  955.0819  955.6416
2021 04 15 02 13 00    -3.9394971   -1.3923521  955.0796  955.6408
2021 04 15 02 14 00    -3.9442070   -1.3948937  955.0774  955.6399
2021 04 15 02 15 00    -3.9489849   -1.3973954  955.0747  955.6401
2021 04 15 02 16 00    -3.9538931   -1.3997418  955.0719  955.6497
2021 04 15 02 17 00    -3.9588744   -1.4020501  955.0693  955.6607
2021 04 15 02 18 00    -3.9638989   -1.4045175  955.0673  955.6598
2021 04 15 02 19 00    -3.9688873   -1.4070885  955.0657  955.6535
2021 04 15 02 20 00    -3.9737841   -1.4095979  955.0642  955.6530
2021 04 15 02 21 00    -3.9787579   -1.4120311  955.0624  955.6541
2021 04 15 02 22 00    -3.9839830   -1.4145285  955.0599  955.6512
2021 04 15 02 23 00    -3.9892808   -1.4171731  955.0572  955.6500
2021 04 15 02 24 00    -3.9943623   -1.4198240  955.0557  955.6541
2021 04 15 02 25 00    -3.9993486   -1.4223542  955.0549  955.6580
2021 04 15 02 26 00    -4.0045584   -1.4248567  955.0531  955.6574
2021 04 15 02 27 00    -4.0099434   -1.4274720  955.0506  955.6529
2021 04 15 02 28 00    -4.0152734   -1.4301707  955.0488  955.6477
2021 04 15 02 29 00    -4.0205320   -1.4328330  955.0474  955.6459
2021 04 15 02 30 00    -4.0257983   -1.4354794  955.0455  955.6476
2021 04 15 02 31 00    -4.0311414   -1.4381594  955.0430  955.6476
2021 04 15 02 32 00    -4.0365679   -1.4408005  955.0404  955.6452
2021 04 15 02 33 00    -4.0419156   -1.4433995  955.0381  955.6457
2021 04 15 02 34 00    -4.0471969   -1.4461318  955.0365  955.6517
2021 04 15 02 35 00    -4.0526874   -1.4491150  955.0352  955.6592
2021 04 15 02 36 00    -4.0582840   -1.4520973  955.0335  955.6642
2021 04 15 02 37 00    -4.0636748   -1.4547051  955.0315  955.6674
2021 04 15 02 38 00    -4.0690737   -1.4570944  955.0298  955.6672
2021 04 15 02 39 00    -4.0746859   -1.4597685  955.0286  955.6609
2021 04 15 02 40 00    -4.0802065   -1.4627459  955.0280  955.6565
2021 04 15 02 41 00    -4.0856203   -1.4656687  955.0276  955.6616
2021 04 15 02 42 00    -4.0912480   -1.4684401  955.0263  955.6665
2021 04 15 02 43 00    -4.0969109   -1.4711255  955.0242  955.6604
2021 04 15 02 44 00    -4.1023123   -1.4737826  955.0221  955.6524
2021 04 15 02 45 00    -4.1077194   -1.4765423  955.0205  955.6565
2021 04 15 02 46 00    -4.1133859   -1.4794151  955.0193  955.6708
2021 04 15 02 47 00    -4.1190851   -1.4822831  955.0187  955.6819
2021 04 15 02 48 00    -4.1246751   -1.4851457  955.0183  955.6822
2021 04 15 02 49 00    -4.1303619   -1.4880656  955.0173  955.6769
2021 04 15 02 50 00    -4.1361531   -1.4909625  955.0159  955.6744
2021 04 15 02 51 00    -4.1418235   -1.4937301  955.0148  955.6758
2021 04 15 02 52 00    -4.1475180   -1.4965420  955.0140  955.6764
2021 04 15 02 53 00    -4.1534815   -1.4995984  955.0130  955.6696
2021 04 15 02 54 00    -4.1594465   -1.5026588  955.0116  955.6562
2021 04 15 02 55 00    -4.1651611   -1.5054504  955.0100  955.6483
2021 04 15 02 56 00    -4.1708499   -1.5081484  955.0086  955.6481
2021 04 15 02 57 00    -4.1766860   -1.5109767  955.0076  955.6415
2021 04 15 02 58 00    -4.1825678   -1.5139564  955.0061  955.6241
2021 04 15 02 59 00    -4.1884563   -1.5170438  955.0036  955.6099
2021 04 15 03 00 00    -4.1944370   -1.5200588  955.0007  955.6043
2021 04 15 03 01 00    -4.2004565   -1.5229014  954.9979  955.5952
2021 04 15 03 02 00    -4.2063222   -1.5257797  954.9953  955.5790
2021 04 15 03 03 00    -4.2120907   -1.5288212  954.9927  955.5690
2021 04 15 03 04 00    -4.2180307   -1.5319083  954.9898  955.5676
2021 04 15 03 05 00    -4.2241282   -1.5349305  954.9868  955.5614
2021 04 15 03 06 00    -4.2301141   -1.5378317  954.9843  955.5535
2021 04 15 03 07 00    -4.2359181   -1.5407005  954.9822  955.5571
2021 04 15 03 08 00    -4.2417432   -1.5437017  954.9802  955.5592
2021 04 15 03 09 00    -4.2477162   -1.5467518  954.9777  955.5440
2021 04 15 03 10 00    -4.2536834   -1.5497051  954.9746  955.5289
2021 04 15 03 11 00    -4.2595447   -1.5526286  954.9715  955.5280
2021 04 15 03 12 00    -4.2654700   -1.5556259  954.9689  955.5272
2021 04 15 03 13 00    -4.2715033   -1.5586903  954.9665  955.5200
2021 04 15 03 14 00    -4.2774539   -1.5617058  954.9637  955.5134
2021 04 15 03 15 00    -4.2832672   -1.5645900  954.9603  955.5088
2021 04 15 03 16 00    -4.2890708   -1.5674286  954.9572  955.5083
2021 04 15 03 17 00    -4.2949469   -1.5703466  954.9545  955.5145
2021 04 15 03 18 00    -4.3008553   -1.5733612  954.9514  955.5163
2021 04 15 03 19 00    -4.3067943   -1.5763987  954.9483  955.5049
2021 04 15 03 20 00    -4.3128720   -1.5794146  954.9460  955.4943
2021 04 15 03 21 00    -4.3189540   -1.5824159  954.9440  955.4975
2021 04 15 03 22 00    -4.3246955   -1.5853508  954.9419  955.5043
2021 04 15 03 23 00    -4.3302314   -1.5881961  954.9396  955.5070
2021 04 15 03 24 00    -4.3359972   -1.5910381  954.9375  955.5160
2021 04 15 03 25 00    -4.3419387   -1.5939281  954.9358  955.5308
2021 04 15 03 26 00    -4.3477711   -1.5968602  954.9338  955.5357
2021 04 15 03 27 00    -4.3535199   -1.5997834  954.9318  955.5327
2021 04 15 03 28 00    -4.3593773   -1.6026777  954.9299  955.5372
2021 04 15 03 29 00    -4.3654393   -1.6057013  954.9280  955.5440
2021 04 15 03 30 00    -4.3715226   -1.6088564  954.9256  955.5373
2021 04 15 03 31 00    -4.3773462   -1.6118535  954.9236  955.5232
2021 04 15 03 32 00    -4.3829800   -1.6146254  954.9227  955.5169
2021 04 15 03 33 00    -4.3886965   -1.6173854  954.9218  955.5169
2021 04 15 03 34 00    -4.3945385   -1.6202680  954.9197  955.5226
2021 04 15 03 35 00    -4.4002800   -1.6232055  954.9173  955.5404
2021 04 15 03 36 00    -4.4057654   -1.6259863  954.9154  955.5544
2021 04 15 03 37 00    -4.4112361   -1.6285732  954.9139  955.5440
2021 04 15 03 38 00    -4.4169998   -1.6312934  954.9127  955.5246
2021 04 15 03 39 00    -4.4229096   -1.6343170  954.9120  955.5245
2021 04 15 03 40 00    -4.4286873   -1.6373516  954.9111  955.5412
2021 04 15 03 41 00    -4.4343737   -1.6402279  954.9096  955.5474
2021 04 15 03 42 00    -4.4400672   -1.6431019  954.9075  955.5307
2021 04 15 03 43 00    -4.4456922   -1.6459638  954.9050  955.5142
2021 04 15 03 44 00    -4.4511839   -1.6486621  954.9025  955.5203
2021 04 15 03 45 00    -4.4567219   -1.6513263  954.9003  955.5322
2021 04 15 03 46 00    -4.4624858   -1.6541946  954.8984  955.5259
2021 04 15 03 47 00    -4.4682089   -1.6571662  954.8970  955.5108
2021 04 15 03 48 00    -4.4736467   -1.6599704  954.8959  955.5087
2021 04 15 03 49 00    -4.4790728   -1.6626400  954.8946  955.5161
2021 04 15 03 50 00    -4.4846615   -1.6654039  954.8926  955.5173
2021 04 15 03 51 00    -4.4901324   -1.6681921  954.8903  955.5192
2021 04 15 03 52 00    -4.4953403   -1.6708062  954.8889  955.5344
2021 04 15 03 53 00    -4.5006035   -1.6734441  954.8882  955.5537
2021 04 15 03 54 00    -4.5061619   -1.6762922  954.8876  955.5634
2021 04 15 03 55 00    -4.5116988   -1.6790277  954.8867  955.5608
2021 04 15 03 56 00    -4.5169201   -1.6814674  954.8859  955.5476
2021 04 15 03 57 00    -4.5220246   -1.6839294  954.8852  955.5388
2021 04 15 03 58 00    -4.5272049   -1.6865835  954.8844  955.5469
2021 04 15 03 59 00    -4.5324699   -1.6892999  954.8834  955.5579
2021 04 15 04 00 00    -4.5377365   -1.6919417  954.8826  955.5617
2021 04 15 04 01 00    -4.5428789   -1.6944773  954.8820  955.5702
2021 04 15 04 02 00    -4.5480605   -1.6971073  954.8814  955.5816
2021 04 15 04 03 00    -4.5533782   -1.6998862  954.8807  955.5798
2021 04 15 04 04 00    -4.5585721   -1.7025577  954.8799  955.5685
2021 04 15 04 05 00    -4.5636135   -1.7050939  954.8792  955.5647
2021 04 15 04 06 00    -4.5686429   -1.7076179  954.8789  955.5703
2021 04 15 04 07 00    -4.5736492   -1.7101171  954.8787  955.5759
2021 04 15 04 08 00    -4.5786271   -1.7125895  954.8784  955.5812
2021 04 15 04 09 00    -4.5835972   -1.7150722  954.8785  955.5890
2021 04 15 04 10 00    -4.5885926   -1.7175475  954.8783  955.5954
2021 04 15 04 11 00    -4.5935140   -1.7199051  954.8774  955.6011
2021 04 15 04 12 00    -4.5982103   -1.7221837  954.8766  955.6119
2021 04 15 04 13 00    -4.6028456   -1.7245810  954.8763  955.6194
2021 04 15 04 14 00    -4.6076263   -1.7270412  954.8762  955.6112
2021 04 15 04 15 00    -4.6124745   -1.7294207  954.8760  955.5983
2021 04 15 04 16 00    -4.6172119   -1.7317853  954.8754  955.5990
2021 04 15 04 17 00    -4.6217662   -1.7341533  954.8747  955.6069
2021 04 15 04 18 00    -4.6263073   -1.7364559  954.8748  955.6065
2021 04 15 04 19 00    -4.6310068   -1.7387212  954.8754  955.6037
2021 04 15 04 20 00    -4.6357390   -1.7410117  954.8755  955.6114
2021 04 15 04 21 00    -4.6402950   -1.7433033  954.8750  955.6244
2021 04 15 04 22 00    -4.6446153   -1.7455290  954.8746  955.6300
2021 04 15 04 23 00    -4.6488889   -1.7477313  954.8745  955.6266
2021 04 15 04 24 00    -4.6533121   -1.7499215  954.8740  955.6216
2021 04 15 04 25 00    -4.6576798   -1.7519856  954.8733  955.6229
2021 04 15 04 26 00    -4.6618227   -1.7540225  954.8732  955.6344
2021 04 15 04 27 00    -4.6659713   -1.7562205  954.8739  955.6504
2021 04 15 04 28 00    -4.6702114   -1.7584321  954.8742  955.6634
2021 04 15 04 29 00    -4.6744110   -1.7605063  954.8742  955.6742
2021 04 15 04 30 00    -4.6785739   -1.7625641  954.8745  955.6853
2021 04 15 04 31 00    -4.6826833   -1.7646038  954.8750  955.6952
2021 04 15 04 32 00    -4.6866622   -1.7665566  954.8755  955.7026
2021 04 15 04 33 00    -4.6905189   -1.7684637  954.8763  955.7069
2021 04 15 04 34 00    -4.6942786   -1.7702706  954.8773  955.7100
2021 04 15 04 35 00    -4.6980741   -1.7721015  954.8782  955.7173
2021 04 15 04 36 00    -4.7020093   -1.7741846  954.8789  955.7275
2021 04 15 04 37 00    -4.7058218   -1.7762525  954.8805  955.7316
2021 04 15 04 38 00    -4.7093322   -1.7779840  954.8829  955.7275
2021 04 15 04 39 00    -4.7128938   -1.7796212  954.8848  955.7264
2021 04 15 04 40 00    -4.7166976   -1.7814366  954.8854  955.7337
2021 04 15 04 41 00    -4.7203507   -1.7832900  954.8855  955.7392
2021 04 15 04 42 00    -4.7236975   -1.7850867  954.8861  955.7408
2021 04 15 04 43 00    -4.7270239   -1.7868936  954.8872  955.7493
2021 04 15 04 44 00    -4.7304419   -1.7886145  954.8885  955.7618
2021 04 15 04 45 00    -4.7339014   -1.7902182  954.8906  955.7668
2021 04 15 04 46 00    -4.7372578   -1.7918096  954.8932  955.7665
2021 04 15 04 47 00    -4.7404130   -1.7934029  954.8953  955.7688
2021 04 15 04 48 00    -4.7436149   -1.7950700  954.8966  955.7744
2021 04 15 04 49 00    -4.7468982   -1.7967825  954.8979  955.7812
2021 04 15 04 50 00    -4.7499039   -1.7982845  954.8998  955.7859
2021 04 15 04 51 00    -4.7527082   -1.7995824  954.9013  955.7850
2021 04 15 04 52 00    -4.7556872   -1.8009503  954.9022  955.7825
2021 04 15 04 53 00    -4.7587776   -1.8024960  954.9031  955.7857
2021 04 15 04 54 00    -4.7617264   -1.8041084  954.9041  955.7929
2021 04 15 04 55 00    -4.7644886   -1.8055948  954.9049  955.7995
2021 04 15 04 56 00    -4.7671522   -1.8069094  954.9056  955.8055
2021 04 15 04 57 00    -4.7698252   -1.8082088  954.9068  955.8077
2021 04 15 04 58 00    -4.7725090   -1.8095746  954.9085  955.8048
2021 04 15 04 59 00    -4.7751623   -1.8109804  954.9101  955.8053
2021 04 15 05 00 00    -4.7777524   -1.8123805  954.9112  955.8097
2021 04 15 05 01 00    -4.7801868   -1.8136632  954.9123  955.8081
2021 04 15 05 02 00    -4.7825086   -1.8147967  954.9135  955.8010
2021 04 15 05 03 00    -4.7848405   -1.8158844  954.9150  955.7971
2021 04 15 05 04 00    -4.7871514   -1.8170029  954.9164  955.7997
2021 04 15 05 05 00    -4.7893487   -1.8181527  954.9171  955.8074
2021 04 15 05 06 00    -4.7913531   -1.8192191  954.9176  955.8140
2021 04 15 05 07 00    -4.7932462   -1.8201282  954.9182  955.8150
2021 04 15 05 08 00    -4.7952426   -1.8210523  954.9187  955.8144
2021 04 15 05 09 00    -4.7973068   -1.8220938  954.9194  955.8171
2021 04 15 05 10 00    -4.7992850   -1.8230863  954.9203  955.8228
2021 04 15 05 11 00    -4.8012127   -1.8239619  954.9212  955.8284
2021 04 15 05 12 00    -4.8031557   -1.8248464  954.9222  955.8301
2021 04 15 05 13 00    -4.8050512   -1.8257451  954.9229  955.8266
2021 04 15 05 14 00    -4.8067409   -1.8265598  954.9232  955.8220
2021 04 15 05 15 00    -4.8082400   -1.8273185  954.9234  955.8202
2021 04 15 05 16 00    -4.8097245   -1.8280560  954.9241  955.8189
2021 04 15 05 17 00    -4.8111251   -1.8287312  954.9254  955.8140
2021 04 15 05 18 00    -4.8123014   -1.8293299  954.9266  955.8078
2021 04 15 05 19 00    -4.8133194   -1.8298135  954.9273  955.8052
2021 04 15 05 20 00    -4.8142793   -1.8302742  954.9272  955.8065
2021 04 15 05 21 00    -4.8152982   -1.8309490  954.9269  955.8121
2021 04 15 05 22 00    -4.8164598   -1.8317403  954.9269  955.8235
2021 04 15 05 23 00    -4.8175611   -1.8322667  954.9275  955.8368
2021 04 15 05 24 00    -4.8183675   -1.8325034  954.9288  955.8487
2021 04 15 05 25 00    -4.8190551   -1.8328178  954.9303  955.8603
2021 04 15 05 26 00    -4.8198362   -1.8333464  954.9317  955.8711
2021 04 15 05 27 00    -4.8205783   -1.8338616  954.9330  955.8792
2021 04 15 05 28 00    -4.8210986   -1.8341474  954.9347  955.8866
2021 04 15 05 29 00    -4.8214420   -1.8342240  954.9368  955.8951
2021 04 15 05 30 00    -4.8218540   -1.8343239  954.9393  955.9046
2021 04 15 05 31 00    -4.8223352   -1.8344775  954.9423  955.9150
2021 04 15 05 32 00    -4.8225718   -1.8344893  954.9451  955.9269
2021 04 15 05 33 00    -4.8225364   -1.8343842  954.9469  955.9439
2021 04 15 05 34 00    -4.8224139   -1.8343209  954.9487  955.9701
2021 04 15 05 35 00    -4.8222380   -1.8344085  954.9518  956.0000
2021 04 15 05 36 00    -4.8220792   -1.8345790  954.9558  956.0224
2021 04 15 05 37 00    -4.8219663   -1.8345169  954.9600  956.0337
2021 04 15 05 38 00    -4.8217064   -1.8341515  954.9638  956.0353
2021 04 15 05 39 00    -4.8213263   -1.8338731  954.9668  956.0301
2021 04 15 05 40 00    -4.8210426   -1.8338545  954.9695  956.0292
2021 04 15 05 41 00    -4.8206521   -1.8337349  954.9727  956.0394
2021 04 15 05 42 00    -4.8200128   -1.8333660  954.9762  956.0522
2021 04 15 05 43 00    -4.8194508   -1.8330518  954.9793  956.0582
2021 04 15 05 44 00    -4.8189927   -1.8328689  954.9816  956.0569
2021 04 15 05 45 00    -4.8184158   -1.8326352  954.9835  956.0537
2021 04 15 05 46 00    -4.8176911   -1.8322698  954.9859  956.0559
2021 04 15 05 47 00    -4.8167435   -1.8317802  954.9890  956.0628
2021 04 15 05 48 00    -4.8156336   -1.8312660  954.9924  956.0669
2021 04 15 05 49 00    -4.8146056   -1.8307756  954.9956  956.0677
2021 04 15 05 50 00    -4.8136431   -1.8302293  954.9988  956.0677
2021 04 15 05 51 00    -4.8125982   -1.8296866  955.0010  956.0621
2021 04 15 05 52 00    -4.8115187   -1.8292700  955.0020  956.0491
2021 04 15 05 53 00    -4.8104358   -1.8288286  955.0038  956.0371
2021 04 15 05 54 00    -4.8091625   -1.8281313  955.0085  956.0332
2021 04 15 05 55 00    -4.8076316   -1.8272370  955.0151  956.0345
2021 04 15 05 56 00    -4.8060054   -1.8263080  955.0215  956.0334
2021 04 15 05 57 00    -4.8043288   -1.8254365  955.0271  956.0283
2021 04 15 05 58 00    -4.8025978   -1.8247415  955.0319  956.0246
2021 04 15 05 59 00    -4.8008901   -1.8241019  955.0355  956.0221
2021 04 15 06 00 00    -4.7991110   -1.8231547  955.0389  956.0158
2021 04 15 06 01 00    -4.7971378   -1.8219192  955.0430  956.0096
2021 04 15 06 02 00    -4.7950658   -1.8207759  955.0475  956.0107
2021 04 15 06 03 00    -4.7929182   -1.8197440  955.0514  956.0163
2021 04 15 06 04 00    -4.7906110   -1.8185661  955.0552  956.0188
2021 04 15 06 05 00    -4.7881812   -1.8173240  955.0592  956.0169
2021 04 15 06 06 00    -4.7857382   -1.8161733  955.0630  956.0133
2021 04 15 06 07 00    -4.7833304   -1.8149830  955.0661  956.0130
2021 04 15 06 08 00    -4.7808322   -1.8136984  955.0695  956.0199
2021 04 15 06 09 00    -4.7781033   -1.8123696  955.0730  956.0279
2021 04 15 06 10 00    -4.7752491   -1.8109500  955.0762  956.0283
2021 04 15 06 11 00    -4.7724965   -1.8095215  955.0794  956.0229
2021 04 15 06 12 00    -4.7698393   -1.8082258  955.0828  956.0193
2021 04 15 06 13 00    -4.7669743   -1.8069367  955.0864  956.0210
2021 04 15 06 14 00    -4.7638620   -1.8054687  955.0894  956.0258
2021 04 15 06 15 00    -4.7607944   -1.8038467  955.0915  956.0270
2021 04 15 06 16 00    -4.7576508   -1.8021077  955.0933  956.0240
2021 04 15 06 17 00    -4.7541753   -1.8002850  955.0958  956.0234
2021 04 15 06 18 00    -4.7506174   -1.7985569  955.0988  956.0258
2021 04 15 06 19 00    -4.7472089   -1.7969571  955.1019  956.0264
2021 04 15 06 20 00    -4.7437657   -1.7952533  955.1047  956.0270
2021 04 15 06 21 00    -4.7401144   -1.7933782  955.1072  956.0328
2021 04 15 06 22 00    -4.7363295   -1.7914787  955.1099  956.0434
2021 04 15 06 23 00    -4.7324855   -1.7895910  955.1128  956.0519
2021 04 15 06 24 00    -4.7285625   -1.7876875  955.1151  956.0533
2021 04 15 06 25 00    -4.7245113   -1.7856985  955.1173  956.0537
2021 04 15 06 26 00    -4.7203163   -1.7835601  955.1204  956.0627
2021 04 15 06 27 00    -4.7161132   -1.7814198  955.1236  956.0781
2021 04 15 06 28 00    -4.7119444   -1.7793589  955.1258  956.0890
2021 04 15 06 29 00    -4.7076147   -1.7772086  955.1284  956.0924
2021 04 15 06 30 00    -4.7031092   -1.7748957  955.1321  956.0932
2021 04 15 06 31 00    -4.6986201   -1.7725705  955.1354  956.0947
2021 04 15 06 32 00    -4.6941017   -1.7703296  955.1381  956.0963
2021 04 15 06 33 00    -4.6894013   -1.7680569  955.1410  956.0961
2021 04 15 06 34 00    -4.6846101   -1.7656779  955.1438  956.0946
2021 04 15 06 35 00    -4.6797624   -1.7632689  955.1467  956.0954
2021 04 15 06 36 00    -4.6747771   -1.7608417  955.1500  956.0980
2021 04 15 06 37 00    -4.6697945   -1.7583357  955.1530  956.0969
2021 04 15 06 38 00    -4.6648618   -1.7557364  955.1553  956.0915
2021 04 15 06 39 00    -4.6598029   -1.7531061  955.1570  956.0868
2021 04 15 06 40 00    -4.6545731   -1.7504458  955.1584  956.0850
2021 04 15 06 41 00    -4.6491340   -1.7476332  955.1597  956.0845
2021 04 15 06 42 00    -4.6435070   -1.7447406  955.1616  956.0866
2021 04 15 06 43 00    -4.6378959   -1.7419558  955.1639  956.0944
2021 04 15 06 44 00    -4.6323224   -1.7392082  955.1661  956.1031
2021 04 15 06 45 00    -4.6267030   -1.7363974  955.1680  956.1044
2021 04 15 06 46 00    -4.6210301   -1.7335729  955.1701  956.0999
2021 04 15 06 47 00    -4.6152516   -1.7307456  955.1726  956.1001
2021 04 15 06 48 00    -4.6093581   -1.7278534  955.1752  956.1080
2021 04 15 06 49 00    -4.6033795   -1.7248316  955.1769  956.1149
2021 04 15 06 50 00    -4.5972177   -1.7217006  955.1780  956.1144
2021 04 15 06 51 00    -4.5908213   -1.7185755  955.1797  956.1106
2021 04 15 06 52 00    -4.5844453   -1.7154788  955.1821  956.1116
2021 04 15 06 53 00    -4.5782039   -1.7122615  955.1848  956.1186
2021 04 15 06 54 00    -4.5718416   -1.7089067  955.1874  956.1230
2021 04 15 06 55 00    -4.5653256   -1.7056166  955.1897  956.1163
2021 04 15 06 56 00    -4.5587230   -1.7023669  955.1920  956.1023
2021 04 15 06 57 00    -4.5519550   -1.6989812  955.1941  956.0924
2021 04 15 06 58 00    -4.5452147   -1.6955464  955.1954  956.0914
2021 04 15 06 59 00    -4.5385068   -1.6921036  955.1963  956.0943
2021 04 15 07 00 00    -4.5314050   -1.6885492  955.1973  956.0963
2021 04 15 07 01 00    -4.5240762   -1.6850464  955.1984  956.0967
2021 04 15 07 02 00    -4.5170552   -1.6816895  955.1994  956.0962
2021 04 15 07 03 00    -4.5101423   -1.6781542  955.2010  956.0979
2021 04 15 07 04 00    -4.5029113   -1.6743787  955.2035  956.1016
2021 04 15 07 05 00    -4.4954899   -1.6707235  955.2054  956.1018
2021 04 15 07 06 00    -4.4881109   -1.6671900  955.2065  956.0972
2021 04 15 07 07 00    -4.4806749   -1.6634585  955.2079  956.0903
2021 04 15 07 08 00    -4.4730718   -1.6595571  955.2097  956.0806
2021 04 15 07 09 00    -4.4654260   -1.6557446  955.2106  956.0717
2021 04 15 07 10 00    -4.4577443   -1.6519517  955.2103  956.0708
2021 04 15 07 11 00    -4.4498756   -1.6479638  955.2103  956.0748
2021 04 15 07 12 00    -4.4419666   -1.6439431  955.2111  956.0702
2021 04 15 07 13 00    -4.4341356   -1.6400562  955.2119  956.0572
2021 04 15 07 14 00    -4.4260660   -1.6360744  955.2121  956.0491
2021 04 15 07 15 00    -4.4176917   -1.6318990  955.2121  956.0483
2021 04 15 07 16 00    -4.4093845   -1.6276818  955.2124  956.0460
2021 04 15 07 17 00    -4.4012388   -1.6234438  955.2128  956.0390
2021 04 15 07 18 00    -4.3930460   -1.6192153  955.2129  956.0335
2021 04 15 07 19 00    -4.3846943   -1.6150672  955.2126  956.0352
2021 04 15 07 20 00    -4.3761445   -1.6108563  955.2129  956.0413
2021 04 15 07 21 00    -4.3673874   -1.6064675  955.2137  956.0422
2021 04 15 07 22 00    -4.3585284   -1.6020865  955.2144  956.0323
2021 04 15 07 23 00    -4.3496064   -1.5977765  955.2151  956.0195
2021 04 15 07 24 00    -4.3406214   -1.5933134  955.2158  956.0161
2021 04 15 07 25 00    -4.3317164   -1.5887646  955.2155  956.0211
2021 04 15 07 26 00    -4.3228254   -1.5843333  955.2144  956.0229
2021 04 15 07 27 00    -4.3137789   -1.5798324  955.2136  956.0169
2021 04 15 07 28 00    -4.3046704   -1.5751604  955.2138  956.0114
2021 04 15 07 29 00    -4.2954695   -1.5704892  955.2145  956.0159
2021 04 15 07 30 00    -4.2860750   -1.5658060  955.2152  956.0259
2021 04 15 07 31 00    -4.2766578   -1.5610851  955.2155  956.0281
2021 04 15 07 32 00    -4.2672967   -1.5563919  955.2155  956.0224
2021 04 15 07 33 00    -4.2577805   -1.5515901  955.2157  956.0218
2021 04 15 07 34 00    -4.2480246   -1.5466796  955.2166  956.0295
2021 04 15 07 35 00    -4.2382375   -1.5419059  955.2178  956.0386
2021 04 15 07 36 00    -4.2285006   -1.5371565  955.2191  956.0451
2021 04 15 07 37 00    -4.2186432   -1.5321467  955.2201  956.0466
2021 04 15 07 38 00    -4.2085740   -1.5269693  955.2207  956.0451
2021 04 15 07 39 00    -4.1983985   -1.5218506  955.2209  956.0497
2021 04 15 07 40 00    -4.1882466   -1.5168188  955.2214  956.0577
2021 04 15 07 41 00    -4.1781132   -1.5117874  955.2222  956.0558
2021 04 15 07 42 00    -4.1679663   -1.5067321  955.2227  956.0477
2021 04 15 07 43 00    -4.1577612   -1.5016686  955.2232  956.0483
2021 04 15 07 44 00    -4.1473474   -1.4964843  955.2235  956.0560
2021 04 15 07 45 00    -4.1367154   -1.4910726  955.2239  956.0600
2021 04 15 07 46 00    -4.1260939   -1.4856239  955.2252  956.0608
2021 04 15 07 47 00    -4.1156234   -1.4803662  955.2274  956.0633
2021 04 15 07 48 00    -4.1051084   -1.4751710  955.2288  956.0670
2021 04 15 07 49 00    -4.0943151   -1.4698211  955.2289  956.0707
2021 04 15 07 50 00    -4.0834175   -1.4643589  955.2288  956.0725
2021 04 15 07 51 00    -4.0726523   -1.4589206  955.2296  956.0694
2021 04 15 07 52 00    -4.0618358   -1.4534939  955.2308  956.0609
2021 04 15 07 53 00    -4.0508110   -1.4480045  955.2315  956.0546
2021 04 15 07 54 00    -4.0397960   -1.4425315  955.2317  956.0572
2021 04 15 07 55 00    -4.0288746   -1.4371212  955.2327  956.0618
2021 04 15 07 56 00    -4.0178176   -1.4315715  955.2346  956.0603
2021 04 15 07 57 00    -4.0065085   -1.4258431  955.2364  956.0548
2021 04 15 07 58 00    -3.9950955   -1.4201937  955.2372  956.0465
2021 04 15 07 59 00    -3.9837494   -1.4145881  955.2372  956.0390
2021 04 15 08 00 00    -3.9724011   -1.4087619  955.2365  956.0314
2021 04 15 08 01 00    -3.9608686   -1.4028419  955.2352  956.0160
2021 04 15 08 02 00    -3.9491873   -1.3970491  955.2345  956.0082
2021 04 15 08 03 00    -3.9375782   -1.3913246  955.2349  956.0332
2021 04 15 08 04 00    -3.9259919   -1.3855793  955.2360  956.0726
2021 04 15 08 05 00    -3.9141455   -1.3796863  955.2374  956.0827
2021 04 15 08 06 00    -3.9021869   -1.3735948  955.2385  956.0637
2021 04 15 08 07 00    -3.8903703   -1.3674837  955.2388  956.0544
2021 04 15 08 08 00    -3.8784790   -1.3615293  955.2391  956.0663
2021 04 15 08 09 00    -3.8663690   -1.3557134  955.2401  956.0758
2021 04 15 08 10 00    -3.8542226   -1.3497989  955.2416  956.0702
2021 04 15 08 11 00    -3.8422131   -1.3437289  955.2427  956.0582
2021 04 15 08 12 00    -3.8302553   -1.3376691  955.2432  956.0482
2021 04 15 08 13 00    -3.8180524   -1.3315174  955.2437  956.0448
2021 04 15 08 14 00    -3.8056432   -1.3252747  955.2447  956.0450
2021 04 15 08 15 00    -3.7933109   -1.3192005  955.2454  956.0441
2021 04 15 08 16 00    -3.7809588   -1.3131119  955.2455  956.0565
2021 04 15 08 17 00    -3.7684490   -1.3067194  955.2457  956.0915
2021 04 15 08 18 00    -3.7559497   -1.3002607  955.2466  956.1185
2021 04 15 08 19 00    -3.7434811   -1.2939647  955.2485  956.1150
2021 04 15 08 20 00    -3.7309377   -1.2877342  955.2505  956.1052
2021 04 15 08 21 00    -3.7183297   -1.2814578  955.2517  956.0999
2021 04 15 08 22 00    -3.7055917   -1.2750671  955.2523  956.0858
2021 04 15 08 23 00    -3.6927198   -1.2685971  955.2532  956.0734
2021 04 15 08 24 00    -3.6798649   -1.2621898  955.2537  956.0690
2021 04 15 08 25 00    -3.6671106   -1.2558969  955.2533  956.0622
2021 04 15 08 26 00    -3.6543905   -1.2496300  955.2530  956.0639
2021 04 15 08 27 00    -3.6415042   -1.2432314  955.2537  956.0747
2021 04 15 08 28 00    -3.6284275   -1.2366599  955.2551  956.0654
2021 04 15 08 29 00    -3.6153030   -1.2300185  955.2561  956.0425
2021 04 15 08 30 00    -3.6020553   -1.2233344  955.2568  956.0531
2021 04 15 08 31 00    -3.5887244   -1.2166139  955.2574  956.0862
2021 04 15 08 32 00    -3.5755325   -1.2099427  955.2582  956.0882
2021 04 15 08 33 00    -3.5623495   -1.2033332  955.2591  956.0707
2021 04 15 08 34 00    -3.5490238   -1.1966801  955.2598  956.0776
2021 04 15 08 35 00    -3.5356674   -1.1898834  955.2611  956.1009
2021 04 15 08 36 00    -3.5222968   -1.1830356  955.2631  956.1070
2021 04 15 08 37 00    -3.5088795   -1.1763613  955.2646  956.0858
2021 04 15 08 38 00    -3.4953852   -1.1698046  955.2646  956.0556
2021 04 15 08 39 00    -3.4818496   -1.1630984  955.2641  956.0410
2021 04 15 08 40 00    -3.4684407   -1.1562771  955.2643  956.0454
2021 04 15 08 41 00    -3.4549897   -1.1495172  955.2647  956.0466
2021 04 15 08 42 00    -3.4412139   -1.1427394  955.2646  956.0305
2021 04 15 08 43 00    -3.4273403   -1.1358442  955.2642  956.0166
2021 04 15 08 44 00    -3.4135781   -1.1288821  955.2644  956.0273
2021 04 15 08 45 00    -3.3997701   -1.1219059  955.2652  956.0554
2021 04 15 08 46 00    -3.3859246   -1.1150190  955.2660  956.0781
2021 04 15 08 47 00    -3.3721891   -1.1082438  955.2670  956.0880
2021 04 15 08 48 00    -3.3585203   -1.1013865  955.2683  956.0917
2021 04 15 08 49 00    -3.3447863   -1.0943778  955.2693  956.0802
2021 04 15 08 50 00    -3.3308995   -1.0873375  955.2696  956.0470
2021 04 15 08 51 00    -3.3168852   -1.0803819  955.2698  956.0242
2021 04 15 08 52 00    -3.3028458   -1.0735507  955.2704  956.0354
2021 04 15 08 53 00    -3.2888354   -1.0666475  955.2714  956.0530
2021 04 15 08 54 00    -3.2748542   -1.0595257  955.2724  956.0495
2021 04 15 08 55 00    -3.2608639   -1.0524046  955.2730  956.0467
2021 04 15 08 56 00    -3.2468382   -1.0454249  955.2737  956.0705
2021 04 15 08 57 00    -3.2327797   -1.0384282  955.2749  956.0886
2021 04 15 08 58 00    -3.2186145   -1.0313179  955.2754  956.0568
2021 04 15 08 59 00    -3.2042925   -1.0241452  955.2743  956.0002
2021 04 15 09 00 00    -3.1899211   -1.0169354  955.2725  955.9844
2021 04 15 09 01 00    -3.1755904   -1.0097033  955.2722  956.0222
2021 04 15 09 02 00    -3.1613212   -1.0024981  955.2739  956.0692
2021 04 15 09 03 00    -3.1470737   -0.9953185  955.2762  956.1003
2021 04 15 09 04 00    -3.1326708   -0.9881595  955.2782  956.1118
2021 04 15 09 05 00    -3.1181359   -0.9810418  955.2794  956.0909
2021 04 15 09 06 00    -3.1037210   -0.9738605  955.2792  956.0445
2021 04 15 09 07 00    -3.0894586   -0.9665849  955.2777  956.0023
2021 04 15 09 08 00    -3.0752479   -0.9593931  955.2760  955.9850
2021 04 15 09 09 00    -3.0609277   -0.9522396  955.2749  955.9881
2021 04 15 09 10 00    -3.0462667   -0.9449209  955.2743  955.9922
2021 04 15 09 11 00    -3.0314636   -0.9375457  955.2743  955.9919
2021 04 15 09 12 00    -3.0169716   -0.9303130  955.2743  955.9974
2021 04 15 09 13 00    -3.0026221   -0.9231294  955.2741  956.0254
2021 04 15 09 14 00    -2.9879724   -0.9158175  955.2740  956.0775
2021 04 15 09 15 00    -2.9732443   -0.9084437  955.2749  956.1131
2021 04 15 09 16 00    -2.9588198   -0.9011722  955.2767  956.1060
2021 04 15 09 17 00    -2.9444531   -0.8939241  955.2787  956.0869
2021 04 15 09 18 00    -2.9298539   -0.8865398  955.2798  956.0795
2021 04 15 09 19 00    -2.9151793   -0.8791177  955.2796  956.0772
2021 04 15 09 20 00    -2.9005505   -0.8718232  955.2788  956.0729
2021 04 15 09 21 00    -2.8859369   -0.8646554  955.2788  956.0639
2021 04 15 09 22 00    -2.8713467   -0.8574709  955.2798  956.0630
2021 04 15 09 23 00    -2.8566642   -0.8500762  955.2809  956.0899
2021 04 15 09 24 00    -2.8417681   -0.8425039  955.2818  956.1305
2021 04 15 09 25 00    -2.8268875   -0.8350265  955.2827  956.1476
2021 04 15 09 26 00    -2.8123011   -0.8277408  955.2837  956.1312
2021 04 15 09 27 00    -2.7978095   -0.8204726  955.2848  956.1064
2021 04 15 09 28 00    -2.7831398   -0.8131217  955.2861  956.1011
2021 04 15 09 29 00    -2.7684329   -0.8057837  955.2874  956.1025
2021 04 15 09 30 00    -2.7538507   -0.7985163  955.2878  956.0644
2021 04 15 09 31 00    -2.7393538   -0.7912128  955.2861  955.9800
2021 04 15 09 32 00    -2.7248362   -0.7837455  955.2826  955.9160
2021 04 15 09 33 00    -2.7100971   -0.7761902  955.2792  955.9445
2021 04 15 09 34 00    -2.6951497   -0.7687938  955.2783  956.0371
2021 04 15 09 35 00    -2.6803646   -0.7616405  955.2802  956.0887
2021 04 15 09 36 00    -2.6657178   -0.7545120  955.2826  956.0699
2021 04 15 09 37 00    -2.6508532   -0.7471649  955.2836  956.0441
2021 04 15 09 38 00    -2.6360603   -0.7396857  955.2837  956.0517
2021 04 15 09 39 00    -2.6215959   -0.7322738  955.2843  956.0835
2021 04 15 09 40 00    -2.6069642   -0.7248688  955.2851  956.1109
2021 04 15 09 41 00    -2.5921361   -0.7175085  955.2856  956.1162
2021 04 15 09 42 00    -2.5775556   -0.7103440  955.2860  956.1171
2021 04 15 09 43 00    -2.5630390   -0.7031579  955.2862  956.1110
2021 04 15 09 44 00    -2.5483611   -0.6957738  955.2862  956.0746
2021 04 15 09 45 00    -2.5337403   -0.6883918  955.2859  956.0384
2021 04 15 09 46 00    -2.5192689   -0.6811279  955.2852  956.0270
2021 04 15 09 47 00    -2.5048123   -0.6738980  955.2843  956.0094
2021 04 15 09 48 00    -2.4902273   -0.6666217  955.2838  955.9866
2021 04 15 09 49 00    -2.4755097   -0.6592610  955.2831  955.9798
2021 04 15 09 50 00    -2.4608382   -0.6518695  955.2812  955.9724
2021 04 15 09 51 00    -2.4462742   -0.6445724  955.2786  955.9624
2021 04 15 09 52 00    -2.4316279   -0.6373342  955.2764  955.9724
2021 04 15 09 53 00    -2.4168701   -0.6299493  955.2754  955.9961
2021 04 15 09 54 00    -2.4021717   -0.6224427  955.2753  956.0161
2021 04 15 09 55 00    -2.3874690   -0.6150398  955.2749  956.0321
2021 04 15 09 56 00    -2.3726479   -0.6077067  955.2746  956.0537
2021 04 15 09 57 00    -2.3578505   -0.6002748  955.2756  956.0995
2021 04 15 09 58 00    -2.3431657   -0.5928280  955.2778  956.1507
2021 04 15 09 59 00    -2.3285865   -0.5855565  955.2801  956.1558
2021 04 15 10 00 00    -2.3141312   -0.5784146  955.2816  956.1394
2021 04 15 10 01 00    -2.2996537   -0.5711919  955.2828  956.1595
2021 04 15 10 02 00    -2.2850982   -0.5638401  955.2841  956.1899
2021 04 15 10 03 00    -2.2706440   -0.5565072  955.2858  956.1973
2021 04 15 10 04 00    -2.2562419   -0.5493079  955.2877  956.1988
2021 04 15 10 05 00    -2.2417857   -0.5421766  955.2895  956.1906
2021 04 15 10 06 00    -2.2274451   -0.5350056  955.2913  956.1550
2021 04 15 10 07 00    -2.2132006   -0.5278147  955.2926  956.1094
2021 04 15 10 08 00    -2.1988377   -0.5206301  955.2930  956.0999
2021 04 15 10 09 00    -2.1844130   -0.5133819  955.2930  956.1350
2021 04 15 10 10 00    -2.1700710   -0.5061025  955.2933  956.1443
2021 04 15 10 11 00    -2.1558308   -0.4990042  955.2938  956.0866
2021 04 15 10 12 00    -2.1417010   -0.4920698  955.2939  956.0354
2021 04 15 10 13 00    -2.1276558   -0.4850193  955.2933  956.0661
2021 04 15 10 14 00    -2.1135449   -0.4778506  955.2929  956.1395
2021 04 15 10 15 00    -2.0992534   -0.4707499  955.2933  956.1584
2021 04 15 10 16 00    -2.0849710   -0.4636962  955.2941  956.1011
2021 04 15 10 17 00    -2.0709615   -0.4566123  955.2944  956.0403
2021 04 15 10 18 00    -2.0571500   -0.4495595  955.2940  956.0388
2021 04 15 10 19 00    -2.0432877   -0.4426150  955.2933  956.0810
2021 04 15 10 20 00    -2.0292625   -0.4356788  955.2930  956.0968
2021 04 15 10 21 00    -2.0152252   -0.4286519  955.2930  956.0670
2021 04 15 10 22 00    -2.0014172   -0.4216773  955.2934  956.0594
2021 04 15 10 23 00    -1.9877140   -0.4148364  955.2943  956.0875
2021 04 15 10 24 00    -1.9738571   -0.4079689  955.2949  956.0806
2021 04 15 10 25 00    -1.9600085   -0.4010069  955.2943  956.0408
2021 04 15 10 26 00    -1.9464136   -0.3941243  955.2930  956.0258
2021 04 15 10 27 00    -1.9329141   -0.3874258  955.2914  956.0177
2021 04 15 10 28 00    -1.9193043   -0.3807485  955.2888  955.9892
2021 04 15 10 29 00    -1.9056695   -0.3739343  955.2855  955.9799
2021 04 15 10 30 00    -1.8920479   -0.3670162  955.2829  955.9975
2021 04 15 10 31 00    -1.8784279   -0.3601040  955.2816  955.9982
2021 04 15 10 32 00    -1.8649749   -0.3532899  955.2809  955.9782
2021 04 15 10 33 00    -1.8517379   -0.3466287  955.2798  955.9616
2021 04 15 10 34 00    -1.8386095   -0.3401364  955.2779  955.9467
2021 04 15 10 35 00    -1.8254262   -0.3336548  955.2752  955.9223
2021 04 15 10 36 00    -1.8120294   -0.3269228  955.2723  955.9077
2021 04 15 10 37 00    -1.7986351   -0.3200463  955.2698  955.9297
2021 04 15 10 38 00    -1.7854851   -0.3133619  955.2679  955.9539
2021 04 15 10 39 00    -1.7724282   -0.3069225  955.2661  955.9319
2021 04 15 10 40 00    -1.7594200   -0.3005658  955.2638  955.8954
2021 04 15 10 41 00    -1.7465392   -0.2940879  955.2611  955.8998
2021 04 15 10 42 00    -1.7337003   -0.2874961  955.2589  955.9235
2021 04 15 10 43 00    -1.7208554   -0.2810695  955.2573  955.8961
2021 04 15 10 44 00    -1.7079982   -0.2748073  955.2552  955.8251
2021 04 15 10 45 00    -1.6951021   -0.2684779  955.2518  955.7920
2021 04 15 10 46 00    -1.6822401   -0.2620658  955.2476  955.8004
2021 04 15 10 47 00    -1.6695719   -0.2556837  955.2437  955.7981
2021 04 15 10 48 00    -1.6570893   -0.2494420  955.2402  955.8008
2021 04 15 10 49 00    -1.6444639   -0.2432227  955.2376  955.8359
2021 04 15 10 50 00    -1.6315681   -0.2367107  955.2356  955.8854
2021 04 15 10 51 00    -1.6187351   -0.2300124  955.2339  955.9341
2021 04 15 10 52 00    -1.6060989   -0.2235709  955.2324  955.9640
2021 04 15 10 53 00    -1.5934898   -0.2174439  955.2317  955.9637
2021 04 15 10 54 00    -1.5809224   -0.2113234  955.2315  955.9581
2021 04 15 10 55 00    -1.5685106   -0.2051092  955.2318  955.9543
2021 04 15 10 56 00    -1.5562064   -0.1989693  955.2324  955.9433
2021 04 15 10 57 00    -1.5438996   -0.1928546  955.2333  955.9592
2021 04 15 10 58 00    -1.5316775   -0.1866170  955.2348  956.0031
2021 04 15 10 59 00    -1.5197727   -0.1805126  955.2364  956.0054
2021 04 15 11 00 00    -1.5081358   -0.1747132  955.2374  955.9640
2021 04 15 11 01 00    -1.4964118   -0.1688687  955.2376  955.9574
2021 04 15 11 02 00    -1.4844761   -0.1628388  955.2378  955.9948
2021 04 15 11 03 00    -1.4726277   -0.1569487  955.2386  956.0110
2021 04 15 11 04 00    -1.4609835   -0.1512265  955.2390  955.9804
2021 04 15 11 05 00    -1.4493270   -0.1454124  955.2377  955.9373
2021 04 15 11 06 00    -1.4377579   -0.1395993  955.2351  955.9217
2021 04 15 11 07 00    -1.4263695   -0.1339099  955.2330  955.9435
2021 04 15 11 08 00    -1.4149138   -0.1281949  955.2323  955.9745
2021 04 15 11 09 00    -1.4035047   -0.1224864  955.2325  955.9693
2021 04 15 11 10 00    -1.3923402   -0.1168594  955.2323  955.9163
2021 04 15 11 11 00    -1.3811109   -0.1111508  955.2311  955.8648
2021 04 15 11 12 00    -1.3696247   -0.1053590  955.2292  955.8653
2021 04 15 11 13 00    -1.3581763   -0.0996881  955.2272  955.8965
2021 04 15 11 14 00    -1.3470000   -0.0941207  955.2258  955.8986
2021 04 15 11 15 00    -1.3360237   -0.0885094  955.2251  955.8644
2021 04 15 11 16 00    -1.3251768   -0.0829522  955.2245  955.8425
2021 04 15 11 17 00    -1.3144321   -0.0776142  955.2238  955.8493
2021 04 15 11 18 00    -1.3037460   -0.0724142  955.2230  955.8444
2021 04 15 11 19 00    -1.2931653   -0.0672162  955.2217  955.8173
2021 04 15 11 20 00    -1.2826676   -0.0620072  955.2195  955.8003
2021 04 15 11 21 00    -1.2721851   -0.0567969  955.2170  955.7857
2021 04 15 11 22 00    -1.2618432   -0.0515881  955.2144  955.7554
2021 04 15 11 23 00    -1.2516393   -0.0463663  955.2117  955.7404
2021 04 15 11 24 00    -1.2413714   -0.0411465  955.2088  955.7442
2021 04 15 11 25 00    -1.2311067   -0.0360441  955.2061  955.7259
2021 04 15 11 26 00    -1.2209335   -0.0310429  955.2033  955.6941
2021 04 15 11 27 00    -1.2106913   -0.0259131  955.2000  955.7081
2021 04 15 11 28 00    -1.2004519   -0.0206651  955.1973  955.7830
2021 04 15 11 29 00    -1.1904217   -0.0155890  955.1963  955.8458
2021 04 15 11 30 00    -1.1805069   -0.0107150  955.1961  955.8409
2021 04 15 11 31 00    -1.1706735   -0.0058555  955.1956  955.8283
2021 04 15 11 32 00    -1.1609909   -0.0009545  955.1945  955.8444
2021 04 15 11 33 00    -1.1512584    0.0039983  955.1927  955.8201
2021 04 15 11 34 00    -1.1414673    0.0089449  955.1906  955.7683
2021 04 15 11 35 00    -1.1319547    0.0137099  955.1891  955.7822
2021 04 15 11 36 00    -1.1227170    0.0183094  955.1885  955.8349
2021 04 15 11 37 00    -1.1134758    0.0229480  955.1877  955.8532
2021 04 15 11 38 00    -1.1042249    0.0276040  955.1865  955.8488
2021 04 15 11 39 00    -1.0951474    0.0320689  955.1857  955.8446
2021 04 15 11 40 00    -1.0862218    0.0363958  955.1857  955.8439
2021 04 15 11 41 00    -1.0772672    0.0408312  955.1859  955.8665
2021 04 15 11 42 00    -1.0683904    0.0453121  955.1862  955.9125
2021 04 15 11 43 00    -1.0597951    0.0496296  955.1872  955.9430
2021 04 15 11 44 00    -1.0512464    0.0539636  955.1888  955.9227
2021 04 15 11 45 00    -1.0425151    0.0584867  955.1900  955.8607
2021 04 15 11 46 00    -1.0338556    0.0628954  955.1909  955.8142
2021 04 15 11 47 00    -1.0254848    0.0669870  955.1918  955.8324
2021 04 15 11 48 00    -1.0172293    0.0710208  955.1931  955.8894
2021 04 15 11 49 00    -1.0089478    0.0751652  955.1944  955.9264
2021 04 15 11 50 00    -1.0008152    0.0792103  955.1955  955.9368
2021 04 15 11 51 00    -0.9929539    0.0830577  955.1969  955.9353
2021 04 15 11 52 00    -0.9851600    0.0869250  955.1988  955.9144
2021 04 15 11 53 00    -0.9772830    0.0909225  955.2004  955.8880
2021 04 15 11 54 00    -0.9695251    0.0949466  955.2010  955.8722
2021 04 15 11 55 00    -0.9620559    0.0988797  955.2003  955.8411
2021 04 15 11 56 00    -0.9546745    0.1026053  955.1985  955.7919
2021 04 15 11 57 00    -0.9472797    0.1060977  955.1964  955.7672
2021 04 15 11 58 00    -0.9401386    0.1095281  955.1947  955.7783
2021 04 15 11 59 00    -0.9332464    0.1130607  955.1932  955.7888
2021 04 15 12 00 00    -0.9262473    0.1166578  955.1911  955.7730
2021 04 15 12 01 00    -0.9191188    0.1201972  955.1890  955.7468
2021 04 15 12 02 00    -0.9121831    0.1236186  955.1871  955.7292
2021 04 15 12 03 00    -0.9055348    0.1270010  955.1847  955.7051
2021 04 15 12 04 00    -0.8989382    0.1304391  955.1811  955.6704
2021 04 15 12 05 00    -0.8923426    0.1337612  955.1765  955.6491
2021 04 15 12 06 00    -0.8859673    0.1368743  955.1718  955.6375
2021 04 15 12 07 00    -0.8798174    0.1400261  955.1680  955.6182
2021 04 15 12 08 00    -0.8736689    0.1432565  955.1643  955.6037
2021 04 15 12 09 00    -0.8674539    0.1463576  955.1604  955.5998
2021 04 15 12 10 00    -0.8613669    0.1492244  955.1565  955.5947
2021 04 15 12 11 00    -0.8554896    0.1519387  955.1524  955.5911
2021 04 15 12 12 00    -0.8495782    0.1548140  955.1481  955.5914
2021 04 15 12 13 00    -0.8435818    0.1578905  955.1440  955.5871
2021 04 15 12 14 00    -0.8378310    0.1607640  955.1401  955.5831
2021 04 15 12 15 00    -0.8324022    0.1634244  955.1361  955.5849
2021 04 15 12 16 00    -0.8269559    0.1662382  955.1325  955.5713
2021 04 15 12 17 00    -0.8214066    0.1691561  955.1286  955.5234
2021 04 15 12 18 00    -0.8160936    0.1718914  955.1237  955.4633
2021 04 15 12 19 00    -0.8111491    0.1743906  955.1181  955.4276
2021 04 15 12 20 00    -0.8063480    0.1767324  955.1124  955.4137
2021 04 15 12 21 00    -0.8015008    0.1790345  955.1069  955.3925
2021 04 15 12 22 00    -0.7966283    0.1814009  955.1014  955.3614
2021 04 15 12 23 00    -0.7918778    0.1837900  955.0950  955.3246
2021 04 15 12 24 00    -0.7872516    0.1861318  955.0877  955.2714
2021 04 15 12 25 00    -0.7826455    0.1884329  955.0804  955.2357
2021 04 15 12 26 00    -0.7781185    0.1906685  955.0740  955.2724
2021 04 15 12 27 00    -0.7737094    0.1928643  955.0689  955.3489
2021 04 15 12 28 00    -0.7693381    0.1951434  955.0648  955.3746
2021 04 15 12 29 00    -0.7650271    0.1974561  955.0609  955.3305
2021 04 15 12 30 00    -0.7608857    0.1995960  955.0554  955.2875
2021 04 15 12 31 00    -0.7569164    0.2015451  955.0487  955.2847
2021 04 15 12 32 00    -0.7529814    0.2034575  955.0426  955.2880
2021 04 15 12 33 00    -0.7490477    0.2053697  955.0378  955.2816
2021 04 15 12 34 00    -0.7452885    0.2071963  955.0331  955.2715
2021 04 15 12 35 00    -0.7417955    0.2089296  955.0278  955.2537
2021 04 15 12 36 00    -0.7383350    0.2106920  955.0222  955.2463
2021 04 15 12 37 00    -0.7347072    0.2125402  955.0169  955.2620
2021 04 15 12 38 00    -0.7311587    0.2143376  955.0124  955.2853
2021 04 15 12 39 00    -0.7278972    0.2159781  955.0083  955.2961
2021 04 15 12 40 00    -0.7248322    0.2175198  955.0036  955.2793
2021 04 15 12 41 00    -0.7219348    0.2190248  954.9985  955.2554
2021 04 15 12 42 00    -0.7190932    0.2204486  954.9940  955.2647
2021 04 15 12 43 00    -0.7161855    0.2217612  954.9903  955.2950
2021 04 15 12 44 00    -0.7134151    0.2230656  954.9874  955.3015
2021 04 15 12 45 00    -0.7109055    0.2243934  954.9847  955.2784
2021 04 15 12 46 00    -0.7084799    0.2256269  954.9812  955.2521
2021 04 15 12 47 00    -0.7060576    0.2267346  954.9767  955.2327
2021 04 15 12 48 00    -0.7037893    0.2277683  954.9723  955.2189
2021 04 15 12 49 00    -0.7017812    0.2287735  954.9686  955.2195
2021 04 15 12 50 00    -0.6998984    0.2297880  954.9647  955.2337
2021 04 15 12 51 00    -0.6980225    0.2307921  954.9604  955.2448
2021 04 15 12 52 00    -0.6962407    0.2317847  954.9564  955.2496
2021 04 15 12 53 00    -0.6946004    0.2327665  954.9530  955.2548
2021 04 15 12 54 00    -0.6930638    0.2336197  954.9500  955.2573
2021 04 15 12 55 00    -0.6916219    0.2342958  954.9472  955.2538
2021 04 15 12 56 00    -0.6902983    0.2348497  954.9445  955.2505
2021 04 15 12 57 00    -0.6891580    0.2352759  954.9416  955.2497
2021 04 15 12 58 00    -0.6881627    0.2356820  954.9382  955.2436
2021 04 15 12 59 00    -0.6871674    0.2362058  954.9345  955.2282
2021 04 15 13 00 00    -0.6862332    0.2366963  954.9305  955.2078
2021 04 15 13 01 00    -0.6855903    0.2370171  954.9264  955.1869
2021 04 15 13 02 00    -0.6851403    0.2373360  954.9220  955.1665
2021 04 15 13 03 00    -0.6845705    0.2377871  954.9171  955.1485
2021 04 15 13 04 00    -0.6839984    0.2382412  954.9119  955.1341
2021 04 15 13 05 00    -0.6836701    0.2384935  954.9068  955.1229
2021 04 15 13 06 00    -0.6835057    0.2384773  954.9019  955.1186
2021 04 15 13 07 00    -0.6835357    0.2382730  954.8970  955.1134
2021 04 15 13 08 00    -0.6837309    0.2381192  954.8920  955.0833
2021 04 15 13 09 00    -0.6837384    0.2382644  954.8864  955.0352
2021 04 15 13 10 00    -0.6836945    0.2384695  954.8804  955.0057
2021 04 15 13 11 00    -0.6840288    0.2382860  954.8744  954.9953
2021 04 15 13 12 00    -0.6845835    0.2378011  954.8687  954.9837
2021 04 15 13 13 00    -0.6851359    0.2373661  954.8633  954.9809
2021 04 15 13 14 00    -0.6857450    0.2370941  954.8579  955.0019
2021 04 15 13 15 00    -0.6863593    0.2368607  954.8528  955.0310
2021 04 15 13 16 00    -0.6870225    0.2364400  954.8482  955.0420
2021 04 15 13 17 00    -0.6879213    0.2358239  954.8439  955.0299
2021 04 15 13 18 00    -0.6890226    0.2352966  954.8395  955.0114
2021 04 15 13 19 00    -0.6901647    0.2349315  954.8345  955.0052
2021 04 15 13 20 00    -0.6913206    0.2344589  954.8296  955.0104
2021 04 15 13 21 00    -0.6925696    0.2338087  954.8249  955.0110
2021 04 15 13 22 00    -0.6939541    0.2330874  954.8200  955.0035
2021 04 15 13 23 00    -0.6954859    0.2321882  954.8149  954.9971
2021 04 15 13 24 00    -0.6971984    0.2311762  954.8103  954.9907
2021 04 15 13 25 00    -0.6990304    0.2303683  954.8064  954.9768
2021 04 15 13 26 00    -0.7008908    0.2296402  954.8026  954.9602
2021 04 15 13 27 00    -0.7028838    0.2286402  954.7981  954.9520
2021 04 15 13 28 00    -0.7050531    0.2274504  954.7932  954.9514
2021 04 15 13 29 00    -0.7072105    0.2263049  954.7882  954.9457
2021 04 15 13 30 00    -0.7093859    0.2252280  954.7830  954.9261
2021 04 15 13 31 00    -0.7117382    0.2241697  954.7775  954.9012
2021 04 15 13 32 00    -0.7141228    0.2230860  954.7724  954.8934
2021 04 15 13 33 00    -0.7165144    0.2218494  954.7680  954.9141
2021 04 15 13 34 00    -0.7191532    0.2203612  954.7637  954.9499
2021 04 15 13 35 00    -0.7220309    0.2187966  954.7593  954.9790
2021 04 15 13 36 00    -0.7249975    0.2173796  954.7548  954.9878
2021 04 15 13 37 00    -0.7280184    0.2159670  954.7504  954.9753
2021 04 15 13 38 00    -0.7310727    0.2143131  954.7464  954.9511
2021 04 15 13 39 00    -0.7342166    0.2125629  954.7429  954.9378
2021 04 15 13 40 00    -0.7375309    0.2109608  954.7394  954.9536
2021 04 15 13 41 00    -0.7409676    0.2093993  954.7354  954.9741
2021 04 15 13 42 00    -0.7445332    0.2076908  954.7311  954.9727
2021 04 15 13 43 00    -0.7483045    0.2058388  954.7273  954.9753
2021 04 15 13 44 00    -0.7521813    0.2038900  954.7239  954.9927
2021 04 15 13 45 00    -0.7560396    0.2019068  954.7207  954.9898
2021 04 15 13 46 00    -0.7599638    0.1999635  954.7171  954.9571
2021 04 15 13 47 00    -0.7639971    0.1980342  954.7131  954.9238
2021 04 15 13 48 00    -0.7681029    0.1960135  954.7086  954.9143
2021 04 15 13 49 00    -0.7723812    0.1938144  954.7045  954.9152
2021 04 15 13 50 00    -0.7768008    0.1914943  954.7011  954.9033
2021 04 15 13 51 00    -0.7812252    0.1891999  954.6977  954.8899
2021 04 15 13 52 00    -0.7857525    0.1869515  954.6938  954.8841
2021 04 15 13 53 00    -0.7904159    0.1846928  954.6898  954.8654
2021 04 15 13 54 00    -0.7951401    0.1823455  954.6861  954.8296
2021 04 15 13 55 00    -0.8000361    0.1798573  954.6817  954.8037
2021 04 15 13 56 00    -0.8050850    0.1773759  954.6768  954.8007
2021 04 15 13 57 00    -0.8101068    0.1749630  954.6722  954.8026
2021 04 15 13 58 00    -0.8152106    0.1724504  954.6677  954.7989
2021 04 15 13 59 00    -0.8205404    0.1698220  954.6629  954.7946
2021 04 15 14 00 00    -0.8258427    0.1671459  954.6580  954.7914
2021 04 15 14 01 00    -0.8309859    0.1643802  954.6535  954.7961
2021 04 15 14 02 00    -0.8363377    0.1615540  954.6492  954.8135
2021 04 15 14 03 00    -0.8420478    0.1587741  954.6447  954.8288
2021 04 15 14 04 00    -0.8478612    0.1560216  954.6402  954.8333
2021 04 15 14 05 00    -0.8536788    0.1531781  954.6365  954.8381
2021 04 15 14 06 00    -0.8595015    0.1502727  954.6340  954.8424
2021 04 15 14 07 00    -0.8654071    0.1473549  954.6314  954.8340
2021 04 15 14 08 00    -0.8715394    0.1442926  954.6282  954.8145
2021 04 15 14 09 00    -0.8777402    0.1411183  954.6248  954.7963
2021 04 15 14 10 00    -0.8839552    0.1379847  954.6210  954.7905
2021 04 15 14 11 00    -0.8904147    0.1347841  954.6167  954.7926
2021 04 15 14 12 00    -0.8969524    0.1314850  954.6127  954.7826
2021 04 15 14 13 00    -0.9033725    0.1282240  954.6091  954.7657
2021 04 15 14 14 00    -0.9100708    0.1248466  954.6053  954.7704
2021 04 15 14 15 00    -0.9172164    0.1212109  954.6010  954.7831
2021 04 15 14 16 00    -0.9242646    0.1176420  954.5966  954.7723
2021 04 15 14 17 00    -0.9309768    0.1143303  954.5924  954.7569
2021 04 15 14 18 00    -0.9378963    0.1109220  954.5884  954.7560
2021 04 15 14 19 00    -0.9452772    0.1072005  954.5844  954.7450
2021 04 15 14 20 00    -0.9526617    0.1034375  954.5805  954.7212
2021 04 15 14 21 00    -0.9598944    0.0998485  954.5768  954.7127
2021 04 15 14 22 00    -0.9672751    0.0962697  954.5729  954.7169
2021 04 15 14 23 00    -0.9748156    0.0925087  954.5682  954.7129
2021 04 15 14 24 00    -0.9823583    0.0886823  954.5625  954.7031
2021 04 15 14 25 00    -0.9899616    0.0849384  954.5562  954.6935
2021 04 15 14 26 00    -0.9977744    0.0811231  954.5501  954.6741
2021 04 15 14 27 00    -1.0057689    0.0770797  954.5437  954.6512
2021 04 15 14 28 00    -1.0138004    0.0728976  954.5369  954.6413
2021 04 15 14 29 00    -1.0219588    0.0686807  954.5309  954.6348
2021 04 15 14 30 00    -1.0303338    0.0645086  954.5258  954.6187
2021 04 15 14 31 00    -1.0386922    0.0604810  954.5211  954.6009
2021 04 15 14 32 00    -1.0470015    0.0564448  954.5160  954.5893
2021 04 15 14 33 00    -1.0554816    0.0521752  954.5099  954.5805
2021 04 15 14 34 00    -1.0640580    0.0477918  954.5030  954.5683
2021 04 15 14 35 00    -1.0726215    0.0434015  954.4961  954.5506
2021 04 15 14 36 00    -1.0813227    0.0389633  954.4897  954.5265
2021 04 15 14 37 00    -1.0902069    0.0345535  954.4832  954.4914
2021 04 15 14 38 00    -1.0991584    0.0300985  954.4755  954.4554
2021 04 15 14 39 00    -1.1080844    0.0255101  954.4677  954.4441
2021 04 15 14 40 00    -1.1168516    0.0210326  954.4606  954.4442
2021 04 15 14 41 00    -1.1254980    0.0167579  954.4532  954.4111
2021 04 15 14 42 00    -1.1343920    0.0124262  954.4451  954.3624
2021 04 15 14 43 00    -1.1437179    0.0078491  954.4372  954.3482
2021 04 15 14 44 00    -1.1532417    0.0030473  954.4297  954.3553
2021 04 15 14 45 00    -1.1626561   -0.0017621  954.4226  954.3526
2021 04 15 14 46 00    -1.1718516   -0.0063637  954.4158  954.3550
2021 04 15 14 47 00    -1.1810353   -0.0109173  954.4091  954.3681
2021 04 15 14 48 00    -1.1904603   -0.0156801  954.4024  954.3683
2021 04 15 14 49 00    -1.2000357   -0.0205587  954.3959  954.3740
2021 04 15 14 50 00    -1.2095164   -0.0253120  954.3901  954.4186
2021 04 15 14 51 00    -1.2189540   -0.0299219  954.3846  954.4698
2021 04 15 14 52 00    -1.2286187   -0.0346656  954.3787  954.4901
2021 04 15 14 53 00    -1.2384626   -0.0396837  954.3723  954.4963
2021 04 15 14 54 00    -1.2481929   -0.0446913  954.3662  954.5116
2021 04 15 14 55 00    -1.2579338   -0.0495344  954.3615  954.5438
2021 04 15 14 56 00    -1.2679843   -0.0544099  954.3579  954.5852
2021 04 15 14 57 00    -1.2781294   -0.0593855  954.3538  954.6125
2021 04 15 14 58 00    -1.2881244   -0.0644181  954.3494  954.6208
2021 04 15 14 59 00    -1.2982255   -0.0695735  954.3455  954.6252
2021 04 15 15 00 00    -1.3086258   -0.0748725  954.3425  954.6377
2021 04 15 15 01 00    -1.3190966   -0.0801727  954.3402  954.6535
2021 04 15 15 02 00    -1.3295195   -0.0853587  954.3385  954.6448
2021 04 15 15 03 00    -1.3401470   -0.0905509  954.3361  954.6074
2021 04 15 15 04 00    -1.3509737   -0.0958491  954.3325  954.5859
2021 04 15 15 05 00    -1.3616950   -0.1012307  954.3290  954.6019
2021 04 15 15 06 00    -1.3723549   -0.1067142  954.3264  954.6267
2021 04 15 15 07 00    -1.3831367   -0.1122019  954.3242  954.6412
2021 04 15 15 08 00    -1.3940495   -0.1176642  954.3218  954.6527
2021 04 15 15 09 00    -1.4050729   -0.1231971  954.3196  954.6575
2021 04 15 15 10 00    -1.4161078   -0.1286720  954.3180  954.6440
2021 04 15 15 11 00    -1.4271356   -0.1340937  954.3162  954.6237
2021 04 15 15 12 00    -1.4382686   -0.1396927  954.3143  954.6156
2021 04 15 15 13 00    -1.4494639   -0.1453978  954.3122  954.6149
2021 04 15 15 14 00    -1.4606658   -0.1510266  954.3095  954.6116
2021 04 15 15 15 00    -1.4719639   -0.1566098  954.3059  954.6116
2021 04 15 15 16 00    -1.4833903   -0.1622290  954.3026  954.6150
2021 04 15 15 17 00    -1.4948975   -0.1679508  954.3002  954.6119
2021 04 15 15 18 00    -1.5064465   -0.1738105  954.2976  954.6021
2021 04 15 15 19 00    -1.5179422   -0.1796849  954.2944  954.5846
2021 04 15 15 20 00    -1.5294306   -0.1854473  954.2909  954.5562
2021 04 15 15 21 00    -1.5412097   -0.1912071  954.2872  954.5439
2021 04 15 15 22 00    -1.5532548   -0.1971042  954.2831  954.5681
2021 04 15 15 23 00    -1.5651804   -0.2030921  954.2790  954.5852
2021 04 15 15 24 00    -1.5769780   -0.2090847  954.2753  954.5660
2021 04 15 15 25 00    -1.5889093   -0.2150624  954.2717  954.5450
2021 04 15 15 26 00    -1.6009225   -0.2210307  954.2679  954.5364
2021 04 15 15 27 00    -1.6128614   -0.2270790  954.2635  954.5254
2021 04 15 15 28 00    -1.6248364   -0.2332939  954.2591  954.5115
2021 04 15 15 29 00    -1.6369970   -0.2394999  954.2551  954.4938
2021 04 15 15 30 00    -1.6492456   -0.2455104  954.2518  954.4843
2021 04 15 15 31 00    -1.6614300   -0.2514709  954.2487  954.4922
2021 04 15 15 32 00    -1.6736108   -0.2575253  954.2451  954.4860
2021 04 15 15 33 00    -1.6859010   -0.2636288  954.2407  954.4566
2021 04 15 15 34 00    -1.6982957   -0.2698283  954.2358  954.4496
2021 04 15 15 35 00    -1.7108080   -0.2762086  954.2310  954.4683
2021 04 15 15 36 00    -1.7233627   -0.2826142  954.2266  954.4576
2021 04 15 15 37 00    -1.7357780   -0.2888100  954.2226  954.4147
2021 04 15 15 38 00    -1.7481849   -0.2949187  954.2181  954.3861
2021 04 15 15 39 00    -1.7608538   -0.3012455  954.2123  954.3793
2021 04 15 15 40 00    -1.7736308   -0.3076955  954.2052  954.3827
2021 04 15 15 41 00    -1.7861907   -0.3139649  954.1988  954.3964
2021 04 15 15 42 00    -1.7985997   -0.3201141  954.1945  954.4090
2021 04 15 15 43 00    -1.8111743   -0.3263949  954.1916  954.4155
2021 04 15 15 44 00    -1.8239368   -0.3327810  954.1884  954.4368
2021 04 15 15 45 00    -1.8365503   -0.3390118  954.1846  954.4763
2021 04 15 15 46 00    -1.8488575   -0.3450260  954.1805  954.5094
2021 04 15 15 47 00    -1.8611505   -0.3511386  954.1764  954.5387
2021 04 15 15 48 00    -1.8737292   -0.3575711  954.1723  954.5713
2021 04 15 15 49 00    -1.8864755   -0.3641152  954.1692  954.5768
2021 04 15 15 50 00    -1.8991151   -0.3705319  954.1670  954.5619
2021 04 15 15 51 00    -1.9117600   -0.3768999  954.1645  954.5690
2021 04 15 15 52 00    -1.9247105   -0.3833614  954.1620  954.5868
2021 04 15 15 53 00    -1.9378310   -0.3898275  954.1609  954.5854
2021 04 15 15 54 00    -1.9508097   -0.3961883  954.1610  954.5810
2021 04 15 15 55 00    -1.9637061   -0.4026106  954.1603  954.5855
2021 04 15 15 56 00    -1.9766595   -0.4092608  954.1583  954.5796
2021 04 15 15 57 00    -1.9895964   -0.4159177  954.1559  954.5704
2021 04 15 15 58 00    -2.0025312   -0.4223451  954.1539  954.5807
2021 04 15 15 59 00    -2.0156439   -0.4287710  954.1525  954.5929
2021 04 15 16 00 00    -2.0288885   -0.4354780  954.1515  954.5956
2021 04 15 16 01 00    -2.0419856   -0.4422964  954.1507  954.6183
2021 04 15 16 02 00    -2.0549668   -0.4488992  954.1501  954.6567
2021 04 15 16 03 00    -2.0681564   -0.4552868  954.1498  954.6675
2021 04 15 16 04 00    -2.0815754   -0.4617480  954.1498  954.6474
2021 04 15 16 05 00    -2.0949845   -0.4684640  954.1500  954.6297
2021 04 15 16 06 00    -2.1083103   -0.4752683  954.1498  954.6321
2021 04 15 16 07 00    -2.1215521   -0.4818873  954.1491  954.6388
2021 04 15 16 08 00    -2.1346904   -0.4883786  954.1486  954.6309
2021 04 15 16 09 00    -2.1478636   -0.4949963  954.1486  954.6238
2021 04 15 16 10 00    -2.1612214   -0.5017679  954.1489  954.6321
2021 04 15 16 11 00    -2.1747408   -0.5085690  954.1487  954.6394
2021 04 15 16 12 00    -2.1882734   -0.5153114  954.1477  954.6380
2021 04 15 16 13 00    -2.2016808   -0.5219748  954.1466  954.6423
2021 04 15 16 14 00    -2.2150531   -0.5286516  954.1458  954.6536
2021 04 15 16 15 00    -2.2284812   -0.5353746  954.1449  954.6500
2021 04 15 16 16 00    -2.2418829   -0.5420701  954.1442  954.6259
2021 04 15 16 17 00    -2.2554009   -0.5488422  954.1442  954.6110
2021 04 15 16 18 00    -2.2691269   -0.5557873  954.1450  954.6226
2021 04 15 16 19 00    -2.2827146   -0.5626410  954.1454  954.6437
2021 04 15 16 20 00    -2.2960376   -0.5692270  954.1446  954.6531
2021 04 15 16 21 00    -2.3093686   -0.5758720  954.1433  954.6451
2021 04 15 16 22 00    -2.3227780   -0.5828046  954.1423  954.6356
2021 04 15 16 23 00    -2.3362334   -0.5897413  954.1420  954.6424
2021 04 15 16 24 00    -2.3498154   -0.5964603  954.1419  954.6587
2021 04 15 16 25 00    -2.3633954   -0.6030880  954.1422  954.6717
2021 04 15 16 26 00    -2.3768377   -0.6097664  954.1430  954.6802
2021 04 15 16 27 00    -2.3903424   -0.6165016  954.1436  954.6820
2021 04 15 16 28 00    -2.4040640   -0.6232789  954.1432  954.6740
2021 04 15 16 29 00    -2.4178803   -0.6301372  954.1423  954.6551
2021 04 15 16 30 00    -2.4316016   -0.6370729  954.1417  954.6321
2021 04 15 16 31 00    -2.4451730   -0.6440290  954.1411  954.6267
2021 04 15 16 32 00    -2.4587087   -0.6509180  954.1408  954.6462
2021 04 15 16 33 00    -2.4723160   -0.6576870  954.1406  954.6658
2021 04 15 16 34 00    -2.4860231   -0.6644871  954.1407  954.6609
2021 04 15 16 35 00    -2.4997681   -0.6714218  954.1413  954.6396
2021 04 15 16 36 00    -2.5134231   -0.6783003  954.1416  954.6346
2021 04 15 16 37 00    -2.5269979   -0.6849840  954.1413  954.6567
2021 04 15 16 38 00    -2.5405479   -0.6916166  954.1408  954.6780
2021 04 15 16 39 00    -2.5539986   -0.6983607  954.1403  954.6756
2021 04 15 16 40 00    -2.5674325   -0.7051811  954.1403  954.6656
2021 04 15 16 41 00    -2.5810894   -0.7120328  954.1405  954.6759
2021 04 15 16 42 00    -2.5948873   -0.7189579  954.1406  954.6949
2021 04 15 16 43 00    -2.6085100   -0.7258225  954.1407  954.6912
2021 04 15 16 44 00    -2.6219994   -0.7325209  954.1409  954.6764
2021 04 15 16 45 00    -2.6356701   -0.7392857  954.1408  954.6764
2021 04 15 16 46 00    -2.6494692   -0.7461744  954.1410  954.6808
2021 04 15 16 47 00    -2.6631031   -0.7530111  954.1419  954.6800
2021 04 15 16 48 00    -2.6766049   -0.7598835  954.1429  954.6828
2021 04 15 16 49 00    -2.6901587   -0.7667905  954.1432  954.6848
2021 04 15 16 50 00    -2.7037464   -0.7735710  954.1427  954.6773
2021 04 15 16 51 00    -2.7173499   -0.7803762  954.1421  954.6649
2021 04 15 16 52 00    -2.7310157   -0.7872894  954.1413  954.6572
2021 04 15 16 53 00    -2.7446211   -0.7941008  954.1401  954.6569
2021 04 15 16 54 00    -2.7580766   -0.8007757  954.1385  954.6565
2021 04 15 16 55 00    -2.7715605   -0.8075117  954.1364  954.6510
2021 04 15 16 56 00    -2.7851558   -0.8143675  954.1342  954.6466
2021 04 15 16 57 00    -2.7986763   -0.8211218  954.1328  954.6485
2021 04 15 16 58 00    -2.8120575   -0.8277436  954.1323  954.6552
2021 04 15 16 59 00    -2.8254405   -0.8345435  954.1322  954.6600
2021 04 15 17 00 00    -2.8388470   -0.8414947  954.1318  954.6566
2021 04 15 17 01 00    -2.8522502   -0.8482880  954.1312  954.6493
2021 04 15 17 02 00    -2.8657719   -0.8549832  954.1304  954.6463
2021 04 15 17 03 00    -2.8792912   -0.8617021  954.1297  954.6457
2021 04 15 17 04 00    -2.8924629   -0.8682921  954.1290  954.6421
2021 04 15 17 05 00    -2.9054793   -0.8747952  954.1279  954.6342
2021 04 15 17 06 00    -2.9188111   -0.8814266  954.1260  954.6216
2021 04 15 17 07 00    -2.9322558   -0.8880737  954.1244  954.6064
2021 04 15 17 08 00    -2.9454246   -0.8945894  954.1235  954.5948
2021 04 15 17 09 00    -2.9585806   -0.9012131  954.1225  954.5901
2021 04 15 17 10 00    -2.9719506   -0.9079935  954.1204  954.5896
2021 04 15 17 11 00    -2.9852865   -0.9146009  954.1176  954.5886
2021 04 15 17 12 00    -2.9984677   -0.9210791  954.1151  954.5837
2021 04 15 17 13 00    -3.0115297   -0.9276653  954.1132  954.5753
2021 04 15 17 14 00    -3.0244798   -0.9342048  954.1115  954.5685
2021 04 15 17 15 00    -3.0374124   -0.9406341  954.1101  954.5667
2021 04 15 17 16 00    -3.0504159   -0.9471918  954.1090  954.5691
2021 04 15 17 17 00    -3.0634411   -0.9538208  954.1076  954.5729
2021 04 15 17 18 00    -3.0763227   -0.9602622  954.1055  954.5745
2021 04 15 17 19 00    -3.0890043   -0.9665857  954.1030  954.5741
2021 04 15 17 20 00    -3.1016967   -0.9729162  954.1007  954.5765
2021 04 15 17 21 00    -3.1145607   -0.9792009  954.0994  954.5810
2021 04 15 17 22 00    -3.1274878   -0.9856006  954.0985  954.5820
2021 04 15 17 23 00    -3.1403720   -0.9922159  954.0972  954.5796
2021 04 15 17 24 00    -3.1531837   -0.9986949  954.0956  954.5777
2021 04 15 17 25 00    -3.1658939   -1.0049222  954.0941  954.5761
2021 04 15 17 26 00    -3.1785736   -1.0112539  954.0919  954.5736
2021 04 15 17 27 00    -3.1912427   -1.0177767  954.0896  954.5715
2021 04 15 17 28 00    -3.2038278   -1.0241958  954.0880  954.5726
2021 04 15 17 29 00    -3.2163905   -1.0304206  954.0870  954.5747
2021 04 15 17 30 00    -3.2289693   -1.0366787  954.0858  954.5746
2021 04 15 17 31 00    -3.2414599   -1.0430129  954.0837  954.5734
2021 04 15 17 32 00    -3.2538651   -1.0492139  954.0813  954.5727
2021 04 15 17 33 00    -3.2663039   -1.0553222  954.0798  954.5716
2021 04 15 17 34 00    -3.2787439   -1.0615043  954.0786  954.5692
2021 04 15 17 35 00    -3.2910086   -1.0676152  954.0768  954.5645
2021 04 15 17 36 00    -3.3031490   -1.0736090  954.0747  954.5590
2021 04 15 17 37 00    -3.3153418   -1.0797212  954.0730  954.5613
2021 04 15 17 38 00    -3.3274365   -1.0858812  954.0712  954.5798
2021 04 15 17 39 00    -3.3393289   -1.0918986  954.0693  954.6112
2021 04 15 17 40 00    -3.3512488   -1.0978737  954.0684  954.6430
2021 04 15 17 41 00    -3.3632682   -1.1038208  954.0685  954.6647
2021 04 15 17 42 00    -3.3752832   -1.1096559  954.0691  954.6757
2021 04 15 17 43 00    -3.3872292   -1.1155384  954.0694  954.6783
2021 04 15 17 44 00    -3.3990129   -1.1216055  954.0690  954.6718
2021 04 15 17 45 00    -3.4107092   -1.1276735  954.0683  954.6670
2021 04 15 17 46 00    -3.4225132   -1.1335565  954.0678  954.6830
2021 04 15 17 47 00    -3.4343186   -1.1393264  954.0681  954.7156
2021 04 15 17 48 00    -3.4458796   -1.1450435  954.0695  954.7416
2021 04 15 17 49 00    -3.4572309   -1.1507047  954.0710  954.7522
2021 04 15 17 50 00    -3.4686366   -1.1564770  954.0716  954.7477
2021 04 15 17 51 00    -3.4802382   -1.1624259  954.0722  954.7344
2021 04 15 17 52 00    -3.4918122   -1.1683013  954.0735  954.7383
2021 04 15 17 53 00    -3.5031712   -1.1739730  954.0752  954.7654
2021 04 15 17 54 00    -3.5145575   -1.1795903  954.0765  954.7762
2021 04 15 17 55 00    -3.5260866   -1.1852615  954.0770  954.7570
2021 04 15 17 56 00    -3.5375105   -1.1909966  954.0774  954.7417
2021 04 15 17 57 00    -3.5488099   -1.1967778  954.0779  954.7435
2021 04 15 17 58 00    -3.5601300   -1.2025154  954.0781  954.7493
2021 04 15 17 59 00    -3.5713909   -1.2081279  954.0783  954.7580
2021 04 15 18 00 00    -3.5825822   -1.2136414  954.0788  954.7678
2021 04 15 18 01 00    -3.5937847   -1.2191538  954.0793  954.7660
2021 04 15 18 02 00    -3.6048346   -1.2247150  954.0798  954.7539
2021 04 15 18 03 00    -3.6156746   -1.2302804  954.0801  954.7516
2021 04 15 18 04 00    -3.6265351   -1.2357913  954.0805  954.7669
2021 04 15 18 05 00    -3.6373980   -1.2412083  954.0816  954.7824
2021 04 15 18 06 00    -3.6481049   -1.2465454  954.0835  954.7891
2021 04 15 18 07 00    -3.6587940   -1.2518785  954.0851  954.7983
2021 04 15 18 08 00    -3.6695289   -1.2572267  954.0858  954.8110
2021 04 15 18 09 00    -3.6802105   -1.2625981  954.0866  954.8146
2021 04 15 18 10 00    -3.6908688   -1.2679852  954.0878  954.8089
2021 04 15 18 11 00    -3.7013975   -1.2732215  954.0892  954.8068
2021 04 15 18 12 00    -3.7117314   -1.2783136  954.0903  954.8139
2021 04 15 18 13 00    -3.7220982   -1.2835049  954.0912  954.8246
2021 04 15 18 14 00    -3.7324756   -1.2887350  954.0919  954.8343
2021 04 15 18 15 00    -3.7426964   -1.2938287  954.0935  954.8391
2021 04 15 18 16 00    -3.7528811   -1.2989000  954.0956  954.8370
2021 04 15 18 17 00    -3.7630644   -1.3039917  954.0971  954.8368
2021 04 15 18 18 00    -3.7731494   -1.3090425  954.0983  954.8455
2021 04 15 18 19 00    -3.7831614   -1.3141390  954.1005  954.8553
2021 04 15 18 20 00    -3.7930724   -1.3191957  954.1034  954.8570
2021 04 15 18 21 00    -3.8029492   -1.3241163  954.1051  954.8539
2021 04 15 18 22 00    -3.8129239   -1.3290703  954.1053  954.8505
2021 04 15 18 23 00    -3.8228051   -1.3339812  954.1059  954.8474
2021 04 15 18 24 00    -3.8324624   -1.3387198  954.1074  954.8526
2021 04 15 18 25 00    -3.8420584   -1.3435168  954.1091  954.8708
2021 04 15 18 26 00    -3.8516571   -1.3484326  954.1105  954.8881
2021 04 15 18 27 00    -3.8612386   -1.3532705  954.1117  954.8915
2021 04 15 18 28 00    -3.8707969   -1.3580227  954.1129  954.8892
2021 04 15 18 29 00    -3.8802540   -1.3627721  954.1151  954.8948
2021 04 15 18 30 00    -3.8895818   -1.3674921  954.1183  954.9088
2021 04 15 18 31 00    -3.8988197   -1.3721476  954.1209  954.9237
2021 04 15 18 32 00    -3.9079186   -1.3766971  954.1221  954.9324
2021 04 15 18 33 00    -3.9169248   -1.3811457  954.1232  954.9317
2021 04 15 18 34 00    -3.9260316   -1.3856073  954.1255  954.9274
2021 04 15 18 35 00    -3.9351931   -1.3901378  954.1285  954.9275
2021 04 15 18 36 00    -3.9441723   -1.3947348  954.1311  954.9364
2021 04 15 18 37 00    -3.9529403   -1.3993098  954.1331  954.9538
2021 04 15 18 38 00    -3.9616943   -1.4036876  954.1352  954.9690
2021 04 15 18 39 00    -3.9705301   -1.4079176  954.1374  954.9744
2021 04 15 18 40 00    -3.9792605   -1.4121878  954.1395  954.9776
2021 04 15 18 41 00    -3.9877784   -1.4165215  954.1416  954.9778
2021 04 15 18 42 00    -3.9962576   -1.4208805  954.1441  954.9730
2021 04 15 18 43 00    -4.0047630   -1.4252803  954.1468  954.9743
2021 04 15 18 44 00    -4.0132482   -1.4296727  954.1490  954.9818
2021 04 15 18 45 00    -4.0217294   -1.4339089  954.1504  954.9850
2021 04 15 18 46 00    -4.0300631   -1.4379550  954.1518  954.9861
2021 04 15 18 47 00    -4.0381712   -1.4419802  954.1536  954.9970
2021 04 15 18 48 00    -4.0462646   -1.4460789  954.1557  955.0157
2021 04 15 18 49 00    -4.0543842   -1.4501255  954.1583  955.0256
2021 04 15 18 50 00    -4.0623953   -1.4540383  954.1611  955.0278
2021 04 15 18 51 00    -4.0702656   -1.4579072  954.1638  955.0423
2021 04 15 18 52 00    -4.0779740   -1.4617939  954.1670  955.0754
2021 04 15 18 53 00    -4.0855700   -1.4656700  954.1712  955.1053
2021 04 15 18 54 00    -4.0931735   -1.4694589  954.1750  955.1132
2021 04 15 18 55 00    -4.1007968   -1.4731478  954.1777  955.1173
2021 04 15 18 56 00    -4.1083599   -1.4769009  954.1808  955.1359
2021 04 15 18 57 00    -4.1157918   -1.4807421  954.1850  955.1564
2021 04 15 18 58 00    -4.1230710   -1.4844489  954.1892  955.1673
2021 04 15 18 59 00    -4.1303068   -1.4880282  954.1928  955.1716
2021 04 15 19 00 00    -4.1376568   -1.4916521  954.1961  955.1729
2021 04 15 19 01 00    -4.1449850   -1.4952704  954.1997  955.1796
2021 04 15 19 02 00    -4.1520078   -1.4987926  954.2038  955.1991
2021 04 15 19 03 00    -4.1588305   -1.5022534  954.2083  955.2167
2021 04 15 19 04 00    -4.1657637   -1.5057121  954.2122  955.2159
2021 04 15 19 05 00    -4.1727610   -1.5091735  954.2154  955.2143
2021 04 15 19 06 00    -4.1795905   -1.5125696  954.2191  955.2320
2021 04 15 19 07 00    -4.1862241   -1.5158848  954.2233  955.2593
2021 04 15 19 08 00    -4.1927541   -1.5192144  954.2274  955.2860
2021 04 15 19 09 00    -4.1992612   -1.5225602  954.2317  955.3103
2021 04 15 19 10 00    -4.2057741   -1.5257949  954.2365  955.3238
2021 04 15 19 11 00    -4.2122655   -1.5289476  954.2413  955.3290
2021 04 15 19 12 00    -4.2186921   -1.5321072  954.2458  955.3356
2021 04 15 19 13 00    -4.2250640   -1.5352203  954.2497  955.3383
2021 04 15 19 14 00    -4.2314163   -1.5383134  954.2529  955.3354
2021 04 15 19 15 00    -4.2376907   -1.5414955  954.2561  955.3365
2021 04 15 19 16 00    -4.2438517   -1.5447502  954.2597  955.3380
2021 04 15 19 17 00    -4.2499498   -1.5479389  954.2631  955.3310
2021 04 15 19 18 00    -4.2560107   -1.5509979  954.2658  955.3262
2021 04 15 19 19 00    -4.2620449   -1.5540226  954.2686  955.3329
2021 04 15 19 20 00    -4.2679464   -1.5569844  954.2715  955.3435
2021 04 15 19 21 00    -4.2735699   -1.5597487  954.2745  955.3509
2021 04 15 19 22 00    -4.2791294   -1.5624475  954.2776  955.3506
2021 04 15 19 23 00    -4.2849317   -1.5653552  954.2806  955.3418
2021 04 15 19 24 00    -4.2907994   -1.5684357  954.2832  955.3362
2021 04 15 19 25 00    -4.2963971   -1.5713412  954.2860  955.3404
2021 04 15 19 26 00    -4.3016973   -1.5739120  954.2887  955.3472
2021 04 15 19 27 00    -4.3068629   -1.5763652  954.2910  955.3472
2021 04 15 19 28 00    -4.3120681   -1.5789014  954.2936  955.3396
2021 04 15 19 29 00    -4.3172905   -1.5814653  954.2961  955.3370
2021 04 15 19 30 00    -4.3223808   -1.5839747  954.2975  955.3479
2021 04 15 19 31 00    -4.3273796   -1.5865021  954.2984  955.3602
2021 04 15 19 32 00    -4.3323327   -1.5890771  954.3001  955.3629
2021 04 15 19 33 00    -4.3372100   -1.5916025  954.3027  955.3609
2021 04 15 19 34 00    -4.3421165   -1.5940829  954.3056  955.3637
2021 04 15 19 35 00    -4.3470251   -1.5965699  954.3079  955.3745
2021 04 15 19 36 00    -4.3517366   -1.5989511  954.3096  955.3847
2021 04 15 19 37 00    -4.3562695   -1.6011132  954.3116  955.3816
2021 04 15 19 38 00    -4.3607249   -1.6031818  954.3144  955.3703
2021 04 15 19 39 00    -4.3651344   -1.6054152  954.3170  955.3683
2021 04 15 19 40 00    -4.3695880   -1.6078653  954.3187  955.3757
2021 04 15 19 41 00    -4.3740538   -1.6103091  954.3200  955.3792
2021 04 15 19 42 00    -4.3783766   -1.6125854  954.3220  955.3787
2021 04 15 19 43 00    -4.3824894   -1.6146350  954.3245  955.3820
2021 04 15 19 44 00    -4.3864486   -1.6164321  954.3267  955.3864
2021 04 15 19 45 00    -4.3904360   -1.6182728  954.3286  955.3836
2021 04 15 19 46 00    -4.3945452   -1.6204326  954.3305  955.3763
2021 04 15 19 47 00    -4.3986009   -1.6225768  954.3325  955.3689
2021 04 15 19 48 00    -4.4024116   -1.6243678  954.3343  955.3630
2021 04 15 19 49 00    -4.4060942   -1.6261349  954.3352  955.3622
2021 04 15 19 50 00    -4.4098530   -1.6281747  954.3354  955.3643
2021 04 15 19 51 00    -4.4135881   -1.6301290  954.3361  955.3632
2021 04 15 19 52 00    -4.4171763   -1.6317592  954.3380  955.3596
2021 04 15 19 53 00    -4.4207085   -1.6334338  954.3403  955.3579
2021 04 15 19 54 00    -4.4241814   -1.6353170  954.3416  955.3607
2021 04 15 19 55 00    -4.4274491   -1.6370645  954.3415  955.3638
2021 04 15 19 56 00    -4.4305586   -1.6385474  954.3410  955.3613
2021 04 15 19 57 00    -4.4337565   -1.6400672  954.3415  955.3536
2021 04 15 19 58 00    -4.4370333   -1.6417550  954.3425  955.3400
2021 04 15 19 59 00    -4.4401037   -1.6433186  954.3427  955.3290
2021 04 15 20 00 00    -4.4429201   -1.6445865  954.3426  955.3392
2021 04 15 20 01 00    -4.4456906   -1.6458266  954.3433  955.3585
2021 04 15 20 02 00    -4.4484380   -1.6472532  954.3445  955.3576
2021 04 15 20 03 00    -4.4511198   -1.6487353  954.3453  955.3452
2021 04 15 20 04 00    -4.4538662   -1.6501166  954.3457  955.3451
2021 04 15 20 05 00    -4.4565878   -1.6513630  954.3456  955.3554
2021 04 15 20 06 00    -4.4590792   -1.6525377  954.3459  955.3677
2021 04 15 20 07 00    -4.4614631   -1.6537448  954.3476  955.3769
2021 04 15 20 08 00    -4.4638077   -1.6549434  954.3498  955.3769
2021 04 15 20 09 00    -4.4660475   -1.6561141  954.3512  955.3660
2021 04 15 20 10 00    -4.4683779   -1.6573716  954.3519  955.3539
2021 04 15 20 11 00    -4.4708296   -1.6586138  954.3524  955.3576
2021 04 15 20 12 00    -4.4730525   -1.6596555  954.3533  955.3760
2021 04 15 20 13 00    -4.4749554   -1.6606004  954.3545  955.3817
2021 04 15 20 14 00    -4.4767958   -1.6616022  954.3553  955.3624
2021 04 15 20 15 00    -4.4787300   -1.6626249  954.3557  955.3474
2021 04 15 20 16 00    -4.4806911   -1.6635805  954.3569  955.3617
2021 04 15 20 17 00    -4.4825949   -1.6644787  954.3586  955.3784
2021 04 15 20 18 00    -4.4844526   -1.6653773  954.3599  955.3678
2021 04 15 20 19 00    -4.4862059   -1.6662168  954.3605  955.3551
2021 04 15 20 20 00    -4.4877252   -1.6669175  954.3607  955.3647
2021 04 15 20 21 00    -4.4890832   -1.6676371  954.3613  955.3721
2021 04 15 20 22 00    -4.4905009   -1.6685371  954.3624  955.3601
2021 04 15 20 23 00    -4.4919847   -1.6694182  954.3631  955.3496
2021 04 15 20 24 00    -4.4934538   -1.6701171  954.3633  955.3541
2021 04 15 20 25 00    -4.4949197   -1.6707759  954.3639  955.3604
2021 04 15 20 26 00    -4.4962039   -1.6713774  954.3646  955.3499
2021 04 15 20 27 00    -4.4972126   -1.6718508  954.3648  955.3291
2021 04 15 20 28 00    -4.4982639   -1.6724117  954.3648  955.3236
2021 04 15 20 29 00    -4.4995328   -1.6731102  954.3649  955.3334
2021 04 15 20 30 00    -4.5008016   -1.6737207  954.3645  955.3319
2021 04 15 20 31 00    -4.5018095   -1.6741866  954.3635  955.3119
2021 04 15 20 32 00    -4.5025212   -1.6745507  954.3624  955.2963
2021 04 15 20 33 00    -4.5032168   -1.6748518  954.3620  955.3067
2021 04 15 20 34 00    -4.5041019   -1.6752237  954.3623  955.3271
2021 04 15 20 35 00    -4.5049061   -1.6756515  954.3623  955.3254
2021 04 15 20 36 00    -4.5053316   -1.6759718  954.3619  955.3134
2021 04 15 20 37 00    -4.5056395   -1.6762143  954.3614  955.3163
2021 04 15 20 38 00    -4.5062242   -1.6764864  954.3612  955.3166
2021 04 15 20 39 00    -4.5068624   -1.6767245  954.3608  955.3049
2021 04 15 20 40 00    -4.5071524   -1.6768580  954.3607  955.3056
2021 04 15 20 41 00    -4.5073167   -1.6769456  954.3616  955.3192
2021 04 15 20 42 00    -4.5076941   -1.6770962  954.3622  955.3191
2021 04 15 20 43 00    -4.5080283   -1.6773369  954.3619  955.3016
2021 04 15 20 44 00    -4.5080467   -1.6774980  954.3611  955.2871
2021 04 15 20 45 00    -4.5080280   -1.6774467  954.3605  955.2839
2021 04 15 20 46 00    -4.5081556   -1.6773111  954.3598  955.2806
2021 04 15 20 47 00    -4.5081941   -1.6772755  954.3585  955.2728
2021 04 15 20 48 00    -4.5080836   -1.6773582  954.3568  955.2676
2021 04 15 20 49 00    -4.5079742   -1.6774095  954.3557  955.2636
2021 04 15 20 50 00    -4.5078648   -1.6773149  954.3557  955.2610
2021 04 15 20 51 00    -4.5076746   -1.6771300  954.3556  955.2670
2021 04 15 20 52 00    -4.5073477   -1.6769590  954.3548  955.2739
2021 04 15 20 53 00    -4.5068637   -1.6768183  954.3537  955.2747
2021 04 15 20 54 00    -4.5062967   -1.6765906  954.3529  955.2816
2021 04 15 20 55 00    -4.5057110   -1.6761660  954.3528  955.2962
2021 04 15 20 56 00    -4.5051798   -1.6757452  954.3533  955.3013
2021 04 15 20 57 00    -4.5047361   -1.6755551  954.3539  955.2947
2021 04 15 20 58 00    -4.5041122   -1.6753319  954.3543  955.2916
2021 04 15 20 59 00    -4.5031615   -1.6748341  954.3541  955.2996
2021 04 15 21 00 00    -4.5021189   -1.6742562  954.3534  955.3103
2021 04 15 21 01 00    -4.5011426   -1.6737524  954.3531  955.3108
2021 04 15 21 02 00    -4.5003147   -1.6733859  954.3538  955.3049
2021 04 15 21 03 00    -4.4996476   -1.6731708  954.3547  955.3053
2021 04 15 21 04 00    -4.4988639   -1.6728008  954.3551  955.3069
2021 04 15 21 05 00    -4.4977265   -1.6720829  954.3548  955.3053
2021 04 15 21 06 00    -4.4964434   -1.6713490  954.3548  955.3137
2021 04 15 21 07 00    -4.4953712   -1.6708968  954.3560  955.3321
2021 04 15 21 08 00    -4.4943770   -1.6705275  954.3576  955.3421
2021 04 15 21 09 00    -4.4931382   -1.6699321  954.3586  955.3384
2021 04 15 21 10 00    -4.4918354   -1.6691841  954.3592  955.3296
2021 04 15 21 11 00    -4.4906638   -1.6685302  954.3596  955.3232
2021 04 15 21 12 00    -4.4894353   -1.6679844  954.3600  955.3211
2021 04 15 21 13 00    -4.4880406   -1.6673893  954.3606  955.3247
2021 04 15 21 14 00    -4.4865316   -1.6666539  954.3613  955.3358
2021 04 15 21 15 00    -4.4849720   -1.6658301  954.3618  955.3451
2021 04 15 21 16 00    -4.4834082   -1.6649927  954.3622  955.3394
2021 04 15 21 17 00    -4.4818380   -1.6641938  954.3629  955.3266
2021 04 15 21 18 00    -4.4802967   -1.6634874  954.3635  955.3212
2021 04 15 21 19 00    -4.4788300   -1.6628110  954.3634  955.3191
2021 04 15 21 20 00    -4.4773240   -1.6620102  954.3629  955.3124
2021 04 15 21 21 00    -4.4756563   -1.6610909  954.3626  955.3017
2021 04 15 21 22 00    -4.4739330   -1.6602529  954.3626  955.2864
2021 04 15 21 23 00    -4.4722293   -1.6595542  954.3622  955.2732
2021 04 15 21 24 00    -4.4703773   -1.6587748  954.3613  955.2697
2021 04 15 21 25 00    -4.4682494   -1.6576959  954.3601  955.2680
2021 04 15 21 26 00    -4.4660611   -1.6564035  954.3585  955.2651
2021 04 15 21 27 00    -4.4641595   -1.6552989  954.3566  955.2703
2021 04 15 21 28 00    -4.4624306   -1.6545207  954.3556  955.2810
2021 04 15 21 29 00    -4.4604948   -1.6536985  954.3557  955.2863
2021 04 15 21 30 00    -4.4583922   -1.6526320  954.3557  955.2854
2021 04 15 21 31 00    -4.4563322   -1.6514984  954.3551  955.2823
2021 04 15 21 32 00    -4.4542742   -1.6504586  954.3543  955.2794
2021 04 15 21 33 00    -4.4521184   -1.6494566  954.3544  955.2818
2021 04 15 21 34 00    -4.4498392   -1.6482723  954.3549  955.2878
2021 04 15 21 35 00    -4.4474855   -1.6469537  954.3549  955.2864
2021 04 15 21 36 00    -4.4451460   -1.6457804  954.3543  955.2768
2021 04 15 21 37 00    -4.4428331   -1.6446733  954.3534  955.2693
2021 04 15 21 38 00    -4.4405156   -1.6434292  954.3527  955.2664
2021 04 15 21 39 00    -4.4382327   -1.6422192  954.3524  955.2630
2021 04 15 21 40 00    -4.4359773   -1.6412132  954.3521  955.2576
2021 04 15 21 41 00    -4.4335256   -1.6401520  954.3516  955.2513
2021 04 15 21 42 00    -4.4308166   -1.6387750  954.3510  955.2450
2021 04 15 21 43 00    -4.4282396   -1.6373019  954.3502  955.2396
2021 04 15 21 44 00    -4.4259260   -1.6359955  954.3491  955.2348
2021 04 15 21 45 00    -4.4234459   -1.6347054  954.3477  955.2310
2021 04 15 21 46 00    -4.4206392   -1.6333084  954.3462  955.2315
2021 04 15 21 47 00    -4.4178786   -1.6320209  954.3450  955.2370
2021 04 15 21 48 00    -4.4153850   -1.6309165  954.3440  955.2379
2021 04 15 21 49 00    -4.4128995   -1.6297462  954.3427  955.2255
2021 04 15 21 50 00    -4.4101911   -1.6284073  954.3405  955.2089
2021 04 15 21 51 00    -4.4074412   -1.6270242  954.3382  955.2033
2021 04 15 21 52 00    -4.4047353   -1.6256025  954.3368  955.2088
2021 04 15 21 53 00    -4.4018593   -1.6240663  954.3361  955.2153
2021 04 15 21 54 00    -4.3989236   -1.6225400  954.3353  955.2149
2021 04 15 21 55 00    -4.3961704   -1.6211790  954.3339  955.2070
2021 04 15 21 56 00    -4.3933207   -1.6198117  954.3324  955.1976
2021 04 15 21 57 00    -4.3901959   -1.6182633  954.3315  955.1941
2021 04 15 21 58 00    -4.3871645   -1.6166972  954.3313  955.1993
2021 04 15 21 59 00    -4.3843294   -1.6152072  954.3310  955.2017
2021 04 15 22 00 00    -4.3814203   -1.6137553  954.3298  955.1911
2021 04 15 22 01 00    -4.3783873   -1.6123805  954.3278  955.1806
2021 04 15 22 02 00    -4.3753376   -1.6109948  954.3257  955.1816
2021 04 15 22 03 00    -4.3723108   -1.6094985  954.3242  955.1851
2021 04 15 22 04 00    -4.3693162   -1.6079499  954.3235  955.1846
2021 04 15 22 05 00    -4.3663102   -1.6063564  954.3232  955.1807
2021 04 15 22 06 00    -4.3632247   -1.6046653  954.3224  955.1739
2021 04 15 22 07 00    -4.3600820   -1.6029663  954.3210  955.1701
2021 04 15 22 08 00    -4.3569652   -1.6014623  954.3194  955.1691
2021 04 15 22 09 00    -4.3539330   -1.6000880  954.3182  955.1601
2021 04 15 22 10 00    -4.3509407   -1.5985341  954.3162  955.1422
2021 04 15 22 11 00    -4.3479237   -1.5968675  954.3130  955.1256
2021 04 15 22 12 00    -4.3448817   -1.5953501  954.3104  955.1160
2021 04 15 22 13 00    -4.3417204   -1.5938389  954.3090  955.1126
2021 04 15 22 14 00    -4.3383903   -1.5921555  954.3077  955.1092
2021 04 15 22 15 00    -4.3350346   -1.5904530  954.3059  955.1009
2021 04 15 22 16 00    -4.3317121   -1.5888634  954.3036  955.0911
2021 04 15 22 17 00    -4.3284325   -1.5872864  954.3011  955.0856
2021 04 15 22 18 00    -4.3252728   -1.5856263  954.2992  955.0806
2021 04 15 22 19 00    -4.3221349   -1.5839924  954.2976  955.0723
2021 04 15 22 20 00    -4.3188894   -1.5824843  954.2955  955.0692
2021 04 15 22 21 00    -4.3156237   -1.5809865  954.2929  955.0729
2021 04 15 22 22 00    -4.3123620   -1.5793757  954.2907  955.0666
2021 04 15 22 23 00    -4.3090155   -1.5776468  954.2887  955.0498
2021 04 15 22 24 00    -4.3056691   -1.5758595  954.2865  955.0468
2021 04 15 22 25 00    -4.3023755   -1.5741354  954.2841  955.0591
2021 04 15 22 26 00    -4.2989905   -1.5725110  954.2813  955.0631
2021 04 15 22 27 00    -4.2955619   -1.5708771  954.2782  955.0553
2021 04 15 22 28 00    -4.2922127   -1.5691375  954.2761  955.0486
2021 04 15 22 29 00    -4.2887750   -1.5672916  954.2750  955.0443
2021 04 15 22 30 00    -4.2852385   -1.5655206  954.2738  955.0420
2021 04 15 22 31 00    -4.2818611   -1.5639965  954.2725  955.0488
2021 04 15 22 32 00    -4.2785621   -1.5624522  954.2712  955.0605
2021 04 15 22 33 00    -4.2751206   -1.5605778  954.2695  955.0604
2021 04 15 22 34 00    -4.2716924   -1.5586567  954.2672  955.0456
2021 04 15 22 35 00    -4.2684074   -1.5570521  954.2648  955.0337
2021 04 15 22 36 00    -4.2650979   -1.5556009  954.2623  955.0354
2021 04 15 22 37 00    -4.2617177   -1.5539928  954.2596  955.0396
2021 04 15 22 38 00    -4.2583036   -1.5521865  954.2571  955.0366
2021 04 15 22 39 00    -4.2548520   -1.5504052  954.2555  955.0338
2021 04 15 22 40 00    -4.2515131   -1.5488408  954.2549  955.0366
2021 04 15 22 41 00    -4.2482177   -1.5472805  954.2540  955.0322
2021 04 15 22 42 00    -4.2447264   -1.5454706  954.2522  955.0166
2021 04 15 22 43 00    -4.2412133   -1.5435664  954.2500  955.0094
2021 04 15 22 44 00    -4.2378537   -1.5417572  954.2487  955.0164
2021 04 15 22 45 00    -4.2345021   -1.5400432  954.2475  955.0164
2021 04 15 22 46 00    -4.2310921   -1.5384129  954.2449  954.9994
2021 04 15 22 47 00    -4.2276430   -1.5368200  954.2412  954.9814
2021 04 15 22 48 00    -4.2241506   -1.5351643  954.2384  954.9744
2021 04 15 22 49 00    -4.2207730   -1.5335068  954.2362  954.9724
2021 04 15 22 50 00    -4.2176268   -1.5320033  954.2335  954.9675
2021 04 15 22 51 00    -4.2143956   -1.5304688  954.2308  954.9593
2021 04 15 22 52 00    -4.2109236   -1.5286612  954.2292  954.9535
2021 04 15 22 53 00    -4.2075311   -1.5267865  954.2278  954.9557
2021 04 15 22 54 00    -4.2042088   -1.5250869  954.2255  954.9576
2021 04 15 22 55 00    -4.2007895   -1.5234756  954.2226  954.9468
2021 04 15 22 56 00    -4.1973923   -1.5217244  954.2204  954.9325
2021 04 15 22 57 00    -4.1939974   -1.5198055  954.2183  954.9303
2021 04 15 22 58 00    -4.1906151   -1.5180361  954.2148  954.9320
2021 04 15 22 59 00    -4.1873919   -1.5165386  954.2110  954.9252
2021 04 15 23 00 00    -4.1841811   -1.5149804  954.2086  954.9151
2021 04 15 23 01 00    -4.1808265   -1.5132465  954.2069  954.9050
2021 04 15 23 02 00    -4.1774468   -1.5115637  954.2048  954.8902
2021 04 15 23 03 00    -4.1741274   -1.5099466  954.2019  954.8754
2021 04 15 23 04 00    -4.1708613   -1.5083222  954.1988  954.8735
2021 04 15 23 05 00    -4.1676189   -1.5067169  954.1959  954.8842
2021 04 15 23 06 00    -4.1642936   -1.5049893  954.1933  954.8924
2021 04 15 23 07 00    -4.1609071   -1.5031594  954.1908  954.8933
2021 04 15 23 08 00    -4.1575964   -1.5015627  954.1884  954.8917
2021 04 15 23 09 00    -4.1542895   -1.5001302  954.1863  954.8873
2021 04 15 23 10 00    -4.1509514   -1.4985259  954.1842  954.8806
2021 04 15 23 11 00    -4.1477511   -1.4968341  954.1816  954.8705
2021 04 15 23 12 00    -4.1446774   -1.4952548  954.1788  954.8549
2021 04 15 23 13 00    -4.1416191   -1.4937690  954.1760  954.8418
2021 04 15 23 14 00    -4.1385890   -1.4923168  954.1729  954.8355
2021 04 15 23 15 00    -4.1355345   -1.4907999  954.1697  954.8298
2021 04 15 23 16 00    -4.1323765   -1.4891601  954.1669  954.8215
2021 04 15 23 17 00    -4.1292030   -1.4875575  954.1642  954.8117
2021 04 15 23 18 00    -4.1261195   -1.4860918  954.1607  954.8018
2021 04 15 23 19 00    -4.1231044   -1.4846131  954.1568  954.7899
2021 04 15 23 20 00    -4.1200753   -1.4830075  954.1533  954.7756
2021 04 15 23 21 00    -4.1169822   -1.4813626  954.1503  954.7704
2021 04 15 23 22 00    -4.1139038   -1.4798915  954.1469  954.7756
2021 04 15 23 23 00    -4.1109641   -1.4785995  954.1431  954.7713
2021 04 15 23 24 00    -4.1081108   -1.4772126  954.1399  954.7566
2021 04 15 23 25 00    -4.1051390   -1.4756711  954.1371  954.7517
2021 04 15 23 26 00    -4.1020161   -1.4740987  954.1343  954.7565
2021 04 15 23 27 00    -4.0989727   -1.4724967  954.1319  954.7542
2021 04 15 23 28 00    -4.0961083   -1.4709574  954.1297  954.7417
2021 04 15 23 29 00    -4.0932576   -1.4695763  954.1261  954.7273
2021 04 15 23 30 00    -4.0903376   -1.4682058  954.1213  954.7192
2021 04 15 23 31 00    -4.0874243   -1.4667301  954.1175  954.7203
2021 04 15 23 32 00    -4.0845853   -1.4652261  954.1151  954.7168
2021 04 15 23 33 00    -4.0818657   -1.4638134  954.1123  954.7007
2021 04 15 23 34 00    -4.0791867   -1.4624636  954.1087  954.6960
2021 04 15 23 35 00    -4.0764015   -1.4610443  954.1057  954.7162
2021 04 15 23 36 00    -4.0736103   -1.4595883  954.1034  954.7299
2021 04 15 23 37 00    -4.0709660   -1.4582176  954.1004  954.7100
2021 04 15 23 38 00    -4.0683403   -1.4569638  954.0965  954.6794
2021 04 15 23 39 00    -4.0656437   -1.4557411  954.0928  954.6720
2021 04 15 23 40 00    -4.0630892   -1.4544618  954.0897  954.6774
2021 04 15 23 41 00    -4.0607487   -1.4532126  954.0866  954.6667
2021 04 15 23 42 00    -4.0583028   -1.4520120  954.0829  954.6459
2021 04 15 23 43 00    -4.0556482   -1.4507825  954.0792  954.6329
2021 04 15 23 44 00    -4.0531190   -1.4496157  954.0755  954.6214
2021 04 15 23 45 00    -4.0507680   -1.4484626  954.0714  954.6046
2021 04 15 23 46 00    -4.0483123   -1.4471525  954.0671  954.5889
2021 04 15 23 47 00    -4.0458315   -1.4458399  954.0631  954.5776
2021 04 15 23 48 00    -4.0435980   -1.4446548  954.0593  954.5720
2021 04 15 23 49 00    -4.0414415   -1.4434547  954.0552  954.5704
2021 04 15 23 50 00    -4.0390187   -1.4422544  954.0508  954.5624
2021 04 15 23 51 00    -4.0364811   -1.4412015  954.0462  954.5444
2021 04 15 23 52 00    -4.0342787   -1.4402281  954.0415  954.5274
2021 04 15 23 53 00    -4.0323713   -1.4391348  954.0373  954.5186
2021 04 15 23 54 00    -4.0303201   -1.4379899  954.0330  954.5151
2021 04 15 23 55 00    -4.0281006   -1.4370846  954.0286  954.5101
2021 04 15 23 56 00    -4.0259806   -1.4363096  954.0240  954.4954
2021 04 15 23 57 00    -4.0239706   -1.4353246  954.0192  954.4687
2021 04 15 23 58 00    -4.0219364   -1.4341735  954.0141  954.4450
2021 04 15 23 59 00    -4.0197796   -1.4329533  954.0087  954.4355
