[TSF-file]     v01.0

[TIMEFORMAT]   DATETIME
[INCREMENT]    60
[CHANNELS]
    BF:SG056:G1-F60 
    BF:SG056:G2-F60 
    BF:SG056:Br1-F60
    BF:SG056:Br2-F60
[UNITS]
    Volt
    Volt
    mbar
    mbar
[UNDETVAL]                      9999.999
[PHASE_LAG_1_DEG_CPD]           0.0402
[PHASE_LAG_1_DEG_CPD_ERROR]     0.0002
[N_LATITUDE_DEG]                48.3294
[N_LATITUDE_DEG_ERROR]          0.0001
[E_LONGITUDE_DEG]               008.3284
[E_LONGITUDE_DEG_ERROR]         0.0001
[HEIGHT_M_1]                    589.20
[HEIGHT_M_1_ERROR]              0.01
[GRAVITY_CAL_1_UGAL_V]          -40.1100
[GRAVITY_CAL_1_UGAL_V_ERROR]    0.0300
[PRESSURE_CAL_MBAR_V]           1.0000
[PRESSURE_CAL_MBAR_V_ERROR]     0.0001
[AUTHOR]                        Thomas Forbriger@kit.edu
[PHASE_LAG_2_DEG_CPD]           0.0402
[PHASE_LAG_2_DEG_CPD_ERROR]     0.0002
[HEIGHT_M_2]                    589.40
[HEIGHT_M_2_ERROR]              0.01
[GRAVITY_CAL_2_UGAL_V]          -80.0699
[GRAVITY_CAL_2_UGAL_V_ERROR]    0.0600
[PRESSURE_ADMIT_HPA_NMS2]       -3.4000
[PRESSURE_MEAN_HPA]             0980.0
[COMMENT]                           
software upgrade and FitPC2 replacement on 29. July 2019



Date           Time     G1-F60        G2-F60        Br1-F60       Br2-F60      
[DATA]
2021 04 09 00 00 00    -2.4786923   -0.6586742  951.5508  951.2924
2021 04 09 00 01 00    -2.4896995   -0.6642405  951.5458  951.2902
2021 04 09 00 02 00    -2.5007767   -0.6697883  951.5396  951.2862
2021 04 09 00 03 00    -2.5120826   -0.6753697  951.5333  951.2834
2021 04 09 00 04 00    -2.5233634   -0.6809451  951.5277  951.2861
2021 04 09 00 05 00    -2.5345570   -0.6865830  951.5221  951.2922
2021 04 09 00 06 00    -2.5458456   -0.6923131  951.5156  951.2977
2021 04 09 00 07 00    -2.5573466   -0.6980477  951.5093  951.2997
2021 04 09 00 08 00    -2.5689632   -0.7037714  951.5043  951.2975
2021 04 09 00 09 00    -2.5804374   -0.7094916  951.4998  951.2939
2021 04 09 00 10 00    -2.5918296   -0.7151769  951.4947  951.2919
2021 04 09 00 11 00    -2.6034095   -0.7209055  951.4891  951.2901
2021 04 09 00 12 00    -2.6150995   -0.7268034  951.4839  951.2849
2021 04 09 00 13 00    -2.6268653   -0.7328889  951.4792  951.2735
2021 04 09 00 14 00    -2.6388135   -0.7389988  951.4746  951.2585
2021 04 09 00 15 00    -2.6506886   -0.7448851  951.4693  951.2468
2021 04 09 00 16 00    -2.6623550   -0.7506129  951.4631  951.2416
2021 04 09 00 17 00    -2.6741020   -0.7564909  951.4569  951.2417
2021 04 09 00 18 00    -2.6860758   -0.7624972  951.4517  951.2465
2021 04 09 00 19 00    -2.6981151   -0.7684410  951.4470  951.2503
2021 04 09 00 20 00    -2.7100631   -0.7744340  951.4423  951.2434
2021 04 09 00 21 00    -2.7219866   -0.7805309  951.4376  951.2254
2021 04 09 00 22 00    -2.7340485   -0.7865854  951.4324  951.2090
2021 04 09 00 23 00    -2.7462793   -0.7926529  951.4266  951.2035
2021 04 09 00 24 00    -2.7585818   -0.7988228  951.4207  951.2046
2021 04 09 00 25 00    -2.7708812   -0.8050740  951.4153  951.2020
2021 04 09 00 26 00    -2.7831970   -0.8113697  951.4102  951.1914
2021 04 09 00 27 00    -2.7955188   -0.8175447  951.4047  951.1767
2021 04 09 00 28 00    -2.8077912   -0.8235685  951.3991  951.1618
2021 04 09 00 29 00    -2.8201235   -0.8296767  951.3935  951.1483
2021 04 09 00 30 00    -2.8326651   -0.8359456  951.3878  951.1399
2021 04 09 00 31 00    -2.8452665   -0.8422330  951.3820  951.1390
2021 04 09 00 32 00    -2.8576990   -0.8484602  951.3766  951.1433
2021 04 09 00 33 00    -2.8700414   -0.8546590  951.3717  951.1479
2021 04 09 00 34 00    -2.8825186   -0.8609425  951.3668  951.1490
2021 04 09 00 35 00    -2.8951327   -0.8673581  951.3620  951.1472
2021 04 09 00 36 00    -2.9076950   -0.8737156  951.3569  951.1465
2021 04 09 00 37 00    -2.9201861   -0.8799095  951.3514  951.1466
2021 04 09 00 38 00    -2.9327264   -0.8861286  951.3459  951.1462
2021 04 09 00 39 00    -2.9453187   -0.8924465  951.3407  951.1476
2021 04 09 00 40 00    -2.9579257   -0.8987223  951.3362  951.1514
2021 04 09 00 41 00    -2.9705539   -0.9049743  951.3317  951.1530
2021 04 09 00 42 00    -2.9832213   -0.9113419  951.3266  951.1524
2021 04 09 00 43 00    -2.9959904   -0.9177998  951.3213  951.1543
2021 04 09 00 44 00    -3.0088885   -0.9243063  951.3166  951.1583
2021 04 09 00 45 00    -3.0217381   -0.9308627  951.3124  951.1580
2021 04 09 00 46 00    -3.0344247   -0.9373248  951.3081  951.1508
2021 04 09 00 47 00    -3.0471890   -0.9436491  951.3035  951.1415
2021 04 09 00 48 00    -3.0601325   -0.9500110  951.2987  951.1349
2021 04 09 00 49 00    -3.0729906   -0.9564541  951.2941  951.1280
2021 04 09 00 50 00    -3.0857412   -0.9628883  951.2894  951.1160
2021 04 09 00 51 00    -3.0986933   -0.9693364  951.2840  951.1015
2021 04 09 00 52 00    -3.1118447   -0.9758543  951.2782  951.0880
2021 04 09 00 53 00    -3.1248847   -0.9824078  951.2728  951.0750
2021 04 09 00 54 00    -3.1377977   -0.9889517  951.2680  951.0644
2021 04 09 00 55 00    -3.1507638   -0.9954657  951.2632  951.0602
2021 04 09 00 56 00    -3.1637464   -1.0019218  951.2585  951.0625
2021 04 09 00 57 00    -3.1766771   -1.0083590  951.2535  951.0681
2021 04 09 00 58 00    -3.1897117   -1.0149598  951.2482  951.0725
2021 04 09 00 59 00    -3.2029271   -1.0217146  951.2435  951.0701
2021 04 09 01 00 00    -3.2160740   -1.0282781  951.2394  951.0596
2021 04 09 01 01 00    -3.2290104   -1.0345715  951.2345  951.0478
2021 04 09 01 02 00    -3.2419554   -1.0409270  951.2288  951.0401
2021 04 09 01 03 00    -3.2551521   -1.0475847  951.2235  951.0323
2021 04 09 01 04 00    -3.2685259   -1.0544781  951.2187  951.0192
2021 04 09 01 05 00    -3.2817294   -1.0612629  951.2137  951.0053
2021 04 09 01 06 00    -3.2946878   -1.0676628  951.2084  950.9985
2021 04 09 01 07 00    -3.3076712   -1.0739069  951.2027  950.9974
2021 04 09 01 08 00    -3.3207099   -1.0803231  951.1969  950.9955
2021 04 09 01 09 00    -3.3337381   -1.0868690  951.1913  950.9910
2021 04 09 01 10 00    -3.3469575   -1.0934959  951.1863  950.9862
2021 04 09 01 11 00    -3.3603717   -1.1002274  951.1817  950.9810
2021 04 09 01 12 00    -3.3736210   -1.1069456  951.1768  950.9710
2021 04 09 01 13 00    -3.3865646   -1.1135942  951.1711  950.9600
2021 04 09 01 14 00    -3.3994664   -1.1201863  951.1653  950.9619
2021 04 09 01 15 00    -3.4125655   -1.1267011  951.1601  950.9758
2021 04 09 01 16 00    -3.4257781   -1.1332232  951.1553  950.9839
2021 04 09 01 17 00    -3.4389071   -1.1398019  951.1508  950.9809
2021 04 09 01 18 00    -3.4519344   -1.1463120  951.1467  950.9781
2021 04 09 01 19 00    -3.4649716   -1.1527845  951.1428  950.9794
2021 04 09 01 20 00    -3.4779982   -1.1593476  951.1382  950.9781
2021 04 09 01 21 00    -3.4908174   -1.1658231  951.1329  950.9715
2021 04 09 01 22 00    -3.5035262   -1.1721454  951.1278  950.9619
2021 04 09 01 23 00    -3.5165429   -1.1786387  951.1229  950.9477
2021 04 09 01 24 00    -3.5298878   -1.1853481  951.1180  950.9284
2021 04 09 01 25 00    -3.5432148   -1.1920010  951.1130  950.9122
2021 04 09 01 26 00    -3.5563345   -1.1985413  951.1081  950.9000
2021 04 09 01 27 00    -3.5692859   -1.2050444  951.1029  950.8813
2021 04 09 01 28 00    -3.5822484   -1.2115172  951.0975  950.8598
2021 04 09 01 29 00    -3.5952972   -1.2180199  951.0923  950.8483
2021 04 09 01 30 00    -3.6083890   -1.2246809  951.0871  950.8451
2021 04 09 01 31 00    -3.6215092   -1.2313837  951.0818  950.8454
2021 04 09 01 32 00    -3.6345785   -1.2378145  951.0764  950.8434
2021 04 09 01 33 00    -3.6475593   -1.2440583  951.0709  950.8296
2021 04 09 01 34 00    -3.6605490   -1.2504885  951.0654  950.8142
2021 04 09 01 35 00    -3.6735439   -1.2570909  951.0599  950.8085
2021 04 09 01 36 00    -3.6864218   -1.2636089  951.0542  950.7973
2021 04 09 01 37 00    -3.6993013   -1.2700864  951.0480  950.7796
2021 04 09 01 38 00    -3.7123304   -1.2766330  951.0417  950.7711
2021 04 09 01 39 00    -3.7252721   -1.2831006  951.0360  950.7606
2021 04 09 01 40 00    -3.7380564   -1.2895166  951.0306  950.7368
2021 04 09 01 41 00    -3.7509287   -1.2960597  951.0245  950.7176
2021 04 09 01 42 00    -3.7637952   -1.3025253  951.0181  950.7131
2021 04 09 01 43 00    -3.7764494   -1.3087506  951.0125  950.7084
2021 04 09 01 44 00    -3.7890858   -1.3150166  951.0073  950.6941
2021 04 09 01 45 00    -3.8018920   -1.3214578  951.0016  950.6756
2021 04 09 01 46 00    -3.8147147   -1.3279004  950.9951  950.6589
2021 04 09 01 47 00    -3.8274605   -1.3343095  950.9881  950.6464
2021 04 09 01 48 00    -3.8401602   -1.3407110  950.9812  950.6377
2021 04 09 01 49 00    -3.8527293   -1.3470087  950.9746  950.6317
2021 04 09 01 50 00    -3.8651723   -1.3532362  950.9678  950.6282
2021 04 09 01 51 00    -3.8776029   -1.3595334  950.9610  950.6283
2021 04 09 01 52 00    -3.8900347   -1.3658385  950.9548  950.6307
2021 04 09 01 53 00    -3.9024185   -1.3719674  950.9494  950.6302
2021 04 09 01 54 00    -3.9147103   -1.3779846  950.9441  950.6229
2021 04 09 01 55 00    -3.9270104   -1.3841779  950.9383  950.6108
2021 04 09 01 56 00    -3.9394963   -1.3905099  950.9323  950.5972
2021 04 09 01 57 00    -3.9520560   -1.3966556  950.9261  950.5844
2021 04 09 01 58 00    -3.9644139   -1.4026743  950.9193  950.5745
2021 04 09 01 59 00    -3.9765486   -1.4088374  950.9124  950.5659
2021 04 09 02 00 00    -3.9887281   -1.4150973  950.9061  950.5567
2021 04 09 02 01 00    -4.0011327   -1.4213442  950.9005  950.5486
2021 04 09 02 02 00    -4.0134621   -1.4275043  950.8948  950.5405
2021 04 09 02 03 00    -4.0253915   -1.4334226  950.8883  950.5294
2021 04 09 02 04 00    -4.0371935   -1.4392760  950.8814  950.5237
2021 04 09 02 05 00    -4.0492051   -1.4453852  950.8750  950.5261
2021 04 09 02 06 00    -4.0613031   -1.4515543  950.8691  950.5180
2021 04 09 02 07 00    -4.0732483   -1.4574768  950.8625  950.4977
2021 04 09 02 08 00    -4.0850442   -1.4633275  950.8557  950.4830
2021 04 09 02 09 00    -4.0969338   -1.4693417  950.8493  950.4734
2021 04 09 02 10 00    -4.1089803   -1.4753877  950.8431  950.4597
2021 04 09 02 11 00    -4.1208514   -1.4812926  950.8370  950.4429
2021 04 09 02 12 00    -4.1323501   -1.4870836  950.8305  950.4283
2021 04 09 02 13 00    -4.1438088   -1.4928723  950.8236  950.4166
2021 04 09 02 14 00    -4.1555847   -1.4987712  950.8168  950.4048
2021 04 09 02 15 00    -4.1674145   -1.5046952  950.8099  950.3954
2021 04 09 02 16 00    -4.1788923   -1.5104286  950.8030  950.3891
2021 04 09 02 17 00    -4.1901680   -1.5159943  950.7973  950.3797
2021 04 09 02 18 00    -4.2016014   -1.5216513  950.7923  950.3661
2021 04 09 02 19 00    -4.2132226   -1.5275340  950.7863  950.3498
2021 04 09 02 20 00    -4.2246692   -1.5334171  950.7785  950.3389
2021 04 09 02 21 00    -4.2356659   -1.5390407  950.7704  950.3377
2021 04 09 02 22 00    -4.2464634   -1.5444301  950.7634  950.3327
2021 04 09 02 23 00    -4.2574470   -1.5497426  950.7568  950.3228
2021 04 09 02 24 00    -4.2686184   -1.5551370  950.7502  950.3190
2021 04 09 02 25 00    -4.2796681   -1.5606295  950.7438  950.3196
2021 04 09 02 26 00    -4.2904863   -1.5660659  950.7375  950.3227
2021 04 09 02 27 00    -4.3012567   -1.5713832  950.7310  950.3284
2021 04 09 02 28 00    -4.3119898   -1.5767029  950.7248  950.3289
2021 04 09 02 29 00    -4.3226502   -1.5821822  950.7189  950.3217
2021 04 09 02 30 00    -4.3333473   -1.5877611  950.7126  950.3168
2021 04 09 02 31 00    -4.3440388   -1.5932056  950.7063  950.3212
2021 04 09 02 32 00    -4.3546098   -1.5984534  950.7005  950.3280
2021 04 09 02 33 00    -4.3649986   -1.6036054  950.6949  950.3300
2021 04 09 02 34 00    -4.3752680   -1.6087698  950.6891  950.3325
2021 04 09 02 35 00    -4.3856336   -1.6140240  950.6833  950.3369
2021 04 09 02 36 00    -4.3960565   -1.6192382  950.6779  950.3367
2021 04 09 02 37 00    -4.4063227   -1.6242611  950.6727  950.3321
2021 04 09 02 38 00    -4.4164926   -1.6292902  950.6669  950.3264
2021 04 09 02 39 00    -4.4266254   -1.6344422  950.6609  950.3163
2021 04 09 02 40 00    -4.4366073   -1.6394990  950.6553  950.3030
2021 04 09 02 41 00    -4.4465335   -1.6444554  950.6497  950.2921
2021 04 09 02 42 00    -4.4565424   -1.6494338  950.6436  950.2833
2021 04 09 02 43 00    -4.4664253   -1.6543067  950.6373  950.2713
2021 04 09 02 44 00    -4.4760758   -1.6590848  950.6310  950.2568
2021 04 09 02 45 00    -4.4857699   -1.6639996  950.6243  950.2458
2021 04 09 02 46 00    -4.4955492   -1.6690232  950.6170  950.2396
2021 04 09 02 47 00    -4.5051768   -1.6739465  950.6095  950.2350
2021 04 09 02 48 00    -4.5146631   -1.6786700  950.6030  950.2323
2021 04 09 02 49 00    -4.5240536   -1.6831798  950.5975  950.2350
2021 04 09 02 50 00    -4.5331993   -1.6876452  950.5918  950.2409
2021 04 09 02 51 00    -4.5421881   -1.6922965  950.5849  950.2440
2021 04 09 02 52 00    -4.5512692   -1.6969918  950.5775  950.2458
2021 04 09 02 53 00    -4.5603376   -1.7014289  950.5706  950.2493
2021 04 09 02 54 00    -4.5692664   -1.7057363  950.5645  950.2487
2021 04 09 02 55 00    -4.5782297   -1.7102324  950.5585  950.2443
2021 04 09 02 56 00    -4.5872056   -1.7148364  950.5528  950.2453
2021 04 09 02 57 00    -4.5960138   -1.7193138  950.5476  950.2484
2021 04 09 02 58 00    -4.6047785   -1.7236930  950.5424  950.2490
2021 04 09 02 59 00    -4.6135193   -1.7280148  950.5368  950.2529
2021 04 09 03 00 00    -4.6219655   -1.7321688  950.5310  950.2522
2021 04 09 03 01 00    -4.6302074   -1.7362459  950.5250  950.2413
2021 04 09 03 02 00    -4.6385553   -1.7405336  950.5185  950.2375
2021 04 09 03 03 00    -4.6469108   -1.7449276  950.5122  950.2427
2021 04 09 03 04 00    -4.6550796   -1.7490393  950.5065  950.2376
2021 04 09 03 05 00    -4.6632468   -1.7529765  950.5012  950.2233
2021 04 09 03 06 00    -4.6715229   -1.7570802  950.4957  950.2153
2021 04 09 03 07 00    -4.6796547   -1.7612053  950.4898  950.2132
2021 04 09 03 08 00    -4.6875907   -1.7651285  950.4835  950.2062
2021 04 09 03 09 00    -4.6955003   -1.7690245  950.4769  950.2023
2021 04 09 03 10 00    -4.7033354   -1.7730347  950.4710  950.2150
2021 04 09 03 11 00    -4.7109799   -1.7769589  950.4660  950.2294
2021 04 09 03 12 00    -4.7184851   -1.7806469  950.4613  950.2265
2021 04 09 03 13 00    -4.7259762   -1.7842850  950.4566  950.2155
2021 04 09 03 14 00    -4.7334171   -1.7879696  950.4511  950.2102
2021 04 09 03 15 00    -4.7406664   -1.7915763  950.4450  950.2106
2021 04 09 03 16 00    -4.7478062   -1.7952430  950.4400  950.2114
2021 04 09 03 17 00    -4.7549927   -1.7990432  950.4360  950.2023
2021 04 09 03 18 00    -4.7621867   -1.8026551  950.4312  950.1862
2021 04 09 03 19 00    -4.7692873   -1.8060600  950.4254  950.1785
2021 04 09 03 20 00    -4.7762297   -1.8095141  950.4195  950.1751
2021 04 09 03 21 00    -4.7830607   -1.8129613  950.4136  950.1654
2021 04 09 03 22 00    -4.7898508   -1.8163496  950.4078  950.1523
2021 04 09 03 23 00    -4.7964832   -1.8197672  950.4025  950.1338
2021 04 09 03 24 00    -4.8029668   -1.8230791  950.3971  950.1109
2021 04 09 03 25 00    -4.8095179   -1.8261936  950.3909  950.1026
2021 04 09 03 26 00    -4.8160268   -1.8292638  950.3844  950.1148
2021 04 09 03 27 00    -4.8222230   -1.8323283  950.3787  950.1244
2021 04 09 03 28 00    -4.8282464   -1.8353792  950.3732  950.1184
2021 04 09 03 29 00    -4.8343788   -1.8385438  950.3677  950.1072
2021 04 09 03 30 00    -4.8404973   -1.8417466  950.3625  950.0969
2021 04 09 03 31 00    -4.8462606   -1.8446729  950.3575  950.0848
2021 04 09 03 32 00    -4.8517466   -1.8473111  950.3518  950.0724
2021 04 09 03 33 00    -4.8573674   -1.8500405  950.3457  950.0645
2021 04 09 03 34 00    -4.8631697   -1.8529843  950.3402  950.0671
2021 04 09 03 35 00    -4.8688515   -1.8558620  950.3351  950.0801
2021 04 09 03 36 00    -4.8742943   -1.8585716  950.3300  950.0907
2021 04 09 03 37 00    -4.8796278   -1.8612391  950.3247  950.0866
2021 04 09 03 38 00    -4.8849597   -1.8638861  950.3190  950.0701
2021 04 09 03 39 00    -4.8902743   -1.8665219  950.3129  950.0551
2021 04 09 03 40 00    -4.8955241   -1.8691802  950.3070  950.0487
2021 04 09 03 41 00    -4.9006072   -1.8717320  950.3013  950.0438
2021 04 09 03 42 00    -4.9053956   -1.8740597  950.2957  950.0372
2021 04 09 03 43 00    -4.9100000   -1.8763180  950.2902  950.0389
2021 04 09 03 44 00    -4.9146606   -1.8786927  950.2854  950.0520
2021 04 09 03 45 00    -4.9192918   -1.8811088  950.2809  950.0658
2021 04 09 03 46 00    -4.9236716   -1.8834053  950.2761  950.0744
2021 04 09 03 47 00    -4.9279228   -1.8855467  950.2708  950.0777
2021 04 09 03 48 00    -4.9322219   -1.8875730  950.2659  950.0722
2021 04 09 03 49 00    -4.9365173   -1.8896192  950.2610  950.0618
2021 04 09 03 50 00    -4.9407168   -1.8917887  950.2557  950.0506
2021 04 09 03 51 00    -4.9447291   -1.8939095  950.2504  950.0367
2021 04 09 03 52 00    -4.9485641   -1.8958363  950.2456  950.0281
2021 04 09 03 53 00    -4.9523495   -1.8977028  950.2408  950.0300
2021 04 09 03 54 00    -4.9561812   -1.8996522  950.2357  950.0258
2021 04 09 03 55 00    -4.9600602   -1.9016298  950.2303  950.0086
2021 04 09 03 56 00    -4.9638144   -1.9034649  950.2250  949.9940
2021 04 09 03 57 00    -4.9673443   -1.9051525  950.2200  949.9839
2021 04 09 03 58 00    -4.9707994   -1.9068596  950.2150  949.9660
2021 04 09 03 59 00    -4.9742306   -1.9086235  950.2095  949.9435
2021 04 09 04 00 00    -4.9774950   -1.9103250  950.2034  949.9288
2021 04 09 04 01 00    -4.9804962   -1.9118418  950.1975  949.9262
2021 04 09 04 02 00    -4.9832690   -1.9131479  950.1922  949.9296
2021 04 09 04 03 00    -4.9859674   -1.9144100  950.1872  949.9278
2021 04 09 04 04 00    -4.9887299   -1.9158317  950.1815  949.9198
2021 04 09 04 05 00    -4.9914563   -1.9172986  950.1755  949.9167
2021 04 09 04 06 00    -4.9939523   -1.9185579  950.1698  949.9244
2021 04 09 04 07 00    -4.9962816   -1.9196895  950.1649  949.9386
2021 04 09 04 08 00    -4.9985741   -1.9208526  950.1605  949.9494
2021 04 09 04 09 00    -5.0007613   -1.9219569  950.1559  949.9474
2021 04 09 04 10 00    -5.0028343   -1.9229929  950.1503  949.9383
2021 04 09 04 11 00    -5.0048768   -1.9240672  950.1448  949.9334
2021 04 09 04 12 00    -5.0069218   -1.9251530  950.1402  949.9262
2021 04 09 04 13 00    -5.0090432   -1.9262383  950.1352  949.9087
2021 04 09 04 14 00    -5.0111030   -1.9272508  950.1296  949.8900
2021 04 09 04 15 00    -5.0127498   -1.9279596  950.1241  949.8795
2021 04 09 04 16 00    -5.0141013   -1.9284863  950.1186  949.8744
2021 04 09 04 17 00    -5.0155646   -1.9292254  950.1125  949.8688
2021 04 09 04 18 00    -5.0170435   -1.9300935  950.1063  949.8637
2021 04 09 04 19 00    -5.0182744   -1.9307725  950.1011  949.8622
2021 04 09 04 20 00    -5.0193656   -1.9313014  950.0966  949.8609
2021 04 09 04 21 00    -5.0203938   -1.9317486  950.0916  949.8520
2021 04 09 04 22 00    -5.0213257   -1.9320687  950.0856  949.8390
2021 04 09 04 23 00    -5.0222933   -1.9324255  950.0799  949.8331
2021 04 09 04 24 00    -5.0231878   -1.9329405  950.0757  949.8306
2021 04 09 04 25 00    -5.0237697   -1.9334613  950.0716  949.8208
2021 04 09 04 26 00    -5.0242513   -1.9338466  950.0664  949.8109
2021 04 09 04 27 00    -5.0247812   -1.9340726  950.0604  949.8148
2021 04 09 04 28 00    -5.0251213   -1.9341882  950.0547  949.8254
2021 04 09 04 29 00    -5.0252443   -1.9342941  950.0501  949.8248
2021 04 09 04 30 00    -5.0253625   -1.9343970  950.0462  949.8171
2021 04 09 04 31 00    -5.0255038   -1.9343978  950.0418  949.8166
2021 04 09 04 32 00    -5.0254838   -1.9342799  950.0363  949.8221
2021 04 09 04 33 00    -5.0252215   -1.9341348  950.0311  949.8268
2021 04 09 04 34 00    -5.0248280   -1.9339730  950.0266  949.8265
2021 04 09 04 35 00    -5.0243827   -1.9337672  950.0220  949.8228
2021 04 09 04 36 00    -5.0239321   -1.9335984  950.0167  949.8249
2021 04 09 04 37 00    -5.0234583   -1.9333872  950.0118  949.8348
2021 04 09 04 38 00    -5.0228435   -1.9329609  950.0075  949.8437
2021 04 09 04 39 00    -5.0220634   -1.9324847  950.0031  949.8488
2021 04 09 04 40 00    -5.0211043   -1.9320870  949.9987  949.8489
2021 04 09 04 41 00    -5.0199620   -1.9315817  949.9946  949.8418
2021 04 09 04 42 00    -5.0188373   -1.9309729  949.9904  949.8356
2021 04 09 04 43 00    -5.0178425   -1.9304216  949.9854  949.8384
2021 04 09 04 44 00    -5.0167552   -1.9298393  949.9804  949.8434
2021 04 09 04 45 00    -5.0153545   -1.9290991  949.9764  949.8386
2021 04 09 04 46 00    -5.0137252   -1.9283023  949.9732  949.8225
2021 04 09 04 47 00    -5.0121091   -1.9275440  949.9693  949.8009
2021 04 09 04 48 00    -5.0106054   -1.9267661  949.9643  949.7800
2021 04 09 04 49 00    -5.0091170   -1.9259589  949.9589  949.7669
2021 04 09 04 50 00    -5.0074652   -1.9251397  949.9535  949.7596
2021 04 09 04 51 00    -5.0055692   -1.9242673  949.9484  949.7497
2021 04 09 04 52 00    -5.0035561   -1.9233966  949.9436  949.7403
2021 04 09 04 53 00    -5.0015003   -1.9225033  949.9392  949.7409
2021 04 09 04 54 00    -4.9992445   -1.9213422  949.9348  949.7494
2021 04 09 04 55 00    -4.9967422   -1.9199099  949.9297  949.7568
2021 04 09 04 56 00    -4.9942631   -1.9185415  949.9245  949.7568
2021 04 09 04 57 00    -4.9919692   -1.9173968  949.9200  949.7449
2021 04 09 04 58 00    -4.9895994   -1.9163005  949.9159  949.7286
2021 04 09 04 59 00    -4.9869124   -1.9150106  949.9111  949.7244
2021 04 09 05 00 00    -4.9840217   -1.9135123  949.9056  949.7316
2021 04 09 05 01 00    -4.9810882   -1.9119998  949.9002  949.7367
2021 04 09 05 02 00    -4.9781167   -1.9105301  949.8958  949.7376
2021 04 09 05 03 00    -4.9750309   -1.9090007  949.8925  949.7421
2021 04 09 05 04 00    -4.9718200   -1.9074075  949.8889  949.7462
2021 04 09 05 05 00    -4.9685801   -1.9058260  949.8845  949.7415
2021 04 09 05 06 00    -4.9653349   -1.9042398  949.8794  949.7343
2021 04 09 05 07 00    -4.9619596   -1.9025383  949.8745  949.7322
2021 04 09 05 08 00    -4.9583947   -1.9007062  949.8705  949.7338
2021 04 09 05 09 00    -4.9547621   -1.8988358  949.8667  949.7382
2021 04 09 05 10 00    -4.9510609   -1.8969251  949.8624  949.7396
2021 04 09 05 11 00    -4.9471998   -1.8949265  949.8579  949.7330
2021 04 09 05 12 00    -4.9432841   -1.8928933  949.8534  949.7319
2021 04 09 05 13 00    -4.9393411   -1.8909112  949.8491  949.7458
2021 04 09 05 14 00    -4.9352402   -1.8889546  949.8456  949.7599
2021 04 09 05 15 00    -4.9309020   -1.8868210  949.8430  949.7676
2021 04 09 05 16 00    -4.9264151   -1.8844506  949.8400  949.7733
2021 04 09 05 17 00    -4.9221253   -1.8822191  949.8362  949.7691
2021 04 09 05 18 00    -4.9180369   -1.8802967  949.8320  949.7525
2021 04 09 05 19 00    -4.9136625   -1.8782953  949.8277  949.7348
2021 04 09 05 20 00    -4.9089775   -1.8760553  949.8233  949.7220
2021 04 09 05 21 00    -4.9043187   -1.8737690  949.8194  949.7179
2021 04 09 05 22 00    -4.8996035   -1.8714241  949.8155  949.7242
2021 04 09 05 23 00    -4.8947313   -1.8689210  949.8115  949.7330
2021 04 09 05 24 00    -4.8898459   -1.8663026  949.8075  949.7372
2021 04 09 05 25 00    -4.8847878   -1.8636344  949.8036  949.7491
2021 04 09 05 26 00    -4.8793935   -1.8609592  949.8001  949.7757
2021 04 09 05 27 00    -4.8739585   -1.8583398  949.7976  949.7934
2021 04 09 05 28 00    -4.8686319   -1.8557573  949.7955  949.7996
2021 04 09 05 29 00    -4.8631694   -1.8530717  949.7931  949.8146
2021 04 09 05 30 00    -4.8574590   -1.8502138  949.7905  949.8233
2021 04 09 05 31 00    -4.8517105   -1.8472701  949.7874  949.8158
2021 04 09 05 32 00    -4.8461112   -1.8443670  949.7844  949.8183
2021 04 09 05 33 00    -4.8404949   -1.8415462  949.7821  949.8338
2021 04 09 05 34 00    -4.8346660   -1.8387040  949.7806  949.8383
2021 04 09 05 35 00    -4.8287298   -1.8357185  949.7793  949.8318
2021 04 09 05 36 00    -4.8227081   -1.8326188  949.7774  949.8314
2021 04 09 05 37 00    -4.8165212   -1.8294722  949.7744  949.8333
2021 04 09 05 38 00    -4.8103748   -1.8263257  949.7707  949.8280
2021 04 09 05 39 00    -4.8044290   -1.8232990  949.7674  949.8282
2021 04 09 05 40 00    -4.7984597   -1.8203787  949.7652  949.8348
2021 04 09 05 41 00    -4.7922405   -1.8173505  949.7631  949.8316
2021 04 09 05 42 00    -4.7857368   -1.8141163  949.7605  949.8247
2021 04 09 05 43 00    -4.7790504   -1.8107674  949.7574  949.8230
2021 04 09 05 44 00    -4.7724417   -1.8074394  949.7548  949.8188
2021 04 09 05 45 00    -4.7659665   -1.8042254  949.7527  949.8100
2021 04 09 05 46 00    -4.7594356   -1.8010531  949.7503  949.7991
2021 04 09 05 47 00    -4.7527742   -1.7977090  949.7475  949.7929
2021 04 09 05 48 00    -4.7458644   -1.7941397  949.7444  949.8013
2021 04 09 05 49 00    -4.7386761   -1.7905510  949.7414  949.8192
2021 04 09 05 50 00    -4.7314689   -1.7870365  949.7391  949.8344
2021 04 09 05 51 00    -4.7243008   -1.7834506  949.7374  949.8400
2021 04 09 05 52 00    -4.7170769   -1.7797937  949.7352  949.8353
2021 04 09 05 53 00    -4.7098835   -1.7761782  949.7324  949.8266
2021 04 09 05 54 00    -4.7026715   -1.7725308  949.7299  949.8161
2021 04 09 05 55 00    -4.6953447   -1.7688310  949.7273  949.8013
2021 04 09 05 56 00    -4.6879937   -1.7651376  949.7240  949.7908
2021 04 09 05 57 00    -4.6804757   -1.7613142  949.7208  949.7901
2021 04 09 05 58 00    -4.6726523   -1.7573747  949.7186  949.7915
2021 04 09 05 59 00    -4.6649032   -1.7536123  949.7166  949.7938
2021 04 09 06 00 00    -4.6573444   -1.7499538  949.7138  949.7977
2021 04 09 06 01 00    -4.6495442   -1.7459919  949.7106  949.7964
2021 04 09 06 02 00    -4.6415563   -1.7418034  949.7072  949.7933
2021 04 09 06 03 00    -4.6337665   -1.7378439  949.7039  949.7968
2021 04 09 06 04 00    -4.6259831   -1.7340805  949.7011  949.8008
2021 04 09 06 05 00    -4.6179226   -1.7301462  949.6991  949.7966
2021 04 09 06 06 00    -4.6097770   -1.7260411  949.6971  949.7904
2021 04 09 06 07 00    -4.6016372   -1.7219002  949.6947  949.7932
2021 04 09 06 08 00    -4.5933237   -1.7177142  949.6924  949.8031
2021 04 09 06 09 00    -4.5849110   -1.7135544  949.6898  949.8080
2021 04 09 06 10 00    -4.5766013   -1.7094124  949.6872  949.8019
2021 04 09 06 11 00    -4.5682987   -1.7051354  949.6851  949.7903
2021 04 09 06 12 00    -4.5597856   -1.7007878  949.6831  949.7795
2021 04 09 06 13 00    -4.5510341   -1.6965353  949.6805  949.7731
2021 04 09 06 14 00    -4.5422166   -1.6922970  949.6778  949.7749
2021 04 09 06 15 00    -4.5335386   -1.6879609  949.6756  949.7838
2021 04 09 06 16 00    -4.5250162   -1.6836256  949.6732  949.7888
2021 04 09 06 17 00    -4.5164324   -1.6793147  949.6702  949.7846
2021 04 09 06 18 00    -4.5076087   -1.6748566  949.6675  949.7827
2021 04 09 06 19 00    -4.4986533   -1.6702662  949.6652  949.7922
2021 04 09 06 20 00    -4.4897034   -1.6657275  949.6630  949.8054
2021 04 09 06 21 00    -4.4806627   -1.6612255  949.6612  949.8114
2021 04 09 06 22 00    -4.4715296   -1.6567136  949.6601  949.8113
2021 04 09 06 23 00    -4.4624528   -1.6522227  949.6589  949.8101
2021 04 09 06 24 00    -4.4533462   -1.6476418  949.6572  949.8065
2021 04 09 06 25 00    -4.4440563   -1.6429268  949.6551  949.8008
2021 04 09 06 26 00    -4.4347229   -1.6382380  949.6524  949.7975
2021 04 09 06 27 00    -4.4255146   -1.6336483  949.6496  949.7962
2021 04 09 06 28 00    -4.4163291   -1.6290901  949.6471  949.7902
2021 04 09 06 29 00    -4.4070695   -1.6245061  949.6447  949.7749
2021 04 09 06 30 00    -4.3977761   -1.6198312  949.6420  949.7585
2021 04 09 06 31 00    -4.3883970   -1.6150361  949.6392  949.7493
2021 04 09 06 32 00    -4.3788875   -1.6102444  949.6362  949.7387
2021 04 09 06 33 00    -4.3693763   -1.6055501  949.6328  949.7231
2021 04 09 06 34 00    -4.3599767   -1.6008514  949.6294  949.7156
2021 04 09 06 35 00    -4.3505217   -1.5960629  949.6261  949.7204
2021 04 09 06 36 00    -4.3407462   -1.5912184  949.6231  949.7268
2021 04 09 06 37 00    -4.3307742   -1.5863105  949.6207  949.7325
2021 04 09 06 38 00    -4.3209111   -1.5813328  949.6188  949.7396
2021 04 09 06 39 00    -4.3111103   -1.5763705  949.6168  949.7422
2021 04 09 06 40 00    -4.3012603   -1.5714341  949.6139  949.7441
2021 04 09 06 41 00    -4.2914173   -1.5664862  949.6106  949.7560
2021 04 09 06 42 00    -4.2814925   -1.5615782  949.6082  949.7666
2021 04 09 06 43 00    -4.2714851   -1.5566891  949.6067  949.7564
2021 04 09 06 44 00    -4.2615618   -1.5517087  949.6051  949.7369
2021 04 09 06 45 00    -4.2515939   -1.5466246  949.6029  949.7363
2021 04 09 06 46 00    -4.2414596   -1.5415309  949.6006  949.7548
2021 04 09 06 47 00    -4.2314147   -1.5365167  949.5987  949.7651
2021 04 09 06 48 00    -4.2216031   -1.5315871  949.5969  949.7514
2021 04 09 06 49 00    -4.2117313   -1.5266568  949.5948  949.7264
2021 04 09 06 50 00    -4.2014524   -1.5215625  949.5918  949.7193
2021 04 09 06 51 00    -4.1909453   -1.5163094  949.5883  949.7356
2021 04 09 06 52 00    -4.1807163   -1.5111498  949.5852  949.7422
2021 04 09 06 53 00    -4.1707573   -1.5061400  949.5826  949.7249
2021 04 09 06 54 00    -4.1606402   -1.5011339  949.5804  949.7116
2021 04 09 06 55 00    -4.1502641   -1.4960286  949.5786  949.7169
2021 04 09 06 56 00    -4.1398355   -1.4907551  949.5765  949.7240
2021 04 09 06 57 00    -4.1294766   -1.4854146  949.5736  949.7229
2021 04 09 06 58 00    -4.1191697   -1.4801912  949.5708  949.7200
2021 04 09 06 59 00    -4.1087742   -1.4750554  949.5684  949.7148
2021 04 09 07 00 00    -4.0981788   -1.4698307  949.5655  949.7121
2021 04 09 07 01 00    -4.0875578   -1.4644696  949.5625  949.7220
2021 04 09 07 02 00    -4.0770730   -1.4590704  949.5605  949.7300
2021 04 09 07 03 00    -4.0666144   -1.4537108  949.5588  949.7220
2021 04 09 07 04 00    -4.0561579   -1.4484678  949.5561  949.7062
2021 04 09 07 05 00    -4.0457766   -1.4433783  949.5529  949.6905
2021 04 09 07 06 00    -4.0353913   -1.4383050  949.5503  949.6787
2021 04 09 07 07 00    -4.0249350   -1.4330564  949.5482  949.6662
2021 04 09 07 08 00    -4.0144294   -1.4276476  949.5451  949.6431
2021 04 09 07 09 00    -4.0039314   -1.4223599  949.5408  949.6219
2021 04 09 07 10 00    -3.9934947   -1.4173093  949.5367  949.6118
2021 04 09 07 11 00    -3.9830068   -1.4121927  949.5329  949.5946
2021 04 09 07 12 00    -3.9723785   -1.4068471  949.5287  949.5749
2021 04 09 07 13 00    -3.9617559   -1.4014600  949.5244  949.5764
2021 04 09 07 14 00    -3.9511831   -1.3960847  949.5210  949.5864
2021 04 09 07 15 00    -3.9404798   -1.3906572  949.5182  949.5895
2021 04 09 07 16 00    -3.9296160   -1.3852686  949.5154  949.5919
2021 04 09 07 17 00    -3.9188222   -1.3799590  949.5124  949.5859
2021 04 09 07 18 00    -3.9082265   -1.3746179  949.5091  949.5736
2021 04 09 07 19 00    -3.8976514   -1.3692231  949.5055  949.5725
2021 04 09 07 20 00    -3.8868886   -1.3638036  949.5019  949.5745
2021 04 09 07 21 00    -3.8759952   -1.3583317  949.4988  949.5698
2021 04 09 07 22 00    -3.8652179   -1.3528958  949.4955  949.5664
2021 04 09 07 23 00    -3.8546966   -1.3476002  949.4923  949.5617
2021 04 09 07 24 00    -3.8443363   -1.3423871  949.4893  949.5492
2021 04 09 07 25 00    -3.8338813   -1.3371842  949.4858  949.5360
2021 04 09 07 26 00    -3.8231605   -1.3319243  949.4817  949.5273
2021 04 09 07 27 00    -3.8123719   -1.3265964  949.4779  949.5137
2021 04 09 07 28 00    -3.8017193   -1.3212933  949.4745  949.4945
2021 04 09 07 29 00    -3.7910229   -1.3159902  949.4706  949.4846
2021 04 09 07 30 00    -3.7802647   -1.3105759  949.4665  949.4829
2021 04 09 07 31 00    -3.7696559   -1.3050715  949.4629  949.4807
2021 04 09 07 32 00    -3.7590476   -1.2996623  949.4597  949.4779
2021 04 09 07 33 00    -3.7483137   -1.2944907  949.4562  949.4736
2021 04 09 07 34 00    -3.7376886   -1.2893847  949.4525  949.4733
2021 04 09 07 35 00    -3.7271810   -1.2840952  949.4491  949.4803
2021 04 09 07 36 00    -3.7165913   -1.2786494  949.4459  949.4776
2021 04 09 07 37 00    -3.7059670   -1.2732344  949.4424  949.4541
2021 04 09 07 38 00    -3.6954092   -1.2679973  949.4379  949.4290
2021 04 09 07 39 00    -3.6848716   -1.2628923  949.4331  949.4255
2021 04 09 07 40 00    -3.6742870   -1.2576654  949.4288  949.4330
2021 04 09 07 41 00    -3.6636703   -1.2522088  949.4252  949.4313
2021 04 09 07 42 00    -3.6531384   -1.2467898  949.4219  949.4258
2021 04 09 07 43 00    -3.6426922   -1.2416150  949.4184  949.4214
2021 04 09 07 44 00    -3.6321487   -1.2364663  949.4143  949.4124
2021 04 09 07 45 00    -3.6214865   -1.2311524  949.4100  949.4050
2021 04 09 07 46 00    -3.6108595   -1.2257784  949.4060  949.4071
2021 04 09 07 47 00    -3.6002785   -1.2203880  949.4025  949.4078
2021 04 09 07 48 00    -3.5896806   -1.2149594  949.3992  949.4007
2021 04 09 07 49 00    -3.5791572   -1.2096109  949.3963  949.4049
2021 04 09 07 50 00    -3.5687121   -1.2043897  949.3934  949.4199
2021 04 09 07 51 00    -3.5581714   -1.1992114  949.3903  949.4146
2021 04 09 07 52 00    -3.5476579   -1.1940970  949.3868  949.3915
2021 04 09 07 53 00    -3.5373703   -1.1890285  949.3830  949.3740
2021 04 09 07 54 00    -3.5270811   -1.1838446  949.3790  949.3595
2021 04 09 07 55 00    -3.5166815   -1.1785662  949.3754  949.3496
2021 04 09 07 56 00    -3.5064135   -1.1733592  949.3721  949.3491
2021 04 09 07 57 00    -3.4962249   -1.1681658  949.3687  949.3401
2021 04 09 07 58 00    -3.4858685   -1.1628398  949.3651  949.3240
2021 04 09 07 59 00    -3.4754429   -1.1575188  949.3613  949.3280
2021 04 09 08 00 00    -3.4651425   -1.1524298  949.3575  949.3550
2021 04 09 08 01 00    -3.4549482   -1.1475364  949.3541  949.3756
2021 04 09 08 02 00    -3.4448715   -1.1426727  949.3514  949.3666
2021 04 09 08 03 00    -3.4348934   -1.1376948  949.3483  949.3387
2021 04 09 08 04 00    -3.4247287   -1.1324927  949.3446  949.3202
2021 04 09 08 05 00    -3.4143268   -1.1271940  949.3410  949.3244
2021 04 09 08 06 00    -3.4041429   -1.1221035  949.3380  949.3331
2021 04 09 08 07 00    -3.3943685   -1.1172480  949.3348  949.3262
2021 04 09 08 08 00    -3.3845885   -1.1123430  949.3307  949.3150
2021 04 09 08 09 00    -3.3745485   -1.1072719  949.3268  949.3111
2021 04 09 08 10 00    -3.3644846   -1.1022329  949.3245  949.3083
2021 04 09 08 11 00    -3.3545582   -1.0973413  949.3228  949.3005
2021 04 09 08 12 00    -3.3447315   -1.0924668  949.3198  949.2800
2021 04 09 08 13 00    -3.3349471   -1.0875165  949.3156  949.2603
2021 04 09 08 14 00    -3.3251129   -1.0825625  949.3118  949.2698
2021 04 09 08 15 00    -3.3152863   -1.0776921  949.3092  949.2900
2021 04 09 08 16 00    -3.3055789   -1.0728416  949.3067  949.2809
2021 04 09 08 17 00    -3.2959194   -1.0679426  949.3033  949.2510
2021 04 09 08 18 00    -3.2862827   -1.0631245  949.2991  949.2330
2021 04 09 08 19 00    -3.2767132   -1.0584132  949.2952  949.2374
2021 04 09 08 20 00    -3.2671349   -1.0536467  949.2923  949.2533
2021 04 09 08 21 00    -3.2576127   -1.0488858  949.2901  949.2522
2021 04 09 08 22 00    -3.2483616   -1.0443019  949.2872  949.2176
2021 04 09 08 23 00    -3.2392541   -1.0397802  949.2830  949.1877
2021 04 09 08 24 00    -3.2299825   -1.0351209  949.2783  949.1939
2021 04 09 08 25 00    -3.2205747   -1.0303630  949.2743  949.1984
2021 04 09 08 26 00    -3.2111853   -1.0256199  949.2712  949.1786
2021 04 09 08 27 00    -3.2018852   -1.0209537  949.2683  949.1759
2021 04 09 08 28 00    -3.1927422   -1.0164191  949.2653  949.2043
2021 04 09 08 29 00    -3.1836353   -1.0119017  949.2621  949.2228
2021 04 09 08 30 00    -3.1743733   -1.0072693  949.2588  949.2161
2021 04 09 08 31 00    -3.1650466   -1.0026059  949.2552  949.2066
2021 04 09 08 32 00    -3.1559558   -0.9980160  949.2516  949.2086
2021 04 09 08 33 00    -3.1472155   -0.9935388  949.2484  949.2188
2021 04 09 08 34 00    -3.1385132   -0.9891264  949.2453  949.2271
2021 04 09 08 35 00    -3.1296242   -0.9847071  949.2420  949.2275
2021 04 09 08 36 00    -3.1207532   -0.9802995  949.2386  949.2224
2021 04 09 08 37 00    -3.1120442   -0.9758843  949.2355  949.2195
2021 04 09 08 38 00    -3.1035120   -0.9715017  949.2325  949.2242
2021 04 09 08 39 00    -3.0951151   -0.9672674  949.2294  949.2275
2021 04 09 08 40 00    -3.0865900   -0.9631060  949.2261  949.2214
2021 04 09 08 41 00    -3.0779045   -0.9588779  949.2228  949.2135
2021 04 09 08 42 00    -3.0693652   -0.9545959  949.2201  949.2191
2021 04 09 08 43 00    -3.0609883   -0.9503347  949.2182  949.2416
2021 04 09 08 44 00    -3.0526335   -0.9461443  949.2163  949.2586
2021 04 09 08 45 00    -3.0444140   -0.9420134  949.2138  949.2558
2021 04 09 08 46 00    -3.0363227   -0.9378674  949.2112  949.2407
2021 04 09 08 47 00    -3.0281270   -0.9337062  949.2087  949.2174
2021 04 09 08 48 00    -3.0198207   -0.9295921  949.2055  949.2047
2021 04 09 08 49 00    -3.0116592   -0.9255621  949.2019  949.2166
2021 04 09 08 50 00    -3.0038063   -0.9216780  949.1987  949.2193
2021 04 09 08 51 00    -2.9961264   -0.9178502  949.1958  949.1941
2021 04 09 08 52 00    -2.9883453   -0.9138225  949.1928  949.1731
2021 04 09 08 53 00    -2.9803701   -0.9096389  949.1898  949.1757
2021 04 09 08 54 00    -2.9724633   -0.9056939  949.1870  949.1928
2021 04 09 08 55 00    -2.9649205   -0.9021050  949.1843  949.2194
2021 04 09 08 56 00    -2.9575576   -0.8984995  949.1821  949.2380
2021 04 09 08 57 00    -2.9500408   -0.8946793  949.1804  949.2220
2021 04 09 08 58 00    -2.9424135   -0.8908677  949.1783  949.1930
2021 04 09 08 59 00    -2.9348875   -0.8871520  949.1750  949.1957
2021 04 09 09 00 00    -2.9275161   -0.8834226  949.1719  949.2208
2021 04 09 09 01 00    -2.9202152   -0.8797148  949.1697  949.2293
2021 04 09 09 02 00    -2.9129642   -0.8760996  949.1681  949.2148
2021 04 09 09 03 00    -2.9057910   -0.8725419  949.1657  949.2029
2021 04 09 09 04 00    -2.8987388   -0.8690753  949.1621  949.2110
2021 04 09 09 05 00    -2.8918364   -0.8657151  949.1589  949.2165
2021 04 09 09 06 00    -2.8849044   -0.8622555  949.1568  949.1895
2021 04 09 09 07 00    -2.8779321   -0.8586536  949.1546  949.1509
2021 04 09 09 08 00    -2.8711995   -0.8551729  949.1516  949.1465
2021 04 09 09 09 00    -2.8646460   -0.8519207  949.1490  949.1746
2021 04 09 09 10 00    -2.8581525   -0.8488595  949.1470  949.1863
2021 04 09 09 11 00    -2.8518678   -0.8458875  949.1445  949.1587
2021 04 09 09 12 00    -2.8456341   -0.8427417  949.1409  949.1221
2021 04 09 09 13 00    -2.8392129   -0.8393707  949.1371  949.1087
2021 04 09 09 14 00    -2.8327863   -0.8360010  949.1336  949.1196
2021 04 09 09 15 00    -2.8265305   -0.8327989  949.1303  949.1382
2021 04 09 09 16 00    -2.8203353   -0.8297395  949.1271  949.1469
2021 04 09 09 17 00    -2.8141278   -0.8266827  949.1244  949.1450
2021 04 09 09 18 00    -2.8081011   -0.8237102  949.1223  949.1424
2021 04 09 09 19 00    -2.8023546   -0.8208998  949.1206  949.1401
2021 04 09 09 20 00    -2.7966290   -0.8179891  949.1184  949.1401
2021 04 09 09 21 00    -2.7908010   -0.8149790  949.1150  949.1476
2021 04 09 09 22 00    -2.7850228   -0.8121613  949.1111  949.1569
2021 04 09 09 23 00    -2.7793668   -0.8094694  949.1075  949.1580
2021 04 09 09 24 00    -2.7738248   -0.8066731  949.1046  949.1489
2021 04 09 09 25 00    -2.7683398   -0.8038087  949.1021  949.1410
2021 04 09 09 26 00    -2.7628441   -0.8010150  949.0995  949.1531
2021 04 09 09 27 00    -2.7573561   -0.7983135  949.0969  949.1773
2021 04 09 09 28 00    -2.7519794   -0.7956787  949.0948  949.1820
2021 04 09 09 29 00    -2.7468648   -0.7930787  949.0924  949.1705
2021 04 09 09 30 00    -2.7419426   -0.7904970  949.0899  949.1748
2021 04 09 09 31 00    -2.7369090   -0.7879688  949.0880  949.1849
2021 04 09 09 32 00    -2.7317557   -0.7854537  949.0866  949.1712
2021 04 09 09 33 00    -2.7268038   -0.7829501  949.0847  949.1501
2021 04 09 09 34 00    -2.7221461   -0.7806277  949.0823  949.1479
2021 04 09 09 35 00    -2.7176232   -0.7784908  949.0802  949.1536
2021 04 09 09 36 00    -2.7130915   -0.7763041  949.0783  949.1562
2021 04 09 09 37 00    -2.7084885   -0.7739847  949.0757  949.1653
2021 04 09 09 38 00    -2.7040100   -0.7716849  949.0731  949.1726
2021 04 09 09 39 00    -2.6997897   -0.7694821  949.0712  949.1579
2021 04 09 09 40 00    -2.6956020   -0.7673205  949.0694  949.1393
2021 04 09 09 41 00    -2.6913741   -0.7651927  949.0674  949.1450
2021 04 09 09 42 00    -2.6871985   -0.7630795  949.0651  949.1636
2021 04 09 09 43 00    -2.6830834   -0.7609697  949.0621  949.1682
2021 04 09 09 44 00    -2.6791521   -0.7589782  949.0591  949.1573
2021 04 09 09 45 00    -2.6754653   -0.7571885  949.0574  949.1587
2021 04 09 09 46 00    -2.6718651   -0.7555265  949.0562  949.1794
2021 04 09 09 47 00    -2.6682602   -0.7538594  949.0547  949.1787
2021 04 09 09 48 00    -2.6646824   -0.7521040  949.0527  949.1426
2021 04 09 09 49 00    -2.6611658   -0.7502389  949.0507  949.1149
2021 04 09 09 50 00    -2.6577847   -0.7483663  949.0488  949.1175
2021 04 09 09 51 00    -2.6545638   -0.7466522  949.0465  949.1284
2021 04 09 09 52 00    -2.6514089   -0.7451246  949.0433  949.1284
2021 04 09 09 53 00    -2.6483029   -0.7437099  949.0394  949.1179
2021 04 09 09 54 00    -2.6452575   -0.7422418  949.0359  949.1091
2021 04 09 09 55 00    -2.6422376   -0.7406209  949.0337  949.0949
2021 04 09 09 56 00    -2.6394012   -0.7391237  949.0321  949.0622
2021 04 09 09 57 00    -2.6368314   -0.7379425  949.0293  949.0397
2021 04 09 09 58 00    -2.6342871   -0.7367620  949.0257  949.0477
2021 04 09 09 59 00    -2.6317132   -0.7353317  949.0228  949.0643
2021 04 09 10 00 00    -2.6291893   -0.7338732  949.0204  949.0789
2021 04 09 10 01 00    -2.6267041   -0.7326987  949.0173  949.0842
2021 04 09 10 02 00    -2.6244573   -0.7317866  949.0139  949.0663
2021 04 09 10 03 00    -2.6224023   -0.7307732  949.0108  949.0407
2021 04 09 10 04 00    -2.6201564   -0.7294401  949.0078  949.0288
2021 04 09 10 05 00    -2.6179252   -0.7281531  949.0043  949.0319
2021 04 09 10 06 00    -2.6161472   -0.7273056  949.0012  949.0424
2021 04 09 10 07 00    -2.6145565   -0.7266219  948.9985  949.0419
2021 04 09 10 08 00    -2.6127768   -0.7257846  948.9957  949.0166
2021 04 09 10 09 00    -2.6110428   -0.7250096  948.9922  948.9857
2021 04 09 10 10 00    -2.6096210   -0.7243842  948.9886  948.9735
2021 04 09 10 11 00    -2.6083196   -0.7237087  948.9851  948.9772
2021 04 09 10 12 00    -2.6069534   -0.7230217  948.9818  948.9821
2021 04 09 10 13 00    -2.6056175   -0.7223941  948.9786  948.9775
2021 04 09 10 14 00    -2.6043811   -0.7217428  948.9751  948.9612
2021 04 09 10 15 00    -2.6032249   -0.7211465  948.9708  948.9466
2021 04 09 10 16 00    -2.6021493   -0.7206804  948.9663  948.9395
2021 04 09 10 17 00    -2.6011954   -0.7202187  948.9627  948.9290
2021 04 09 10 18 00    -2.6004142   -0.7197518  948.9599  948.9214
2021 04 09 10 19 00    -2.5997245   -0.7194147  948.9568  948.9269
2021 04 09 10 20 00    -2.5990567   -0.7192017  948.9530  948.9302
2021 04 09 10 21 00    -2.5984701   -0.7189758  948.9489  948.9243
2021 04 09 10 22 00    -2.5979688   -0.7187091  948.9444  948.9182
2021 04 09 10 23 00    -2.5975729   -0.7185236  948.9395  948.9075
2021 04 09 10 24 00    -2.5972853   -0.7184263  948.9345  948.8945
2021 04 09 10 25 00    -2.5970483   -0.7182987  948.9306  948.8915
2021 04 09 10 26 00    -2.5969399   -0.7181382  948.9274  948.8840
2021 04 09 10 27 00    -2.5969426   -0.7180168  948.9236  948.8613
2021 04 09 10 28 00    -2.5969795   -0.7180227  948.9190  948.8525
2021 04 09 10 29 00    -2.5971704   -0.7181892  948.9150  948.8711
2021 04 09 10 30 00    -2.5974053   -0.7183522  948.9119  948.8862
2021 04 09 10 31 00    -2.5975407   -0.7184356  948.9082  948.8742
2021 04 09 10 32 00    -2.5979125   -0.7186340  948.9035  948.8421
2021 04 09 10 33 00    -2.5986455   -0.7190312  948.8989  948.8176
2021 04 09 10 34 00    -2.5994095   -0.7194793  948.8950  948.8240
2021 04 09 10 35 00    -2.6001595   -0.7198863  948.8917  948.8334
2021 04 09 10 36 00    -2.6010607   -0.7202886  948.8877  948.8083
2021 04 09 10 37 00    -2.6020700   -0.7207104  948.8824  948.7701
2021 04 09 10 38 00    -2.6031197   -0.7211263  948.8770  948.7441
2021 04 09 10 39 00    -2.6042384   -0.7215503  948.8719  948.7233
2021 04 09 10 40 00    -2.6054476   -0.7221053  948.8667  948.7074
2021 04 09 10 41 00    -2.6067540   -0.7228882  948.8616  948.6944
2021 04 09 10 42 00    -2.6081106   -0.7237385  948.8568  948.6796
2021 04 09 10 43 00    -2.6095266   -0.7245058  948.8519  948.6869
2021 04 09 10 44 00    -2.6111122   -0.7253080  948.8469  948.7231
2021 04 09 10 45 00    -2.6127274   -0.7261279  948.8421  948.7452
2021 04 09 10 46 00    -2.6142631   -0.7268653  948.8378  948.7398
2021 04 09 10 47 00    -2.6159457   -0.7276404  948.8333  948.7328
2021 04 09 10 48 00    -2.6177499   -0.7285079  948.8284  948.7202
2021 04 09 10 49 00    -2.6195802   -0.7294850  948.8239  948.6970
2021 04 09 10 50 00    -2.6216444   -0.7306659  948.8200  948.6844
2021 04 09 10 51 00    -2.6238962   -0.7319035  948.8157  948.6839
2021 04 09 10 52 00    -2.6261000   -0.7329160  948.8106  948.6871
2021 04 09 10 53 00    -2.6283155   -0.7337716  948.8054  948.6889
2021 04 09 10 54 00    -2.6307099   -0.7348427  948.8010  948.6729
2021 04 09 10 55 00    -2.6332667   -0.7362110  948.7971  948.6471
2021 04 09 10 56 00    -2.6359029   -0.7375908  948.7929  948.6403
2021 04 09 10 57 00    -2.6386789   -0.7389339  948.7881  948.6427
2021 04 09 10 58 00    -2.6415910   -0.7404099  948.7829  948.6296
2021 04 09 10 59 00    -2.6444613   -0.7419580  948.7777  948.6101
2021 04 09 11 00 00    -2.6473155   -0.7434437  948.7734  948.6016
2021 04 09 11 01 00    -2.6502936   -0.7448613  948.7699  948.6001
2021 04 09 11 02 00    -2.6533523   -0.7463085  948.7662  948.5834
2021 04 09 11 03 00    -2.6565136   -0.7479428  948.7619  948.5399
2021 04 09 11 04 00    -2.6598853   -0.7497305  948.7570  948.5068
2021 04 09 11 05 00    -2.6634140   -0.7514687  948.7517  948.5083
2021 04 09 11 06 00    -2.6669898   -0.7531240  948.7464  948.4992
2021 04 09 11 07 00    -2.6705711   -0.7548083  948.7412  948.4686
2021 04 09 11 08 00    -2.6741659   -0.7565676  948.7357  948.4747
2021 04 09 11 09 00    -2.6778374   -0.7584043  948.7306  948.5243
2021 04 09 11 10 00    -2.6816041   -0.7603381  948.7266  948.5614
2021 04 09 11 11 00    -2.6853539   -0.7623107  948.7228  948.5548
2021 04 09 11 12 00    -2.6890265   -0.7642031  948.7173  948.5124
2021 04 09 11 13 00    -2.6928511   -0.7660926  948.7109  948.4688
2021 04 09 11 14 00    -2.6970999   -0.7682272  948.7055  948.4532
2021 04 09 11 15 00    -2.7016057   -0.7706056  948.7013  948.4397
2021 04 09 11 16 00    -2.7060555   -0.7729593  948.6963  948.4054
2021 04 09 11 17 00    -2.7104392   -0.7751614  948.6903  948.3750
2021 04 09 11 18 00    -2.7147812   -0.7772600  948.6842  948.3441
2021 04 09 11 19 00    -2.7191374   -0.7793235  948.6779  948.2934
2021 04 09 11 20 00    -2.7237192   -0.7814956  948.6708  948.2578
2021 04 09 11 21 00    -2.7285341   -0.7839081  948.6637  948.2634
2021 04 09 11 22 00    -2.7333952   -0.7864664  948.6572  948.2690
2021 04 09 11 23 00    -2.7383019   -0.7889793  948.6505  948.2392
2021 04 09 11 24 00    -2.7433420   -0.7914062  948.6429  948.2082
2021 04 09 11 25 00    -2.7483390   -0.7937808  948.6357  948.2116
2021 04 09 11 26 00    -2.7531676   -0.7961925  948.6295  948.2320
2021 04 09 11 27 00    -2.7581235   -0.7987774  948.6237  948.2475
2021 04 09 11 28 00    -2.7634333   -0.8014732  948.6179  948.2512
2021 04 09 11 29 00    -2.7688970   -0.8041524  948.6123  948.2387
2021 04 09 11 30 00    -2.7743084   -0.8069096  948.6061  948.2242
2021 04 09 11 31 00    -2.7797754   -0.8098012  948.5990  948.2191
2021 04 09 11 32 00    -2.7853148   -0.8125935  948.5921  948.2090
2021 04 09 11 33 00    -2.7906673   -0.8151539  948.5861  948.1916
2021 04 09 11 34 00    -2.7959845   -0.8177350  948.5804  948.1843
2021 04 09 11 35 00    -2.8017495   -0.8205649  948.5740  948.1815
2021 04 09 11 36 00    -2.8078169   -0.8235673  948.5671  948.1535
2021 04 09 11 37 00    -2.8137183   -0.8265398  948.5605  948.0980
2021 04 09 11 38 00    -2.8195503   -0.8294483  948.5540  948.0558
2021 04 09 11 39 00    -2.8256508   -0.8325774  948.5470  948.0499
2021 04 09 11 40 00    -2.8319872   -0.8360369  948.5396  948.0577
2021 04 09 11 41 00    -2.8383526   -0.8394071  948.5319  948.0561
2021 04 09 11 42 00    -2.8446759   -0.8424218  948.5246  948.0415
2021 04 09 11 43 00    -2.8509686   -0.8453638  948.5177  948.0198
2021 04 09 11 44 00    -2.8573084   -0.8485027  948.5107  948.0002
2021 04 09 11 45 00    -2.8637331   -0.8517596  948.5033  947.9809
2021 04 09 11 46 00    -2.8701382   -0.8549772  948.4961  947.9568
2021 04 09 11 47 00    -2.8765450   -0.8581845  948.4896  947.9438
2021 04 09 11 48 00    -2.8830783   -0.8614732  948.4828  947.9570
2021 04 09 11 49 00    -2.8897053   -0.8647915  948.4750  947.9798
2021 04 09 11 50 00    -2.8964031   -0.8681276  948.4669  947.9999
2021 04 09 11 51 00    -2.9031792   -0.8715748  948.4598  948.0265
2021 04 09 11 52 00    -2.9099312   -0.8750374  948.4543  948.0401
2021 04 09 11 53 00    -2.9166525   -0.8783846  948.4496  948.0175
2021 04 09 11 54 00    -2.9234884   -0.8817532  948.4441  947.9886
2021 04 09 11 55 00    -2.9305827   -0.8852895  948.4375  947.9901
2021 04 09 11 56 00    -2.9378779   -0.8889305  948.4312  948.0096
2021 04 09 11 57 00    -2.9451020   -0.8925674  948.4254  948.0111
2021 04 09 11 58 00    -2.9522529   -0.8961954  948.4191  947.9907
2021 04 09 11 59 00    -2.9595288   -0.8998792  948.4125  947.9787
2021 04 09 12 00 00    -2.9668468   -0.9035901  948.4065  947.9816
2021 04 09 12 01 00    -2.9742413   -0.9072641  948.4010  947.9770
2021 04 09 12 02 00    -2.9818889   -0.9110090  948.3953  947.9659
2021 04 09 12 03 00    -2.9895432   -0.9148664  948.3896  947.9684
2021 04 09 12 04 00    -2.9970383   -0.9186852  948.3849  947.9878
2021 04 09 12 05 00    -3.0045777   -0.9224863  948.3812  948.0145
2021 04 09 12 06 00    -3.0121680   -0.9263604  948.3774  948.0360
2021 04 09 12 07 00    -3.0198004   -0.9302110  948.3724  948.0294
2021 04 09 12 08 00    -3.0276470   -0.9340462  948.3669  947.9881
2021 04 09 12 09 00    -3.0356238   -0.9379901  948.3617  947.9502
2021 04 09 12 10 00    -3.0435045   -0.9419654  948.3557  947.9405
2021 04 09 12 11 00    -3.0513482   -0.9458912  948.3485  947.9373
2021 04 09 12 12 00    -3.0593600   -0.9498727  948.3415  947.9358
2021 04 09 12 13 00    -3.0675169   -0.9538664  948.3359  947.9434
2021 04 09 12 14 00    -3.0756168   -0.9577219  948.3312  947.9340
2021 04 09 12 15 00    -3.0835955   -0.9615945  948.3259  947.8972
2021 04 09 12 16 00    -3.0915819   -0.9657425  948.3199  947.8709
2021 04 09 12 17 00    -3.0997430   -0.9700955  948.3142  947.8837
2021 04 09 12 18 00    -3.1080851   -0.9743882  948.3092  947.9189
2021 04 09 12 19 00    -3.1164144   -0.9785159  948.3043  947.9490
2021 04 09 12 20 00    -3.1246491   -0.9825777  948.2993  947.9556
2021 04 09 12 21 00    -3.1329672   -0.9867225  948.2945  947.9221
2021 04 09 12 22 00    -3.1414844   -0.9909832  948.2899  947.8678
2021 04 09 12 23 00    -3.1500754   -0.9952865  948.2859  947.8553
2021 04 09 12 24 00    -3.1586066   -0.9996303  948.2822  947.9060
2021 04 09 12 25 00    -3.1671310   -1.0039498  948.2777  947.9671
2021 04 09 12 26 00    -3.1757442   -1.0080798  948.2721  947.9815
2021 04 09 12 27 00    -3.1844028   -1.0121703  948.2664  947.9403
2021 04 09 12 28 00    -3.1930906   -1.0165465  948.2613  947.8867
2021 04 09 12 29 00    -3.2018348   -1.0211360  948.2568  947.8707
2021 04 09 12 30 00    -3.2105255   -1.0256071  948.2526  947.8881
2021 04 09 12 31 00    -3.2191985   -1.0299022  948.2484  947.8968
2021 04 09 12 32 00    -3.2280991   -1.0342861  948.2438  947.8843
2021 04 09 12 33 00    -3.2371871   -1.0388578  948.2384  947.8672
2021 04 09 12 34 00    -3.2461293   -1.0433335  948.2328  947.8572
2021 04 09 12 35 00    -3.2549212   -1.0476778  948.2275  947.8701
2021 04 09 12 36 00    -3.2639502   -1.0522595  948.2229  947.8980
2021 04 09 12 37 00    -3.2732244   -1.0569955  948.2191  947.8923
2021 04 09 12 38 00    -3.2823645   -1.0614859  948.2154  947.8525
2021 04 09 12 39 00    -3.2913815   -1.0658846  948.2113  947.8243
2021 04 09 12 40 00    -3.3004997   -1.0704939  948.2064  947.8100
2021 04 09 12 41 00    -3.3096751   -1.0751978  948.2005  947.8114
2021 04 09 12 42 00    -3.3188299   -1.0798495  948.1948  947.8534
2021 04 09 12 43 00    -3.3280022   -1.0844496  948.1901  947.8825
2021 04 09 12 44 00    -3.3373381   -1.0890660  948.1857  947.8234
2021 04 09 12 45 00    -3.3469260   -1.0938029  948.1806  947.7344
2021 04 09 12 46 00    -3.3565302   -1.0986199  948.1754  947.7050
2021 04 09 12 47 00    -3.3659899   -1.1034267  948.1707  947.7069
2021 04 09 12 48 00    -3.3753801   -1.1081827  948.1656  947.7019
2021 04 09 12 49 00    -3.3846691   -1.1128198  948.1595  947.7051
2021 04 09 12 50 00    -3.3939802   -1.1174281  948.1533  947.7075
2021 04 09 12 51 00    -3.4035038   -1.1221913  948.1480  947.7029
2021 04 09 12 52 00    -3.4130007   -1.1270212  948.1434  947.7180
2021 04 09 12 53 00    -3.4222932   -1.1317349  948.1387  947.7439
2021 04 09 12 54 00    -3.4316476   -1.1363855  948.1338  947.7502
2021 04 09 12 55 00    -3.4412017   -1.1410723  948.1294  947.7536
2021 04 09 12 56 00    -3.4507701   -1.1457864  948.1253  947.7753
2021 04 09 12 57 00    -3.4602666   -1.1506042  948.1211  947.7917
2021 04 09 12 58 00    -3.4698056   -1.1556015  948.1171  947.7822
2021 04 09 12 59 00    -3.4794051   -1.1605674  948.1139  947.7573
2021 04 09 13 00 00    -3.4889536   -1.1652731  948.1106  947.7348
2021 04 09 13 01 00    -3.4984886   -1.1698768  948.1066  947.7219
2021 04 09 13 02 00    -3.5081797   -1.1747177  948.1017  947.7204
2021 04 09 13 03 00    -3.5180104   -1.1798214  948.0962  947.7408
2021 04 09 13 04 00    -3.5277235   -1.1847994  948.0906  947.7671
2021 04 09 13 05 00    -3.5372504   -1.1894506  948.0855  947.7548
2021 04 09 13 06 00    -3.5469046   -1.1941166  948.0806  947.7182
2021 04 09 13 07 00    -3.5567844   -1.1989838  948.0759  947.7113
2021 04 09 13 08 00    -3.5665731   -1.2038236  948.0712  947.7206
2021 04 09 13 09 00    -3.5762302   -1.2086992  948.0663  947.6996
2021 04 09 13 10 00    -3.5860020   -1.2138188  948.0612  947.6596
2021 04 09 13 11 00    -3.5958098   -1.2188702  948.0562  947.6319
2021 04 09 13 12 00    -3.6055075   -1.2235286  948.0516  947.6229
2021 04 09 13 13 00    -3.6152185   -1.2281307  948.0476  947.6393
2021 04 09 13 14 00    -3.6249787   -1.2331417  948.0441  947.6738
2021 04 09 13 15 00    -3.6346988   -1.2383207  948.0406  947.6960
2021 04 09 13 16 00    -3.6444000   -1.2431077  948.0368  947.6986
2021 04 09 13 17 00    -3.6541854   -1.2476814  948.0329  947.6918
2021 04 09 13 18 00    -3.6640455   -1.2525573  948.0283  947.6548
2021 04 09 13 19 00    -3.6738074   -1.2575783  948.0225  947.5781
2021 04 09 13 20 00    -3.6834252   -1.2624121  948.0166  947.5280
2021 04 09 13 21 00    -3.6930977   -1.2672192  948.0115  947.5437
2021 04 09 13 22 00    -3.7029775   -1.2722032  948.0062  947.5524
2021 04 09 13 23 00    -3.7129302   -1.2771817  948.0002  947.5266
2021 04 09 13 24 00    -3.7227727   -1.2819572  947.9945  947.5291
2021 04 09 13 25 00    -3.7325799   -1.2867441  947.9893  947.5469
2021 04 09 13 26 00    -3.7423994   -1.2917832  947.9837  947.5307
2021 04 09 13 27 00    -3.7521614   -1.2969037  947.9778  947.5100
2021 04 09 13 28 00    -3.7619380   -1.3018665  947.9720  947.5045
2021 04 09 13 29 00    -3.7717405   -1.3067065  947.9662  947.4956
2021 04 09 13 30 00    -3.7814719   -1.3115071  947.9607  947.4850
2021 04 09 13 31 00    -3.7911477   -1.3162799  947.9556  947.4661
2021 04 09 13 32 00    -3.8008318   -1.3211511  947.9497  947.4321
2021 04 09 13 33 00    -3.8105945   -1.3261614  947.9427  947.4146
2021 04 09 13 34 00    -3.8204420   -1.3311276  947.9362  947.4361
2021 04 09 13 35 00    -3.8302775   -1.3360164  947.9311  947.4845
2021 04 09 13 36 00    -3.8400292   -1.3408627  947.9267  947.5332
2021 04 09 13 37 00    -3.8496609   -1.3455976  947.9221  947.5364
2021 04 09 13 38 00    -3.8592468   -1.3503832  947.9172  947.4914
2021 04 09 13 39 00    -3.8689065   -1.3553513  947.9123  947.4631
2021 04 09 13 40 00    -3.8785631   -1.3602453  947.9069  947.4572
2021 04 09 13 41 00    -3.8881771   -1.3649934  947.9007  947.4326
2021 04 09 13 42 00    -3.8978861   -1.3698734  947.8944  947.4151
2021 04 09 13 43 00    -3.9076827   -1.3749252  947.8885  947.4306
2021 04 09 13 44 00    -3.9174120   -1.3798488  947.8832  947.4465
2021 04 09 13 45 00    -3.9269692   -1.3844481  947.8786  947.4363
2021 04 09 13 46 00    -3.9363996   -1.3889931  947.8744  947.4003
2021 04 09 13 47 00    -3.9457787   -1.3937828  947.8698  947.3499
2021 04 09 13 48 00    -3.9550801   -1.3985927  947.8638  947.3158
2021 04 09 13 49 00    -3.9644676   -1.4032647  947.8568  947.3116
2021 04 09 13 50 00    -3.9741030   -1.4080158  947.8496  947.2963
2021 04 09 13 51 00    -3.9837517   -1.4128759  947.8423  947.2465
2021 04 09 13 52 00    -3.9932600   -1.4176816  947.8349  947.2000
2021 04 09 13 53 00    -4.0027045   -1.4223451  947.8276  947.1794
2021 04 09 13 54 00    -4.0120376   -1.4269138  947.8204  947.1772
2021 04 09 13 55 00    -4.0212231   -1.4315472  947.8134  947.2036
2021 04 09 13 56 00    -4.0303833   -1.4362978  947.8069  947.2575
2021 04 09 13 57 00    -4.0396505   -1.4410320  947.8010  947.2949
2021 04 09 13 58 00    -4.0488747   -1.4455316  947.7952  947.2800
2021 04 09 13 59 00    -4.0577883   -1.4498308  947.7892  947.2423
2021 04 09 14 00 00    -4.0665946   -1.4542817  947.7837  947.2363
2021 04 09 14 01 00    -4.0755887   -1.4588407  947.7791  947.2455
2021 04 09 14 02 00    -4.0846421   -1.4632475  947.7747  947.2220
2021 04 09 14 03 00    -4.0936460   -1.4677740  947.7690  947.1886
2021 04 09 14 04 00    -4.1027165   -1.4725888  947.7619  947.1745
2021 04 09 14 05 00    -4.1119431   -1.4773421  947.7548  947.1668
2021 04 09 14 06 00    -4.1211105   -1.4818425  947.7486  947.1769
2021 04 09 14 07 00    -4.1299190   -1.4862253  947.7428  947.2054
2021 04 09 14 08 00    -4.1385881   -1.4905998  947.7367  947.2133
2021 04 09 14 09 00    -4.1473720   -1.4948836  947.7300  947.2060
2021 04 09 14 10 00    -4.1560941   -1.4990910  947.7238  947.2172
2021 04 09 14 11 00    -4.1647784   -1.5035067  947.7189  947.2348
2021 04 09 14 12 00    -4.1736300   -1.5081566  947.7146  947.2449
2021 04 09 14 13 00    -4.1824826   -1.5126288  947.7100  947.2679
2021 04 09 14 14 00    -4.1910368   -1.5167055  947.7054  947.2984
2021 04 09 14 15 00    -4.1994019   -1.5207480  947.7010  947.2866
2021 04 09 14 16 00    -4.2079481   -1.5251837  947.6964  947.2333
2021 04 09 14 17 00    -4.2167449   -1.5298498  947.6913  947.2082
2021 04 09 14 18 00    -4.2254663   -1.5342721  947.6862  947.2172
2021 04 09 14 19 00    -4.2338867   -1.5383306  947.6812  947.2066
2021 04 09 14 20 00    -4.2422070   -1.5423003  947.6758  947.1945
2021 04 09 14 21 00    -4.2506439   -1.5464765  947.6697  947.2051
2021 04 09 14 22 00    -4.2590651   -1.5508246  947.6641  947.1924
2021 04 09 14 23 00    -4.2673054   -1.5550955  947.6587  947.1536
2021 04 09 14 24 00    -4.2754398   -1.5592675  947.6525  947.1348
2021 04 09 14 25 00    -4.2835923   -1.5633971  947.6460  947.1275
2021 04 09 14 26 00    -4.2917587   -1.5673785  947.6397  947.1083
2021 04 09 14 27 00    -4.2998393   -1.5712179  947.6332  947.0787
2021 04 09 14 28 00    -4.3077823   -1.5750958  947.6259  947.0527
2021 04 09 14 29 00    -4.3157065   -1.5791821  947.6194  947.0724
2021 04 09 14 30 00    -4.3236548   -1.5834243  947.6150  947.1367
2021 04 09 14 31 00    -4.3313764   -1.5874260  947.6115  947.1768
2021 04 09 14 32 00    -4.3387926   -1.5909893  947.6071  947.1667
2021 04 09 14 33 00    -4.3462207   -1.5945032  947.6017  947.1376
2021 04 09 14 34 00    -4.3537149   -1.5982304  947.5964  947.1094
2021 04 09 14 35 00    -4.3610304   -1.6019817  947.5914  947.0796
2021 04 09 14 36 00    -4.3683802   -1.6056801  947.5859  947.0477
2021 04 09 14 37 00    -4.3760540   -1.6093620  947.5795  947.0174
2021 04 09 14 38 00    -4.3836847   -1.6130285  947.5732  946.9902
2021 04 09 14 39 00    -4.3910237   -1.6168396  947.5675  946.9864
2021 04 09 14 40 00    -4.3983347   -1.6207546  947.5619  947.0328
2021 04 09 14 41 00    -4.4056317   -1.6244281  947.5567  947.0967
2021 04 09 14 42 00    -4.4127437   -1.6278369  947.5522  947.1179
2021 04 09 14 43 00    -4.4197240   -1.6312585  947.5477  947.1060
2021 04 09 14 44 00    -4.4267872   -1.6348285  947.5424  947.0957
2021 04 09 14 45 00    -4.4340338   -1.6384484  947.5371  947.0791
2021 04 09 14 46 00    -4.4412236   -1.6419388  947.5329  947.0500
2021 04 09 14 47 00    -4.4482322   -1.6453961  947.5291  947.0190
2021 04 09 14 48 00    -4.4551825   -1.6489830  947.5238  946.9950
2021 04 09 14 49 00    -4.4619813   -1.6524496  947.5172  946.9763
2021 04 09 14 50 00    -4.4686271   -1.6556578  947.5106  946.9412
2021 04 09 14 51 00    -4.4753840   -1.6589598  947.5042  946.8950
2021 04 09 14 52 00    -4.4822245   -1.6624766  947.4970  946.8691
2021 04 09 14 53 00    -4.4889003   -1.6659096  947.4896  946.8547
2021 04 09 14 54 00    -4.4954952   -1.6691915  947.4832  946.8232
2021 04 09 14 55 00    -4.5022156   -1.6725097  947.4767  946.7815
2021 04 09 14 56 00    -4.5088275   -1.6758399  947.4690  946.7562
2021 04 09 14 57 00    -4.5150403   -1.6789760  947.4611  946.7584
2021 04 09 14 58 00    -4.5210483   -1.6819248  947.4542  946.7734
2021 04 09 14 59 00    -4.5271165   -1.6849392  947.4476  946.7851
2021 04 09 15 00 00    -4.5331539   -1.6880298  947.4410  946.8001
2021 04 09 15 01 00    -4.5389452   -1.6909756  947.4349  946.8206
2021 04 09 15 02 00    -4.5445235   -1.6938161  947.4294  946.8220
2021 04 09 15 03 00    -4.5501409   -1.6966669  947.4238  946.7966
2021 04 09 15 04 00    -4.5558972   -1.6994787  947.4179  946.7739
2021 04 09 15 05 00    -4.5616476   -1.7022487  947.4116  946.7762
2021 04 09 15 06 00    -4.5672813   -1.7050226  947.4051  946.7953
2021 04 09 15 07 00    -4.5728544   -1.7078274  947.3985  946.8156
2021 04 09 15 08 00    -4.5783913   -1.7106510  947.3921  946.8315
2021 04 09 15 09 00    -4.5837825   -1.7133841  947.3865  946.8398
2021 04 09 15 10 00    -4.5890346   -1.7159930  947.3812  946.8329
2021 04 09 15 11 00    -4.5942327   -1.7185542  947.3755  946.8131
2021 04 09 15 12 00    -4.5993259   -1.7210385  947.3696  946.7972
2021 04 09 15 13 00    -4.6043602   -1.7234969  947.3638  946.7955
2021 04 09 15 14 00    -4.6094403   -1.7261040  947.3581  946.8023
2021 04 09 15 15 00    -4.6144203   -1.7287413  947.3524  946.8056
2021 04 09 15 16 00    -4.6191779   -1.7312002  947.3466  946.7925
2021 04 09 15 17 00    -4.6238452   -1.7335610  947.3407  946.7696
2021 04 09 15 18 00    -4.6284931   -1.7359160  947.3352  946.7795
2021 04 09 15 19 00    -4.6330647   -1.7382358  947.3301  946.8339
2021 04 09 15 20 00    -4.6376171   -1.7405103  947.3251  946.8688
2021 04 09 15 21 00    -4.6421864   -1.7427112  947.3201  946.8509
2021 04 09 15 22 00    -4.6465817   -1.7447914  947.3152  946.8304
2021 04 09 15 23 00    -4.6507042   -1.7468010  947.3099  946.8281
2021 04 09 15 24 00    -4.6547742   -1.7488530  947.3040  946.8148
2021 04 09 15 25 00    -4.6588781   -1.7508801  947.2983  946.7965
2021 04 09 15 26 00    -4.6628496   -1.7527886  947.2933  946.7983
2021 04 09 15 27 00    -4.6667633   -1.7547537  947.2884  946.8110
2021 04 09 15 28 00    -4.6707187   -1.7568042  947.2835  946.8313
2021 04 09 15 29 00    -4.6744126   -1.7586483  947.2790  946.8763
2021 04 09 15 30 00    -4.6777551   -1.7603065  947.2754  946.9109
2021 04 09 15 31 00    -4.6812038   -1.7621311  947.2722  946.8843
2021 04 09 15 32 00    -4.6848856   -1.7640842  947.2686  946.8321
2021 04 09 15 33 00    -4.6883805   -1.7658560  947.2645  946.8229
2021 04 09 15 34 00    -4.6916181   -1.7674894  947.2603  946.8476
2021 04 09 15 35 00    -4.6948489   -1.7691246  947.2564  946.8399
2021 04 09 15 36 00    -4.6980404   -1.7706744  947.2528  946.7864
2021 04 09 15 37 00    -4.7011553   -1.7721399  947.2485  946.7452
2021 04 09 15 38 00    -4.7042406   -1.7736564  947.2438  946.7470
2021 04 09 15 39 00    -4.7071982   -1.7752343  947.2391  946.7603
2021 04 09 15 40 00    -4.7101030   -1.7768172  947.2340  946.7599
2021 04 09 15 41 00    -4.7130713   -1.7783519  947.2287  946.7502
2021 04 09 15 42 00    -4.7158740   -1.7797005  947.2234  946.7254
2021 04 09 15 43 00    -4.7183969   -1.7808686  947.2176  946.6757
2021 04 09 15 44 00    -4.7208940   -1.7821202  947.2114  946.6298
2021 04 09 15 45 00    -4.7234725   -1.7835220  947.2055  946.6203
2021 04 09 15 46 00    -4.7259949   -1.7848426  947.2002  946.6277
2021 04 09 15 47 00    -4.7283860   -1.7859824  947.1946  946.6190
2021 04 09 15 48 00    -4.7305895   -1.7869759  947.1882  946.5974
2021 04 09 15 49 00    -4.7325335   -1.7878158  947.1817  946.5886
2021 04 09 15 50 00    -4.7343059   -1.7886244  947.1762  946.6121
2021 04 09 15 51 00    -4.7360856   -1.7895814  947.1718  946.6514
2021 04 09 15 52 00    -4.7378743   -1.7906365  947.1671  946.6555
2021 04 09 15 53 00    -4.7395449   -1.7915595  947.1615  946.6110
2021 04 09 15 54 00    -4.7411231   -1.7922677  947.1555  946.5713
2021 04 09 15 55 00    -4.7427502   -1.7930175  947.1501  946.5713
2021 04 09 15 56 00    -4.7444429   -1.7939475  947.1452  946.5901
2021 04 09 15 57 00    -4.7459882   -1.7947520  947.1400  946.5999
2021 04 09 15 58 00    -4.7471528   -1.7952936  947.1339  946.5975
2021 04 09 15 59 00    -4.7480205   -1.7957822  947.1279  946.5966
2021 04 09 16 00 00    -4.7488615   -1.7962152  947.1231  946.6046
2021 04 09 16 01 00    -4.7498625   -1.7965629  947.1190  946.6216
2021 04 09 16 02 00    -4.7509730   -1.7970725  947.1145  946.6441
2021 04 09 16 03 00    -4.7518110   -1.7976864  947.1097  946.6525
2021 04 09 16 04 00    -4.7522059   -1.7980085  947.1045  946.6418
2021 04 09 16 05 00    -4.7525462   -1.7980791  947.0989  946.6396
2021 04 09 16 06 00    -4.7530613   -1.7982348  947.0933  946.6544
2021 04 09 16 07 00    -4.7534705   -1.7984994  947.0884  946.6698
2021 04 09 16 08 00    -4.7536129   -1.7987037  947.0845  946.6839
2021 04 09 16 09 00    -4.7536723   -1.7986881  947.0810  946.7049
2021 04 09 16 10 00    -4.7536619   -1.7984169  947.0774  946.7334
2021 04 09 16 11 00    -4.7533915   -1.7981360  947.0737  946.7644
2021 04 09 16 12 00    -4.7530415   -1.7980813  947.0704  946.7887
2021 04 09 16 13 00    -4.7529462   -1.7981205  947.0672  946.8024
2021 04 09 16 14 00    -4.7528938   -1.7979913  947.0642  946.8093
2021 04 09 16 15 00    -4.7525535   -1.7977457  947.0611  946.8089
2021 04 09 16 16 00    -4.7520409   -1.7975480  947.0583  946.8106
2021 04 09 16 17 00    -4.7514530   -1.7972952  947.0562  946.8291
2021 04 09 16 18 00    -4.7507053   -1.7968929  947.0539  946.8476
2021 04 09 16 19 00    -4.7498783   -1.7964538  947.0507  946.8446
2021 04 09 16 20 00    -4.7491221   -1.7960921  947.0472  946.8301
2021 04 09 16 21 00    -4.7483613   -1.7957954  947.0439  946.8126
2021 04 09 16 22 00    -4.7474383   -1.7954463  947.0407  946.7831
2021 04 09 16 23 00    -4.7464757   -1.7949673  947.0378  946.7442
2021 04 09 16 24 00    -4.7455937   -1.7944070  947.0350  946.7231
2021 04 09 16 25 00    -4.7446335   -1.7938929  947.0317  946.7299
2021 04 09 16 26 00    -4.7434502   -1.7933565  947.0283  946.7312
2021 04 09 16 27 00    -4.7419516   -1.7925423  947.0251  946.7120
2021 04 09 16 28 00    -4.7402610   -1.7916063  947.0216  946.7003
2021 04 09 16 29 00    -4.7386755   -1.7908881  947.0176  946.7049
2021 04 09 16 30 00    -4.7370593   -1.7902062  947.0133  946.7136
2021 04 09 16 31 00    -4.7351604   -1.7893125  947.0093  946.7254
2021 04 09 16 32 00    -4.7331926   -1.7883320  947.0060  946.7305
2021 04 09 16 33 00    -4.7313380   -1.7873293  947.0026  946.7156
2021 04 09 16 34 00    -4.7293658   -1.7862696  946.9988  946.7015
2021 04 09 16 35 00    -4.7271072   -1.7852476  946.9950  946.7116
2021 04 09 16 36 00    -4.7247043   -1.7841671  946.9917  946.7358
2021 04 09 16 37 00    -4.7222498   -1.7827981  946.9886  946.7614
2021 04 09 16 38 00    -4.7197317   -1.7813214  946.9862  946.7831
2021 04 09 16 39 00    -4.7172270   -1.7800472  946.9840  946.7834
2021 04 09 16 40 00    -4.7147640   -1.7789419  946.9809  946.7551
2021 04 09 16 41 00    -4.7121873   -1.7777899  946.9774  946.7206
2021 04 09 16 42 00    -4.7093298   -1.7763564  946.9742  946.7016
2021 04 09 16 43 00    -4.7063321   -1.7747456  946.9711  946.6948
2021 04 09 16 44 00    -4.7034544   -1.7733812  946.9674  946.6895
2021 04 09 16 45 00    -4.7005694   -1.7721180  946.9631  946.6851
2021 04 09 16 46 00    -4.6974836   -1.7705048  946.9587  946.6839
2021 04 09 16 47 00    -4.6942953   -1.7687621  946.9550  946.6854
2021 04 09 16 48 00    -4.6909570   -1.7671484  946.9520  946.6852
2021 04 09 16 49 00    -4.6873555   -1.7653430  946.9491  946.6814
2021 04 09 16 50 00    -4.6837573   -1.7633361  946.9459  946.6771
2021 04 09 16 51 00    -4.6803906   -1.7615794  946.9425  946.6686
2021 04 09 16 52 00    -4.6769918   -1.7600152  946.9386  946.6617
2021 04 09 16 53 00    -4.6733138   -1.7582230  946.9347  946.6710
2021 04 09 16 54 00    -4.6694945   -1.7562190  946.9313  946.6813
2021 04 09 16 55 00    -4.6655892   -1.7542725  946.9281  946.6742
2021 04 09 16 56 00    -4.6615029   -1.7523959  946.9248  946.6684
2021 04 09 16 57 00    -4.6573374   -1.7503753  946.9218  946.6801
2021 04 09 16 58 00    -4.6531641   -1.7481776  946.9189  946.6950
2021 04 09 16 59 00    -4.6488325   -1.7459714  946.9154  946.6940
2021 04 09 17 00 00    -4.6443269   -1.7437084  946.9115  946.6813
2021 04 09 17 01 00    -4.6398228   -1.7413034  946.9082  946.6757
2021 04 09 17 02 00    -4.6353143   -1.7389712  946.9057  946.6749
2021 04 09 17 03 00    -4.6306349   -1.7368107  946.9028  946.6663
2021 04 09 17 04 00    -4.6257499   -1.7345590  946.8985  946.6620
2021 04 09 17 05 00    -4.6207850   -1.7320982  946.8943  946.6757
2021 04 09 17 06 00    -4.6158338   -1.7295966  946.8913  946.6925
2021 04 09 17 07 00    -4.6108336   -1.7270480  946.8896  946.6968
2021 04 09 17 08 00    -4.6057186   -1.7243799  946.8879  946.6986
2021 04 09 17 09 00    -4.6005018   -1.7217324  946.8852  946.7089
2021 04 09 17 10 00    -4.5951969   -1.7191602  946.8819  946.7207
2021 04 09 17 11 00    -4.5898509   -1.7165615  946.8793  946.7277
2021 04 09 17 12 00    -4.5844273   -1.7138415  946.8774  946.7381
2021 04 09 17 13 00    -4.5787781   -1.7109377  946.8756  946.7606
2021 04 09 17 14 00    -4.5730115   -1.7079707  946.8734  946.7832
2021 04 09 17 15 00    -4.5673875   -1.7051261  946.8715  946.7919
2021 04 09 17 16 00    -4.5617655   -1.7023040  946.8698  946.8001
2021 04 09 17 17 00    -4.5558385   -1.6993469  946.8679  946.8101
2021 04 09 17 18 00    -4.5497625   -1.6963905  946.8654  946.7978
2021 04 09 17 19 00    -4.5439304   -1.6935621  946.8631  946.7656
2021 04 09 17 20 00    -4.5382735   -1.6906958  946.8615  946.7400
2021 04 09 17 21 00    -4.5323724   -1.6876416  946.8596  946.7310
2021 04 09 17 22 00    -4.5261386   -1.6844938  946.8567  946.7322
2021 04 09 17 23 00    -4.5196967   -1.6813118  946.8532  946.7303
2021 04 09 17 24 00    -4.5130895   -1.6780325  946.8497  946.7179
2021 04 09 17 25 00    -4.5065478   -1.6747258  946.8470  946.7074
2021 04 09 17 26 00    -4.5001642   -1.6715039  946.8454  946.7231
2021 04 09 17 27 00    -4.4936033   -1.6682894  946.8436  946.7580
2021 04 09 17 28 00    -4.4867603   -1.6649022  946.8409  946.7683
2021 04 09 17 29 00    -4.4798533   -1.6613327  946.8383  946.7511
2021 04 09 17 30 00    -4.4729638   -1.6578141  946.8358  946.7458
2021 04 09 17 31 00    -4.4660952   -1.6544638  946.8330  946.7504
2021 04 09 17 32 00    -4.4592673   -1.6511308  946.8302  946.7450
2021 04 09 17 33 00    -4.4524196   -1.6477278  946.8281  946.7405
2021 04 09 17 34 00    -4.4453481   -1.6442299  946.8264  946.7467
2021 04 09 17 35 00    -4.4379613   -1.6405455  946.8243  946.7572
2021 04 09 17 36 00    -4.4305200   -1.6367629  946.8217  946.7642
2021 04 09 17 37 00    -4.4231507   -1.6330249  946.8191  946.7639
2021 04 09 17 38 00    -4.4156890   -1.6292483  946.8173  946.7612
2021 04 09 17 39 00    -4.4081540   -1.6254469  946.8153  946.7671
2021 04 09 17 40 00    -4.4005716   -1.6217260  946.8122  946.7861
2021 04 09 17 41 00    -4.3928015   -1.6179165  946.8093  946.8049
2021 04 09 17 42 00    -4.3849029   -1.6139406  946.8074  946.8093
2021 04 09 17 43 00    -4.3770070   -1.6099844  946.8059  946.8129
2021 04 09 17 44 00    -4.3690997   -1.6060379  946.8046  946.8251
2021 04 09 17 45 00    -4.3611389   -1.6019756  946.8030  946.8214
2021 04 09 17 46 00    -4.3530785   -1.5978618  946.8009  946.7978
2021 04 09 17 47 00    -4.3449896   -1.5937971  946.7987  946.7842
2021 04 09 17 48 00    -4.3369370   -1.5897682  946.7964  946.7907
2021 04 09 17 49 00    -4.3287322   -1.5857071  946.7940  946.8085
2021 04 09 17 50 00    -4.3203219   -1.5815304  946.7918  946.8304
2021 04 09 17 51 00    -4.3119263   -1.5772250  946.7904  946.8440
2021 04 09 17 52 00    -4.3035523   -1.5729384  946.7896  946.8457
2021 04 09 17 53 00    -4.2950761   -1.5687427  946.7885  946.8457
2021 04 09 17 54 00    -4.2865160   -1.5644797  946.7868  946.8473
2021 04 09 17 55 00    -4.2778995   -1.5600981  946.7845  946.8473
2021 04 09 17 56 00    -4.2692740   -1.5557375  946.7823  946.8465
2021 04 09 17 57 00    -4.2606143   -1.5514259  946.7805  946.8431
2021 04 09 17 58 00    -4.2518351   -1.5471293  946.7794  946.8382
2021 04 09 17 59 00    -4.2430288   -1.5428498  946.7781  946.8437
2021 04 09 18 00 00    -4.2342093   -1.5384701  946.7763  946.8600
2021 04 09 18 01 00    -4.2252586   -1.5339225  946.7748  946.8712
2021 04 09 18 02 00    -4.2162867   -1.5293879  946.7743  946.8738
2021 04 09 18 03 00    -4.2074069   -1.5249686  946.7737  946.8787
2021 04 09 18 04 00    -4.1984008   -1.5205016  946.7717  946.8859
2021 04 09 18 05 00    -4.1890651   -1.5158972  946.7691  946.8826
2021 04 09 18 06 00    -4.1795675   -1.5112428  946.7674  946.8658
2021 04 09 18 07 00    -4.1701665   -1.5065173  946.7665  946.8535
2021 04 09 18 08 00    -4.1608288   -1.5016755  946.7652  946.8627
2021 04 09 18 09 00    -4.1514074   -1.4968715  946.7635  946.8795
2021 04 09 18 10 00    -4.1419660   -1.4921992  946.7617  946.8823
2021 04 09 18 11 00    -4.1325354   -1.4875171  946.7600  946.8809
2021 04 09 18 12 00    -4.1229227   -1.4827022  946.7585  946.8913
2021 04 09 18 13 00    -4.1131111   -1.4778224  946.7570  946.9041
2021 04 09 18 14 00    -4.1032905   -1.4730028  946.7556  946.9130
2021 04 09 18 15 00    -4.0934902   -1.4681706  946.7550  946.9231
2021 04 09 18 16 00    -4.0836418   -1.4631433  946.7548  946.9297
2021 04 09 18 17 00    -4.0737016   -1.4579903  946.7536  946.9261
2021 04 09 18 18 00    -4.0636452   -1.4529166  946.7514  946.9212
2021 04 09 18 19 00    -4.0536186   -1.4479391  946.7497  946.9257
2021 04 09 18 20 00    -4.0437392   -1.4429999  946.7492  946.9380
2021 04 09 18 21 00    -4.0338129   -1.4380740  946.7489  946.9499
2021 04 09 18 22 00    -4.0237151   -1.4330623  946.7486  946.9520
2021 04 09 18 23 00    -4.0135467   -1.4279055  946.7482  946.9415
2021 04 09 18 24 00    -4.0033232   -1.4227248  946.7471  946.9346
2021 04 09 18 25 00    -3.9930698   -1.4175973  946.7456  946.9463
2021 04 09 18 26 00    -3.9828109   -1.4124518  946.7449  946.9626
2021 04 09 18 27 00    -3.9723750   -1.4072396  946.7449  946.9670
2021 04 09 18 28 00    -3.9617499   -1.4019408  946.7445  946.9642
2021 04 09 18 29 00    -3.9512528   -1.3966194  946.7433  946.9631
2021 04 09 18 30 00    -3.9409911   -1.3914366  946.7414  946.9631
2021 04 09 18 31 00    -3.9307389   -1.3863347  946.7398  946.9575
2021 04 09 18 32 00    -3.9203374   -1.3810978  946.7385  946.9457
2021 04 09 18 33 00    -3.9097568   -1.3757843  946.7374  946.9368
2021 04 09 18 34 00    -3.8991153   -1.3705611  946.7367  946.9352
2021 04 09 18 35 00    -3.8886285   -1.3653393  946.7366  946.9400
2021 04 09 18 36 00    -3.8782034   -1.3599766  946.7366  946.9500
2021 04 09 18 37 00    -3.8674824   -1.3545085  946.7360  946.9573
2021 04 09 18 38 00    -3.8564723   -1.3490517  946.7344  946.9591
2021 04 09 18 39 00    -3.8455906   -1.3436255  946.7321  946.9679
2021 04 09 18 40 00    -3.8349003   -1.3381512  946.7300  946.9934
2021 04 09 18 41 00    -3.8240900   -1.3326626  946.7293  947.0213
2021 04 09 18 42 00    -3.8132031   -1.3272794  946.7298  947.0196
2021 04 09 18 43 00    -3.8023759   -1.3219527  946.7304  946.9818
2021 04 09 18 44 00    -3.7914444   -1.3165567  946.7302  946.9497
2021 04 09 18 45 00    -3.7804136   -1.3110929  946.7290  946.9602
2021 04 09 18 46 00    -3.7693811   -1.3056159  946.7281  947.0007
2021 04 09 18 47 00    -3.7583023   -1.3001555  946.7281  947.0407
2021 04 09 18 48 00    -3.7472531   -1.2946875  946.7287  947.0670
2021 04 09 18 49 00    -3.7362644   -1.2891406  946.7288  947.0778
2021 04 09 18 50 00    -3.7251832   -1.2834898  946.7283  947.0745
2021 04 09 18 51 00    -3.7139203   -1.2777691  946.7283  947.0726
2021 04 09 18 52 00    -3.7025792   -1.2720626  946.7292  947.0918
2021 04 09 18 53 00    -3.6913564   -1.2664513  946.7303  947.1250
2021 04 09 18 54 00    -3.6802031   -1.2608738  946.7312  947.1511
2021 04 09 18 55 00    -3.6689342   -1.2552351  946.7316  947.1611
2021 04 09 18 56 00    -3.6576940   -1.2496225  946.7318  947.1568
2021 04 09 18 57 00    -3.6465631   -1.2440409  946.7325  947.1497
2021 04 09 18 58 00    -3.6352549   -1.2382945  946.7345  947.1514
2021 04 09 18 59 00    -3.6238524   -1.2325266  946.7369  947.1534
2021 04 09 19 00 00    -3.6126424   -1.2269736  946.7384  947.1494
2021 04 09 19 01 00    -3.6013112   -1.2213125  946.7389  947.1549
2021 04 09 19 02 00    -3.5896553   -1.2153837  946.7390  947.1736
2021 04 09 19 03 00    -3.5780848   -1.2096201  946.7395  947.1907
2021 04 09 19 04 00    -3.5666876   -1.2041294  946.7404  947.2062
2021 04 09 19 05 00    -3.5551371   -1.1984993  946.7414  947.2264
2021 04 09 19 06 00    -3.5435067   -1.1925325  946.7428  947.2434
2021 04 09 19 07 00    -3.5320827   -1.1865474  946.7447  947.2543
2021 04 09 19 08 00    -3.5207511   -1.1808559  946.7469  947.2701
2021 04 09 19 09 00    -3.5092802   -1.1752420  946.7494  947.2902
2021 04 09 19 10 00    -3.4977112   -1.1694177  946.7526  947.3020
2021 04 09 19 11 00    -3.4860989   -1.1634861  946.7559  947.3099
2021 04 09 19 12 00    -3.4744217   -1.1576253  946.7578  947.3273
2021 04 09 19 13 00    -3.4627969   -1.1518716  946.7595  947.3474
2021 04 09 19 14 00    -3.4513489   -1.1461544  946.7622  947.3570
2021 04 09 19 15 00    -3.4399688   -1.1403829  946.7654  947.3646
2021 04 09 19 16 00    -3.4284651   -1.1346138  946.7687  947.3821
2021 04 09 19 17 00    -3.4168641   -1.1288938  946.7724  947.3954
2021 04 09 19 18 00    -3.4053331   -1.1230876  946.7760  947.3882
2021 04 09 19 19 00    -3.3939095   -1.1172280  946.7786  947.3775
2021 04 09 19 20 00    -3.3824840   -1.1115009  946.7804  947.3857
2021 04 09 19 21 00    -3.3709795   -1.1058175  946.7821  947.4015
2021 04 09 19 22 00    -3.3594409   -1.1000464  946.7843  947.4060
2021 04 09 19 23 00    -3.3478958   -1.0943066  946.7870  947.3982
2021 04 09 19 24 00    -3.3363741   -1.0886624  946.7896  947.3861
2021 04 09 19 25 00    -3.3249958   -1.0829650  946.7924  947.3783
2021 04 09 19 26 00    -3.3137303   -1.0771481  946.7954  947.3782
2021 04 09 19 27 00    -3.3023634   -1.0713719  946.7975  947.3827
2021 04 09 19 28 00    -3.2908593   -1.0657530  946.7983  947.3903
2021 04 09 19 29 00    -3.2793653   -1.0601764  946.7996  947.4017
2021 04 09 19 30 00    -3.2678738   -1.0544268  946.8019  947.4101
2021 04 09 19 31 00    -3.2563620   -1.0485179  946.8041  947.4083
2021 04 09 19 32 00    -3.2449705   -1.0427202  946.8058  947.4073
2021 04 09 19 33 00    -3.2336697   -1.0370745  946.8075  947.4137
2021 04 09 19 34 00    -3.2223324   -1.0313935  946.8096  947.4182
2021 04 09 19 35 00    -3.2109938   -1.0257083  946.8117  947.4259
2021 04 09 19 36 00    -3.1996497   -1.0201179  946.8134  947.4424
2021 04 09 19 37 00    -3.1883168   -1.0145679  946.8153  947.4503
2021 04 09 19 38 00    -3.1770718   -1.0089918  946.8183  947.4467
2021 04 09 19 39 00    -3.1657343   -1.0033038  946.8221  947.4510
2021 04 09 19 40 00    -3.1541868   -0.9974797  946.8251  947.4624
2021 04 09 19 41 00    -3.1427337   -0.9916659  946.8264  947.4675
2021 04 09 19 42 00    -3.1315059   -0.9859676  946.8268  947.4679
2021 04 09 19 43 00    -3.1202966   -0.9803777  946.8277  947.4620
2021 04 09 19 44 00    -3.1091595   -0.9748670  946.8296  947.4448
2021 04 09 19 45 00    -3.0981946   -0.9693483  946.8317  947.4307
2021 04 09 19 46 00    -3.0871588   -0.9637378  946.8330  947.4379
2021 04 09 19 47 00    -3.0759445   -0.9580825  946.8337  947.4533
2021 04 09 19 48 00    -3.0647475   -0.9524683  946.8345  947.4453
2021 04 09 19 49 00    -3.0536492   -0.9468855  946.8354  947.4170
2021 04 09 19 50 00    -3.0425626   -0.9413266  946.8358  947.4004
2021 04 09 19 51 00    -3.0314336   -0.9358675  946.8360  947.4119
2021 04 09 19 52 00    -3.0203505   -0.9304676  946.8367  947.4409
2021 04 09 19 53 00    -3.0094549   -0.9249153  946.8382  947.4634
2021 04 09 19 54 00    -2.9986241   -0.9192571  946.8400  947.4672
2021 04 09 19 55 00    -2.9876134   -0.9137946  946.8416  947.4541
2021 04 09 19 56 00    -2.9765727   -0.9085126  946.8430  947.4310
2021 04 09 19 57 00    -2.9657789   -0.9031928  946.8440  947.4124
2021 04 09 19 58 00    -2.9550820   -0.8977771  946.8443  947.4087
2021 04 09 19 59 00    -2.9442460   -0.8922436  946.8437  947.4150
2021 04 09 20 00 00    -2.9333838   -0.8866921  946.8431  947.4136
2021 04 09 20 01 00    -2.9227785   -0.8813599  946.8429  947.3856
2021 04 09 20 02 00    -2.9124568   -0.8761613  946.8425  947.3343
2021 04 09 20 03 00    -2.9020457   -0.8708275  946.8411  947.2932
2021 04 09 20 04 00    -2.8913938   -0.8654608  946.8384  947.2846
2021 04 09 20 05 00    -2.8808100   -0.8602679  946.8355  947.2741
2021 04 09 20 06 00    -2.8704587   -0.8551940  946.8325  947.2263
2021 04 09 20 07 00    -2.8602328   -0.8501058  946.8291  947.1815
2021 04 09 20 08 00    -2.8499243   -0.8449057  946.8257  947.1886
2021 04 09 20 09 00    -2.8393898   -0.8396029  946.8226  947.2232
2021 04 09 20 10 00    -2.8288155   -0.8343171  946.8196  947.2335
2021 04 09 20 11 00    -2.8184451   -0.8290934  946.8168  947.1958
2021 04 09 20 12 00    -2.8082809   -0.8239309  946.8136  947.1345
2021 04 09 20 13 00    -2.7982237   -0.8188383  946.8093  947.0977
2021 04 09 20 14 00    -2.7881097   -0.8137698  946.8049  947.0863
2021 04 09 20 15 00    -2.7778299   -0.8086700  946.8013  947.0701
2021 04 09 20 16 00    -2.7675295   -0.8035379  946.7979  947.0624
2021 04 09 20 17 00    -2.7573753   -0.7984362  946.7942  947.0849
2021 04 09 20 18 00    -2.7473245   -0.7934360  946.7906  947.1037
2021 04 09 20 19 00    -2.7373436   -0.7885646  946.7874  947.0794
2021 04 09 20 20 00    -2.7275242   -0.7837718  946.7837  947.0377
2021 04 09 20 21 00    -2.7178052   -0.7789376  946.7792  947.0183
2021 04 09 20 22 00    -2.7079940   -0.7740212  946.7746  947.0093
2021 04 09 20 23 00    -2.6981545   -0.7691002  946.7705  946.9956
2021 04 09 20 24 00    -2.6884189   -0.7642370  946.7664  946.9900
2021 04 09 20 25 00    -2.6787001   -0.7593716  946.7620  946.9871
2021 04 09 20 26 00    -2.6689764   -0.7543949  946.7573  946.9682
2021 04 09 20 27 00    -2.6593583   -0.7494042  946.7528  946.9469
2021 04 09 20 28 00    -2.6498628   -0.7445906  946.7484  946.9537
2021 04 09 20 29 00    -2.6403599   -0.7399131  946.7438  946.9789
2021 04 09 20 30 00    -2.6307843   -0.7352363  946.7394  946.9835
2021 04 09 20 31 00    -2.6213354   -0.7305378  946.7355  946.9636
2021 04 09 20 32 00    -2.6121100   -0.7258487  946.7313  946.9465
2021 04 09 20 33 00    -2.6028620   -0.7211713  946.7268  946.9424
2021 04 09 20 34 00    -2.5935056   -0.7164916  946.7222  946.9405
2021 04 09 20 35 00    -2.5842305   -0.7118509  946.7180  946.9326
2021 04 09 20 36 00    -2.5750977   -0.7073023  946.7141  946.9187
2021 04 09 20 37 00    -2.5660736   -0.7028313  946.7099  946.9015
2021 04 09 20 38 00    -2.5572042   -0.6983915  946.7056  946.8879
2021 04 09 20 39 00    -2.5484697   -0.6939761  946.7014  946.8815
2021 04 09 20 40 00    -2.5396262   -0.6895812  946.6969  946.8777
2021 04 09 20 41 00    -2.5305069   -0.6851047  946.6916  946.8731
2021 04 09 20 42 00    -2.5214672   -0.6805670  946.6859  946.8672
2021 04 09 20 43 00    -2.5128631   -0.6762163  946.6804  946.8568
2021 04 09 20 44 00    -2.5043539   -0.6720384  946.6761  946.8474
2021 04 09 20 45 00    -2.4955494   -0.6677342  946.6724  946.8518
2021 04 09 20 46 00    -2.4866809   -0.6632839  946.6685  946.8654
2021 04 09 20 47 00    -2.4781291   -0.6589167  946.6641  946.8688
2021 04 09 20 48 00    -2.4698601   -0.6546759  946.6595  946.8602
2021 04 09 20 49 00    -2.4615526   -0.6504704  946.6551  946.8542
2021 04 09 20 50 00    -2.4531300   -0.6462752  946.6513  946.8586
2021 04 09 20 51 00    -2.4448131   -0.6420571  946.6478  946.8644
2021 04 09 20 52 00    -2.4366609   -0.6378991  946.6437  946.8582
2021 04 09 20 53 00    -2.4285453   -0.6339433  946.6392  946.8441
2021 04 09 20 54 00    -2.4204880   -0.6300057  946.6349  946.8360
2021 04 09 20 55 00    -2.4126108   -0.6259196  946.6305  946.8369
2021 04 09 20 56 00    -2.4048097   -0.6218830  946.6263  946.8397
2021 04 09 20 57 00    -2.3969167   -0.6179887  946.6227  946.8350
2021 04 09 20 58 00    -2.3891002   -0.6141560  946.6194  946.8235
2021 04 09 20 59 00    -2.3814480   -0.6103451  946.6158  946.8190
2021 04 09 21 00 00    -2.3737304   -0.6065071  946.6118  946.8242
2021 04 09 21 01 00    -2.3660532   -0.6027232  946.6071  946.8230
2021 04 09 21 02 00    -2.3587120   -0.5990561  946.6025  946.8115
2021 04 09 21 03 00    -2.3515701   -0.5953864  946.5987  946.8042
2021 04 09 21 04 00    -2.3442801   -0.5916792  946.5955  946.8102
2021 04 09 21 05 00    -2.3367503   -0.5879538  946.5918  946.8268
2021 04 09 21 06 00    -2.3293588   -0.5843348  946.5882  946.8398
2021 04 09 21 07 00    -2.3224340   -0.5810055  946.5852  946.8332
2021 04 09 21 08 00    -2.3156291   -0.5776773  946.5823  946.8079
2021 04 09 21 09 00    -2.3086379   -0.5739951  946.5785  946.7800
2021 04 09 21 10 00    -2.3017150   -0.5702547  946.5737  946.7652
2021 04 09 21 11 00    -2.2949951   -0.5668591  946.5687  946.7637
2021 04 09 21 12 00    -2.2882926   -0.5637288  946.5647  946.7613
2021 04 09 21 13 00    -2.2815528   -0.5605909  946.5611  946.7514
2021 04 09 21 14 00    -2.2749484   -0.5573114  946.5566  946.7443
2021 04 09 21 15 00    -2.2685864   -0.5539375  946.5518  946.7498
2021 04 09 21 16 00    -2.2624200   -0.5506475  946.5478  946.7643
2021 04 09 21 17 00    -2.2563597   -0.5475257  946.5443  946.7758
2021 04 09 21 18 00    -2.2501948   -0.5444612  946.5409  946.7727
2021 04 09 21 19 00    -2.2438065   -0.5414078  946.5377  946.7555
2021 04 09 21 20 00    -2.2374931   -0.5384553  946.5346  946.7395
2021 04 09 21 21 00    -2.2315227   -0.5355589  946.5309  946.7383
2021 04 09 21 22 00    -2.2258005   -0.5325860  946.5266  946.7462
2021 04 09 21 23 00    -2.2201929   -0.5296387  946.5224  946.7416
2021 04 09 21 24 00    -2.2146314   -0.5268718  946.5185  946.7174
2021 04 09 21 25 00    -2.2090872   -0.5241690  946.5147  946.6961
2021 04 09 21 26 00    -2.2035241   -0.5213584  946.5109  946.6936
2021 04 09 21 27 00    -2.1979039   -0.5185099  946.5073  946.6972
2021 04 09 21 28 00    -2.1923743   -0.5157877  946.5034  946.6947
2021 04 09 21 29 00    -2.1870996   -0.5131825  946.4993  946.6877
2021 04 09 21 30 00    -2.1821093   -0.5106378  946.4952  946.6722
2021 04 09 21 31 00    -2.1773372   -0.5081903  946.4906  946.6442
2021 04 09 21 32 00    -2.1725770   -0.5058339  946.4852  946.6152
2021 04 09 21 33 00    -2.1677426   -0.5034724  946.4800  946.5961
2021 04 09 21 34 00    -2.1629373   -0.5010437  946.4753  946.5835
2021 04 09 21 35 00    -2.1581740   -0.4986150  946.4707  946.5745
2021 04 09 21 36 00    -2.1533900   -0.4962108  946.4660  946.5733
2021 04 09 21 37 00    -2.1486675   -0.4938121  946.4615  946.5809
2021 04 09 21 38 00    -2.1442227   -0.4915598  946.4569  946.5930
2021 04 09 21 39 00    -2.1399756   -0.4894494  946.4520  946.6029
2021 04 09 21 40 00    -2.1356215   -0.4872898  946.4474  946.6067
2021 04 09 21 41 00    -2.1312915   -0.4851515  946.4435  946.6028
2021 04 09 21 42 00    -2.1272091   -0.4831418  946.4397  946.5927
2021 04 09 21 43 00    -2.1231735   -0.4811049  946.4355  946.5860
2021 04 09 21 44 00    -2.1191495   -0.4790041  946.4311  946.5892
2021 04 09 21 45 00    -2.1153460   -0.4770324  946.4266  946.5917
2021 04 09 21 46 00    -2.1116679   -0.4752182  946.4222  946.5872
2021 04 09 21 47 00    -2.1079665   -0.4733885  946.4181  946.5867
2021 04 09 21 48 00    -2.1043410   -0.4715153  946.4147  946.5945
2021 04 09 21 49 00    -2.1008007   -0.4697170  946.4115  946.5983
2021 04 09 21 50 00    -2.0973036   -0.4680681  946.4079  946.5908
2021 04 09 21 51 00    -2.0940553   -0.4666257  946.4036  946.5806
2021 04 09 21 52 00    -2.0910370   -0.4652859  946.3994  946.5769
2021 04 09 21 53 00    -2.0878915   -0.4637768  946.3956  946.5800
2021 04 09 21 54 00    -2.0846753   -0.4620974  946.3921  946.5880
2021 04 09 21 55 00    -2.0817492   -0.4605133  946.3887  946.5881
2021 04 09 21 56 00    -2.0791493   -0.4591044  946.3849  946.5641
2021 04 09 21 57 00    -2.0766432   -0.4577184  946.3809  946.5322
2021 04 09 21 58 00    -2.0740679   -0.4563377  946.3771  946.5201
2021 04 09 21 59 00    -2.0715064   -0.4551379  946.3738  946.5224
2021 04 09 22 00 00    -2.0690965   -0.4541172  946.3703  946.5194
2021 04 09 22 01 00    -2.0667819   -0.4530244  946.3664  946.5052
2021 04 09 22 02 00    -2.0644763   -0.4517266  946.3619  946.4905
2021 04 09 22 03 00    -2.0623076   -0.4505066  946.3573  946.4841
2021 04 09 22 04 00    -2.0604422   -0.4497015  946.3534  946.4777
2021 04 09 22 05 00    -2.0587128   -0.4490257  946.3500  946.4680
2021 04 09 22 06 00    -2.0568488   -0.4479906  946.3460  946.4555
2021 04 09 22 07 00    -2.0550033   -0.4468089  946.3411  946.4305
2021 04 09 22 08 00    -2.0534303   -0.4459690  946.3358  946.4095
2021 04 09 22 09 00    -2.0519769   -0.4454071  946.3308  946.4209
2021 04 09 22 10 00    -2.0505065   -0.4448476  946.3270  946.4428
2021 04 09 22 11 00    -2.0491309   -0.4442450  946.3241  946.4452
2021 04 09 22 12 00    -2.0478261   -0.4435269  946.3212  946.4509
2021 04 09 22 13 00    -2.0464821   -0.4426528  946.3177  946.4811
2021 04 09 22 14 00    -2.0451638   -0.4418603  946.3145  946.5024
2021 04 09 22 15 00    -2.0440475   -0.4413991  946.3120  946.4854
2021 04 09 22 16 00    -2.0431919   -0.4411581  946.3092  946.4661
2021 04 09 22 17 00    -2.0425523   -0.4408813  946.3056  946.4796
2021 04 09 22 18 00    -2.0420585   -0.4405957  946.3020  946.4880
2021 04 09 22 19 00    -2.0415830   -0.4403687  946.2992  946.4625
2021 04 09 22 20 00    -2.0411372   -0.4401472  946.2958  946.4371
2021 04 09 22 21 00    -2.0407940   -0.4399895  946.2916  946.4334
2021 04 09 22 22 00    -2.0405562   -0.4398833  946.2880  946.4292
2021 04 09 22 23 00    -2.0404981   -0.4397614  946.2853  946.4067
2021 04 09 22 24 00    -2.0404730   -0.4397320  946.2821  946.3899
2021 04 09 22 25 00    -2.0402701   -0.4398019  946.2781  946.4053
2021 04 09 22 26 00    -2.0401749   -0.4397976  946.2745  946.4298
2021 04 09 22 27 00    -2.0404025   -0.4396938  946.2717  946.4456
2021 04 09 22 28 00    -2.0406586   -0.4396782  946.2693  946.4729
2021 04 09 22 29 00    -2.0408422   -0.4398651  946.2674  946.5016
2021 04 09 22 30 00    -2.0411952   -0.4400947  946.2659  946.4956
2021 04 09 22 31 00    -2.0417548   -0.4402792  946.2641  946.4707
2021 04 09 22 32 00    -2.0424263   -0.4406236  946.2616  946.4731
2021 04 09 22 33 00    -2.0432304   -0.4411686  946.2588  946.4986
2021 04 09 22 34 00    -2.0441167   -0.4416632  946.2568  946.5086
2021 04 09 22 35 00    -2.0450563   -0.4420698  946.2551  946.4954
2021 04 09 22 36 00    -2.0462091   -0.4426451  946.2536  946.4845
2021 04 09 22 37 00    -2.0475409   -0.4434141  946.2526  946.4867
2021 04 09 22 38 00    -2.0488613   -0.4441094  946.2512  946.4836
2021 04 09 22 39 00    -2.0503526   -0.4447434  946.2489  946.4645
2021 04 09 22 40 00    -2.0522011   -0.4455977  946.2467  946.4246
2021 04 09 22 41 00    -2.0541414   -0.4466823  946.2439  946.3508
2021 04 09 22 42 00    -2.0560216   -0.4477681  946.2388  946.2805
2021 04 09 22 43 00    -2.0579652   -0.4487199  946.2331  946.2897
2021 04 09 22 44 00    -2.0599004   -0.4495622  946.2297  946.3688
2021 04 09 22 45 00    -2.0618205   -0.4504593  946.2278  946.4241
2021 04 09 22 46 00    -2.0640139   -0.4515678  946.2256  946.4146
2021 04 09 22 47 00    -2.0664546   -0.4528296  946.2225  946.3852
2021 04 09 22 48 00    -2.0688528   -0.4540532  946.2186  946.3723
2021 04 09 22 49 00    -2.0712282   -0.4551397  946.2148  946.3704
2021 04 09 22 50 00    -2.0737454   -0.4562572  946.2123  946.3658
2021 04 09 22 51 00    -2.0765066   -0.4576839  946.2103  946.3457
2021 04 09 22 52 00    -2.0794223   -0.4593053  946.2072  946.3198
2021 04 09 22 53 00    -2.0822896   -0.4608373  946.2032  946.3140
2021 04 09 22 54 00    -2.0851981   -0.4623269  946.1992  946.3182
2021 04 09 22 55 00    -2.0882826   -0.4638601  946.1950  946.3016
2021 04 09 22 56 00    -2.0914955   -0.4653946  946.1909  946.2605
2021 04 09 22 57 00    -2.0949028   -0.4669839  946.1868  946.2158
2021 04 09 22 58 00    -2.0985219   -0.4687430  946.1824  946.1834
2021 04 09 22 59 00    -2.1021833   -0.4706666  946.1776  946.1627
2021 04 09 23 00 00    -2.1058409   -0.4726109  946.1726  946.1561
2021 04 09 23 01 00    -2.1095238   -0.4744626  946.1677  946.1677
2021 04 09 23 02 00    -2.1132808   -0.4762985  946.1633  946.1821
2021 04 09 23 03 00    -2.1171995   -0.4782504  946.1594  946.1830
2021 04 09 23 04 00    -2.1211299   -0.4802004  946.1549  946.1735
2021 04 09 23 05 00    -2.1249932   -0.4820294  946.1494  946.1616
2021 04 09 23 06 00    -2.1290895   -0.4840139  946.1442  946.1495
2021 04 09 23 07 00    -2.1335204   -0.4863346  946.1397  946.1380
2021 04 09 23 08 00    -2.1380088   -0.4886826  946.1352  946.1312
2021 04 09 23 09 00    -2.1423553   -0.4908218  946.1308  946.1377
2021 04 09 23 10 00    -2.1466544   -0.4929030  946.1269  946.1544
2021 04 09 23 11 00    -2.1510871   -0.4950977  946.1229  946.1633
2021 04 09 23 12 00    -2.1556058   -0.4973881  946.1187  946.1658
2021 04 09 23 13 00    -2.1600895   -0.4996587  946.1145  946.1824
2021 04 09 23 14 00    -2.1646618   -0.5019023  946.1106  946.2111
2021 04 09 23 15 00    -2.1695609   -0.5043220  946.1080  946.2284
2021 04 09 23 16 00    -2.1747305   -0.5069731  946.1064  946.2282
2021 04 09 23 17 00    -2.1798159   -0.5095746  946.1045  946.2292
2021 04 09 23 18 00    -2.1847561   -0.5119950  946.1018  946.2394
2021 04 09 23 19 00    -2.1898867   -0.5144825  946.0991  946.2451
2021 04 09 23 20 00    -2.1953192   -0.5172376  946.0970  946.2340
2021 04 09 23 21 00    -2.2008039   -0.5201191  946.0950  946.2206
2021 04 09 23 22 00    -2.2062865   -0.5229482  946.0929  946.2320
2021 04 09 23 23 00    -2.2120281   -0.5257683  946.0912  946.2508
2021 04 09 23 24 00    -2.2180046   -0.5285743  946.0898  946.2438
2021 04 09 23 25 00    -2.2238797   -0.5313348  946.0882  946.2342
2021 04 09 23 26 00    -2.2296389   -0.5342645  946.0860  946.2511
2021 04 09 23 27 00    -2.2355523   -0.5374516  946.0833  946.2734
2021 04 09 23 28 00    -2.2416561   -0.5406400  946.0808  946.2807
2021 04 09 23 29 00    -2.2477264   -0.5436766  946.0792  946.2934
2021 04 09 23 30 00    -2.2537215   -0.5466530  946.0788  946.3256
2021 04 09 23 31 00    -2.2599454   -0.5497092  946.0788  946.3425
2021 04 09 23 32 00    -2.2664995   -0.5529298  946.0779  946.3231
2021 04 09 23 33 00    -2.2730965   -0.5562445  946.0761  946.3018
2021 04 09 23 34 00    -2.2796676   -0.5595630  946.0743  946.2948
2021 04 09 23 35 00    -2.2863896   -0.5629542  946.0732  946.2872
2021 04 09 23 36 00    -2.2932669   -0.5664568  946.0724  946.2861
2021 04 09 23 37 00    -2.3002742   -0.5700028  946.0714  946.2925
2021 04 09 23 38 00    -2.3074913   -0.5735597  946.0701  946.2943
2021 04 09 23 39 00    -2.3147859   -0.5771142  946.0688  946.3057
2021 04 09 23 40 00    -2.3218937   -0.5806620  946.0674  946.3185
2021 04 09 23 41 00    -2.3289577   -0.5842590  946.0658  946.2899
2021 04 09 23 42 00    -2.3362783   -0.5879814  946.0640  946.2472
2021 04 09 23 43 00    -2.3437447   -0.5917979  946.0623  946.2522
2021 04 09 23 44 00    -2.3511806   -0.5955192  946.0604  946.2778
2021 04 09 23 45 00    -2.3586698   -0.5991020  946.0583  946.2790
2021 04 09 23 46 00    -2.3663090   -0.6028330  946.0562  946.2719
2021 04 09 23 47 00    -2.3740349   -0.6067930  946.0546  946.2677
2021 04 09 23 48 00    -2.3817252   -0.6106725  946.0538  946.2662
2021 04 09 23 49 00    -2.3893984   -0.6144224  946.0537  946.2820
2021 04 09 23 50 00    -2.3971864   -0.6182819  946.0534  946.3022
2021 04 09 23 51 00    -2.4051547   -0.6222738  946.0525  946.2901
2021 04 09 23 52 00    -2.4132198   -0.6263196  946.0503  946.2596
2021 04 09 23 53 00    -2.4213072   -0.6304618  946.0475  946.2651
2021 04 09 23 54 00    -2.4295490   -0.6346953  946.0458  946.2975
2021 04 09 23 55 00    -2.4380046   -0.6389102  946.0456  946.3021
2021 04 09 23 56 00    -2.4464706   -0.6430678  946.0452  946.2825
2021 04 09 23 57 00    -2.4549659   -0.6473003  946.0439  946.2736
2021 04 09 23 58 00    -2.4636910   -0.6516744  946.0422  946.2781
2021 04 09 23 59 00    -2.4725034   -0.6560305  946.0402  946.2940
