[TSF-file]     v01.0

[TIMEFORMAT]   DATETIME
[INCREMENT]    60
[CHANNELS]
    BF:SG056:G1-F60 
    BF:SG056:G2-F60 
    BF:SG056:Br1-F60
    BF:SG056:Br2-F60
[UNITS]
    Volt
    Volt
    mbar
    mbar
[UNDETVAL]                      9999.999
[PHASE_LAG_1_DEG_CPD]           0.0402
[PHASE_LAG_1_DEG_CPD_ERROR]     0.0002
[N_LATITUDE_DEG]                48.3294
[N_LATITUDE_DEG_ERROR]          0.0001
[E_LONGITUDE_DEG]               008.3284
[E_LONGITUDE_DEG_ERROR]         0.0001
[HEIGHT_M_1]                    589.20
[HEIGHT_M_1_ERROR]              0.01
[GRAVITY_CAL_1_UGAL_V]          -40.1100
[GRAVITY_CAL_1_UGAL_V_ERROR]    0.0300
[PRESSURE_CAL_MBAR_V]           1.0000
[PRESSURE_CAL_MBAR_V_ERROR]     0.0001
[AUTHOR]                        Thomas Forbriger@kit.edu
[PHASE_LAG_2_DEG_CPD]           0.0402
[PHASE_LAG_2_DEG_CPD_ERROR]     0.0002
[HEIGHT_M_2]                    589.40
[HEIGHT_M_2_ERROR]              0.01
[GRAVITY_CAL_2_UGAL_V]          -80.0699
[GRAVITY_CAL_2_UGAL_V_ERROR]    0.0600
[PRESSURE_ADMIT_HPA_NMS2]       -3.4000
[PRESSURE_MEAN_HPA]             0980.0
[COMMENT]                           
software upgrade and FitPC2 replacement on 29. July 2019



Date           Time     G1-F60        G2-F60        Br1-F60       Br2-F60      
[DATA]
2021 04 10 00 00 00    -2.4812527   -0.6603530  946.0384  946.3020
2021 04 10 00 01 00    -2.4900817   -0.6648339  946.0374  946.2694
2021 04 10 00 02 00    -2.4990880   -0.6694439  946.0363  946.2290
2021 04 10 00 03 00    -2.5081864   -0.6740344  946.0341  946.2357
2021 04 10 00 04 00    -2.5172198   -0.6786225  946.0320  946.2752
2021 04 10 00 05 00    -2.5261530   -0.6831639  946.0310  946.2972
2021 04 10 00 06 00    -2.5351294   -0.6875615  946.0304  946.2921
2021 04 10 00 07 00    -2.5442014   -0.6919448  946.0294  946.2992
2021 04 10 00 08 00    -2.5532433   -0.6964329  946.0282  946.3194
2021 04 10 00 09 00    -2.5622794   -0.7009953  946.0270  946.3082
2021 04 10 00 10 00    -2.5715430   -0.7056815  946.0253  946.2836
2021 04 10 00 11 00    -2.5810576   -0.7105086  946.0229  946.2749
2021 04 10 00 12 00    -2.5905622   -0.7153554  946.0210  946.2551
2021 04 10 00 13 00    -2.6000114   -0.7201587  946.0197  946.2402
2021 04 10 00 14 00    -2.6096973   -0.7249783  946.0186  946.2659
2021 04 10 00 15 00    -2.6197554   -0.7299168  946.0174  946.2951
2021 04 10 00 16 00    -2.6299284   -0.7349540  946.0165  946.2912
2021 04 10 00 17 00    -2.6398480   -0.7398881  946.0152  946.2772
2021 04 10 00 18 00    -2.6495447   -0.7447095  946.0135  946.2810
2021 04 10 00 19 00    -2.6594691   -0.7496988  946.0127  946.2831
2021 04 10 00 20 00    -2.6697154   -0.7548928  946.0128  946.2564
2021 04 10 00 21 00    -2.6798612   -0.7600117  946.0119  946.2429
2021 04 10 00 22 00    -2.6898390   -0.7649878  946.0101  946.2676
2021 04 10 00 23 00    -2.7000371   -0.7700817  946.0085  946.2606
2021 04 10 00 24 00    -2.7104981   -0.7754276  946.0067  946.2097
2021 04 10 00 25 00    -2.7209711   -0.7807780  946.0040  946.1949
2021 04 10 00 26 00    -2.7315022   -0.7859441  946.0010  946.2164
2021 04 10 00 27 00    -2.7421720   -0.7911370  945.9984  946.2151
2021 04 10 00 28 00    -2.7528302   -0.7965447  945.9962  946.1999
2021 04 10 00 29 00    -2.7635448   -0.8020448  945.9942  946.2016
2021 04 10 00 30 00    -2.7743803   -0.8074178  945.9925  946.2048
2021 04 10 00 31 00    -2.7850222   -0.8126122  945.9903  946.1877
2021 04 10 00 32 00    -2.7955402   -0.8178785  945.9874  946.1668
2021 04 10 00 33 00    -2.8064177   -0.8234068  945.9841  946.1645
2021 04 10 00 34 00    -2.8175699   -0.8289973  945.9807  946.1797
2021 04 10 00 35 00    -2.8285694   -0.8344355  945.9777  946.1989
2021 04 10 00 36 00    -2.8393716   -0.8397675  945.9757  946.1903
2021 04 10 00 37 00    -2.8502008   -0.8451718  945.9736  946.1539
2021 04 10 00 38 00    -2.8613020   -0.8508383  945.9706  946.1324
2021 04 10 00 39 00    -2.8726441   -0.8566956  945.9675  946.1267
2021 04 10 00 40 00    -2.8838928   -0.8624431  945.9648  946.1304
2021 04 10 00 41 00    -2.8949984   -0.8679992  945.9627  946.1598
2021 04 10 00 42 00    -2.9062031   -0.8734897  945.9613  946.1771
2021 04 10 00 43 00    -2.9175830   -0.8790392  945.9597  946.1516
2021 04 10 00 44 00    -2.9290582   -0.8847416  945.9574  946.1285
2021 04 10 00 45 00    -2.9405230   -0.8905429  945.9549  946.1223
2021 04 10 00 46 00    -2.9519558   -0.8963061  945.9519  946.1064
2021 04 10 00 47 00    -2.9634572   -0.9020406  945.9480  946.1010
2021 04 10 00 48 00    -2.9749921   -0.9078243  945.9444  946.1144
2021 04 10 00 49 00    -2.9864098   -0.9135932  945.9413  946.1005
2021 04 10 00 50 00    -2.9978623   -0.9192658  945.9378  946.0625
2021 04 10 00 51 00    -3.0096091   -0.9249784  945.9337  946.0535
2021 04 10 00 52 00    -3.0214857   -0.9308709  945.9300  946.0669
2021 04 10 00 53 00    -3.0332226   -0.9368261  945.9269  946.0642
2021 04 10 00 54 00    -3.0449320   -0.9427674  945.9238  946.0343
2021 04 10 00 55 00    -3.0568488   -0.9488061  945.9204  945.9979
2021 04 10 00 56 00    -3.0688686   -0.9549019  945.9173  946.0057
2021 04 10 00 57 00    -3.0807132   -0.9609131  945.9142  946.0336
2021 04 10 00 58 00    -3.0924957   -0.9668745  945.9101  945.9934
2021 04 10 00 59 00    -3.1045475   -0.9728901  945.9049  945.9199
2021 04 10 01 00 00    -3.1167844   -0.9789757  945.8998  945.9036
2021 04 10 01 01 00    -3.1288544   -0.9850031  945.8949  945.9257
2021 04 10 01 02 00    -3.1407389   -0.9908758  945.8904  945.9434
2021 04 10 01 03 00    -3.1526745   -0.9967885  945.8868  945.9675
2021 04 10 01 04 00    -3.1646911   -1.0029022  945.8836  945.9970
2021 04 10 01 05 00    -3.1767049   -1.0090310  945.8808  945.9950
2021 04 10 01 06 00    -3.1887300   -1.0150306  945.8781  945.9491
2021 04 10 01 07 00    -3.2007711   -1.0210450  945.8750  945.9134
2021 04 10 01 08 00    -3.2128354   -1.0271212  945.8713  945.9294
2021 04 10 01 09 00    -3.2249568   -1.0331344  945.8677  945.9648
2021 04 10 01 10 00    -3.2371497   -1.0391890  945.8640  945.9827
2021 04 10 01 11 00    -3.2494510   -1.0453840  945.8599  945.9768
2021 04 10 01 12 00    -3.2618013   -1.0515163  945.8559  945.9529
2021 04 10 01 13 00    -3.2740551   -1.0575480  945.8527  945.9213
2021 04 10 01 14 00    -3.2862826   -1.0636569  945.8500  945.8888
2021 04 10 01 15 00    -3.2986946   -1.0698997  945.8470  945.8776
2021 04 10 01 16 00    -3.3112340   -1.0762681  945.8434  945.9064
2021 04 10 01 17 00    -3.3235589   -1.0825815  945.8397  945.9373
2021 04 10 01 18 00    -3.3356402   -1.0886527  945.8362  945.9296
2021 04 10 01 19 00    -3.3479129   -1.0947227  945.8337  945.9085
2021 04 10 01 20 00    -3.3604228   -1.1009873  945.8319  945.8945
2021 04 10 01 21 00    -3.3727975   -1.1072547  945.8296  945.8693
2021 04 10 01 22 00    -3.3851074   -1.1134591  945.8263  945.8588
2021 04 10 01 23 00    -3.3975292   -1.1196408  945.8226  945.8900
2021 04 10 01 24 00    -3.4098428   -1.1257036  945.8194  945.9292
2021 04 10 01 25 00    -3.4220518   -1.1317876  945.8170  945.9548
2021 04 10 01 26 00    -3.4344512   -1.1381256  945.8150  945.9635
2021 04 10 01 27 00    -3.4469758   -1.1444918  945.8124  945.9489
2021 04 10 01 28 00    -3.4593649   -1.1505980  945.8087  945.9406
2021 04 10 01 29 00    -3.4717382   -1.1566392  945.8046  945.9717
2021 04 10 01 30 00    -3.4842807   -1.1628571  945.8014  946.0045
2021 04 10 01 31 00    -3.4967560   -1.1691323  945.7989  945.9780
2021 04 10 01 32 00    -3.5090256   -1.1753658  945.7962  945.9220
2021 04 10 01 33 00    -3.5213302   -1.1816219  945.7932  945.9082
2021 04 10 01 34 00    -3.5337245   -1.1878508  945.7913  945.9323
2021 04 10 01 35 00    -3.5460749   -1.1940047  945.7906  945.9504
2021 04 10 01 36 00    -3.5584443   -1.2001749  945.7894  945.9444
2021 04 10 01 37 00    -3.5708985   -1.2063900  945.7867  945.9249
2021 04 10 01 38 00    -3.5833786   -1.2126170  945.7831  945.9156
2021 04 10 01 39 00    -3.5959335   -1.2189072  945.7797  945.9091
2021 04 10 01 40 00    -3.6085693   -1.2252832  945.7767  945.8920
2021 04 10 01 41 00    -3.6210274   -1.2316028  945.7738  945.8936
2021 04 10 01 42 00    -3.6332093   -1.2377312  945.7710  945.9137
2021 04 10 01 43 00    -3.6455344   -1.2438502  945.7683  945.9061
2021 04 10 01 44 00    -3.6582108   -1.2501923  945.7654  945.8881
2021 04 10 01 45 00    -3.6707696   -1.2565139  945.7622  945.9022
2021 04 10 01 46 00    -3.6830620   -1.2625816  945.7595  945.9166
2021 04 10 01 47 00    -3.6954361   -1.2686793  945.7580  945.9238
2021 04 10 01 48 00    -3.7078488   -1.2749844  945.7567  945.9715
2021 04 10 01 49 00    -3.7201896   -1.2813042  945.7547  946.0218
2021 04 10 01 50 00    -3.7326002   -1.2875134  945.7524  946.0020
2021 04 10 01 51 00    -3.7450407   -1.2936535  945.7504  945.9476
2021 04 10 01 52 00    -3.7574848   -1.2998549  945.7485  945.9214
2021 04 10 01 53 00    -3.7699350   -1.3060931  945.7459  945.9159
2021 04 10 01 54 00    -3.7821959   -1.3121453  945.7427  945.9177
2021 04 10 01 55 00    -3.7943463   -1.3181410  945.7399  945.9367
2021 04 10 01 56 00    -3.8067360   -1.3243832  945.7377  945.9529
2021 04 10 01 57 00    -3.8192841   -1.3306880  945.7357  945.9327
2021 04 10 01 58 00    -3.8315755   -1.3368069  945.7333  945.8854
2021 04 10 01 59 00    -3.8435845   -1.3428849  945.7306  945.8622
2021 04 10 02 00 00    -3.8556110   -1.3490157  945.7284  945.8940
2021 04 10 02 01 00    -3.8677539   -1.3550785  945.7272  945.9453
2021 04 10 02 02 00    -3.8799492   -1.3610514  945.7261  945.9713
2021 04 10 02 03 00    -3.8921091   -1.3670411  945.7245  945.9811
2021 04 10 02 04 00    -3.9041424   -1.3731250  945.7231  945.9968
2021 04 10 02 05 00    -3.9160869   -1.3792379  945.7218  946.0068
2021 04 10 02 06 00    -3.9280744   -1.3852519  945.7199  945.9907
2021 04 10 02 07 00    -3.9401914   -1.3912414  945.7176  945.9562
2021 04 10 02 08 00    -3.9523639   -1.3973430  945.7156  945.9321
2021 04 10 02 09 00    -3.9643915   -1.4034472  945.7139  945.9305
2021 04 10 02 10 00    -3.9762439   -1.4094042  945.7121  945.9430
2021 04 10 02 11 00    -3.9880457   -1.4152705  945.7103  945.9721
2021 04 10 02 12 00    -3.9997578   -1.4211367  945.7095  946.0134
2021 04 10 02 13 00    -4.0113357   -1.4269678  945.7098  946.0374
2021 04 10 02 14 00    -4.0229138   -1.4327478  945.7101  946.0363
2021 04 10 02 15 00    -4.0345609   -1.4385700  945.7096  946.0233
2021 04 10 02 16 00    -4.0463332   -1.4444896  945.7091  946.0110
2021 04 10 02 17 00    -4.0581891   -1.4504116  945.7092  946.0193
2021 04 10 02 18 00    -4.0698452   -1.4562238  945.7095  946.0445
2021 04 10 02 19 00    -4.0813597   -1.4619971  945.7099  946.0605
2021 04 10 02 20 00    -4.0929896   -1.4678041  945.7105  946.0545
2021 04 10 02 21 00    -4.1045804   -1.4735716  945.7108  946.0309
2021 04 10 02 22 00    -4.1160006   -1.4793033  945.7102  946.0302
2021 04 10 02 23 00    -4.1273512   -1.4850211  945.7095  946.0876
2021 04 10 02 24 00    -4.1386703   -1.4906396  945.7090  946.1401
2021 04 10 02 25 00    -4.1499783   -1.4961725  945.7088  946.1163
2021 04 10 02 26 00    -4.1612716   -1.5018016  945.7088  946.0737
2021 04 10 02 27 00    -4.1725946   -1.5076308  945.7093  946.0806
2021 04 10 02 28 00    -4.1840197   -1.5134878  945.7105  946.0850
2021 04 10 02 29 00    -4.1953556   -1.5191593  945.7121  946.0540
2021 04 10 02 30 00    -4.2064471   -1.5247018  945.7131  946.0522
2021 04 10 02 31 00    -4.2175359   -1.5302914  945.7136  946.0905
2021 04 10 02 32 00    -4.2288068   -1.5359097  945.7143  946.0989
2021 04 10 02 33 00    -4.2400158   -1.5413891  945.7146  946.0617
2021 04 10 02 34 00    -4.2509718   -1.5467857  945.7137  946.0391
2021 04 10 02 35 00    -4.2619425   -1.5523375  945.7121  946.0583
2021 04 10 02 36 00    -4.2730394   -1.5579563  945.7105  946.0711
2021 04 10 02 37 00    -4.2839700   -1.5634152  945.7091  946.0406
2021 04 10 02 38 00    -4.2948240   -1.5688928  945.7078  945.9923
2021 04 10 02 39 00    -4.3059246   -1.5745545  945.7064  945.9584
2021 04 10 02 40 00    -4.3170452   -1.5801253  945.7039  945.9372
2021 04 10 02 41 00    -4.3278532   -1.5854101  945.7007  945.9220
2021 04 10 02 42 00    -4.3384540   -1.5906200  945.6977  945.9133
2021 04 10 02 43 00    -4.3489690   -1.5959674  945.6945  945.8910
2021 04 10 02 44 00    -4.3594858   -1.6013847  945.6908  945.8565
2021 04 10 02 45 00    -4.3701126   -1.6067677  945.6875  945.8438
2021 04 10 02 46 00    -4.3805510   -1.6120531  945.6844  945.8530
2021 04 10 02 47 00    -4.3905841   -1.6170989  945.6811  945.8736
2021 04 10 02 48 00    -4.4005685   -1.6219576  945.6783  945.9078
2021 04 10 02 49 00    -4.4107515   -1.6269123  945.6763  945.9279
2021 04 10 02 50 00    -4.4210343   -1.6320590  945.6745  945.9136
2021 04 10 02 51 00    -4.4313066   -1.6372937  945.6722  945.8833
2021 04 10 02 52 00    -4.4414197   -1.6424979  945.6695  945.8599
2021 04 10 02 53 00    -4.4512670   -1.6474582  945.6664  945.8682
2021 04 10 02 54 00    -4.4610060   -1.6521565  945.6635  945.9038
2021 04 10 02 55 00    -4.4708726   -1.6570165  945.6609  945.9109
2021 04 10 02 56 00    -4.4808065   -1.6621710  945.6578  945.8728
2021 04 10 02 57 00    -4.4905529   -1.6671656  945.6544  945.8476
2021 04 10 02 58 00    -4.5001097   -1.6718290  945.6515  945.8709
2021 04 10 02 59 00    -4.5096085   -1.6764523  945.6491  945.9193
2021 04 10 03 00 00    -4.5189886   -1.6811544  945.6472  945.9530
2021 04 10 03 01 00    -4.5282879   -1.6858321  945.6457  945.9416
2021 04 10 03 02 00    -4.5376640   -1.6904417  945.6439  945.8912
2021 04 10 03 03 00    -4.5470194   -1.6950729  945.6411  945.8567
2021 04 10 03 04 00    -4.5561843   -1.6997990  945.6376  945.8954
2021 04 10 03 05 00    -4.5651905   -1.7044756  945.6360  945.9932
2021 04 10 03 06 00    -4.5741272   -1.7089177  945.6374  946.0662
2021 04 10 03 07 00    -4.5829846   -1.7131829  945.6393  946.0670
2021 04 10 03 08 00    -4.5916883   -1.7174841  945.6397  946.0375
2021 04 10 03 09 00    -4.6002284   -1.7218539  945.6399  946.0366
2021 04 10 03 10 00    -4.6087547   -1.7261518  945.6418  946.0634
2021 04 10 03 11 00    -4.6174158   -1.7304287  945.6439  946.0697
2021 04 10 03 12 00    -4.6261182   -1.7347807  945.6444  946.0504
2021 04 10 03 13 00    -4.6347124   -1.7390978  945.6437  946.0569
2021 04 10 03 14 00    -4.6431827   -1.7433010  945.6433  946.0869
2021 04 10 03 15 00    -4.6516312   -1.7475217  945.6430  946.1012
2021 04 10 03 16 00    -4.6601741   -1.7518989  945.6430  946.1174
2021 04 10 03 17 00    -4.6685683   -1.7561743  945.6441  946.1401
2021 04 10 03 18 00    -4.6765577   -1.7600084  945.6465  946.1508
2021 04 10 03 19 00    -4.6844430   -1.7637138  945.6488  946.1928
2021 04 10 03 20 00    -4.6924058   -1.7677500  945.6501  946.2639
2021 04 10 03 21 00    -4.7001708   -1.7718641  945.6508  946.2648
2021 04 10 03 22 00    -4.7077767   -1.7757218  945.6518  946.1872
2021 04 10 03 23 00    -4.7154798   -1.7795648  945.6527  946.1341
2021 04 10 03 24 00    -4.7231102   -1.7834968  945.6531  946.1578
2021 04 10 03 25 00    -4.7305610   -1.7872571  945.6538  946.2070
2021 04 10 03 26 00    -4.7380490   -1.7908099  945.6555  946.2283
2021 04 10 03 27 00    -4.7455243   -1.7943272  945.6571  946.2548
2021 04 10 03 28 00    -4.7528129   -1.7979712  945.6583  946.2828
2021 04 10 03 29 00    -4.7599542   -1.8018017  945.6602  946.2496
2021 04 10 03 30 00    -4.7670793   -1.8056508  945.6634  946.2163
2021 04 10 03 31 00    -4.7742698   -1.8093090  945.6669  946.2566
2021 04 10 03 32 00    -4.7813326   -1.8127561  945.6703  946.2942
2021 04 10 03 33 00    -4.7880452   -1.8160536  945.6732  946.2897
2021 04 10 03 34 00    -4.7945458   -1.8192699  945.6748  946.3094
2021 04 10 03 35 00    -4.8010379   -1.8225332  945.6764  946.3640
2021 04 10 03 36 00    -4.8075616   -1.8258630  945.6793  946.3964
2021 04 10 03 37 00    -4.8140661   -1.8291003  945.6828  946.3889
2021 04 10 03 38 00    -4.8204410   -1.8321730  945.6872  946.3948
2021 04 10 03 39 00    -4.8266525   -1.8352048  945.6935  946.4530
2021 04 10 03 40 00    -4.8327472   -1.8382910  945.7007  946.5254
2021 04 10 03 41 00    -4.8387329   -1.8413178  945.7082  946.5835
2021 04 10 03 42 00    -4.8446105   -1.8441679  945.7166  946.6364
2021 04 10 03 43 00    -4.8503892   -1.8470273  945.7255  946.6367
2021 04 10 03 44 00    -4.8560418   -1.8500514  945.7334  946.5748
2021 04 10 03 45 00    -4.8615834   -1.8529883  945.7404  946.5707
2021 04 10 03 46 00    -4.8671840   -1.8557018  945.7475  946.6578
2021 04 10 03 47 00    -4.8729037   -1.8584163  945.7551  946.6999
2021 04 10 03 48 00    -4.8784759   -1.8612103  945.7624  946.6596
2021 04 10 03 49 00    -4.8838002   -1.8639888  945.7682  946.6422
2021 04 10 03 50 00    -4.8891552   -1.8667122  945.7727  946.6475
2021 04 10 03 51 00    -4.8946125   -1.8693711  945.7769  946.5961
2021 04 10 03 52 00    -4.8998241   -1.8719943  945.7807  946.5222
2021 04 10 03 53 00    -4.9046426   -1.8745579  945.7832  946.4976
2021 04 10 03 54 00    -4.9094890   -1.8770040  945.7845  946.5085
2021 04 10 03 55 00    -4.9146646   -1.8794514  945.7855  946.5171
2021 04 10 03 56 00    -4.9198583   -1.8820363  945.7862  946.5147
2021 04 10 03 57 00    -4.9246664   -1.8845455  945.7864  946.5021
2021 04 10 03 58 00    -4.9290889   -1.8866992  945.7868  946.4870
2021 04 10 03 59 00    -4.9334369   -1.8887286  945.7879  946.4876
2021 04 10 04 00 00    -4.9378363   -1.8909364  945.7894  946.5200
2021 04 10 04 01 00    -4.9421714   -1.8931802  945.7920  946.5479
2021 04 10 04 02 00    -4.9464210   -1.8953282  945.7960  946.5082
2021 04 10 04 03 00    -4.9504897   -1.8973669  945.7997  946.4474
2021 04 10 04 04 00    -4.9543868   -1.8993139  945.8010  946.4553
2021 04 10 04 05 00    -4.9584155   -1.9013492  945.8006  946.5032
2021 04 10 04 06 00    -4.9625103   -1.9034343  945.8006  946.5257
2021 04 10 04 07 00    -4.9663466   -1.9053099  945.8020  946.5198
2021 04 10 04 08 00    -4.9699780   -1.9070083  945.8042  946.5176
2021 04 10 04 09 00    -4.9735496   -1.9087139  945.8063  946.5306
2021 04 10 04 10 00    -4.9769683   -1.9103867  945.8074  946.5401
2021 04 10 04 11 00    -4.9802009   -1.9119555  945.8076  946.5568
2021 04 10 04 12 00    -4.9833453   -1.9135108  945.8094  946.5803
2021 04 10 04 13 00    -4.9863596   -1.9151194  945.8130  946.5739
2021 04 10 04 14 00    -4.9892111   -1.9167669  945.8159  946.5516
2021 04 10 04 15 00    -4.9920274   -1.9183697  945.8173  946.5602
2021 04 10 04 16 00    -4.9948604   -1.9198373  945.8194  946.5903
2021 04 10 04 17 00    -4.9977026   -1.9212445  945.8215  946.5767
2021 04 10 04 18 00    -5.0005740   -1.9226421  945.8214  946.4916
2021 04 10 04 19 00    -5.0033336   -1.9239065  945.8191  946.4092
2021 04 10 04 20 00    -5.0058849   -1.9250997  945.8163  946.4025
2021 04 10 04 21 00    -5.0083040   -1.9263902  945.8137  946.4322
2021 04 10 04 22 00    -5.0104749   -1.9275428  945.8120  946.4357
2021 04 10 04 23 00    -5.0124376   -1.9283751  945.8108  946.4254
2021 04 10 04 24 00    -5.0144717   -1.9292288  945.8094  946.4219
2021 04 10 04 25 00    -5.0164578   -1.9302811  945.8079  946.4143
2021 04 10 04 26 00    -5.0182147   -1.9312803  945.8065  946.4095
2021 04 10 04 27 00    -5.0197903   -1.9320772  945.8052  946.4173
2021 04 10 04 28 00    -5.0212503   -1.9328279  945.8039  946.4330
2021 04 10 04 29 00    -5.0227277   -1.9336965  945.8035  946.4697
2021 04 10 04 30 00    -5.0240901   -1.9344533  945.8043  946.5219
2021 04 10 04 31 00    -5.0250670   -1.9348056  945.8057  946.5413
2021 04 10 04 32 00    -5.0258703   -1.9350438  945.8075  946.5231
2021 04 10 04 33 00    -5.0268436   -1.9355873  945.8094  946.5283
2021 04 10 04 34 00    -5.0279066   -1.9362192  945.8106  946.5789
2021 04 10 04 35 00    -5.0287435   -1.9365111  945.8113  946.6248
2021 04 10 04 36 00    -5.0293511   -1.9366468  945.8129  946.6115
2021 04 10 04 37 00    -5.0300377   -1.9370654  945.8150  946.5416
2021 04 10 04 38 00    -5.0307938   -1.9376025  945.8154  946.4729
2021 04 10 04 39 00    -5.0314043   -1.9378185  945.8135  946.4326
2021 04 10 04 40 00    -5.0318663   -1.9377641  945.8111  946.3955
2021 04 10 04 41 00    -5.0321948   -1.9378039  945.8087  946.3646
2021 04 10 04 42 00    -5.0323715   -1.9380467  945.8058  946.3686
2021 04 10 04 43 00    -5.0324697   -1.9382755  945.8026  946.3963
2021 04 10 04 44 00    -5.0325148   -1.9383138  945.7999  946.4109
2021 04 10 04 45 00    -5.0322456   -1.9381543  945.7981  946.4166
2021 04 10 04 46 00    -5.0314898   -1.9378395  945.7971  946.4430
2021 04 10 04 47 00    -5.0306434   -1.9374740  945.7970  946.4740
2021 04 10 04 48 00    -5.0299690   -1.9371142  945.7975  946.4830
2021 04 10 04 49 00    -5.0291597   -1.9366927  945.7978  946.4900
2021 04 10 04 50 00    -5.0280862   -1.9362159  945.7981  946.5146
2021 04 10 04 51 00    -5.0269410   -1.9357218  945.7991  946.5450
2021 04 10 04 52 00    -5.0257791   -1.9351519  945.8011  946.5706
2021 04 10 04 53 00    -5.0245624   -1.9344991  945.8033  946.5933
2021 04 10 04 54 00    -5.0232352   -1.9337704  945.8056  946.6142
2021 04 10 04 55 00    -5.0217238   -1.9329296  945.8080  946.6290
2021 04 10 04 56 00    -5.0201487   -1.9321231  945.8107  946.6423
2021 04 10 04 57 00    -5.0186423   -1.9314808  945.8134  946.6742
2021 04 10 04 58 00    -5.0170129   -1.9307670  945.8159  946.7228
2021 04 10 04 59 00    -5.0151067   -1.9297794  945.8187  946.7506
2021 04 10 05 00 00    -5.0131141   -1.9287205  945.8218  946.7407
2021 04 10 05 01 00    -5.0111000   -1.9277482  945.8254  946.7268
2021 04 10 05 02 00    -5.0088783   -1.9267016  945.8296  946.7413
2021 04 10 05 03 00    -5.0064955   -1.9255102  945.8339  946.7733
2021 04 10 05 04 00    -5.0041392   -1.9242751  945.8377  946.7997
2021 04 10 05 05 00    -5.0017477   -1.9230054  945.8415  946.8282
2021 04 10 05 06 00    -4.9991801   -1.9216860  945.8458  946.8737
2021 04 10 05 07 00    -4.9964638   -1.9203613  945.8507  946.9104
2021 04 10 05 08 00    -4.9937076   -1.9190449  945.8557  946.9082
2021 04 10 05 09 00    -4.9909672   -1.9176728  945.8602  946.8964
2021 04 10 05 10 00    -4.9882157   -1.9162404  945.8645  946.9109
2021 04 10 05 11 00    -4.9853756   -1.9148769  945.8693  946.9311
2021 04 10 05 12 00    -4.9823503   -1.9135076  945.8746  946.9250
2021 04 10 05 13 00    -4.9791182   -1.9118571  945.8795  946.8968
2021 04 10 05 14 00    -4.9758136   -1.9100132  945.8832  946.8737
2021 04 10 05 15 00    -4.9725657   -1.9083391  945.8862  946.8633
2021 04 10 05 16 00    -4.9692904   -1.9068254  945.8896  946.8509
2021 04 10 05 17 00    -4.9657958   -1.9051279  945.8928  946.8449
2021 04 10 05 18 00    -4.9620537   -1.9031642  945.8954  946.8677
2021 04 10 05 19 00    -4.9581548   -1.9011626  945.8982  946.9092
2021 04 10 05 20 00    -4.9541091   -1.8991576  945.9021  946.9423
2021 04 10 05 21 00    -4.9498779   -1.8969771  945.9065  946.9583
2021 04 10 05 22 00    -4.9455061   -1.8946978  945.9106  946.9698
2021 04 10 05 23 00    -4.9411870   -1.8925678  945.9148  946.9886
2021 04 10 05 24 00    -4.9369914   -1.8905560  945.9195  947.0042
2021 04 10 05 25 00    -4.9326552   -1.8884364  945.9239  947.0051
2021 04 10 05 26 00    -4.9280492   -1.8861483  945.9278  947.0096
2021 04 10 05 27 00    -4.9233989   -1.8837641  945.9317  947.0348
2021 04 10 05 28 00    -4.9187980   -1.8813338  945.9360  947.0658
2021 04 10 05 29 00    -4.9141531   -1.8789439  945.9406  947.0796
2021 04 10 05 30 00    -4.9094506   -1.8766665  945.9453  947.0782
2021 04 10 05 31 00    -4.9046186   -1.8743649  945.9500  947.0811
2021 04 10 05 32 00    -4.8995550   -1.8718327  945.9552  947.0918
2021 04 10 05 33 00    -4.8943287   -1.8690926  945.9606  947.0879
2021 04 10 05 34 00    -4.8890923   -1.8663552  945.9645  947.0557
2021 04 10 05 35 00    -4.8839443   -1.8637307  945.9667  947.0235
2021 04 10 05 36 00    -4.8788118   -1.8611638  945.9690  947.0288
2021 04 10 05 37 00    -4.8734684   -1.8585909  945.9727  947.0619
2021 04 10 05 38 00    -4.8677580   -1.8558972  945.9773  947.0855
2021 04 10 05 39 00    -4.8618079   -1.8530074  945.9822  947.0854
2021 04 10 05 40 00    -4.8558971   -1.8500307  945.9867  947.0771
2021 04 10 05 41 00    -4.8500078   -1.8469928  945.9903  947.0811
2021 04 10 05 42 00    -4.8439359   -1.8438369  945.9930  947.0823
2021 04 10 05 43 00    -4.8377617   -1.8406799  945.9951  947.0593
2021 04 10 05 44 00    -4.8316920   -1.8377046  945.9969  947.0479
2021 04 10 05 45 00    -4.8256988   -1.8348656  945.9995  947.0683
2021 04 10 05 46 00    -4.8195417   -1.8318268  946.0026  947.0780
2021 04 10 05 47 00    -4.8131120   -1.8284585  946.0052  947.0721
2021 04 10 05 48 00    -4.8066429   -1.8250815  946.0077  947.0777
2021 04 10 05 49 00    -4.8001960   -1.8218294  946.0112  947.0857
2021 04 10 05 50 00    -4.7934873   -1.8185198  946.0154  947.0968
2021 04 10 05 51 00    -4.7865596   -1.8151776  946.0194  947.1253
2021 04 10 05 52 00    -4.7796173   -1.8118685  946.0234  947.1469
2021 04 10 05 53 00    -4.7725824   -1.8084344  946.0268  947.1343
2021 04 10 05 54 00    -4.7654912   -1.8047971  946.0294  947.1115
2021 04 10 05 55 00    -4.7584163   -1.8010757  946.0320  947.1219
2021 04 10 05 56 00    -4.7512202   -1.7973852  946.0358  947.1555
2021 04 10 05 57 00    -4.7438954   -1.7937306  946.0405  947.1697
2021 04 10 05 58 00    -4.7364487   -1.7900109  946.0452  947.1673
2021 04 10 05 59 00    -4.7288299   -1.7861679  946.0493  947.1718
2021 04 10 06 00 00    -4.7211538   -1.7822743  946.0532  947.1767
2021 04 10 06 01 00    -4.7133988   -1.7783544  946.0570  947.1785
2021 04 10 06 02 00    -4.7054864   -1.7744062  946.0607  947.1881
2021 04 10 06 03 00    -4.6975896   -1.7704934  946.0641  947.2014
2021 04 10 06 04 00    -4.6897481   -1.7665888  946.0675  947.2050
2021 04 10 06 05 00    -4.6817641   -1.7626033  946.0712  947.2047
2021 04 10 06 06 00    -4.6735990   -1.7585356  946.0754  947.2143
2021 04 10 06 07 00    -4.6653655   -1.7544243  946.0799  947.2280
2021 04 10 06 08 00    -4.6570768   -1.7502674  946.0844  947.2393
2021 04 10 06 09 00    -4.6486945   -1.7460912  946.0889  947.2481
2021 04 10 06 10 00    -4.6403432   -1.7419993  946.0928  947.2550
2021 04 10 06 11 00    -4.6321250   -1.7379290  946.0961  947.2726
2021 04 10 06 12 00    -4.6237738   -1.7336177  946.1001  947.2973
2021 04 10 06 13 00    -4.6150600   -1.7291059  946.1054  947.3069
2021 04 10 06 14 00    -4.6062358   -1.7247411  946.1108  947.3003
2021 04 10 06 15 00    -4.5975049   -1.7205119  946.1155  947.2992
2021 04 10 06 16 00    -4.5887173   -1.7161350  946.1196  947.3086
2021 04 10 06 17 00    -4.5798827   -1.7116361  946.1236  947.3055
2021 04 10 06 18 00    -4.5710922   -1.7071522  946.1277  947.2918
2021 04 10 06 19 00    -4.5621343   -1.7026967  946.1320  947.2899
2021 04 10 06 20 00    -4.5529020   -1.6982397  946.1363  947.2942
2021 04 10 06 21 00    -4.5435559   -1.6936188  946.1400  947.2971
2021 04 10 06 22 00    -4.5342165   -1.6888453  946.1431  947.3014
2021 04 10 06 23 00    -4.5249705   -1.6841920  946.1464  947.3006
2021 04 10 06 24 00    -4.5157357   -1.6795550  946.1499  947.3091
2021 04 10 06 25 00    -4.5062255   -1.6746176  946.1533  947.3449
2021 04 10 06 26 00    -4.4964429   -1.6695644  946.1564  947.3732
2021 04 10 06 27 00    -4.4867426   -1.6648015  946.1597  947.3644
2021 04 10 06 28 00    -4.4773010   -1.6603005  946.1641  947.3506
2021 04 10 06 29 00    -4.4678423   -1.6556255  946.1690  947.3449
2021 04 10 06 30 00    -4.4580641   -1.6505797  946.1733  947.3247
2021 04 10 06 31 00    -4.4480890   -1.6454869  946.1765  947.3077
2021 04 10 06 32 00    -4.4380864   -1.6405707  946.1797  947.3285
2021 04 10 06 33 00    -4.4280815   -1.6356877  946.1836  947.3685
2021 04 10 06 34 00    -4.4181012   -1.6306829  946.1879  947.3703
2021 04 10 06 35 00    -4.4079960   -1.6255186  946.1910  947.3274
2021 04 10 06 36 00    -4.3977587   -1.6203458  946.1933  947.3080
2021 04 10 06 37 00    -4.3875758   -1.6152916  946.1964  947.3385
2021 04 10 06 38 00    -4.3773505   -1.6101825  946.2004  947.3650
2021 04 10 06 39 00    -4.3670049   -1.6049585  946.2040  947.3605
2021 04 10 06 40 00    -4.3566263   -1.5998004  946.2074  947.3509
2021 04 10 06 41 00    -4.3461494   -1.5946553  946.2108  947.3668
2021 04 10 06 42 00    -4.3354928   -1.5893164  946.2134  947.4015
2021 04 10 06 43 00    -4.3246907   -1.5837813  946.2159  947.4042
2021 04 10 06 44 00    -4.3138938   -1.5782446  946.2194  947.3713
2021 04 10 06 45 00    -4.3031866   -1.5728547  946.2232  947.3686
2021 04 10 06 46 00    -4.2924215   -1.5675336  946.2262  947.4090
2021 04 10 06 47 00    -4.2816132   -1.5621926  946.2289  947.4230
2021 04 10 06 48 00    -4.2709058   -1.5568637  946.2322  947.3924
2021 04 10 06 49 00    -4.2602039   -1.5514911  946.2364  947.3894
2021 04 10 06 50 00    -4.2493613   -1.5459525  946.2404  947.4282
2021 04 10 06 51 00    -4.2383666   -1.5403313  946.2437  947.4376
2021 04 10 06 52 00    -4.2273284   -1.5348379  946.2470  947.4133
2021 04 10 06 53 00    -4.2163276   -1.5294463  946.2510  947.4125
2021 04 10 06 54 00    -4.2053222   -1.5240031  946.2550  947.4312
2021 04 10 06 55 00    -4.1942621   -1.5184566  946.2586  947.4358
2021 04 10 06 56 00    -4.1830643   -1.5127982  946.2619  947.4387
2021 04 10 06 57 00    -4.1716512   -1.5070635  946.2655  947.4441
2021 04 10 06 58 00    -4.1601747   -1.5012927  946.2698  947.4309
2021 04 10 06 59 00    -4.1488716   -1.4955349  946.2745  947.4247
2021 04 10 07 00 00    -4.1376415   -1.4898867  946.2785  947.4535
2021 04 10 07 01 00    -4.1261766   -1.4842905  946.2816  947.4736
2021 04 10 07 02 00    -4.1144628   -1.4785433  946.2850  947.4652
2021 04 10 07 03 00    -4.1027778   -1.4726888  946.2891  947.4696
2021 04 10 07 04 00    -4.0912556   -1.4669046  946.2931  947.4839
2021 04 10 07 05 00    -4.0797938   -1.4611279  946.2962  947.4750
2021 04 10 07 06 00    -4.0683450   -1.4553617  946.2990  947.4524
2021 04 10 07 07 00    -4.0568245   -1.4496833  946.3023  947.4431
2021 04 10 07 08 00    -4.0450829   -1.4438634  946.3058  947.4552
2021 04 10 07 09 00    -4.0332896   -1.4378330  946.3094  947.4591
2021 04 10 07 10 00    -4.0215413   -1.4318557  946.3128  947.4280
2021 04 10 07 11 00    -4.0095861   -1.4259458  946.3150  947.4003
2021 04 10 07 12 00    -3.9975859   -1.4199836  946.3170  947.4096
2021 04 10 07 13 00    -3.9858413   -1.4139729  946.3202  947.4223
2021 04 10 07 14 00    -3.9740858   -1.4079483  946.3237  947.4091
2021 04 10 07 15 00    -3.9621815   -1.4020223  946.3252  947.3878
2021 04 10 07 16 00    -3.9503743   -1.3962405  946.3254  947.3904
2021 04 10 07 17 00    -3.9386089   -1.3904204  946.3261  947.4201
2021 04 10 07 18 00    -3.9266158   -1.3843486  946.3283  947.4351
2021 04 10 07 19 00    -3.9144476   -1.3781243  946.3310  947.4222
2021 04 10 07 20 00    -3.9023180   -1.3720289  946.3334  947.4260
2021 04 10 07 21 00    -3.8902245   -1.3660709  946.3361  947.4497
2021 04 10 07 22 00    -3.8781896   -1.3601556  946.3386  947.4576
2021 04 10 07 23 00    -3.8662830   -1.3542852  946.3399  947.4564
2021 04 10 07 24 00    -3.8542115   -1.3482968  946.3410  947.4576
2021 04 10 07 25 00    -3.8417737   -1.3420164  946.3435  947.4461
2021 04 10 07 26 00    -3.8293780   -1.3356293  946.3463  947.4289
2021 04 10 07 27 00    -3.8172987   -1.3294585  946.3482  947.4404
2021 04 10 07 28 00    -3.8051517   -1.3234453  946.3505  947.4779
2021 04 10 07 29 00    -3.7927164   -1.3172917  946.3541  947.4942
2021 04 10 07 30 00    -3.7802958   -1.3109937  946.3579  947.4826
2021 04 10 07 31 00    -3.7679856   -1.3047287  946.3611  947.4830
2021 04 10 07 32 00    -3.7556625   -1.2985721  946.3641  947.5099
2021 04 10 07 33 00    -3.7433274   -1.2924356  946.3669  947.5379
2021 04 10 07 34 00    -3.7309172   -1.2861597  946.3695  947.5439
2021 04 10 07 35 00    -3.7184971   -1.2799240  946.3725  947.5547
2021 04 10 07 36 00    -3.7062025   -1.2739652  946.3761  947.5956
2021 04 10 07 37 00    -3.6938940   -1.2679864  946.3792  947.6118
2021 04 10 07 38 00    -3.6815803   -1.2617260  946.3818  947.5736
2021 04 10 07 39 00    -3.6694071   -1.2554625  946.3846  947.5484
2021 04 10 07 40 00    -3.6571228   -1.2493683  946.3880  947.5730
2021 04 10 07 41 00    -3.6444762   -1.2431927  946.3916  947.6048
2021 04 10 07 42 00    -3.6317568   -1.2368809  946.3944  947.6039
2021 04 10 07 43 00    -3.6193339   -1.2306266  946.3959  947.5731
2021 04 10 07 44 00    -3.6071355   -1.2243941  946.3973  947.5501
2021 04 10 07 45 00    -3.5949412   -1.2181588  946.4001  947.5596
2021 04 10 07 46 00    -3.5826430   -1.2119976  946.4039  947.5637
2021 04 10 07 47 00    -3.5701561   -1.2058025  946.4069  947.5353
2021 04 10 07 48 00    -3.5576447   -1.1996050  946.4090  947.5184
2021 04 10 07 49 00    -3.5453091   -1.1935135  946.4117  947.5375
2021 04 10 07 50 00    -3.5329288   -1.1873336  946.4145  947.5601
2021 04 10 07 51 00    -3.5204828   -1.1810066  946.4168  947.5602
2021 04 10 07 52 00    -3.5081168   -1.1746758  946.4188  947.5486
2021 04 10 07 53 00    -3.4956005   -1.1683682  946.4216  947.5523
2021 04 10 07 54 00    -3.4831940   -1.1622750  946.4248  947.5614
2021 04 10 07 55 00    -3.4711856   -1.1564305  946.4278  947.5470
2021 04 10 07 56 00    -3.4589595   -1.1503984  946.4303  947.5353
2021 04 10 07 57 00    -3.4464769   -1.1441589  946.4328  947.5531
2021 04 10 07 58 00    -3.4343473   -1.1380577  946.4348  947.5693
2021 04 10 07 59 00    -3.4224017   -1.1320133  946.4360  947.5668
2021 04 10 08 00 00    -3.4101673   -1.1258921  946.4371  947.5552
2021 04 10 08 01 00    -3.3976722   -1.1197190  946.4387  947.5401
2021 04 10 08 02 00    -3.3852701   -1.1134216  946.4403  947.5365
2021 04 10 08 03 00    -3.3731330   -1.1070690  946.4418  947.5440
2021 04 10 08 04 00    -3.3610358   -1.1008848  946.4433  947.5516
2021 04 10 08 05 00    -3.3487739   -1.0949261  946.4450  947.5630
2021 04 10 08 06 00    -3.3364436   -1.0890391  946.4475  947.5693
2021 04 10 08 07 00    -3.3242078   -1.0830500  946.4509  947.5741
2021 04 10 08 08 00    -3.3120622   -1.0769250  946.4539  947.5997
2021 04 10 08 09 00    -3.2998914   -1.0707181  946.4563  947.6219
2021 04 10 08 10 00    -3.2876709   -1.0644916  946.4590  947.6046
2021 04 10 08 11 00    -3.2755495   -1.0583931  946.4622  947.5766
2021 04 10 08 12 00    -3.2636601   -1.0524780  946.4649  947.5746
2021 04 10 08 13 00    -3.2518771   -1.0465460  946.4665  947.5774
2021 04 10 08 14 00    -3.2399816   -1.0405449  946.4671  947.5596
2021 04 10 08 15 00    -3.2279460   -1.0346082  946.4673  947.5346
2021 04 10 08 16 00    -3.2160246   -1.0287453  946.4676  947.5184
2021 04 10 08 17 00    -3.2044248   -1.0229411  946.4679  947.5164
2021 04 10 08 18 00    -3.1926880   -1.0170495  946.4684  947.5186
2021 04 10 08 19 00    -3.1804983   -1.0109424  946.4698  947.5017
2021 04 10 08 20 00    -3.1684123   -1.0048280  946.4719  947.4776
2021 04 10 08 21 00    -3.1566017   -0.9987990  946.4734  947.4842
2021 04 10 08 22 00    -3.1448487   -0.9928103  946.4741  947.5162
2021 04 10 08 23 00    -3.1332621   -0.9869599  946.4744  947.5280
2021 04 10 08 24 00    -3.1216605   -0.9811965  946.4747  947.5018
2021 04 10 08 25 00    -3.1098285   -0.9753764  946.4754  947.4737
2021 04 10 08 26 00    -3.0979704   -0.9695031  946.4763  947.4748
2021 04 10 08 27 00    -3.0862954   -0.9636578  946.4771  947.4877
2021 04 10 08 28 00    -3.0748096   -0.9578978  946.4777  947.4984
2021 04 10 08 29 00    -3.0633683   -0.9521873  946.4784  947.5161
2021 04 10 08 30 00    -3.0518977   -0.9464730  946.4796  947.5249
2021 04 10 08 31 00    -3.0403304   -0.9407244  946.4810  947.5081
2021 04 10 08 32 00    -3.0286639   -0.9349316  946.4819  947.4981
2021 04 10 08 33 00    -3.0171857   -0.9291311  946.4830  947.5127
2021 04 10 08 34 00    -3.0059600   -0.9233251  946.4845  947.5185
2021 04 10 08 35 00    -2.9947840   -0.9176100  946.4861  947.5045
2021 04 10 08 36 00    -2.9836199   -0.9121192  946.4880  947.4965
2021 04 10 08 37 00    -2.9724219   -0.9066535  946.4898  947.4909
2021 04 10 08 38 00    -2.9612643   -0.9010320  946.4908  947.4618
2021 04 10 08 39 00    -2.9503416   -0.8954257  946.4914  947.4342
2021 04 10 08 40 00    -2.9394726   -0.8899082  946.4916  947.4516
2021 04 10 08 41 00    -2.9284174   -0.8844185  946.4915  947.4826
2021 04 10 08 42 00    -2.9172892   -0.8789766  946.4916  947.4724
2021 04 10 08 43 00    -2.9062591   -0.8734996  946.4921  947.4435
2021 04 10 08 44 00    -2.8954370   -0.8679416  946.4927  947.4431
2021 04 10 08 45 00    -2.8847673   -0.8624877  946.4929  947.4596
2021 04 10 08 46 00    -2.8739492   -0.8571873  946.4929  947.4529
2021 04 10 08 47 00    -2.8629828   -0.8518723  946.4926  947.4150
2021 04 10 08 48 00    -2.8522458   -0.8465154  946.4917  947.3691
2021 04 10 08 49 00    -2.8418218   -0.8412090  946.4900  947.3332
2021 04 10 08 50 00    -2.8314455   -0.8359680  946.4877  947.3140
2021 04 10 08 51 00    -2.8209542   -0.8307477  946.4855  947.3174
2021 04 10 08 52 00    -2.8104855   -0.8255144  946.4839  947.3311
2021 04 10 08 53 00    -2.8002244   -0.8202973  946.4831  947.3211
2021 04 10 08 54 00    -2.7900326   -0.8151237  946.4822  947.2871
2021 04 10 08 55 00    -2.7797793   -0.8099663  946.4804  947.2778
2021 04 10 08 56 00    -2.7696349   -0.8048380  946.4775  947.2993
2021 04 10 08 57 00    -2.7596203   -0.7997943  946.4747  947.3025
2021 04 10 08 58 00    -2.7495876   -0.7948387  946.4726  947.2885
2021 04 10 08 59 00    -2.7395319   -0.7899200  946.4708  947.2959
2021 04 10 09 00 00    -2.7294894   -0.7850040  946.4693  947.3118
2021 04 10 09 01 00    -2.7194845   -0.7800569  946.4683  947.3111
2021 04 10 09 02 00    -2.7095378   -0.7750717  946.4677  947.3001
2021 04 10 09 03 00    -2.6997677   -0.7701537  946.4669  947.2844
2021 04 10 09 04 00    -2.6903013   -0.7653690  946.4658  947.2706
2021 04 10 09 05 00    -2.6808607   -0.7606050  946.4647  947.2683
2021 04 10 09 06 00    -2.6711872   -0.7557492  946.4630  947.2675
2021 04 10 09 07 00    -2.6615370   -0.7508942  946.4604  947.2447
2021 04 10 09 08 00    -2.6521532   -0.7461787  946.4577  947.1986
2021 04 10 09 09 00    -2.6428718   -0.7414928  946.4552  947.1674
2021 04 10 09 10 00    -2.6334839   -0.7367039  946.4529  947.1712
2021 04 10 09 11 00    -2.6241324   -0.7319706  946.4514  947.1753
2021 04 10 09 12 00    -2.6150117   -0.7274525  946.4509  947.1820
2021 04 10 09 13 00    -2.6060099   -0.7230463  946.4500  947.2216
2021 04 10 09 14 00    -2.5968539   -0.7184959  946.4488  947.2456
2021 04 10 09 15 00    -2.5875960   -0.7137828  946.4478  947.2223
2021 04 10 09 16 00    -2.5787453   -0.7092472  946.4466  947.2087
2021 04 10 09 17 00    -2.5703683   -0.7050096  946.4448  947.2159
2021 04 10 09 18 00    -2.5619273   -0.7008729  946.4423  947.2039
2021 04 10 09 19 00    -2.5532313   -0.6967049  946.4399  947.1825
2021 04 10 09 20 00    -2.5445362   -0.6924482  946.4378  947.1706
2021 04 10 09 21 00    -2.5359916   -0.6881068  946.4354  947.1492
2021 04 10 09 22 00    -2.5274619   -0.6837105  946.4324  947.1169
2021 04 10 09 23 00    -2.5188826   -0.6793398  946.4302  947.1071
2021 04 10 09 24 00    -2.5105505   -0.6752122  946.4294  947.1270
2021 04 10 09 25 00    -2.5026012   -0.6713507  946.4288  947.1393
2021 04 10 09 26 00    -2.4946937   -0.6674237  946.4271  947.1361
2021 04 10 09 27 00    -2.4866533   -0.6633029  946.4246  947.1415
2021 04 10 09 28 00    -2.4787117   -0.6593474  946.4223  947.1437
2021 04 10 09 29 00    -2.4709440   -0.6556528  946.4203  947.1287
2021 04 10 09 30 00    -2.4631668   -0.6517441  946.4175  947.1116
2021 04 10 09 31 00    -2.4554836   -0.6476088  946.4139  947.0890
2021 04 10 09 32 00    -2.4481668   -0.6437938  946.4101  947.0624
2021 04 10 09 33 00    -2.4410260   -0.6403002  946.4060  947.0528
2021 04 10 09 34 00    -2.4336473   -0.6366731  946.4020  947.0511
2021 04 10 09 35 00    -2.4260215   -0.6328151  946.3986  947.0540
2021 04 10 09 36 00    -2.4185452   -0.6290471  946.3959  947.0807
2021 04 10 09 37 00    -2.4114419   -0.6255787  946.3932  947.1014
2021 04 10 09 38 00    -2.4044411   -0.6221591  946.3901  947.0792
2021 04 10 09 39 00    -2.3973971   -0.6185540  946.3862  947.0438
2021 04 10 09 40 00    -2.3905742   -0.6150151  946.3828  947.0313
2021 04 10 09 41 00    -2.3839413   -0.6118070  946.3806  947.0312
2021 04 10 09 42 00    -2.3772074   -0.6087215  946.3785  947.0234
2021 04 10 09 43 00    -2.3705074   -0.6054299  946.3756  947.0077
2021 04 10 09 44 00    -2.3640915   -0.6019704  946.3725  946.9892
2021 04 10 09 45 00    -2.3577737   -0.5985614  946.3693  946.9730
2021 04 10 09 46 00    -2.3513434   -0.5953087  946.3653  946.9726
2021 04 10 09 47 00    -2.3449547   -0.5922123  946.3608  946.9840
2021 04 10 09 48 00    -2.3387571   -0.5891307  946.3571  946.9871
2021 04 10 09 49 00    -2.3326346   -0.5860332  946.3545  946.9813
2021 04 10 09 50 00    -2.3264846   -0.5830861  946.3518  946.9707
2021 04 10 09 51 00    -2.3204740   -0.5802485  946.3486  946.9511
2021 04 10 09 52 00    -2.3147004   -0.5773669  946.3457  946.9311
2021 04 10 09 53 00    -2.3090159   -0.5744980  946.3433  946.9151
2021 04 10 09 54 00    -2.3034476   -0.5717657  946.3407  946.8936
2021 04 10 09 55 00    -2.2980075   -0.5690580  946.3371  946.8664
2021 04 10 09 56 00    -2.2924960   -0.5661352  946.3331  946.8437
2021 04 10 09 57 00    -2.2870961   -0.5631990  946.3289  946.8298
2021 04 10 09 58 00    -2.2820587   -0.5606738  946.3246  946.8266
2021 04 10 09 59 00    -2.2769503   -0.5582929  946.3211  946.8329
2021 04 10 10 00 00    -2.2716262   -0.5556564  946.3186  946.8348
2021 04 10 10 01 00    -2.2666869   -0.5530799  946.3162  946.8244
2021 04 10 10 02 00    -2.2619691   -0.5506656  946.3128  946.8090
2021 04 10 10 03 00    -2.2568325   -0.5480544  946.3091  946.7907
2021 04 10 10 04 00    -2.2518177   -0.5455136  946.3068  946.7748
2021 04 10 10 05 00    -2.2475061   -0.5434269  946.3055  946.7762
2021 04 10 10 06 00    -2.2431362   -0.5413143  946.3031  946.7896
2021 04 10 10 07 00    -2.2383351   -0.5389078  946.2996  946.7905
2021 04 10 10 08 00    -2.2337789   -0.5366790  946.2962  946.7748
2021 04 10 10 09 00    -2.2296298   -0.5346980  946.2932  946.7668
2021 04 10 10 10 00    -2.2255172   -0.5326386  946.2899  946.7778
2021 04 10 10 11 00    -2.2212553   -0.5304518  946.2866  946.7872
2021 04 10 10 12 00    -2.2169816   -0.5282722  946.2841  946.7903
2021 04 10 10 13 00    -2.2130594   -0.5262792  946.2826  946.8048
2021 04 10 10 14 00    -2.2095777   -0.5245821  946.2817  946.8201
2021 04 10 10 15 00    -2.2062523   -0.5230125  946.2808  946.8095
2021 04 10 10 16 00    -2.2028109   -0.5212744  946.2793  946.7861
2021 04 10 10 17 00    -2.1993027   -0.5193789  946.2766  946.7963
2021 04 10 10 18 00    -2.1958781   -0.5175861  946.2730  946.8417
2021 04 10 10 19 00    -2.1924097   -0.5159170  946.2704  946.8602
2021 04 10 10 20 00    -2.1893963   -0.5144278  946.2693  946.8272
2021 04 10 10 21 00    -2.1869377   -0.5130349  946.2680  946.7910
2021 04 10 10 22 00    -2.1832159   -0.5110645  946.2660  946.7775
2021 04 10 10 23 00    -2.1792288   -0.5091860  946.2638  946.7727
2021 04 10 10 24 00    -2.1776299   -0.5084687  946.2609  946.7723
2021 04 10 10 25 00    -2.1758510   -0.5074800  946.2578  946.7665
2021 04 10 10 26 00    -2.1722162   -0.5056250  946.2560  946.7415
2021 04 10 10 27 00    -2.1694865   -0.5043653  946.2559  946.7264
2021 04 10 10 28 00    -2.1677950   -0.5036063  946.2558  946.7513
2021 04 10 10 29 00    -2.1656791   -0.5025989  946.2542  946.7680
2021 04 10 10 30 00    -2.1633908   -0.5014702  946.2511  946.7406
2021 04 10 10 31 00    -2.1612140   -0.5002947  946.2476  946.7268
2021 04 10 10 32 00    -2.1592503   -0.4992050  946.2444  946.7336
2021 04 10 10 33 00    -2.1575812   -0.4983775  946.2415  946.6915
2021 04 10 10 34 00    -2.1560748   -0.4977200  946.2391  946.6349
2021 04 10 10 35 00    -2.1546490   -0.4970722  946.2372  946.6499
2021 04 10 10 36 00    -2.1530804   -0.4962865  946.2351  946.7017
2021 04 10 10 37 00    -2.1514050   -0.4954281  946.2326  946.7166
2021 04 10 10 38 00    -2.1500541   -0.4947754  946.2301  946.7090
2021 04 10 10 39 00    -2.1490001   -0.4943062  946.2284  946.7161
2021 04 10 10 40 00    -2.1478624   -0.4936843  946.2277  946.7192
2021 04 10 10 41 00    -2.1466797   -0.4929307  946.2269  946.7077
2021 04 10 10 42 00    -2.1457069   -0.4923906  946.2254  946.7253
2021 04 10 10 43 00    -2.1450025   -0.4921112  946.2248  946.7756
2021 04 10 10 44 00    -2.1445312   -0.4919332  946.2253  946.7857
2021 04 10 10 45 00    -2.1440918   -0.4917529  946.2250  946.7298
2021 04 10 10 46 00    -2.1434403   -0.4914955  946.2235  946.6806
2021 04 10 10 47 00    -2.1427574   -0.4912083  946.2218  946.6894
2021 04 10 10 48 00    -2.1423766   -0.4909451  946.2206  946.7158
2021 04 10 10 49 00    -2.1422312   -0.4907202  946.2199  946.7175
2021 04 10 10 50 00    -2.1421341   -0.4906881  946.2195  946.7229
2021 04 10 10 51 00    -2.1421060   -0.4908677  946.2195  946.7576
2021 04 10 10 52 00    -2.1422093   -0.4910224  946.2200  946.7647
2021 04 10 10 53 00    -2.1425376   -0.4911006  946.2197  946.7028
2021 04 10 10 54 00    -2.1430508   -0.4912531  946.2175  946.6481
2021 04 10 10 55 00    -2.1435352   -0.4915169  946.2147  946.6678
2021 04 10 10 56 00    -2.1441245   -0.4918567  946.2129  946.6969
2021 04 10 10 57 00    -2.1449808   -0.4922300  946.2121  946.6722
2021 04 10 10 58 00    -2.1459263   -0.4926251  946.2108  946.6495
2021 04 10 10 59 00    -2.1470179   -0.4931746  946.2088  946.6623
2021 04 10 11 00 00    -2.1483151   -0.4938934  946.2065  946.6472
2021 04 10 11 01 00    -2.1495971   -0.4946195  946.2031  946.5894
2021 04 10 11 02 00    -2.1508936   -0.4953476  946.1984  946.5476
2021 04 10 11 03 00    -2.1522810   -0.4960254  946.1935  946.5415
2021 04 10 11 04 00    -2.1536382   -0.4965234  946.1897  946.5524
2021 04 10 11 05 00    -2.1550893   -0.4971346  946.1872  946.5666
2021 04 10 11 06 00    -2.1568425   -0.4981396  946.1855  946.5697
2021 04 10 11 07 00    -2.1587304   -0.4991797  946.1835  946.5562
2021 04 10 11 08 00    -2.1605753   -0.5000445  946.1804  946.5345
2021 04 10 11 09 00    -2.1625857   -0.5011277  946.1769  946.5164
2021 04 10 11 10 00    -2.1648796   -0.5024826  946.1734  946.5071
2021 04 10 11 11 00    -2.1672173   -0.5036679  946.1695  946.4968
2021 04 10 11 12 00    -2.1694752   -0.5046273  946.1652  946.4823
2021 04 10 11 13 00    -2.1718145   -0.5057019  946.1612  946.4653
2021 04 10 11 14 00    -2.1743572   -0.5069809  946.1573  946.4313
2021 04 10 11 15 00    -2.1770239   -0.5082794  946.1532  946.3877
2021 04 10 11 16 00    -2.1797653   -0.5095829  946.1489  946.3574
2021 04 10 11 17 00    -2.1826661   -0.5110462  946.1441  946.3349
2021 04 10 11 18 00    -2.1856440   -0.5126345  946.1390  946.3207
2021 04 10 11 19 00    -2.1886055   -0.5141923  946.1345  946.3141
2021 04 10 11 20 00    -2.1918350   -0.5157546  946.1298  946.2950
2021 04 10 11 21 00    -2.1954516   -0.5174525  946.1242  946.2771
2021 04 10 11 22 00    -2.1990004   -0.5192397  946.1191  946.2782
2021 04 10 11 23 00    -2.2023616   -0.5210262  946.1149  946.2738
2021 04 10 11 24 00    -2.2060605   -0.5229224  946.1097  946.2488
2021 04 10 11 25 00    -2.2100727   -0.5249293  946.1034  946.2212
2021 04 10 11 26 00    -2.2138393   -0.5268066  946.0978  946.2095
2021 04 10 11 27 00    -2.2175060   -0.5286104  946.0936  946.2120
2021 04 10 11 28 00    -2.2214827   -0.5305970  946.0889  946.2125
2021 04 10 11 29 00    -2.2256034   -0.5326759  946.0827  946.2003
2021 04 10 11 30 00    -2.2297418   -0.5347253  946.0763  946.1702
2021 04 10 11 31 00    -2.2339830   -0.5368235  946.0708  946.1204
2021 04 10 11 32 00    -2.2381849   -0.5389237  946.0652  946.0691
2021 04 10 11 33 00    -2.2423574   -0.5410193  946.0588  946.0441
2021 04 10 11 34 00    -2.2469050   -0.5433246  946.0529  946.0552
2021 04 10 11 35 00    -2.2518365   -0.5458660  946.0481  946.0872
2021 04 10 11 36 00    -2.2566273   -0.5483019  946.0435  946.1081
2021 04 10 11 37 00    -2.2612874   -0.5505059  946.0384  946.0964
2021 04 10 11 38 00    -2.2660888   -0.5528161  946.0328  946.0627
2021 04 10 11 39 00    -2.2710313   -0.5554449  946.0267  946.0281
2021 04 10 11 40 00    -2.2764568   -0.5582612  946.0206  946.0093
2021 04 10 11 41 00    -2.2819888   -0.5608955  946.0151  946.0132
2021 04 10 11 42 00    -2.2867722   -0.5632057  946.0102  946.0239
2021 04 10 11 43 00    -2.2917472   -0.5657723  946.0054  946.0328
2021 04 10 11 44 00    -2.2977783   -0.5688338  946.0006  946.0434
2021 04 10 11 45 00    -2.3036993   -0.5717749  945.9956  946.0263
2021 04 10 11 46 00    -2.3089461   -0.5744248  945.9897  945.9688
2021 04 10 11 47 00    -2.3145009   -0.5772276  945.9831  945.9180
2021 04 10 11 48 00    -2.3206562   -0.5802539  945.9768  945.9020
2021 04 10 11 49 00    -2.3267127   -0.5831764  945.9708  945.9024
2021 04 10 11 50 00    -2.3325394   -0.5860351  945.9646  945.8967
2021 04 10 11 51 00    -2.3385453   -0.5891838  945.9585  945.8753
2021 04 10 11 52 00    -2.3447020   -0.5924812  945.9524  945.8494
2021 04 10 11 53 00    -2.3508851   -0.5956201  945.9456  945.8348
2021 04 10 11 54 00    -2.3573587   -0.5988165  945.9382  945.8271
2021 04 10 11 55 00    -2.3640954   -0.6021714  945.9306  945.8170
2021 04 10 11 56 00    -2.3706464   -0.6054015  945.9235  945.7984
2021 04 10 11 57 00    -2.3769757   -0.6085178  945.9167  945.7692
2021 04 10 11 58 00    -2.3834459   -0.6117684  945.9093  945.7526
2021 04 10 11 59 00    -2.3902611   -0.6151880  945.9016  945.7664
2021 04 10 12 00 00    -2.3972991   -0.6186451  945.8947  945.7809
2021 04 10 12 01 00    -2.4044023   -0.6221707  945.8888  945.7632
2021 04 10 12 02 00    -2.4116930   -0.6259353  945.8829  945.7234
2021 04 10 12 03 00    -2.4190395   -0.6297797  945.8762  945.7001
2021 04 10 12 04 00    -2.4261082   -0.6333802  945.8698  945.7160
2021 04 10 12 05 00    -2.4331927   -0.6368324  945.8643  945.7514
2021 04 10 12 06 00    -2.4406002   -0.6404088  945.8586  945.7721
2021 04 10 12 07 00    -2.4480313   -0.6441124  945.8523  945.7787
2021 04 10 12 08 00    -2.4554332   -0.6478954  945.8462  945.7963
2021 04 10 12 09 00    -2.4630827   -0.6517757  945.8412  945.7995
2021 04 10 12 10 00    -2.4707624   -0.6555806  945.8366  945.7286
2021 04 10 12 11 00    -2.4782152   -0.6591797  945.8312  945.6260
2021 04 10 12 12 00    -2.4859039   -0.6628834  945.8250  945.6166
2021 04 10 12 13 00    -2.4940890   -0.6669466  945.8197  945.6993
2021 04 10 12 14 00    -2.5022667   -0.6710876  945.8153  945.7495
2021 04 10 12 15 00    -2.5101806   -0.6750251  945.8102  945.7291
2021 04 10 12 16 00    -2.5180877   -0.6789331  945.8044  945.6944
2021 04 10 12 17 00    -2.5262661   -0.6831292  945.7988  945.6675
2021 04 10 12 18 00    -2.5346635   -0.6875406  945.7930  945.6464
2021 04 10 12 19 00    -2.5430581   -0.6918840  945.7870  945.6481
2021 04 10 12 20 00    -2.5515811   -0.6961965  945.7819  945.6670
2021 04 10 12 21 00    -2.5601500   -0.7004641  945.7773  945.6668
2021 04 10 12 22 00    -2.5685380   -0.7045723  945.7721  945.6498
2021 04 10 12 23 00    -2.5770767   -0.7087349  945.7662  945.6539
2021 04 10 12 24 00    -2.5857673   -0.7130281  945.7608  945.6687
2021 04 10 12 25 00    -2.5943494   -0.7173634  945.7563  945.6577
2021 04 10 12 26 00    -2.6030582   -0.7218315  945.7517  945.6314
2021 04 10 12 27 00    -2.6119820   -0.7263421  945.7462  945.6184
2021 04 10 12 28 00    -2.6210942   -0.7307855  945.7407  945.6162
2021 04 10 12 29 00    -2.6304991   -0.7353742  945.7355  945.6017
2021 04 10 12 30 00    -2.6399276   -0.7401296  945.7302  945.5650
2021 04 10 12 31 00    -2.6491473   -0.7448006  945.7241  945.5206
2021 04 10 12 32 00    -2.6584031   -0.7494196  945.7176  945.4832
2021 04 10 12 33 00    -2.6677731   -0.7540682  945.7108  945.4568
2021 04 10 12 34 00    -2.6772935   -0.7587507  945.7038  945.4413
2021 04 10 12 35 00    -2.6871543   -0.7636956  945.6967  945.4323
2021 04 10 12 36 00    -2.6971848   -0.7689147  945.6901  945.4198
2021 04 10 12 37 00    -2.7072809   -0.7741349  945.6838  945.4000
2021 04 10 12 38 00    -2.7165415   -0.7787918  945.6773  945.3847
2021 04 10 12 39 00    -2.7250471   -0.7830007  945.6703  945.3820
2021 04 10 12 40 00    -2.7356901   -0.7881754  945.6630  945.3803
2021 04 10 12 41 00    -2.7470629   -0.7937098  945.6557  945.3682
2021 04 10 12 42 00    -2.7557693   -0.7981085  945.6487  945.3465
2021 04 10 12 43 00    -2.7648769   -0.8027778  945.6425  945.3255
2021 04 10 12 44 00    -2.7759988   -0.8083320  945.6364  945.3194
2021 04 10 12 45 00    -2.7861814   -0.8134410  945.6297  945.3323
2021 04 10 12 46 00    -2.7956262   -0.8182973  945.6225  945.3558
2021 04 10 12 47 00    -2.8058001   -0.8234129  945.6156  945.3724
2021 04 10 12 48 00    -2.8161446   -0.8284207  945.6091  945.3623
2021 04 10 12 49 00    -2.8264438   -0.8334226  945.6028  945.3369
2021 04 10 12 50 00    -2.8368624   -0.8386600  945.5967  945.3248
2021 04 10 12 51 00    -2.8471631   -0.8439395  945.5909  945.3221
2021 04 10 12 52 00    -2.8574482   -0.8491557  945.5852  945.3175
2021 04 10 12 53 00    -2.8679871   -0.8544200  945.5792  945.3202
2021 04 10 12 54 00    -2.8786822   -0.8597679  945.5731  945.3248
2021 04 10 12 55 00    -2.8893640   -0.8651703  945.5674  945.3018
2021 04 10 12 56 00    -2.9001580   -0.8706464  945.5618  945.2454
2021 04 10 12 57 00    -2.9110602   -0.8760717  945.5554  945.1986
2021 04 10 12 58 00    -2.9218067   -0.8813204  945.5490  945.1963
2021 04 10 12 59 00    -2.9325764   -0.8866647  945.5430  945.2129
2021 04 10 13 00 00    -2.9436455   -0.8922845  945.5366  945.2099
2021 04 10 13 01 00    -2.9547011   -0.8978926  945.5298  945.1948
2021 04 10 13 02 00    -2.9656015   -0.9034015  945.5233  945.1893
2021 04 10 13 03 00    -2.9765752   -0.9089311  945.5173  945.1805
2021 04 10 13 04 00    -2.9875211   -0.9143714  945.5111  945.1488
2021 04 10 13 05 00    -2.9984229   -0.9197779  945.5046  945.1090
2021 04 10 13 06 00    -3.0095864   -0.9253566  945.4978  945.0878
2021 04 10 13 07 00    -3.0209623   -0.9310370  945.4908  945.0896
2021 04 10 13 08 00    -3.0322426   -0.9367107  945.4838  945.1007
2021 04 10 13 09 00    -3.0434081   -0.9423627  945.4766  945.1114
2021 04 10 13 10 00    -3.0545599   -0.9479002  945.4694  945.1277
2021 04 10 13 11 00    -3.0656518   -0.9533458  945.4629  945.1500
2021 04 10 13 12 00    -3.0768166   -0.9589457  945.4571  945.1578
2021 04 10 13 13 00    -3.0882604   -0.9647451  945.4514  945.1380
2021 04 10 13 14 00    -3.0997310   -0.9704572  945.4456  945.0974
2021 04 10 13 15 00    -3.1109622   -0.9760342  945.4395  945.0487
2021 04 10 13 16 00    -3.1222733   -0.9818244  945.4331  945.0105
2021 04 10 13 17 00    -3.1340520   -0.9879153  945.4261  944.9943
2021 04 10 13 18 00    -3.1460105   -0.9938902  945.4189  944.9884
2021 04 10 13 19 00    -3.1575845   -0.9995465  945.4115  944.9779
2021 04 10 13 20 00    -3.1687987   -1.0052058  945.4040  944.9656
2021 04 10 13 21 00    -3.1802241   -1.0110695  945.3969  944.9536
2021 04 10 13 22 00    -3.1921531   -1.0169402  945.3902  944.9407
2021 04 10 13 23 00    -3.2040289   -1.0226447  945.3836  944.9310
2021 04 10 13 24 00    -3.2156255   -1.0284382  945.3768  944.9087
2021 04 10 13 25 00    -3.2274360   -1.0344554  945.3690  944.8655
2021 04 10 13 26 00    -3.2390481   -1.0402062  945.3607  944.8576
2021 04 10 13 27 00    -3.2504311   -1.0458270  945.3528  944.9142
2021 04 10 13 28 00    -3.2625666   -1.0520086  945.3460  944.9525
2021 04 10 13 29 00    -3.2746839   -1.0582582  945.3398  944.9228
2021 04 10 13 30 00    -3.2858154   -1.0639270  945.3334  944.8794
2021 04 10 13 31 00    -3.2971939   -1.0695574  945.3263  944.8469
2021 04 10 13 32 00    -3.3093281   -1.0754803  945.3194  944.8141
2021 04 10 13 33 00    -3.3212248   -1.0814139  945.3131  944.8098
2021 04 10 13 34 00    -3.3329647   -1.0873770  945.3065  944.8400
2021 04 10 13 35 00    -3.3450054   -1.0933561  945.2991  944.8590
2021 04 10 13 36 00    -3.3571090   -1.0993257  945.2920  944.8545
2021 04 10 13 37 00    -3.3690570   -1.1053238  945.2853  944.8491
2021 04 10 13 38 00    -3.3804875   -1.1109579  945.2784  944.8459
2021 04 10 13 39 00    -3.3922246   -1.1166863  945.2716  944.8427
2021 04 10 13 40 00    -3.4050965   -1.1232273  945.2659  944.8395
2021 04 10 13 41 00    -3.4170161   -1.1294324  945.2602  944.8265
2021 04 10 13 42 00    -3.4277941   -1.1349259  945.2540  944.8036
2021 04 10 13 43 00    -3.4400662   -1.1410148  945.2474  944.7862
2021 04 10 13 44 00    -3.4529553   -1.1473929  945.2405  944.7801
2021 04 10 13 45 00    -3.4646087   -1.1531794  945.2335  944.7668
2021 04 10 13 46 00    -3.4763156   -1.1590014  945.2269  944.7338
2021 04 10 13 47 00    -3.4888003   -1.1652479  945.2202  944.6975
2021 04 10 13 48 00    -3.5009968   -1.1713801  945.2129  944.6743
2021 04 10 13 49 00    -3.5128285   -1.1773367  945.2055  944.6668
2021 04 10 13 50 00    -3.5248912   -1.1834328  945.1986  944.6695
2021 04 10 13 51 00    -3.5369495   -1.1895319  945.1925  944.6703
2021 04 10 13 52 00    -3.5488078   -1.1955492  945.1867  944.6728
2021 04 10 13 53 00    -3.5608887   -1.2017133  945.1801  944.6808
2021 04 10 13 54 00    -3.5731683   -1.2079060  945.1724  944.6762
2021 04 10 13 55 00    -3.5851798   -1.2138617  945.1647  944.6615
2021 04 10 13 56 00    -3.5970344   -1.2197866  945.1575  944.6526
2021 04 10 13 57 00    -3.6089670   -1.2258291  945.1504  944.6436
2021 04 10 13 58 00    -3.6208148   -1.2317866  945.1435  944.6371
2021 04 10 13 59 00    -3.6326168   -1.2376506  945.1372  944.6416
2021 04 10 14 00 00    -3.6444840   -1.2434953  945.1309  944.6397
2021 04 10 14 01 00    -3.6563996   -1.2493391  945.1241  944.6205
2021 04 10 14 02 00    -3.6683980   -1.2552884  945.1173  944.5998
2021 04 10 14 03 00    -3.6804080   -1.2613324  945.1108  944.5896
2021 04 10 14 04 00    -3.6923957   -1.2674045  945.1045  944.5852
2021 04 10 14 05 00    -3.7043443   -1.2734831  945.0980  944.5791
2021 04 10 14 06 00    -3.7161769   -1.2794684  945.0914  944.5685
2021 04 10 14 07 00    -3.7279855   -1.2853204  945.0846  944.5568
2021 04 10 14 08 00    -3.7398637   -1.2911392  945.0777  944.5469
2021 04 10 14 09 00    -3.7518110   -1.2970231  945.0706  944.5356
2021 04 10 14 10 00    -3.7638053   -1.3030054  945.0639  944.5209
2021 04 10 14 11 00    -3.7757624   -1.3090507  945.0578  944.5022
2021 04 10 14 12 00    -3.7876670   -1.3151136  945.0513  944.4723
2021 04 10 14 13 00    -3.7995563   -1.3211672  945.0438  944.4294
2021 04 10 14 14 00    -3.8114572   -1.3271471  945.0358  944.3879
2021 04 10 14 15 00    -3.8234187   -1.3330541  945.0280  944.3620
2021 04 10 14 16 00    -3.8353771   -1.3389653  945.0203  944.3511
2021 04 10 14 17 00    -3.8472305   -1.3448404  945.0129  944.3444
2021 04 10 14 18 00    -3.8590334   -1.3506680  945.0057  944.3318
2021 04 10 14 19 00    -3.8708549   -1.3566133  944.9983  944.3151
2021 04 10 14 20 00    -3.8825996   -1.3626708  944.9904  944.3055
2021 04 10 14 21 00    -3.8942470   -1.3686549  944.9825  944.3044
2021 04 10 14 22 00    -3.9059784   -1.3745716  944.9748  944.3025
2021 04 10 14 23 00    -3.9177601   -1.3804113  944.9675  944.2975
2021 04 10 14 24 00    -3.9293816   -1.3860404  944.9603  944.2897
2021 04 10 14 25 00    -3.9409162   -1.3916695  944.9526  944.2670
2021 04 10 14 26 00    -3.9526088   -1.3976334  944.9441  944.2271
2021 04 10 14 27 00    -3.9643979   -1.4036842  944.9350  944.1856
2021 04 10 14 28 00    -3.9760011   -1.4094285  944.9261  944.1477
2021 04 10 14 29 00    -3.9875192   -1.4151047  944.9175  944.1097
2021 04 10 14 30 00    -3.9991145   -1.4209623  944.9083  944.0769
2021 04 10 14 31 00    -4.0105182   -1.4267138  944.8988  944.0518
2021 04 10 14 32 00    -4.0217607   -1.4323187  944.8897  944.0286
2021 04 10 14 33 00    -4.0332085   -1.4380862  944.8809  944.0061
2021 04 10 14 34 00    -4.0447119   -1.4439183  944.8720  943.9855
2021 04 10 14 35 00    -4.0559646   -1.4495803  944.8627  943.9638
2021 04 10 14 36 00    -4.0670720   -1.4551487  944.8531  943.9388
2021 04 10 14 37 00    -4.0781896   -1.4607110  944.8435  943.9174
2021 04 10 14 38 00    -4.0894030   -1.4663064  944.8343  943.9110
2021 04 10 14 39 00    -4.1006438   -1.4718802  944.8258  943.9203
2021 04 10 14 40 00    -4.1115367   -1.4772095  944.8178  943.9327
2021 04 10 14 41 00    -4.1220662   -1.4823930  944.8092  943.9376
2021 04 10 14 42 00    -4.1327707   -1.4878327  944.8000  943.9380
2021 04 10 14 43 00    -4.1439246   -1.4935669  944.7912  943.9384
2021 04 10 14 44 00    -4.1551778   -1.4992387  944.7832  943.9350
2021 04 10 14 45 00    -4.1659863   -1.5045845  944.7754  943.9239
2021 04 10 14 46 00    -4.1763671   -1.5097327  944.7669  943.9091
2021 04 10 14 47 00    -4.1869062   -1.5150267  944.7579  943.8961
2021 04 10 14 48 00    -4.1976988   -1.5205122  944.7491  943.8882
2021 04 10 14 49 00    -4.2081857   -1.5258172  944.7407  943.8861
2021 04 10 14 50 00    -4.2183752   -1.5308511  944.7323  943.8890
2021 04 10 14 51 00    -4.2288775   -1.5360984  944.7242  943.8937
2021 04 10 14 52 00    -4.2396155   -1.5416508  944.7165  943.8939
2021 04 10 14 53 00    -4.2500300   -1.5470074  944.7093  943.8858
2021 04 10 14 54 00    -4.2601476   -1.5520044  944.7021  943.8730
2021 04 10 14 55 00    -4.2702587   -1.5568436  944.6946  943.8624
2021 04 10 14 56 00    -4.2803635   -1.5617239  944.6869  943.8564
2021 04 10 14 57 00    -4.2904792   -1.5668265  944.6788  943.8534
2021 04 10 14 58 00    -4.3007245   -1.5721288  944.6705  943.8533
2021 04 10 14 59 00    -4.3109906   -1.5773814  944.6624  943.8530
2021 04 10 15 00 00    -4.3210950   -1.5824317  944.6548  943.8406
2021 04 10 15 01 00    -4.3311006   -1.5873996  944.6472  943.8136
2021 04 10 15 02 00    -4.3410741   -1.5924165  944.6394  943.7866
2021 04 10 15 03 00    -4.3508910   -1.5973782  944.6315  943.7732
2021 04 10 15 04 00    -4.3604969   -1.6021504  944.6236  943.7734
2021 04 10 15 05 00    -4.3701025   -1.6068456  944.6161  943.7799
2021 04 10 15 06 00    -4.3799257   -1.6116840  944.6087  943.7849
2021 04 10 15 07 00    -4.3897692   -1.6166353  944.6006  943.7840
2021 04 10 15 08 00    -4.3992516   -1.6214995  944.5921  943.7766
2021 04 10 15 09 00    -4.4084805   -1.6262715  944.5844  943.7647
2021 04 10 15 10 00    -4.4179572   -1.6310659  944.5775  943.7518
2021 04 10 15 11 00    -4.4276461   -1.6358025  944.5704  943.7437
2021 04 10 15 12 00    -4.4368855   -1.6402999  944.5629  943.7445
2021 04 10 15 13 00    -4.4456390   -1.6446583  944.5554  943.7512
2021 04 10 15 14 00    -4.4546080   -1.6491367  944.5485  943.7600
2021 04 10 15 15 00    -4.4639074   -1.6537235  944.5419  943.7718
2021 04 10 15 16 00    -4.4730679   -1.6582741  944.5355  943.7872
2021 04 10 15 17 00    -4.4818469   -1.6627429  944.5291  943.8026
2021 04 10 15 18 00    -4.4903440   -1.6671438  944.5228  943.8113
2021 04 10 15 19 00    -4.4989949   -1.6715433  944.5164  943.8054
2021 04 10 15 20 00    -4.5080207   -1.6759921  944.5097  943.7782
2021 04 10 15 21 00    -4.5169252   -1.6804372  944.5027  943.7317
2021 04 10 15 22 00    -4.5254287   -1.6848006  944.4959  943.6778
2021 04 10 15 23 00    -4.5339912   -1.6891651  944.4888  943.6320
2021 04 10 15 24 00    -4.5427821   -1.6935671  944.4809  943.6068
2021 04 10 15 25 00    -4.5512973   -1.6977518  944.4723  943.6020
2021 04 10 15 26 00    -4.5593186   -1.7016503  944.4635  943.6054
2021 04 10 15 27 00    -4.5673136   -1.7055556  944.4555  943.6111
2021 04 10 15 28 00    -4.5755002   -1.7095500  944.4483  943.6242
2021 04 10 15 29 00    -4.5835594   -1.7135491  944.4411  943.6468
2021 04 10 15 30 00    -4.5914859   -1.7176591  944.4338  943.6699
2021 04 10 15 31 00    -4.5993944   -1.7218096  944.4270  943.6828
2021 04 10 15 32 00    -4.6071711   -1.7257689  944.4209  943.6825
2021 04 10 15 33 00    -4.6149744   -1.7295983  944.4152  943.6715
2021 04 10 15 34 00    -4.6228827   -1.7333828  944.4093  943.6530
2021 04 10 15 35 00    -4.6306006   -1.7370924  944.4030  943.6310
2021 04 10 15 36 00    -4.6380694   -1.7408195  944.3963  943.6085
2021 04 10 15 37 00    -4.6455221   -1.7446073  944.3891  943.5869
2021 04 10 15 38 00    -4.6531624   -1.7484265  944.3814  943.5656
2021 04 10 15 39 00    -4.6608420   -1.7522518  944.3740  943.5444
2021 04 10 15 40 00    -4.6681903   -1.7560066  944.3672  943.5283
2021 04 10 15 41 00    -4.6753263   -1.7597281  944.3603  943.5212
2021 04 10 15 42 00    -4.6824363   -1.7633494  944.3527  943.5189
2021 04 10 15 43 00    -4.6895480   -1.7667908  944.3451  943.5138
2021 04 10 15 44 00    -4.6969427   -1.7703921  944.3379  943.5023
2021 04 10 15 45 00    -4.7040995   -1.7740707  944.3303  943.4864
2021 04 10 15 46 00    -4.7103732   -1.7772969  944.3226  943.4728
2021 04 10 15 47 00    -4.7168093   -1.7804185  944.3152  943.4641
2021 04 10 15 48 00    -4.7239916   -1.7839205  944.3075  943.4541
2021 04 10 15 49 00    -4.7307049   -1.7872898  944.2998  943.4374
2021 04 10 15 50 00    -4.7367171   -1.7902422  944.2924  943.4193
2021 04 10 15 51 00    -4.7430690   -1.7933599  944.2848  943.4063
2021 04 10 15 52 00    -4.7497521   -1.7968176  944.2771  943.3975
2021 04 10 15 53 00    -4.7560786   -1.8001021  944.2689  943.3860
2021 04 10 15 54 00    -4.7620657   -1.8030641  944.2609  943.3667
2021 04 10 15 55 00    -4.7679370   -1.8060135  944.2531  943.3429
2021 04 10 15 56 00    -4.7736569   -1.8090100  944.2451  943.3233
2021 04 10 15 57 00    -4.7793772   -1.8119368  944.2375  943.3136
2021 04 10 15 58 00    -4.7851749   -1.8148254  944.2301  943.3128
2021 04 10 15 59 00    -4.7907518   -1.8176375  944.2224  943.3164
2021 04 10 16 00 00    -4.7961041   -1.8203114  944.2146  943.3192
2021 04 10 16 01 00    -4.8015604   -1.8229645  944.2074  943.3176
2021 04 10 16 02 00    -4.8071182   -1.8257127  944.2005  943.3148
2021 04 10 16 03 00    -4.8125029   -1.8285238  944.1933  943.3178
2021 04 10 16 04 00    -4.8175190   -1.8311447  944.1854  943.3274
2021 04 10 16 05 00    -4.8222658   -1.8334333  944.1777  943.3364
2021 04 10 16 06 00    -4.8271380   -1.8357585  944.1704  943.3350
2021 04 10 16 07 00    -4.8321916   -1.8383147  944.1629  943.3198
2021 04 10 16 08 00    -4.8370029   -1.8407667  944.1555  943.3025
2021 04 10 16 09 00    -4.8415530   -1.8430543  944.1492  943.2979
2021 04 10 16 10 00    -4.8461420   -1.8453265  944.1433  943.3023
2021 04 10 16 11 00    -4.8506598   -1.8474645  944.1366  943.3059
2021 04 10 16 12 00    -4.8550281   -1.8495500  944.1293  943.3080
2021 04 10 16 13 00    -4.8593448   -1.8517879  944.1224  943.3065
2021 04 10 16 14 00    -4.8634911   -1.8539658  944.1160  943.2951
2021 04 10 16 15 00    -4.8674870   -1.8558979  944.1099  943.2769
2021 04 10 16 16 00    -4.8715333   -1.8577968  944.1037  943.2623
2021 04 10 16 17 00    -4.8756326   -1.8598572  944.0969  943.2575
2021 04 10 16 18 00    -4.8796316   -1.8620083  944.0896  943.2615
2021 04 10 16 19 00    -4.8833694   -1.8640044  944.0826  943.2680
2021 04 10 16 20 00    -4.8868262   -1.8656765  944.0758  943.2676
2021 04 10 16 21 00    -4.8902869   -1.8672525  944.0684  943.2531
2021 04 10 16 22 00    -4.8939778   -1.8690581  944.0609  943.2282
2021 04 10 16 23 00    -4.8975632   -1.8709004  944.0538  943.2091
2021 04 10 16 24 00    -4.9007135   -1.8724514  944.0472  943.2051
2021 04 10 16 25 00    -4.9037111   -1.8739062  944.0405  943.2072
2021 04 10 16 26 00    -4.9068508   -1.8755561  944.0336  943.2034
2021 04 10 16 27 00    -4.9099966   -1.8772635  944.0268  943.1917
2021 04 10 16 28 00    -4.9129863   -1.8787647  944.0201  943.1764
2021 04 10 16 29 00    -4.9158251   -1.8800770  944.0131  943.1650
2021 04 10 16 30 00    -4.9184841   -1.8813772  944.0061  943.1590
2021 04 10 16 31 00    -4.9210959   -1.8827502  943.9990  943.1496
2021 04 10 16 32 00    -4.9238735   -1.8841194  943.9915  943.1327
2021 04 10 16 33 00    -4.9264218   -1.8852617  943.9836  943.1185
2021 04 10 16 34 00    -4.9283741   -1.8862114  943.9766  943.1132
2021 04 10 16 35 00    -4.9303069   -1.8873027  943.9702  943.1153
2021 04 10 16 36 00    -4.9325499   -1.8884290  943.9637  943.1255
2021 04 10 16 37 00    -4.9345574   -1.8892386  943.9576  943.1420
2021 04 10 16 38 00    -4.9362409   -1.8899620  943.9519  943.1564
2021 04 10 16 39 00    -4.9380018   -1.8909656  943.9461  943.1676
2021 04 10 16 40 00    -4.9397320   -1.8920666  943.9403  943.1809
2021 04 10 16 41 00    -4.9411656   -1.8929228  943.9344  943.1925
2021 04 10 16 42 00    -4.9424033   -1.8935506  943.9279  943.1950
2021 04 10 16 43 00    -4.9437678   -1.8942380  943.9211  943.1919
2021 04 10 16 44 00    -4.9451937   -1.8949138  943.9146  943.1930
2021 04 10 16 45 00    -4.9460612   -1.8952071  943.9085  943.2012
2021 04 10 16 46 00    -4.9466219   -1.8954703  943.9021  943.2107
2021 04 10 16 47 00    -4.9478028   -1.8961921  943.8956  943.2164
2021 04 10 16 48 00    -4.9491075   -1.8968062  943.8895  943.2212
2021 04 10 16 49 00    -4.9496377   -1.8969264  943.8836  943.2309
2021 04 10 16 50 00    -4.9499713   -1.8971661  943.8777  943.2441
2021 04 10 16 51 00    -4.9507244   -1.8976937  943.8718  943.2556
2021 04 10 16 52 00    -4.9514635   -1.8979848  943.8658  943.2647
2021 04 10 16 53 00    -4.9517767   -1.8979313  943.8603  943.2743
2021 04 10 16 54 00    -4.9517939   -1.8978813  943.8555  943.2836
2021 04 10 16 55 00    -4.9517963   -1.8980427  943.8507  943.2876
2021 04 10 16 56 00    -4.9518691   -1.8982009  943.8455  943.2825
2021 04 10 16 57 00    -4.9519366   -1.8981508  943.8401  943.2690
2021 04 10 16 58 00    -4.9519821   -1.8981797  943.8346  943.2537
2021 04 10 16 59 00    -4.9519232   -1.8983537  943.8291  943.2463
2021 04 10 17 00 00    -4.9515812   -1.8982271  943.8236  943.2505
2021 04 10 17 01 00    -4.9510048   -1.8978146  943.8180  943.2625
2021 04 10 17 02 00    -4.9504186   -1.8975369  943.8125  943.2764
2021 04 10 17 03 00    -4.9498443   -1.8973364  943.8079  943.2864
2021 04 10 17 04 00    -4.9491682   -1.8969435  943.8041  943.2874
2021 04 10 17 05 00    -4.9484079   -1.8964933  943.7996  943.2800
2021 04 10 17 06 00    -4.9475126   -1.8960937  943.7937  943.2735
2021 04 10 17 07 00    -4.9463888   -1.8955381  943.7879  943.2769
2021 04 10 17 08 00    -4.9451984   -1.8948563  943.7833  943.2855
2021 04 10 17 09 00    -4.9440149   -1.8942511  943.7790  943.2854
2021 04 10 17 10 00    -4.9427255   -1.8936774  943.7743  943.2714
2021 04 10 17 11 00    -4.9414224   -1.8930480  943.7693  943.2508
2021 04 10 17 12 00    -4.9401396   -1.8923614  943.7643  943.2318
2021 04 10 17 13 00    -4.9386129   -1.8915800  943.7592  943.2161
2021 04 10 17 14 00    -4.9368176   -1.8906918  943.7543  943.2040
2021 04 10 17 15 00    -4.9350630   -1.8898046  943.7496  943.1971
2021 04 10 17 16 00    -4.9333143   -1.8889818  943.7448  943.1971
2021 04 10 17 17 00    -4.9312893   -1.8880165  943.7396  943.2050
2021 04 10 17 18 00    -4.9291098   -1.8867737  943.7344  943.2165
2021 04 10 17 19 00    -4.9269869   -1.8855346  943.7290  943.2196
2021 04 10 17 20 00    -4.9247206   -1.8844634  943.7232  943.2090
2021 04 10 17 21 00    -4.9221962   -1.8833785  943.7177  943.1953
2021 04 10 17 22 00    -4.9197306   -1.8822085  943.7125  943.1907
2021 04 10 17 23 00    -4.9173682   -1.8809232  943.7070  943.1935
2021 04 10 17 24 00    -4.9147616   -1.8795004  943.7017  943.1928
2021 04 10 17 25 00    -4.9119226   -1.8781214  943.6974  943.1825
2021 04 10 17 26 00    -4.9090675   -1.8768044  943.6929  943.1685
2021 04 10 17 27 00    -4.9062278   -1.8753772  943.6877  943.1622
2021 04 10 17 28 00    -4.9033527   -1.8738259  943.6828  943.1658
2021 04 10 17 29 00    -4.9002610   -1.8722322  943.6786  943.1692
2021 04 10 17 30 00    -4.8969570   -1.8706728  943.6736  943.1655
2021 04 10 17 31 00    -4.8937177   -1.8691288  943.6677  943.1580
2021 04 10 17 32 00    -4.8904788   -1.8674824  943.6622  943.1497
2021 04 10 17 33 00    -4.8869856   -1.8656830  943.6573  943.1402
2021 04 10 17 34 00    -4.8833760   -1.8637899  943.6526  943.1317
2021 04 10 17 35 00    -4.8798560   -1.8619616  943.6475  943.1258
2021 04 10 17 36 00    -4.8762697   -1.8602435  943.6426  943.1199
2021 04 10 17 37 00    -4.8724283   -1.8583811  943.6378  943.1141
2021 04 10 17 38 00    -4.8684240   -1.8562329  943.6322  943.1099
2021 04 10 17 39 00    -4.8643963   -1.8540437  943.6260  943.1032
2021 04 10 17 40 00    -4.8602790   -1.8519576  943.6201  943.0927
2021 04 10 17 41 00    -4.8560398   -1.8498655  943.6145  943.0846
2021 04 10 17 42 00    -4.8518025   -1.8477677  943.6085  943.0849
2021 04 10 17 43 00    -4.8474550   -1.8456097  943.6024  943.0926
2021 04 10 17 44 00    -4.8427945   -1.8432417  943.5969  943.1023
2021 04 10 17 45 00    -4.8379799   -1.8408097  943.5924  943.1081
2021 04 10 17 46 00    -4.8332115   -1.8384532  943.5884  943.1088
2021 04 10 17 47 00    -4.8284741   -1.8360726  943.5844  943.1102
2021 04 10 17 48 00    -4.8237390   -1.8337075  943.5801  943.1173
2021 04 10 17 49 00    -4.8188369   -1.8313563  943.5754  943.1272
2021 04 10 17 50 00    -4.8135483   -1.8288223  943.5706  943.1330
2021 04 10 17 51 00    -4.8081194   -1.8261429  943.5659  943.1326
2021 04 10 17 52 00    -4.8029099   -1.8234810  943.5615  943.1306
2021 04 10 17 53 00    -4.7976822   -1.8207783  943.5571  943.1311
2021 04 10 17 54 00    -4.7921700   -1.8180468  943.5530  943.1330
2021 04 10 17 55 00    -4.7866559   -1.8154481  943.5497  943.1336
2021 04 10 17 56 00    -4.7812071   -1.8128025  943.5462  943.1333
2021 04 10 17 57 00    -4.7754852   -1.8097679  943.5419  943.1345
2021 04 10 17 58 00    -4.7695598   -1.8065509  943.5370  943.1395
2021 04 10 17 59 00    -4.7637485   -1.8036008  943.5322  943.1486
2021 04 10 18 00 00    -4.7579291   -1.8008218  943.5277  943.1597
2021 04 10 18 01 00    -4.7518355   -1.7978555  943.5239  943.1709
2021 04 10 18 02 00    -4.7455692   -1.7946933  943.5204  943.1815
2021 04 10 18 03 00    -4.7393231   -1.7915315  943.5171  943.1892
2021 04 10 18 04 00    -4.7331561   -1.7884648  943.5141  943.1914
2021 04 10 18 05 00    -4.7270527   -1.7854213  943.5108  943.1882
2021 04 10 18 06 00    -4.7207968   -1.7822634  943.5074  943.1817
2021 04 10 18 07 00    -4.7142661   -1.7790422  943.5044  943.1756
2021 04 10 18 08 00    -4.7075945   -1.7758224  943.5014  943.1721
2021 04 10 18 09 00    -4.7008259   -1.7724633  943.4974  943.1700
2021 04 10 18 10 00    -4.6940356   -1.7690066  943.4929  943.1683
2021 04 10 18 11 00    -4.6873013   -1.7656112  943.4891  943.1677
2021 04 10 18 12 00    -4.6804507   -1.7622065  943.4856  943.1682
2021 04 10 18 13 00    -4.6734130   -1.7587248  943.4815  943.1700
2021 04 10 18 14 00    -4.6663548   -1.7551545  943.4769  943.1732
2021 04 10 18 15 00    -4.6593024   -1.7514687  943.4732  943.1766
2021 04 10 18 16 00    -4.6520999   -1.7477772  943.4705  943.1792
2021 04 10 18 17 00    -4.6447857   -1.7442359  943.4680  943.1827
2021 04 10 18 18 00    -4.6375147   -1.7407929  943.4646  943.1891
2021 04 10 18 19 00    -4.6301195   -1.7371748  943.4609  943.1977
2021 04 10 18 20 00    -4.6225096   -1.7332775  943.4581  943.2072
2021 04 10 18 21 00    -4.6149287   -1.7293359  943.4558  943.2176
2021 04 10 18 22 00    -4.6073442   -1.7255025  943.4530  943.2294
2021 04 10 18 23 00    -4.5995963   -1.7216686  943.4496  943.2441
2021 04 10 18 24 00    -4.5917150   -1.7176826  943.4463  943.2604
2021 04 10 18 25 00    -4.5836905   -1.7136077  943.4435  943.2730
2021 04 10 18 26 00    -4.5756557   -1.7096990  943.4411  943.2808
2021 04 10 18 27 00    -4.5677253   -1.7058866  943.4391  943.2884
2021 04 10 18 28 00    -4.5596656   -1.7018264  943.4370  943.3000
2021 04 10 18 29 00    -4.5513317   -1.6975277  943.4352  943.3167
2021 04 10 18 30 00    -4.5428652   -1.6932770  943.4341  943.3358
2021 04 10 18 31 00    -4.5344873   -1.6892022  943.4335  943.3536
2021 04 10 18 32 00    -4.5262322   -1.6851284  943.4329  943.3712
2021 04 10 18 33 00    -4.5178637   -1.6808410  943.4319  943.3921
2021 04 10 18 34 00    -4.5093709   -1.6764965  943.4307  943.4130
2021 04 10 18 35 00    -4.5008971   -1.6723008  943.4300  943.4241
2021 04 10 18 36 00    -4.4923115   -1.6680718  943.4296  943.4211
2021 04 10 18 37 00    -4.4835885   -1.6637013  943.4285  943.4115
2021 04 10 18 38 00    -4.4749196   -1.6594237  943.4269  943.4048
2021 04 10 18 39 00    -4.4662859   -1.6552255  943.4260  943.4021
2021 04 10 18 40 00    -4.4574881   -1.6507934  943.4257  943.4010
2021 04 10 18 41 00    -4.4485070   -1.6461938  943.4249  943.4010
2021 04 10 18 42 00    -4.4396171   -1.6417767  943.4234  943.4015
2021 04 10 18 43 00    -4.4308972   -1.6374806  943.4219  943.4016
2021 04 10 18 44 00    -4.4219239   -1.6328911  943.4206  943.4030
2021 04 10 18 45 00    -4.4126145   -1.6280429  943.4193  943.4088
2021 04 10 18 46 00    -4.4034754   -1.6234441  943.4181  943.4170
2021 04 10 18 47 00    -4.3945587   -1.6190898  943.4170  943.4235
2021 04 10 18 48 00    -4.3854324   -1.6145436  943.4162  943.4273
2021 04 10 18 49 00    -4.3759530   -1.6097983  943.4156  943.4303
2021 04 10 18 50 00    -4.3663275   -1.6050448  943.4148  943.4343
2021 04 10 18 51 00    -4.3568097   -1.6002699  943.4135  943.4424
2021 04 10 18 52 00    -4.3473809   -1.5954405  943.4127  943.4562
2021 04 10 18 53 00    -4.3378380   -1.5905809  943.4124  943.4732
2021 04 10 18 54 00    -4.3282084   -1.5857580  943.4121  943.4891
2021 04 10 18 55 00    -4.3186523   -1.5810491  943.4116  943.5014
2021 04 10 18 56 00    -4.3090734   -1.5763444  943.4112  943.5091
2021 04 10 18 57 00    -4.2992316   -1.5714502  943.4114  943.5103
2021 04 10 18 58 00    -4.2892387   -1.5664659  943.4113  943.5061
2021 04 10 18 59 00    -4.2794015   -1.5615483  943.4102  943.5006
2021 04 10 19 00 00    -4.2696771   -1.5566179  943.4092  943.4954
2021 04 10 19 01 00    -4.2599552   -1.5516839  943.4088  943.4895
2021 04 10 19 02 00    -4.2502655   -1.5468082  943.4082  943.4823
2021 04 10 19 03 00    -4.2404333   -1.5418427  943.4067  943.4727
2021 04 10 19 04 00    -4.2303831   -1.5367732  943.4049  943.4622
2021 04 10 19 05 00    -4.2203411   -1.5318106  943.4038  943.4564
2021 04 10 19 06 00    -4.2103232   -1.5268741  943.4031  943.4591
2021 04 10 19 07 00    -4.2001427   -1.5217057  943.4020  943.4681
2021 04 10 19 08 00    -4.1898448   -1.5164586  943.4010  943.4779
2021 04 10 19 09 00    -4.1795789   -1.5113744  943.4005  943.4840
2021 04 10 19 10 00    -4.1693043   -1.5063052  943.3998  943.4850
2021 04 10 19 11 00    -4.1589888   -1.5011241  943.3985  943.4827
2021 04 10 19 12 00    -4.1486616   -1.4958972  943.3970  943.4809
2021 04 10 19 13 00    -4.1382770   -1.4906379  943.3954  943.4814
2021 04 10 19 14 00    -4.1278888   -1.4853997  943.3939  943.4844
2021 04 10 19 15 00    -4.1175397   -1.4802531  943.3929  943.4894
2021 04 10 19 16 00    -4.1071038   -1.4750983  943.3922  943.4957
2021 04 10 19 17 00    -4.0965380   -1.4697975  943.3918  943.5016
2021 04 10 19 18 00    -4.0858570   -1.4643739  943.3913  943.5046
2021 04 10 19 19 00    -4.0751387   -1.4589858  943.3906  943.5008
2021 04 10 19 20 00    -4.0646431   -1.4537535  943.3898  943.4906
2021 04 10 19 21 00    -4.0543149   -1.4485598  943.3886  943.4818
2021 04 10 19 22 00    -4.0437889   -1.4432187  943.3876  943.4817
2021 04 10 19 23 00    -4.0330409   -1.4377727  943.3867  943.4862
2021 04 10 19 24 00    -4.0222167   -1.4323057  943.3856  943.4862
2021 04 10 19 25 00    -4.0114172   -1.4268834  943.3841  943.4812
2021 04 10 19 26 00    -4.0007914   -1.4216446  943.3831  943.4772
2021 04 10 19 27 00    -3.9902633   -1.4165135  943.3824  943.4785
2021 04 10 19 28 00    -3.9795870   -1.4112154  943.3809  943.4838
2021 04 10 19 29 00    -3.9686576   -1.4056781  943.3783  943.4890
2021 04 10 19 30 00    -3.9576577   -1.4001222  943.3757  943.4919
2021 04 10 19 31 00    -3.9468619   -1.3947068  943.3742  943.4936
2021 04 10 19 32 00    -3.9360453   -1.3892742  943.3736  943.4940
2021 04 10 19 33 00    -3.9249178   -1.3837150  943.3731  943.4935
2021 04 10 19 34 00    -3.9139175   -1.3782302  943.3725  943.4935
2021 04 10 19 35 00    -3.9033197   -1.3728824  943.3712  943.4924
2021 04 10 19 36 00    -3.8926201   -1.3674257  943.3689  943.4873
2021 04 10 19 37 00    -3.8815617   -1.3618029  943.3665  943.4785
2021 04 10 19 38 00    -3.8704875   -1.3562320  943.3650  943.4690
2021 04 10 19 39 00    -3.8596048   -1.3508354  943.3641  943.4621
2021 04 10 19 40 00    -3.8487447   -1.3455068  943.3631  943.4605
2021 04 10 19 41 00    -3.8377590   -1.3400197  943.3620  943.4643
2021 04 10 19 42 00    -3.8267410   -1.3343615  943.3607  943.4725
2021 04 10 19 43 00    -3.8157733   -1.3287436  943.3590  943.4832
2021 04 10 19 44 00    -3.8047184   -1.3231511  943.3574  943.4924
2021 04 10 19 45 00    -3.7934653   -1.3175016  943.3563  943.4980
2021 04 10 19 46 00    -3.7822251   -1.3119749  943.3555  943.5036
2021 04 10 19 47 00    -3.7712018   -1.3066092  943.3543  943.5092
2021 04 10 19 48 00    -3.7601561   -1.3011495  943.3527  943.5111
2021 04 10 19 49 00    -3.7488156   -1.2955052  943.3515  943.5109
2021 04 10 19 50 00    -3.7374088   -1.2898679  943.3507  943.5121
2021 04 10 19 51 00    -3.7263378   -1.2843824  943.3495  943.5142
2021 04 10 19 52 00    -3.7154891   -1.2789778  943.3476  943.5151
2021 04 10 19 53 00    -3.7044777   -1.2735562  943.3460  943.5124
2021 04 10 19 54 00    -3.6933561   -1.2680779  943.3450  943.5063
2021 04 10 19 55 00    -3.6822546   -1.2624565  943.3441  943.5018
2021 04 10 19 56 00    -3.6710594   -1.2566894  943.3425  943.4997
2021 04 10 19 57 00    -3.6598354   -1.2509312  943.3402  943.4934
2021 04 10 19 58 00    -3.6487915   -1.2453310  943.3381  943.4832
2021 04 10 19 59 00    -3.6379056   -1.2399085  943.3372  943.4773
2021 04 10 20 00 00    -3.6268741   -1.2344780  943.3368  943.4760
2021 04 10 20 01 00    -3.6155967   -1.2288641  943.3355  943.4733
2021 04 10 20 02 00    -3.6043823   -1.2231646  943.3329  943.4734
2021 04 10 20 03 00    -3.5933225   -1.2175136  943.3302  943.4809
2021 04 10 20 04 00    -3.5822616   -1.2119459  943.3289  943.4889
2021 04 10 20 05 00    -3.5712216   -1.2065037  943.3284  943.4932
2021 04 10 20 06 00    -3.5601917   -1.2010695  943.3272  943.4984
2021 04 10 20 07 00    -3.5491144   -1.1955316  943.3253  943.5044
2021 04 10 20 08 00    -3.5380541   -1.1900312  943.3235  943.5049
2021 04 10 20 09 00    -3.5270552   -1.1845768  943.3222  943.4972
2021 04 10 20 10 00    -3.5161397   -1.1790641  943.3214  943.4868
2021 04 10 20 11 00    -3.5052594   -1.1735890  943.3205  943.4822
2021 04 10 20 12 00    -3.4942405   -1.1681272  943.3189  943.4833
2021 04 10 20 13 00    -3.4830506   -1.1625028  943.3165  943.4835
2021 04 10 20 14 00    -3.4719250   -1.1568511  943.3141  943.4811
2021 04 10 20 15 00    -3.4610740   -1.1514263  943.3121  943.4776
2021 04 10 20 16 00    -3.4503703   -1.1460741  943.3109  943.4730
2021 04 10 20 17 00    -3.4395468   -1.1405462  943.3103  943.4693
2021 04 10 20 18 00    -3.4286458   -1.1349757  943.3091  943.4693
2021 04 10 20 19 00    -3.4177881   -1.1295254  943.3067  943.4683
2021 04 10 20 20 00    -3.4068466   -1.1241148  943.3040  943.4579
2021 04 10 20 21 00    -3.3959112   -1.1186883  943.3015  943.4440
2021 04 10 20 22 00    -3.3852684   -1.1132873  943.2993  943.4406
2021 04 10 20 23 00    -3.3747621   -1.1079428  943.2972  943.4470
2021 04 10 20 24 00    -3.3640460   -1.1026518  943.2954  943.4533
2021 04 10 20 25 00    -3.3531389   -1.0973278  943.2942  943.4569
2021 04 10 20 26 00    -3.3422613   -1.0919196  943.2931  943.4580
2021 04 10 20 27 00    -3.3315377   -1.0865407  943.2910  943.4547
2021 04 10 20 28 00    -3.3209881   -1.0812591  943.2878  943.4482
2021 04 10 20 29 00    -3.3104912   -1.0759804  943.2849  943.4426
2021 04 10 20 30 00    -3.2998907   -1.0706499  943.2828  943.4407
2021 04 10 20 31 00    -3.2892718   -1.0653106  943.2806  943.4415
2021 04 10 20 32 00    -3.2787032   -1.0599451  943.2783  943.4455
2021 04 10 20 33 00    -3.2680909   -1.0545046  943.2766  943.4541
2021 04 10 20 34 00    -3.2575523   -1.0491185  943.2754  943.4621
2021 04 10 20 35 00    -3.2471917   -1.0439520  943.2738  943.4642
2021 04 10 20 36 00    -3.2368541   -1.0388988  943.2719  943.4624
2021 04 10 20 37 00    -3.2264942   -1.0337622  943.2706  943.4603
2021 04 10 20 38 00    -3.2161785   -1.0285802  943.2695  943.4587
2021 04 10 20 39 00    -3.2058592   -1.0234563  943.2679  943.4545
2021 04 10 20 40 00    -3.1955414   -1.0183177  943.2658  943.4442
2021 04 10 20 41 00    -3.1853918   -1.0131639  943.2635  943.4322
2021 04 10 20 42 00    -3.1753580   -1.0081020  943.2611  943.4240
2021 04 10 20 43 00    -3.1651906   -1.0030157  943.2590  943.4172
2021 04 10 20 44 00    -3.1550240   -0.9978341  943.2563  943.4077
2021 04 10 20 45 00    -3.1450501   -0.9928016  943.2533  943.3980
2021 04 10 20 46 00    -3.1350897   -0.9880013  943.2509  943.3899
2021 04 10 20 47 00    -3.1251115   -0.9831776  943.2487  943.3829
2021 04 10 20 48 00    -3.1152505   -0.9782088  943.2458  943.3802
2021 04 10 20 49 00    -3.1053757   -0.9731991  943.2427  943.3824
2021 04 10 20 50 00    -3.0953865   -0.9681928  943.2399  943.3813
2021 04 10 20 51 00    -3.0855399   -0.9632499  943.2369  943.3748
2021 04 10 20 52 00    -3.0759796   -0.9584344  943.2341  943.3709
2021 04 10 20 53 00    -3.0664316   -0.9536327  943.2314  943.3714
2021 04 10 20 54 00    -3.0566564   -0.9487484  943.2285  943.3695
2021 04 10 20 55 00    -3.0467537   -0.9438043  943.2255  943.3646
2021 04 10 20 56 00    -3.0370215   -0.9388608  943.2230  943.3636
2021 04 10 20 57 00    -3.0275623   -0.9340078  943.2205  943.3709
2021 04 10 20 58 00    -3.0181313   -0.9292647  943.2179  943.3830
2021 04 10 20 59 00    -3.0086467   -0.9245995  943.2161  943.3932
2021 04 10 21 00 00    -2.9992342   -0.9199716  943.2148  943.3955
2021 04 10 21 01 00    -2.9898479   -0.9153339  943.2128  943.3892
2021 04 10 21 02 00    -2.9805171   -0.9107008  943.2098  943.3808
2021 04 10 21 03 00    -2.9714089   -0.9061301  943.2065  943.3768
2021 04 10 21 04 00    -2.9624681   -0.9016543  943.2040  943.3742
2021 04 10 21 05 00    -2.9534850   -0.8971407  943.2022  943.3688
2021 04 10 21 06 00    -2.9443936   -0.8924582  943.2002  943.3634
2021 04 10 21 07 00    -2.9352600   -0.8877684  943.1975  943.3581
2021 04 10 21 08 00    -2.9262431   -0.8832889  943.1942  943.3517
2021 04 10 21 09 00    -2.9176058   -0.8790616  943.1912  943.3456
2021 04 10 21 10 00    -2.9092524   -0.8749239  943.1889  943.3385
2021 04 10 21 11 00    -2.9006299   -0.8706262  943.1864  943.3282
2021 04 10 21 12 00    -2.8916248   -0.8661842  943.1831  943.3166
2021 04 10 21 13 00    -2.8827696   -0.8618202  943.1796  943.3074
2021 04 10 21 14 00    -2.8743320   -0.8575797  943.1769  943.3045
2021 04 10 21 15 00    -2.8660537   -0.8533755  943.1745  943.3084
2021 04 10 21 16 00    -2.8577466   -0.8492284  943.1714  943.3127
2021 04 10 21 17 00    -2.8493866   -0.8450895  943.1677  943.3113
2021 04 10 21 18 00    -2.8408942   -0.8407892  943.1641  943.3053
2021 04 10 21 19 00    -2.8324503   -0.8364647  943.1608  943.2991
2021 04 10 21 20 00    -2.8243123   -0.8323757  943.1579  943.2935
2021 04 10 21 21 00    -2.8162493   -0.8283502  943.1557  943.2870
2021 04 10 21 22 00    -2.8081124   -0.8242383  943.1531  943.2814
2021 04 10 21 23 00    -2.8001383   -0.8202946  943.1497  943.2808
2021 04 10 21 24 00    -2.7922212   -0.8164997  943.1462  943.2851
2021 04 10 21 25 00    -2.7841822   -0.8125694  943.1433  943.2894
2021 04 10 21 26 00    -2.7762991   -0.8085658  943.1408  943.2905
2021 04 10 21 27 00    -2.7686449   -0.8046088  943.1384  943.2894
2021 04 10 21 28 00    -2.7609316   -0.8006744  943.1356  943.2883
2021 04 10 21 29 00    -2.7532125   -0.7968899  943.1321  943.2876
2021 04 10 21 30 00    -2.7457438   -0.7932963  943.1286  943.2852
2021 04 10 21 31 00    -2.7384015   -0.7896498  943.1261  943.2828
2021 04 10 21 32 00    -2.7309746   -0.7858427  943.1240  943.2850
2021 04 10 21 33 00    -2.7235267   -0.7820061  943.1216  943.2920
2021 04 10 21 34 00    -2.7161390   -0.7782515  943.1192  943.2986
2021 04 10 21 35 00    -2.7088717   -0.7746450  943.1173  943.3026
2021 04 10 21 36 00    -2.7017989   -0.7711497  943.1153  943.3056
2021 04 10 21 37 00    -2.6948242   -0.7676200  943.1128  943.3083
2021 04 10 21 38 00    -2.6878147   -0.7640365  943.1102  943.3109
2021 04 10 21 39 00    -2.6808199   -0.7605172  943.1075  943.3136
2021 04 10 21 40 00    -2.6739300   -0.7570710  943.1050  943.3164
2021 04 10 21 41 00    -2.6671419   -0.7536534  943.1032  943.3184
2021 04 10 21 42 00    -2.6604663   -0.7503400  943.1019  943.3187
2021 04 10 21 43 00    -2.6539161   -0.7471032  943.1006  943.3172
2021 04 10 21 44 00    -2.6474605   -0.7438547  943.0988  943.3170
2021 04 10 21 45 00    -2.6411091   -0.7407178  943.0965  943.3229
2021 04 10 21 46 00    -2.6348334   -0.7376717  943.0946  943.3335
2021 04 10 21 47 00    -2.6285888   -0.7345196  943.0935  943.3424
2021 04 10 21 48 00    -2.6224012   -0.7313837  943.0920  943.3513
2021 04 10 21 49 00    -2.6162334   -0.7283872  943.0895  943.3671
2021 04 10 21 50 00    -2.6100722   -0.7253180  943.0875  943.3862
2021 04 10 21 51 00    -2.6039817   -0.7221387  943.0869  943.3956
2021 04 10 21 52 00    -2.5979965   -0.7190974  943.0867  943.3910
2021 04 10 21 53 00    -2.5922236   -0.7162769  943.0858  943.3802
2021 04 10 21 54 00    -2.5866761   -0.7135452  943.0839  943.3694
2021 04 10 21 55 00    -2.5811787   -0.7107602  943.0815  943.3612
2021 04 10 21 56 00    -2.5757171   -0.7079252  943.0795  943.3578
2021 04 10 21 57 00    -2.5703798   -0.7052272  943.0780  943.3559
2021 04 10 21 58 00    -2.5651240   -0.7026828  943.0768  943.3527
2021 04 10 21 59 00    -2.5599027   -0.7000805  943.0756  943.3513
2021 04 10 22 00 00    -2.5546883   -0.6974030  943.0742  943.3529
2021 04 10 22 01 00    -2.5494628   -0.6947344  943.0725  943.3548
2021 04 10 22 02 00    -2.5443143   -0.6920807  943.0708  943.3547
2021 04 10 22 03 00    -2.5394007   -0.6895769  943.0690  943.3519
2021 04 10 22 04 00    -2.5347988   -0.6873394  943.0677  943.3525
2021 04 10 22 05 00    -2.5302299   -0.6851554  943.0668  943.3644
2021 04 10 22 06 00    -2.5253062   -0.6827283  943.0654  943.3833
2021 04 10 22 07 00    -2.5202736   -0.6801528  943.0635  943.3958
2021 04 10 22 08 00    -2.5157060   -0.6778075  943.0618  943.3976
2021 04 10 22 09 00    -2.5115456   -0.6757456  943.0608  943.3955
2021 04 10 22 10 00    -2.5073356   -0.6736729  943.0600  943.3951
2021 04 10 22 11 00    -2.5030647   -0.6715586  943.0594  943.3967
2021 04 10 22 12 00    -2.4989616   -0.6695829  943.0589  943.3976
2021 04 10 22 13 00    -2.4949311   -0.6676294  943.0583  943.3953
2021 04 10 22 14 00    -2.4908869   -0.6655317  943.0574  943.3946
2021 04 10 22 15 00    -2.4869700   -0.6634789  943.0564  943.4060
2021 04 10 22 16 00    -2.4831654   -0.6616273  943.0556  943.4275
2021 04 10 22 17 00    -2.4793595   -0.6597745  943.0552  943.4440
2021 04 10 22 18 00    -2.4756074   -0.6578212  943.0550  943.4527
2021 04 10 22 19 00    -2.4721061   -0.6560473  943.0546  943.4654
2021 04 10 22 20 00    -2.4688859   -0.6545282  943.0542  943.4788
2021 04 10 22 21 00    -2.4656577   -0.6529182  943.0543  943.4775
2021 04 10 22 22 00    -2.4623769   -0.6511706  943.0548  943.4629
2021 04 10 22 23 00    -2.4593163   -0.6495807  943.0545  943.4510
2021 04 10 22 24 00    -2.4564037   -0.6481423  943.0533  943.4488
2021 04 10 22 25 00    -2.4534261   -0.6466901  943.0524  943.4530
2021 04 10 22 26 00    -2.4504915   -0.6452218  943.0524  943.4588
2021 04 10 22 27 00    -2.4477585   -0.6437945  943.0521  943.4605
2021 04 10 22 28 00    -2.4451711   -0.6424303  943.0513  943.4568
2021 04 10 22 29 00    -2.4425693   -0.6410768  943.0510  943.4513
2021 04 10 22 30 00    -2.4400125   -0.6397884  943.0510  943.4516
2021 04 10 22 31 00    -2.4376825   -0.6386682  943.0502  943.4684
2021 04 10 22 32 00    -2.4354511   -0.6375791  943.0495  943.4968
2021 04 10 22 33 00    -2.4331451   -0.6364831  943.0501  943.5152
2021 04 10 22 34 00    -2.4309386   -0.6355044  943.0514  943.5139
2021 04 10 22 35 00    -2.4289502   -0.6344619  943.0517  943.5039
2021 04 10 22 36 00    -2.4269675   -0.6332186  943.0513  943.5021
2021 04 10 22 37 00    -2.4249318   -0.6320986  943.0510  943.5162
2021 04 10 22 38 00    -2.4230670   -0.6312999  943.0508  943.5329
2021 04 10 22 39 00    -2.4214667   -0.6305979  943.0510  943.5371
2021 04 10 22 40 00    -2.4200682   -0.6299077  943.0517  943.5343
2021 04 10 22 41 00    -2.4187879   -0.6293012  943.0521  943.5323
2021 04 10 22 42 00    -2.4175780   -0.6286823  943.0516  943.5270
2021 04 10 22 43 00    -2.4164278   -0.6280822  943.0508  943.5148
2021 04 10 22 44 00    -2.4152703   -0.6275569  943.0503  943.5010
2021 04 10 22 45 00    -2.4142089   -0.6269943  943.0496  943.4905
2021 04 10 22 46 00    -2.4134563   -0.6265233  943.0485  943.4786
2021 04 10 22 47 00    -2.4128185   -0.6262508  943.0469  943.4618
2021 04 10 22 48 00    -2.4120698   -0.6259885  943.0449  943.4462
2021 04 10 22 49 00    -2.4114780   -0.6257185  943.0431  943.4376
2021 04 10 22 50 00    -2.4111818   -0.6255759  943.0420  943.4335
2021 04 10 22 51 00    -2.4109055   -0.6255133  943.0415  943.4282
2021 04 10 22 52 00    -2.4106270   -0.6254160  943.0410  943.4194
2021 04 10 22 53 00    -2.4105287   -0.6253206  943.0392  943.4101
2021 04 10 22 54 00    -2.4105041   -0.6253260  943.0361  943.4072
2021 04 10 22 55 00    -2.4104636   -0.6254102  943.0335  943.4129
2021 04 10 22 56 00    -2.4104876   -0.6254304  943.0327  943.4214
2021 04 10 22 57 00    -2.4105995   -0.6253217  943.0325  943.4301
2021 04 10 22 58 00    -2.4108908   -0.6252891  943.0313  943.4377
2021 04 10 22 59 00    -2.4114069   -0.6255237  943.0294  943.4363
2021 04 10 23 00 00    -2.4119220   -0.6258589  943.0274  943.4226
2021 04 10 23 01 00    -2.4122780   -0.6260893  943.0256  943.4079
2021 04 10 23 02 00    -2.4127614   -0.6262988  943.0242  943.4050
2021 04 10 23 03 00    -2.4136187   -0.6266183  943.0231  943.4115
2021 04 10 23 04 00    -2.4144984   -0.6269757  943.0221  943.4165
2021 04 10 23 05 00    -2.4152182   -0.6273514  943.0211  943.4191
2021 04 10 23 06 00    -2.4161977   -0.6279141  943.0195  943.4237
2021 04 10 23 07 00    -2.4175271   -0.6286284  943.0175  943.4278
2021 04 10 23 08 00    -2.4188406   -0.6292882  943.0156  943.4240
2021 04 10 23 09 00    -2.4200874   -0.6299510  943.0137  943.4092
2021 04 10 23 10 00    -2.4215016   -0.6307858  943.0119  943.3939
2021 04 10 23 11 00    -2.4230368   -0.6316810  943.0102  943.3941
2021 04 10 23 12 00    -2.4245060   -0.6324109  943.0085  943.4072
2021 04 10 23 13 00    -2.4260855   -0.6330482  943.0069  943.4124
2021 04 10 23 14 00    -2.4279771   -0.6338551  943.0050  943.4055
2021 04 10 23 15 00    -2.4300039   -0.6348673  943.0031  943.4022
2021 04 10 23 16 00    -2.4319939   -0.6359048  943.0014  943.4057
2021 04 10 23 17 00    -2.4339753   -0.6368917  943.0002  943.4100
2021 04 10 23 18 00    -2.4360229   -0.6379151  942.9988  943.4148
2021 04 10 23 19 00    -2.4383111   -0.6391048  942.9972  943.4139
2021 04 10 23 20 00    -2.4409968   -0.6405012  942.9958  943.4001
2021 04 10 23 21 00    -2.4438031   -0.6418717  942.9940  943.3800
2021 04 10 23 22 00    -2.4463914   -0.6430313  942.9914  943.3657
2021 04 10 23 23 00    -2.4490788   -0.6442483  942.9886  943.3597
2021 04 10 23 24 00    -2.4521405   -0.6457750  942.9864  943.3496
2021 04 10 23 25 00    -2.4551850   -0.6474415  942.9846  943.3258
2021 04 10 23 26 00    -2.4580809   -0.6490536  942.9827  943.2999
2021 04 10 23 27 00    -2.4611784   -0.6506664  942.9805  943.2911
2021 04 10 23 28 00    -2.4644131   -0.6523066  942.9779  943.2958
2021 04 10 23 29 00    -2.4675435   -0.6539126  942.9750  943.2944
2021 04 10 23 30 00    -2.4708064   -0.6555436  942.9721  943.2859
2021 04 10 23 31 00    -2.4743164   -0.6572570  942.9689  943.2819
2021 04 10 23 32 00    -2.4778109   -0.6590108  942.9651  943.2799
2021 04 10 23 33 00    -2.4813312   -0.6607825  942.9614  943.2751
2021 04 10 23 34 00    -2.4851145   -0.6625701  942.9587  943.2729
2021 04 10 23 35 00    -2.4890581   -0.6643885  942.9564  943.2758
2021 04 10 23 36 00    -2.4928873   -0.6663123  942.9534  943.2776
2021 04 10 23 37 00    -2.4967489   -0.6684234  942.9497  943.2689
2021 04 10 23 38 00    -2.5010851   -0.6706645  942.9464  943.2474
2021 04 10 23 39 00    -2.5056828   -0.6728514  942.9439  943.2257
2021 04 10 23 40 00    -2.5100498   -0.6749977  942.9412  943.2152
2021 04 10 23 41 00    -2.5144041   -0.6772492  942.9379  943.2099
2021 04 10 23 42 00    -2.5188908   -0.6794483  942.9343  943.2020
2021 04 10 23 43 00    -2.5232206   -0.6815175  942.9311  943.2009
2021 04 10 23 44 00    -2.5275908   -0.6837786  942.9283  943.2171
2021 04 10 23 45 00    -2.5323638   -0.6862588  942.9256  943.2389
2021 04 10 23 46 00    -2.5373090   -0.6886640  942.9229  943.2466
2021 04 10 23 47 00    -2.5421014   -0.6910296  942.9203  943.2440
2021 04 10 23 48 00    -2.5468676   -0.6935406  942.9182  943.2490
2021 04 10 23 49 00    -2.5518902   -0.6961831  942.9160  943.2637
2021 04 10 23 50 00    -2.5571894   -0.6988514  942.9133  943.2741
2021 04 10 23 51 00    -2.5625461   -0.7014702  942.9112  943.2719
2021 04 10 23 52 00    -2.5678501   -0.7041255  942.9097  943.2638
2021 04 10 23 53 00    -2.5732199   -0.7069089  942.9079  943.2594
2021 04 10 23 54 00    -2.5787793   -0.7096986  942.9057  943.2575
2021 04 10 23 55 00    -2.5844769   -0.7124374  942.9036  943.2497
2021 04 10 23 56 00    -2.5901901   -0.7152262  942.9011  943.2330
2021 04 10 23 57 00    -2.5960268   -0.7181204  942.8978  943.2154
2021 04 10 23 58 00    -2.6020316   -0.7210838  942.8945  943.2064
2021 04 10 23 59 00    -2.6079662   -0.7240507  942.8915  943.2041
