[TSF-file]     v01.0

[TIMEFORMAT]   DATETIME
[INCREMENT]    60
[CHANNELS]
    BF:SG056:G1-F60 
    BF:SG056:G2-F60 
    BF:SG056:Br1-F60
    BF:SG056:Br2-F60
[UNITS]
    Volt
    Volt
    mbar
    mbar
[UNDETVAL]                      9999.999
[PHASE_LAG_1_DEG_CPD]           0.0402
[PHASE_LAG_1_DEG_CPD_ERROR]     0.0002
[N_LATITUDE_DEG]                48.3294
[N_LATITUDE_DEG_ERROR]          0.0001
[E_LONGITUDE_DEG]               008.3284
[E_LONGITUDE_DEG_ERROR]         0.0001
[HEIGHT_M_1]                    589.20
[HEIGHT_M_1_ERROR]              0.01
[GRAVITY_CAL_1_UGAL_V]          -40.1100
[GRAVITY_CAL_1_UGAL_V_ERROR]    0.0300
[PRESSURE_CAL_MBAR_V]           1.0000
[PRESSURE_CAL_MBAR_V_ERROR]     0.0001
[AUTHOR]                        Thomas Forbriger@kit.edu
[PHASE_LAG_2_DEG_CPD]           0.0402
[PHASE_LAG_2_DEG_CPD_ERROR]     0.0002
[HEIGHT_M_2]                    589.40
[HEIGHT_M_2_ERROR]              0.01
[GRAVITY_CAL_2_UGAL_V]          -80.0699
[GRAVITY_CAL_2_UGAL_V_ERROR]    0.0600
[PRESSURE_ADMIT_HPA_NMS2]       -3.4000
[PRESSURE_MEAN_HPA]             0980.0
[COMMENT]                           
software upgrade and FitPC2 replacement on 29. July 2019



Date           Time     G1-F60        G2-F60        Br1-F60       Br2-F60      
[DATA]
2021 04 24 00 00 00    -3.2544001   -1.0523514  954.8378  955.2599
2021 04 24 00 01 00    -3.2681235   -1.0592549  954.8337  955.2479
2021 04 24 00 02 00    -3.2819704   -1.0661069  954.8295  955.2369
2021 04 24 00 03 00    -3.2959885   -1.0730726  954.8251  955.2278
2021 04 24 00 04 00    -3.3099091   -1.0800347  954.8209  955.2260
2021 04 24 00 05 00    -3.3235973   -1.0868613  954.8166  955.2278
2021 04 24 00 06 00    -3.3373573   -1.0937535  954.8118  955.2242
2021 04 24 00 07 00    -3.3514430   -1.1008640  954.8078  955.2137
2021 04 24 00 08 00    -3.3656439   -1.1079987  954.8048  955.1982
2021 04 24 00 09 00    -3.3797016   -1.1150020  954.8011  955.1829
2021 04 24 00 10 00    -3.3936705   -1.1219803  954.7960  955.1740
2021 04 24 00 11 00    -3.4076186   -1.1289754  954.7908  955.1696
2021 04 24 00 12 00    -3.4215051   -1.1358901  954.7864  955.1620
2021 04 24 00 13 00    -3.4354077   -1.1428278  954.7822  955.1484
2021 04 24 00 14 00    -3.4495097   -1.1500045  954.7776  955.1312
2021 04 24 00 15 00    -3.4638800   -1.1573217  954.7730  955.1141
2021 04 24 00 16 00    -3.4782138   -1.1644707  954.7687  955.0999
2021 04 24 00 17 00    -3.4921938   -1.1714274  954.7643  955.0883
2021 04 24 00 18 00    -3.5061012   -1.1784348  954.7595  955.0763
2021 04 24 00 19 00    -3.5202236   -1.1855365  954.7541  955.0653
2021 04 24 00 20 00    -3.5342814   -1.1925572  954.7484  955.0606
2021 04 24 00 21 00    -3.5480502   -1.1994198  954.7437  955.0641
2021 04 24 00 22 00    -3.5617453   -1.2062753  954.7400  955.0760
2021 04 24 00 23 00    -3.5757158   -1.2133416  954.7363  955.0923
2021 04 24 00 24 00    -3.5899528   -1.2205116  954.7324  955.1027
2021 04 24 00 25 00    -3.6039586   -1.2274578  954.7285  955.1027
2021 04 24 00 26 00    -3.6175719   -1.2342349  954.7248  955.0987
2021 04 24 00 27 00    -3.6313235   -1.2412106  954.7211  955.0966
2021 04 24 00 28 00    -3.6454453   -1.2483948  954.7172  955.0945
2021 04 24 00 29 00    -3.6595582   -1.2554312  954.7132  955.0899
2021 04 24 00 30 00    -3.6734238   -1.2622015  954.7097  955.0851
2021 04 24 00 31 00    -3.6872270   -1.2690006  954.7066  955.0835
2021 04 24 00 32 00    -3.7012593   -1.2761242  954.7030  955.0851
2021 04 24 00 33 00    -3.7154656   -1.2833955  954.6994  955.0877
2021 04 24 00 34 00    -3.7295038   -1.2904113  954.6965  955.0919
2021 04 24 00 35 00    -3.7433444   -1.2972314  954.6934  955.0962
2021 04 24 00 36 00    -3.7573171   -1.3041853  954.6898  955.0978
2021 04 24 00 37 00    -3.7714376   -1.3112095  954.6863  955.0978
2021 04 24 00 38 00    -3.7853934   -1.3181498  954.6834  955.0952
2021 04 24 00 39 00    -3.7992627   -1.3251817  954.6808  955.0869
2021 04 24 00 40 00    -3.8132349   -1.3322630  954.6780  955.0744
2021 04 24 00 41 00    -3.8271294   -1.3390852  954.6752  955.0602
2021 04 24 00 42 00    -3.8409110   -1.3457518  954.6719  955.0435
2021 04 24 00 43 00    -3.8548635   -1.3526763  954.6684  955.0251
2021 04 24 00 44 00    -3.8689735   -1.3598828  954.6645  955.0087
2021 04 24 00 45 00    -3.8826950   -1.3668931  954.6601  954.9945
2021 04 24 00 46 00    -3.8962995   -1.3737271  954.6556  954.9819
2021 04 24 00 47 00    -3.9107950   -1.3809367  954.6511  954.9733
2021 04 24 00 48 00    -3.9251258   -1.3880603  954.6463  954.9670
2021 04 24 00 49 00    -3.9379685   -1.3945054  954.6423  954.9613
2021 04 24 00 50 00    -3.9511334   -1.4011997  954.6392  954.9596
2021 04 24 00 51 00    -3.9656272   -1.4085569  954.6352  954.9602
2021 04 24 00 52 00    -3.9795507   -1.4155039  954.6298  954.9553
2021 04 24 00 53 00    -3.9926094   -1.4218962  954.6246  954.9410
2021 04 24 00 54 00    -4.0063066   -1.4286575  954.6204  954.9204
2021 04 24 00 55 00    -4.0206797   -1.4359235  954.6164  954.9014
2021 04 24 00 56 00    -4.0343697   -1.4428931  954.6123  954.8894
2021 04 24 00 57 00    -4.0469329   -1.4492097  954.6080  954.8857
2021 04 24 00 58 00    -4.0603186   -1.4559229  954.6037  954.8894
2021 04 24 00 59 00    -4.0751736   -1.4633934  954.6000  954.8929
2021 04 24 01 00 00    -4.0888623   -1.4701625  954.5961  954.8877
2021 04 24 01 01 00    -4.1011710   -1.4761498  954.5912  954.8759
2021 04 24 01 02 00    -4.1143211   -1.4826822  954.5863  954.8640
2021 04 24 01 03 00    -4.1279893   -1.4896150  954.5820  954.8542
2021 04 24 01 04 00    -4.1410591   -1.4962614  954.5774  954.8452
2021 04 24 01 05 00    -4.1539721   -1.5027995  954.5724  954.8353
2021 04 24 01 06 00    -4.1676082   -1.5096244  954.5676  954.8252
2021 04 24 01 07 00    -4.1819274   -1.5167305  954.5635  954.8167
2021 04 24 01 08 00    -4.1951327   -1.5233898  954.5596  954.8102
2021 04 24 01 09 00    -4.2066856   -1.5293171  954.5554  954.8052
2021 04 24 01 10 00    -4.2193073   -1.5356286  954.5511  954.7990
2021 04 24 01 11 00    -4.2339671   -1.5428088  954.5468  954.7902
2021 04 24 01 12 00    -4.2479369   -1.5496952  954.5421  954.7820
2021 04 24 01 13 00    -4.2598736   -1.5556778  954.5369  954.7758
2021 04 24 01 14 00    -4.2718974   -1.5617942  954.5316  954.7709
2021 04 24 01 15 00    -4.2852351   -1.5686103  954.5270  954.7662
2021 04 24 01 16 00    -4.2983355   -1.5752465  954.5230  954.7595
2021 04 24 01 17 00    -4.3109244   -1.5815494  954.5192  954.7503
2021 04 24 01 18 00    -4.3236580   -1.5879303  954.5149  954.7416
2021 04 24 01 19 00    -4.3360674   -1.5941260  954.5100  954.7339
2021 04 24 01 20 00    -4.3488382   -1.6003971  954.5047  954.7248
2021 04 24 01 21 00    -4.3621884   -1.6069582  954.4998  954.7162
2021 04 24 01 22 00    -4.3745276   -1.6131365  954.4953  954.7122
2021 04 24 01 23 00    -4.3860449   -1.6189629  954.4912  954.7129
2021 04 24 01 24 00    -4.3984834   -1.6252474  954.4869  954.7163
2021 04 24 01 25 00    -4.4118428   -1.6319738  954.4821  954.7202
2021 04 24 01 26 00    -4.4245055   -1.6382975  954.4769  954.7223
2021 04 24 01 27 00    -4.4354391   -1.6437697  954.4723  954.7222
2021 04 24 01 28 00    -4.4464466   -1.6494022  954.4690  954.7229
2021 04 24 01 29 00    -4.4603445   -1.6564976  954.4663  954.7253
2021 04 24 01 30 00    -4.4746128   -1.6635806  954.4630  954.7264
2021 04 24 01 31 00    -4.4849279   -1.6685875  954.4584  954.7244
2021 04 24 01 32 00    -4.4941815   -1.6732025  954.4529  954.7210
2021 04 24 01 33 00    -4.5069638   -1.6796364  954.4484  954.7160
2021 04 24 01 34 00    -4.5211898   -1.6867470  954.4453  954.7093
2021 04 24 01 35 00    -4.5334880   -1.6929228  954.4421  954.7043
2021 04 24 01 36 00    -4.5450470   -1.6986817  954.4379  954.7049
2021 04 24 01 37 00    -4.5548797   -1.7035387  954.4335  954.7093
2021 04 24 01 38 00    -4.5625931   -1.7074550  954.4301  954.7150
2021 04 24 01 39 00    -4.5773394   -1.7148579  954.4275  954.7240
2021 04 24 01 40 00    -4.5950352   -1.7235970  954.4245  954.7369
2021 04 24 01 41 00    -4.6010659   -1.7266344  954.4212  954.7511
2021 04 24 01 42 00    -4.6069237   -1.7297683  954.4187  954.7623
2021 04 24 01 43 00    -4.6239202   -1.7384233  954.4171  954.7689
2021 04 24 01 44 00    -4.6379766   -1.7454910  954.4146  954.7730
2021 04 24 01 45 00    -4.6447313   -1.7488056  954.4111  954.7752
2021 04 24 01 46 00    -4.6540805   -1.7533329  954.4082  954.7748
2021 04 24 01 47 00    -4.6668195   -1.7596008  954.4059  954.7735
2021 04 24 01 48 00    -4.6786418   -1.7655967  954.4034  954.7686
2021 04 24 01 49 00    -4.6894199   -1.7711836  954.4009  954.7593
2021 04 24 01 50 00    -4.7002895   -1.7767261  954.3989  954.7512
2021 04 24 01 51 00    -4.7111117   -1.7821522  954.3970  954.7450
2021 04 24 01 52 00    -4.7213477   -1.7872711  954.3946  954.7396
2021 04 24 01 53 00    -4.7313595   -1.7922146  954.3914  954.7346
2021 04 24 01 54 00    -4.7422155   -1.7975689  954.3882  954.7265
2021 04 24 01 55 00    -4.7536225   -1.8032853  954.3856  954.7187
2021 04 24 01 56 00    -4.7642123   -1.8086198  954.3832  954.7180
2021 04 24 01 57 00    -4.7739060   -1.8134921  954.3804  954.7224
2021 04 24 01 58 00    -4.7834798   -1.8182888  954.3774  954.7283
2021 04 24 01 59 00    -4.7931860   -1.8231115  954.3749  954.7349
2021 04 24 02 00 00    -4.8032806   -1.8281470  954.3729  954.7407
2021 04 24 02 01 00    -4.8140969   -1.8335961  954.3704  954.7417
2021 04 24 02 02 00    -4.8247851   -1.8389801  954.3675  954.7380
2021 04 24 02 03 00    -4.8339159   -1.8435862  954.3653  954.7337
2021 04 24 02 04 00    -4.8421984   -1.8477905  954.3638  954.7274
2021 04 24 02 05 00    -4.8515574   -1.8524873  954.3616  954.7167
2021 04 24 02 06 00    -4.8625351   -1.8578742  954.3583  954.7045
2021 04 24 02 07 00    -4.8746004   -1.8638017  954.3544  954.6933
2021 04 24 02 08 00    -4.8833165   -1.8682309  954.3508  954.6854
2021 04 24 02 09 00    -4.8872610   -1.8703070  954.3480  954.6838
2021 04 24 02 10 00    -4.8973208   -1.8752288  954.3457  954.6861
2021 04 24 02 11 00    -4.9132423   -1.8830362  954.3432  954.6877
2021 04 24 02 12 00    -4.9201188   -1.8865329  954.3404  954.6906
2021 04 24 02 13 00    -4.9231143   -1.8881481  954.3374  954.6969
2021 04 24 02 14 00    -4.9345554   -1.8938461  954.3345  954.7036
2021 04 24 02 15 00    -4.9467097   -1.8998366  954.3320  954.7076
2021 04 24 02 16 00    -4.9533667   -1.9031276  954.3297  954.7077
2021 04 24 02 17 00    -4.9604812   -1.9067616  954.3273  954.7030
2021 04 24 02 18 00    -4.9699781   -1.9116718  954.3251  954.6957
2021 04 24 02 19 00    -4.9791544   -1.9163380  954.3231  954.6905
2021 04 24 02 20 00    -4.9874051   -1.9203620  954.3207  954.6871
2021 04 24 02 21 00    -4.9954754   -1.9242052  954.3177  954.6811
2021 04 24 02 22 00    -5.0037646   -1.9282508  954.3144  954.6725
2021 04 24 02 23 00    -5.0118492   -1.9323805  954.3115  954.6652
2021 04 24 02 24 00    -5.0195135   -1.9363594  954.3089  954.6618
2021 04 24 02 25 00    -5.0273474   -1.9403296  954.3061  954.6621
2021 04 24 02 26 00    -5.0354364   -1.9443878  954.3036  954.6644
2021 04 24 02 27 00    -5.0433621   -1.9484196  954.3013  954.6667
2021 04 24 02 28 00    -5.0510520   -1.9522947  954.2985  954.6682
2021 04 24 02 29 00    -5.0583420   -1.9558577  954.2954  954.6701
2021 04 24 02 30 00    -5.0654048   -1.9593012  954.2923  954.6697
2021 04 24 02 31 00    -5.0728602   -1.9629510  954.2894  954.6639
2021 04 24 02 32 00    -5.0804383   -1.9666786  954.2868  954.6519
2021 04 24 02 33 00    -5.0876663   -1.9704081  954.2840  954.6352
2021 04 24 02 34 00    -5.0947454   -1.9741170  954.2808  954.6164
2021 04 24 02 35 00    -5.1018371   -1.9776028  954.2777  954.5963
2021 04 24 02 36 00    -5.1088554   -1.9810122  954.2747  954.5800
2021 04 24 02 37 00    -5.1158059   -1.9846003  954.2709  954.5730
2021 04 24 02 38 00    -5.1227946   -1.9882113  954.2666  954.5714
2021 04 24 02 39 00    -5.1295849   -1.9915626  954.2629  954.5679
2021 04 24 02 40 00    -5.1359079   -1.9946632  954.2595  954.5591
2021 04 24 02 41 00    -5.1419640   -1.9976974  954.2556  954.5457
2021 04 24 02 42 00    -5.1481975   -2.0008173  954.2511  954.5341
2021 04 24 02 43 00    -5.1546919   -2.0039793  954.2471  954.5293
2021 04 24 02 44 00    -5.1609042   -2.0069722  954.2440  954.5309
2021 04 24 02 45 00    -5.1665957   -2.0098217  954.2410  954.5373
2021 04 24 02 46 00    -5.1721366   -2.0126399  954.2374  954.5460
2021 04 24 02 47 00    -5.1778962   -2.0154722  954.2339  954.5526
2021 04 24 02 48 00    -5.1839518   -2.0184436  954.2310  954.5544
2021 04 24 02 49 00    -5.1896415   -2.0213203  954.2281  954.5524
2021 04 24 02 50 00    -5.1947029   -2.0238948  954.2248  954.5467
2021 04 24 02 51 00    -5.2001365   -2.0266067  954.2212  954.5365
2021 04 24 02 52 00    -5.2056001   -2.0293674  954.2176  954.5235
2021 04 24 02 53 00    -5.2101557   -2.0317600  954.2143  954.5114
2021 04 24 02 54 00    -5.2150692   -2.0342897  954.2113  954.5011
2021 04 24 02 55 00    -5.2207956   -2.0370858  954.2076  954.4913
2021 04 24 02 56 00    -5.2260149   -2.0396349  954.2029  954.4831
2021 04 24 02 57 00    -5.2306695   -2.0419809  954.1982  954.4760
2021 04 24 02 58 00    -5.2351806   -2.0441401  954.1945  954.4686
2021 04 24 02 59 00    -5.2392467   -2.0459721  954.1914  954.4647
2021 04 24 03 00 00    -5.2433124   -2.0479860  954.1880  954.4676
2021 04 24 03 01 00    -5.2483348   -2.0506758  954.1842  954.4738
2021 04 24 03 02 00    -5.2533632   -2.0532858  954.1808  954.4793
2021 04 24 03 03 00    -5.2565985   -2.0548297  954.1777  954.4854
2021 04 24 03 04 00    -5.2592148   -2.0560682  954.1742  954.4930
2021 04 24 03 05 00    -5.2635955   -2.0582754  954.1707  954.4990
2021 04 24 03 06 00    -5.2685584   -2.0608056  954.1675  954.5018
2021 04 24 03 07 00    -5.2716974   -2.0624419  954.1649  954.5040
2021 04 24 03 08 00    -5.2742265   -2.0637510  954.1621  954.5062
2021 04 24 03 09 00    -5.2783265   -2.0657248  954.1590  954.5057
2021 04 24 03 10 00    -5.2826506   -2.0677640  954.1558  954.5039
2021 04 24 03 11 00    -5.2851042   -2.0689891  954.1532  954.5033
2021 04 24 03 12 00    -5.2872272   -2.0701030  954.1507  954.5028
2021 04 24 03 13 00    -5.2908911   -2.0719108  954.1481  954.5009
2021 04 24 03 14 00    -5.2946191   -2.0737050  954.1455  954.4988
2021 04 24 03 15 00    -5.2972372   -2.0749429  954.1429  954.4970
2021 04 24 03 16 00    -5.2995376   -2.0760824  954.1399  954.4941
2021 04 24 03 17 00    -5.3018301   -2.0773561  954.1367  954.4895
2021 04 24 03 18 00    -5.3042111   -2.0787294  954.1337  954.4842
2021 04 24 03 19 00    -5.3068644   -2.0800897  954.1307  954.4792
2021 04 24 03 20 00    -5.3093962   -2.0812207  954.1276  954.4754
2021 04 24 03 21 00    -5.3114601   -2.0822250  954.1247  954.4723
2021 04 24 03 22 00    -5.3132224   -2.0833067  954.1218  954.4680
2021 04 24 03 23 00    -5.3154589   -2.0845603  954.1187  954.4616
2021 04 24 03 24 00    -5.3180397   -2.0857569  954.1158  954.4547
2021 04 24 03 25 00    -5.3195902   -2.0864400  954.1128  954.4490
2021 04 24 03 26 00    -5.3204902   -2.0868940  954.1095  954.4438
2021 04 24 03 27 00    -5.3221862   -2.0877064  954.1059  954.4379
2021 04 24 03 28 00    -5.3242132   -2.0886900  954.1025  954.4316
2021 04 24 03 29 00    -5.3254445   -2.0894118  954.0993  954.4243
2021 04 24 03 30 00    -5.3263051   -2.0900261  954.0957  954.4156
2021 04 24 03 31 00    -5.3274478   -2.0906694  954.0924  954.4074
2021 04 24 03 32 00    -5.3282119   -2.0909102  954.0892  954.4026
2021 04 24 03 33 00    -5.3288066   -2.0909894  954.0860  954.4028
2021 04 24 03 34 00    -5.3301137   -2.0915440  954.0830  954.4085
2021 04 24 03 35 00    -5.3311943   -2.0921386  954.0804  954.4174
2021 04 24 03 36 00    -5.3315113   -2.0924152  954.0774  954.4249
2021 04 24 03 37 00    -5.3316775   -2.0925425  954.0742  954.4295
2021 04 24 03 38 00    -5.3316332   -2.0924571  954.0715  954.4332
2021 04 24 03 39 00    -5.3317717   -2.0925047  954.0689  954.4381
2021 04 24 03 40 00    -5.3321325   -2.0927419  954.0665  954.4451
2021 04 24 03 41 00    -5.3317749   -2.0925503  954.0645  954.4521
2021 04 24 03 42 00    -5.3311759   -2.0921569  954.0621  954.4560
2021 04 24 03 43 00    -5.3310130   -2.0920339  954.0595  954.4586
2021 04 24 03 44 00    -5.3308984   -2.0920037  954.0571  954.4618
2021 04 24 03 45 00    -5.3307017   -2.0919145  954.0546  954.4627
2021 04 24 03 46 00    -5.3299953   -2.0915861  954.0520  954.4606
2021 04 24 03 47 00    -5.3288212   -2.0910987  954.0502  954.4595
2021 04 24 03 48 00    -5.3282412   -2.0908247  954.0492  954.4597
2021 04 24 03 49 00    -5.3277927   -2.0904453  954.0476  954.4560
2021 04 24 03 50 00    -5.3265477   -2.0896980  954.0453  954.4477
2021 04 24 03 51 00    -5.3252623   -2.0890596  954.0431  954.4388
2021 04 24 03 52 00    -5.3241150   -2.0885596  954.0414  954.4316
2021 04 24 03 53 00    -5.3225580   -2.0878832  954.0394  954.4278
2021 04 24 03 54 00    -5.3210745   -2.0871318  954.0366  954.4276
2021 04 24 03 55 00    -5.3197489   -2.0863171  954.0336  954.4275
2021 04 24 03 56 00    -5.3179805   -2.0854048  954.0310  954.4252
2021 04 24 03 57 00    -5.3160449   -2.0846224  954.0287  954.4221
2021 04 24 03 58 00    -5.3144426   -2.0839509  954.0260  954.4200
2021 04 24 03 59 00    -5.3126843   -2.0830313  954.0231  954.4194
2021 04 24 04 00 00    -5.3101450   -2.0817213  954.0203  954.4214
2021 04 24 04 01 00    -5.3072238   -2.0802907  954.0176  954.4250
2021 04 24 04 02 00    -5.3047943   -2.0790824  954.0152  954.4285
2021 04 24 04 03 00    -5.3029621   -2.0780698  954.0132  954.4340
2021 04 24 04 04 00    -5.3009549   -2.0769152  954.0113  954.4417
2021 04 24 04 05 00    -5.2983782   -2.0756100  954.0094  954.4476
2021 04 24 04 06 00    -5.2952893   -2.0741977  954.0074  954.4492
2021 04 24 04 07 00    -5.2917314   -2.0724297  954.0054  954.4481
2021 04 24 04 08 00    -5.2885004   -2.0706390  954.0043  954.4479
2021 04 24 04 09 00    -5.2859189   -2.0692268  954.0039  954.4503
2021 04 24 04 10 00    -5.2830490   -2.0677852  954.0028  954.4531
2021 04 24 04 11 00    -5.2798388   -2.0661708  954.0006  954.4536
2021 04 24 04 12 00    -5.2766938   -2.0646076  953.9979  954.4517
2021 04 24 04 13 00    -5.2729518   -2.0628198  953.9959  954.4491
2021 04 24 04 14 00    -5.2684634   -2.0607102  953.9945  954.4458
2021 04 24 04 15 00    -5.2642460   -2.0587154  953.9926  954.4425
2021 04 24 04 16 00    -5.2609497   -2.0570627  953.9900  954.4409
2021 04 24 04 17 00    -5.2581385   -2.0555827  953.9874  954.4409
2021 04 24 04 18 00    -5.2544999   -2.0537321  953.9857  954.4421
2021 04 24 04 19 00    -5.2496523   -2.0512990  953.9850  954.4455
2021 04 24 04 20 00    -5.2450396   -2.0490047  953.9839  954.4512
2021 04 24 04 21 00    -5.2408842   -2.0470304  953.9815  954.4564
2021 04 24 04 22 00    -5.2360841   -2.0447165  953.9789  954.4584
2021 04 24 04 23 00    -5.2313987   -2.0422707  953.9772  954.4594
2021 04 24 04 24 00    -5.2276286   -2.0402731  953.9765  954.4602
2021 04 24 04 25 00    -5.2233861   -2.0382529  953.9759  954.4561
2021 04 24 04 26 00    -5.2178505   -2.0355957  953.9741  954.4487
2021 04 24 04 27 00    -5.2124911   -2.0328780  953.9713  954.4426
2021 04 24 04 28 00    -5.2083247   -2.0307829  953.9688  954.4380
2021 04 24 04 29 00    -5.2036952   -2.0284673  953.9671  954.4350
2021 04 24 04 30 00    -5.1974241   -2.0251836  953.9658  954.4351
2021 04 24 04 31 00    -5.1914034   -2.0220363  953.9645  954.4386
2021 04 24 04 32 00    -5.1870817   -2.0198998  953.9630  954.4459
2021 04 24 04 33 00    -5.1827209   -2.0177474  953.9613  954.4575
2021 04 24 04 34 00    -5.1763250   -2.0145168  953.9601  954.4732
2021 04 24 04 35 00    -5.1689000   -2.0108418  953.9598  954.4902
2021 04 24 04 36 00    -5.1625890   -2.0077453  953.9593  954.5050
2021 04 24 04 37 00    -5.1575968   -2.0051821  953.9583  954.5163
2021 04 24 04 38 00    -5.1524045   -2.0025184  953.9567  954.5235
2021 04 24 04 39 00    -5.1460948   -1.9994290  953.9554  954.5276
2021 04 24 04 40 00    -5.1393615   -1.9960836  953.9551  954.5312
2021 04 24 04 41 00    -5.1321683   -1.9924095  953.9560  954.5345
2021 04 24 04 42 00    -5.1255290   -1.9891470  953.9564  954.5355
2021 04 24 04 43 00    -5.1214409   -1.9872854  953.9555  954.5335
2021 04 24 04 44 00    -5.1158300   -1.9844996  953.9547  954.5282
2021 04 24 04 45 00    -5.1061333   -1.9795036  953.9550  954.5220
2021 04 24 04 46 00    -5.0989335   -1.9758794  953.9550  954.5189
2021 04 24 04 47 00    -5.0951865   -1.9741161  953.9539  954.5202
2021 04 24 04 48 00    -5.0880613   -1.9705429  953.9527  954.5265
2021 04 24 04 49 00    -5.0784798   -1.9656476  953.9523  954.5378
2021 04 24 04 50 00    -5.0715991   -1.9622012  953.9522  954.5520
2021 04 24 04 51 00    -5.0657663   -1.9593226  953.9520  954.5663
2021 04 24 04 52 00    -5.0578386   -1.9553136  953.9514  954.5805
2021 04 24 04 53 00    -5.0493162   -1.9509445  953.9506  954.5938
2021 04 24 04 54 00    -5.0422030   -1.9473006  953.9504  954.6048
2021 04 24 04 55 00    -5.0355613   -1.9439816  953.9514  954.6138
2021 04 24 04 56 00    -5.0278288   -1.9402097  953.9529  954.6196
2021 04 24 04 57 00    -5.0190953   -1.9359328  953.9540  954.6216
2021 04 24 04 58 00    -5.0106999   -1.9317346  953.9550  954.6234
2021 04 24 04 59 00    -5.0036762   -1.9281396  953.9561  954.6258
2021 04 24 05 00 00    -4.9968889   -1.9246425  953.9565  954.6267
2021 04 24 05 01 00    -4.9885813   -1.9204550  953.9562  954.6266
2021 04 24 05 02 00    -4.9794926   -1.9159774  953.9564  954.6280
2021 04 24 05 03 00    -4.9710206   -1.9118718  953.9573  954.6300
2021 04 24 05 04 00    -4.9631046   -1.9080258  953.9580  954.6321
2021 04 24 05 05 00    -4.9553209   -1.9041013  953.9578  954.6362
2021 04 24 05 06 00    -4.9469801   -1.8997866  953.9577  954.6427
2021 04 24 05 07 00    -4.9376798   -1.8950537  953.9582  954.6498
2021 04 24 05 08 00    -4.9284994   -1.8904534  953.9591  954.6555
2021 04 24 05 09 00    -4.9201046   -1.8862313  953.9596  954.6568
2021 04 24 05 10 00    -4.9118110   -1.8820969  953.9599  954.6526
2021 04 24 05 11 00    -4.9032420   -1.8779002  953.9602  954.6479
2021 04 24 05 12 00    -4.8936548   -1.8731899  953.9607  954.6481
2021 04 24 05 13 00    -4.8835362   -1.8681816  953.9611  954.6536
2021 04 24 05 14 00    -4.8755253   -1.8641629  953.9614  954.6616
2021 04 24 05 15 00    -4.8678661   -1.8602337  953.9619  954.6727
2021 04 24 05 16 00    -4.8568144   -1.8546269  953.9628  954.6897
2021 04 24 05 17 00    -4.8457007   -1.8490311  953.9642  954.7077
2021 04 24 05 18 00    -4.8381193   -1.8451828  953.9653  954.7199
2021 04 24 05 19 00    -4.8300165   -1.8411353  953.9667  954.7282
2021 04 24 05 20 00    -4.8186418   -1.8355346  953.9687  954.7364
2021 04 24 05 21 00    -4.8077971   -1.8301064  953.9707  954.7436
2021 04 24 05 22 00    -4.7993519   -1.8258124  953.9722  954.7497
2021 04 24 05 23 00    -4.7905163   -1.8215004  953.9733  954.7541
2021 04 24 05 24 00    -4.7801033   -1.8164518  953.9743  954.7555
2021 04 24 05 25 00    -4.7697083   -1.8111779  953.9753  954.7556
2021 04 24 05 26 00    -4.7600528   -1.8062203  953.9769  954.7562
2021 04 24 05 27 00    -4.7502983   -1.8013571  953.9792  954.7558
2021 04 24 05 28 00    -4.7401324   -1.7962686  953.9814  954.7520
2021 04 24 05 29 00    -4.7300292   -1.7911579  953.9825  954.7444
2021 04 24 05 30 00    -4.7199122   -1.7860727  953.9825  954.7356
2021 04 24 05 31 00    -4.7096519   -1.7808712  953.9825  954.7293
2021 04 24 05 32 00    -4.6994638   -1.7756754  953.9833  954.7280
2021 04 24 05 33 00    -4.6889864   -1.7704662  953.9844  954.7305
2021 04 24 05 34 00    -4.6782607   -1.7652169  953.9853  954.7351
2021 04 24 05 35 00    -4.6679631   -1.7600757  953.9860  954.7417
2021 04 24 05 36 00    -4.6575018   -1.7548015  953.9869  954.7504
2021 04 24 05 37 00    -4.6463545   -1.7492809  953.9880  954.7596
2021 04 24 05 38 00    -4.6354196   -1.7438457  953.9890  954.7668
2021 04 24 05 39 00    -4.6249098   -1.7384679  953.9898  954.7699
2021 04 24 05 40 00    -4.6141969   -1.7330121  953.9908  954.7701
2021 04 24 05 41 00    -4.6032304   -1.7276156  953.9918  954.7697
2021 04 24 05 42 00    -4.5924279   -1.7223294  953.9931  954.7703
2021 04 24 05 43 00    -4.5818154   -1.7170036  953.9943  954.7725
2021 04 24 05 44 00    -4.5706985   -1.7113799  953.9947  954.7764
2021 04 24 05 45 00    -4.5590082   -1.7055324  953.9948  954.7815
2021 04 24 05 46 00    -4.5477145   -1.6998683  953.9955  954.7859
2021 04 24 05 47 00    -4.5369575   -1.6944566  953.9974  954.7868
2021 04 24 05 48 00    -4.5259566   -1.6890282  953.9996  954.7847
2021 04 24 05 49 00    -4.5145433   -1.6833690  954.0008  954.7851
2021 04 24 05 50 00    -4.5030795   -1.6775254  954.0013  954.7901
2021 04 24 05 51 00    -4.4916623   -1.6717098  954.0021  954.7971
2021 04 24 05 52 00    -4.4800591   -1.6659041  954.0034  954.8056
2021 04 24 05 53 00    -4.4682928   -1.6600779  954.0044  954.8165
2021 04 24 05 54 00    -4.4566165   -1.6543565  954.0054  954.8269
2021 04 24 05 55 00    -4.4449205   -1.6486174  954.0070  954.8352
2021 04 24 05 56 00    -4.4332742   -1.6427702  954.0090  954.8433
2021 04 24 05 57 00    -4.4218948   -1.6369444  954.0109  954.8519
2021 04 24 05 58 00    -4.4102757   -1.6310653  954.0127  954.8600
2021 04 24 05 59 00    -4.3980267   -1.6250068  954.0144  954.8681
2021 04 24 06 00 00    -4.3857514   -1.6189412  954.0161  954.8762
2021 04 24 06 01 00    -4.3739620   -1.6130033  954.0184  954.8817
2021 04 24 06 02 00    -4.3622662   -1.6070294  954.0212  954.8835
2021 04 24 06 03 00    -4.3503583   -1.6010136  954.0236  954.8840
2021 04 24 06 04 00    -4.3385194   -1.5951032  954.0259  954.8854
2021 04 24 06 05 00    -4.3266677   -1.5891219  954.0280  954.8869
2021 04 24 06 06 00    -4.3144958   -1.5829564  954.0297  954.8864
2021 04 24 06 07 00    -4.3023062   -1.5769017  954.0311  954.8845
2021 04 24 06 08 00    -4.2903158   -1.5710409  954.0329  954.8837
2021 04 24 06 09 00    -4.2782790   -1.5650745  954.0351  954.8843
2021 04 24 06 10 00    -4.2662561   -1.5589819  954.0373  954.8840
2021 04 24 06 11 00    -4.2542301   -1.5529197  954.0390  954.8815
2021 04 24 06 12 00    -4.2417316   -1.5466511  954.0405  954.8785
2021 04 24 06 13 00    -4.2289657   -1.5401149  954.0420  954.8780
2021 04 24 06 14 00    -4.2166339   -1.5338029  954.0434  954.8791
2021 04 24 06 15 00    -4.2046157   -1.5278962  954.0449  954.8784
2021 04 24 06 16 00    -4.1925451   -1.5220742  954.0464  954.8760
2021 04 24 06 17 00    -4.1803977   -1.5160598  954.0477  954.8740
2021 04 24 06 18 00    -4.1679859   -1.5097970  954.0487  954.8727
2021 04 24 06 19 00    -4.1553522   -1.5034749  954.0494  954.8721
2021 04 24 06 20 00    -4.1428662   -1.4972417  954.0503  954.8723
2021 04 24 06 21 00    -4.1305904   -1.4910569  954.0515  954.8721
2021 04 24 06 22 00    -4.1182548   -1.4849017  954.0525  954.8688
2021 04 24 06 23 00    -4.1056460   -1.4786752  954.0529  954.8595
2021 04 24 06 24 00    -4.0929618   -1.4722817  954.0529  954.8452
2021 04 24 06 25 00    -4.0805224   -1.4659019  954.0532  954.8305
2021 04 24 06 26 00    -4.0683129   -1.4597490  954.0529  954.8196
2021 04 24 06 27 00    -4.0561218   -1.4537147  954.0516  954.8142
2021 04 24 06 28 00    -4.0436215   -1.4474587  954.0504  954.8112
2021 04 24 06 29 00    -4.0306553   -1.4409261  954.0500  954.8044
2021 04 24 06 30 00    -4.0177382   -1.4344639  954.0499  954.7931
2021 04 24 06 31 00    -4.0052651   -1.4281692  954.0496  954.7828
2021 04 24 06 32 00    -3.9928294   -1.4218507  954.0488  954.7763
2021 04 24 06 33 00    -3.9802389   -1.4155994  954.0479  954.7717
2021 04 24 06 34 00    -3.9678165   -1.4095531  954.0471  954.7666
2021 04 24 06 35 00    -3.9554911   -1.4034738  954.0455  954.7584
2021 04 24 06 36 00    -3.9426772   -1.3970179  954.0430  954.7453
2021 04 24 06 37 00    -3.9293277   -1.3903005  954.0407  954.7303
2021 04 24 06 38 00    -3.9164366   -1.3838829  954.0392  954.7184
2021 04 24 06 39 00    -3.9044359   -1.3778689  954.0381  954.7101
2021 04 24 06 40 00    -3.8923488   -1.3717302  954.0368  954.7039
2021 04 24 06 41 00    -3.8795478   -1.3652955  954.0353  954.6994
2021 04 24 06 42 00    -3.8664939   -1.3588312  954.0339  954.6963
2021 04 24 06 43 00    -3.8535876   -1.3523677  954.0323  954.6944
2021 04 24 06 44 00    -3.8407826   -1.3458767  954.0307  954.6925
2021 04 24 06 45 00    -3.8281293   -1.3395512  954.0291  954.6882
2021 04 24 06 46 00    -3.8156619   -1.3333775  954.0276  954.6815
2021 04 24 06 47 00    -3.8029573   -1.3270251  954.0260  954.6751
2021 04 24 06 48 00    -3.7899848   -1.3204815  954.0242  954.6692
2021 04 24 06 49 00    -3.7773538   -1.3140668  954.0222  954.6629
2021 04 24 06 50 00    -3.7649032   -1.3077830  954.0203  954.6563
2021 04 24 06 51 00    -3.7520100   -1.3014313  954.0185  954.6498
2021 04 24 06 52 00    -3.7390485   -1.2950741  954.0164  954.6438
2021 04 24 06 53 00    -3.7266984   -1.2888768  954.0140  954.6392
2021 04 24 06 54 00    -3.7145417   -1.2827001  954.0126  954.6366
2021 04 24 06 55 00    -3.7017188   -1.2762219  954.0122  954.6356
2021 04 24 06 56 00    -3.6883210   -1.2695142  954.0120  954.6358
2021 04 24 06 57 00    -3.6752205   -1.2630308  954.0114  954.6371
2021 04 24 06 58 00    -3.6628456   -1.2568956  954.0099  954.6373
2021 04 24 06 59 00    -3.6506047   -1.2507091  954.0070  954.6339
2021 04 24 07 00 00    -3.6379531   -1.2442417  954.0043  954.6299
2021 04 24 07 01 00    -3.6252210   -1.2377955  954.0032  954.6284
2021 04 24 07 02 00    -3.6126955   -1.2316419  954.0028  954.6258
2021 04 24 07 03 00    -3.6001284   -1.2255151  954.0019  954.6184
2021 04 24 07 04 00    -3.5873566   -1.2190688  954.0006  954.6095
2021 04 24 07 05 00    -3.5747027   -1.2125544  953.9989  954.6028
2021 04 24 07 06 00    -3.5624018   -1.2063111  953.9967  954.5981
2021 04 24 07 07 00    -3.5500334   -1.2001120  953.9943  954.5954
2021 04 24 07 08 00    -3.5372734   -1.1936949  953.9917  954.5946
2021 04 24 07 09 00    -3.5243848   -1.1871859  953.9897  954.5949
2021 04 24 07 10 00    -3.5117647   -1.1808866  953.9887  954.5962
2021 04 24 07 11 00    -3.4995511   -1.1749147  953.9882  954.5982
2021 04 24 07 12 00    -3.4873255   -1.1689429  953.9873  954.5985
2021 04 24 07 13 00    -3.4745582   -1.1626153  953.9861  954.5971
2021 04 24 07 14 00    -3.4616198   -1.1560956  953.9848  954.5961
2021 04 24 07 15 00    -3.4493575   -1.1498221  953.9834  954.5939
2021 04 24 07 16 00    -3.4374739   -1.1437656  953.9824  954.5891
2021 04 24 07 17 00    -3.4249818   -1.1375028  953.9820  954.5849
2021 04 24 07 18 00    -3.4121881   -1.1311656  953.9812  954.5809
2021 04 24 07 19 00    -3.4000368   -1.1251847  953.9798  954.5768
2021 04 24 07 20 00    -3.3882582   -1.1193098  953.9782  954.5763
2021 04 24 07 21 00    -3.3760430   -1.1130990  953.9768  954.5770
2021 04 24 07 22 00    -3.3634551   -1.1067571  953.9757  954.5734
2021 04 24 07 23 00    -3.3509980   -1.1006479  953.9750  954.5712
2021 04 24 07 24 00    -3.3387767   -1.0946738  953.9744  954.5755
2021 04 24 07 25 00    -3.3268434   -1.0887310  953.9733  954.5786
2021 04 24 07 26 00    -3.3152693   -1.0828768  953.9725  954.5753
2021 04 24 07 27 00    -3.3036053   -1.0768758  953.9720  954.5701
2021 04 24 07 28 00    -3.2912735   -1.0705785  953.9712  954.5666
2021 04 24 07 29 00    -3.2785134   -1.0642838  953.9699  954.5671
2021 04 24 07 30 00    -3.2664103   -1.0582990  953.9688  954.5722
2021 04 24 07 31 00    -3.2553399   -1.0526275  953.9680  954.5732
2021 04 24 07 32 00    -3.2440432   -1.0468685  953.9672  954.5676
2021 04 24 07 33 00    -3.2315904   -1.0406704  953.9664  954.5675
2021 04 24 07 34 00    -3.2189133   -1.0344145  953.9657  954.5767
2021 04 24 07 35 00    -3.2072351   -1.0286619  953.9651  954.5850
2021 04 24 07 36 00    -3.1963029   -1.0232268  953.9644  954.5859
2021 04 24 07 37 00    -3.1850394   -1.0175700  953.9644  954.5828
2021 04 24 07 38 00    -3.1731205   -1.0115798  953.9648  954.5794
2021 04 24 07 39 00    -3.1609623   -1.0054662  953.9648  954.5731
2021 04 24 07 40 00    -3.1492559   -0.9995818  953.9639  954.5623
2021 04 24 07 41 00    -3.1384839   -0.9941842  953.9626  954.5501
2021 04 24 07 42 00    -3.1278103   -0.9888830  953.9612  954.5382
2021 04 24 07 43 00    -3.1162513   -0.9832028  953.9599  954.5280
2021 04 24 07 44 00    -3.1042029   -0.9772211  953.9588  954.5221
2021 04 24 07 45 00    -3.0924526   -0.9712625  953.9576  954.5199
2021 04 24 07 46 00    -3.0817620   -0.9658407  953.9560  954.5182
2021 04 24 07 47 00    -3.0717509   -0.9607768  953.9544  954.5145
2021 04 24 07 48 00    -3.0604062   -0.9549897  953.9531  954.5072
2021 04 24 07 49 00    -3.0481191   -0.9487964  953.9521  954.4990
2021 04 24 07 50 00    -3.0374825   -0.9435504  953.9509  954.4938
2021 04 24 07 51 00    -3.0276072   -0.9386900  953.9496  954.4907
2021 04 24 07 52 00    -3.0160666   -0.9329469  953.9478  954.4868
2021 04 24 07 53 00    -3.0044139   -0.9270765  953.9454  954.4836
2021 04 24 07 54 00    -2.9945580   -0.9220709  953.9428  954.4817
2021 04 24 07 55 00    -2.9843695   -0.9169903  953.9406  954.4781
2021 04 24 07 56 00    -2.9725055   -0.9111297  953.9389  954.4706
2021 04 24 07 57 00    -2.9613326   -0.9055291  953.9378  954.4610
2021 04 24 07 58 00    -2.9517132   -0.9006155  953.9368  954.4518
2021 04 24 07 59 00    -2.9415743   -0.8954036  953.9351  954.4445
2021 04 24 08 00 00    -2.9304652   -0.8897449  953.9324  954.4382
2021 04 24 08 01 00    -2.9198477   -0.8845271  953.9298  954.4313
2021 04 24 08 02 00    -2.9098679   -0.8797351  953.9277  954.4278
2021 04 24 08 03 00    -2.8997711   -0.8746836  953.9260  954.4312
2021 04 24 08 04 00    -2.8895698   -0.8694291  953.9243  954.4364
2021 04 24 08 05 00    -2.8794125   -0.8643364  953.9231  954.4383
2021 04 24 08 06 00    -2.8692930   -0.8593606  953.9221  954.4377
2021 04 24 08 07 00    -2.8592677   -0.8543199  953.9206  954.4358
2021 04 24 08 08 00    -2.8491438   -0.8492085  953.9186  954.4344
2021 04 24 08 09 00    -2.8389999   -0.8442118  953.9167  954.4354
2021 04 24 08 10 00    -2.8291671   -0.8393198  953.9154  954.4386
2021 04 24 08 11 00    -2.8194418   -0.8343604  953.9143  954.4425
2021 04 24 08 12 00    -2.8096957   -0.8294838  953.9135  954.4458
2021 04 24 08 13 00    -2.8001080   -0.8247317  953.9127  954.4480
2021 04 24 08 14 00    -2.7906516   -0.8199568  953.9113  954.4494
2021 04 24 08 15 00    -2.7812984   -0.8153277  953.9095  954.4509
2021 04 24 08 16 00    -2.7716863   -0.8106951  953.9087  954.4513
2021 04 24 08 17 00    -2.7618048   -0.8057649  953.9087  954.4512
2021 04 24 08 18 00    -2.7527166   -0.8010069  953.9082  954.4544
2021 04 24 08 19 00    -2.7440150   -0.7964991  953.9071  954.4611
2021 04 24 08 20 00    -2.7342506   -0.7916528  953.9057  954.4677
2021 04 24 08 21 00    -2.7246143   -0.7869210  953.9044  954.4741
2021 04 24 08 22 00    -2.7164610   -0.7829268  953.9037  954.4789
2021 04 24 08 23 00    -2.7081213   -0.7788493  953.9034  954.4777
2021 04 24 08 24 00    -2.6985790   -0.7740615  953.9032  954.4727
2021 04 24 08 25 00    -2.6894035   -0.7693426  953.9031  954.4716
2021 04 24 08 26 00    -2.6812236   -0.7651874  953.9028  954.4744
2021 04 24 08 27 00    -2.6726454   -0.7609577  953.9016  954.4738
2021 04 24 08 28 00    -2.6633725   -0.7563849  953.9000  954.4683
2021 04 24 08 29 00    -2.6548159   -0.7520716  953.8986  954.4622
2021 04 24 08 30 00    -2.6471944   -0.7481771  953.8976  954.4571
2021 04 24 08 31 00    -2.6393037   -0.7442098  953.8968  954.4534
2021 04 24 08 32 00    -2.6308227   -0.7400176  953.8960  954.4510
2021 04 24 08 33 00    -2.6225222   -0.7359167  953.8951  954.4455
2021 04 24 08 34 00    -2.6147787   -0.7320394  953.8937  954.4336
2021 04 24 08 35 00    -2.6070383   -0.7281480  953.8922  954.4218
2021 04 24 08 36 00    -2.5988949   -0.7241008  953.8913  954.4173
2021 04 24 08 37 00    -2.5908840   -0.7200906  953.8907  954.4196
2021 04 24 08 38 00    -2.5834194   -0.7162722  953.8897  954.4243
2021 04 24 08 39 00    -2.5760018   -0.7124807  953.8876  954.4261
2021 04 24 08 40 00    -2.5683081   -0.7086159  953.8847  954.4210
2021 04 24 08 41 00    -2.5608101   -0.7049191  953.8822  954.4096
2021 04 24 08 42 00    -2.5537529   -0.7014308  953.8806  954.3937
2021 04 24 08 43 00    -2.5467786   -0.6979007  953.8789  954.3728
2021 04 24 08 44 00    -2.5396257   -0.6943076  953.8759  954.3490
2021 04 24 08 45 00    -2.5323408   -0.6907316  953.8722  954.3291
2021 04 24 08 46 00    -2.5251576   -0.6871621  953.8698  954.3155
2021 04 24 08 47 00    -2.5183234   -0.6836075  953.8687  954.3057
2021 04 24 08 48 00    -2.5118211   -0.6801493  953.8671  954.2973
2021 04 24 08 49 00    -2.5053150   -0.6768862  953.8643  954.2874
2021 04 24 08 50 00    -2.4985169   -0.6736553  953.8607  954.2770
2021 04 24 08 51 00    -2.4916518   -0.6702601  953.8570  954.2701
2021 04 24 08 52 00    -2.4851039   -0.6669011  953.8535  954.2704
2021 04 24 08 53 00    -2.4789049   -0.6638142  953.8505  954.2817
2021 04 24 08 54 00    -2.4728488   -0.6609113  953.8478  954.2974
2021 04 24 08 55 00    -2.4666459   -0.6579559  953.8459  954.3024
2021 04 24 08 56 00    -2.4603206   -0.6548163  953.8443  954.2950
2021 04 24 08 57 00    -2.4543017   -0.6516564  953.8417  954.2876
2021 04 24 08 58 00    -2.4485359   -0.6486802  953.8385  954.2869
2021 04 24 08 59 00    -2.4425401   -0.6457317  953.8356  954.2856
2021 04 24 09 00 00    -2.4364609   -0.6426741  953.8330  954.2769
2021 04 24 09 01 00    -2.4307462   -0.6397174  953.8306  954.2690
2021 04 24 09 02 00    -2.4253787   -0.6370224  953.8285  954.2678
2021 04 24 09 03 00    -2.4201714   -0.6345129  953.8259  954.2647
2021 04 24 09 04 00    -2.4149500   -0.6319740  953.8228  954.2563
2021 04 24 09 05 00    -2.4095738   -0.6292237  953.8203  954.2498
2021 04 24 09 06 00    -2.4041674   -0.6263955  953.8190  954.2485
2021 04 24 09 07 00    -2.3989549   -0.6237738  953.8172  954.2493
2021 04 24 09 08 00    -2.3940519   -0.6213859  953.8142  954.2476
2021 04 24 09 09 00    -2.3893880   -0.6190080  953.8114  954.2417
2021 04 24 09 10 00    -2.3846816   -0.6165287  953.8098  954.2318
2021 04 24 09 11 00    -2.3799446   -0.6141433  953.8079  954.2190
2021 04 24 09 12 00    -2.3754563   -0.6120110  953.8051  954.2051
2021 04 24 09 13 00    -2.3711004   -0.6099685  953.8023  954.1906
2021 04 24 09 14 00    -2.3667030   -0.6078102  953.7999  954.1759
2021 04 24 09 15 00    -2.3624357   -0.6056026  953.7968  954.1642
2021 04 24 09 16 00    -2.3584196   -0.6035314  953.7927  954.1582
2021 04 24 09 17 00    -2.3545177   -0.6015523  953.7888  954.1551
2021 04 24 09 18 00    -2.3505076   -0.5995123  953.7856  954.1459
2021 04 24 09 19 00    -2.3463983   -0.5974902  953.7824  954.1305
2021 04 24 09 20 00    -2.3424138   -0.5955741  953.7790  954.1225
2021 04 24 09 21 00    -2.3386471   -0.5936730  953.7757  954.1252
2021 04 24 09 22 00    -2.3351114   -0.5918693  953.7728  954.1232
2021 04 24 09 23 00    -2.3318931   -0.5903167  953.7693  954.1068
2021 04 24 09 24 00    -2.3288800   -0.5888043  953.7647  954.0812
2021 04 24 09 25 00    -2.3257471   -0.5871540  953.7600  954.0547
2021 04 24 09 26 00    -2.3223965   -0.5855339  953.7558  954.0349
2021 04 24 09 27 00    -2.3190139   -0.5839427  953.7518  954.0259
2021 04 24 09 28 00    -2.3158708   -0.5823316  953.7476  954.0234
2021 04 24 09 29 00    -2.3131388   -0.5809109  953.7431  954.0211
2021 04 24 09 30 00    -2.3105835   -0.5796406  953.7390  954.0188
2021 04 24 09 31 00    -2.3078775   -0.5783016  953.7355  954.0194
2021 04 24 09 32 00    -2.3051308   -0.5769625  953.7324  954.0244
2021 04 24 09 33 00    -2.3025650   -0.5757187  953.7293  954.0261
2021 04 24 09 34 00    -2.3002105   -0.5745312  953.7255  954.0118
2021 04 24 09 35 00    -2.2981079   -0.5734850  953.7211  953.9885
2021 04 24 09 36 00    -2.2961636   -0.5725928  953.7170  953.9788
2021 04 24 09 37 00    -2.2940551   -0.5715662  953.7138  953.9864
2021 04 24 09 38 00    -2.2918331   -0.5703442  953.7105  953.9974
2021 04 24 09 39 00    -2.2898856   -0.5692220  953.7069  954.0036
2021 04 24 09 40 00    -2.2881992   -0.5683391  953.7034  954.0031
2021 04 24 09 41 00    -2.2865805   -0.5676406  953.7004  953.9964
2021 04 24 09 42 00    -2.2850640   -0.5669929  953.6973  953.9855
2021 04 24 09 43 00    -2.2835959   -0.5662551  953.6938  953.9695
2021 04 24 09 44 00    -2.2821514   -0.5655086  953.6898  953.9498
2021 04 24 09 45 00    -2.2810374   -0.5649770  953.6857  953.9337
2021 04 24 09 46 00    -2.2801829   -0.5645793  953.6815  953.9242
2021 04 24 09 47 00    -2.2791370   -0.5640860  953.6772  953.9210
2021 04 24 09 48 00    -2.2781744   -0.5636850  953.6730  953.9235
2021 04 24 09 49 00    -2.2776704   -0.5634951  953.6687  953.9235
2021 04 24 09 50 00    -2.2770940   -0.5631533  953.6641  953.9121
2021 04 24 09 51 00    -2.2761242   -0.5625978  953.6600  953.8911
2021 04 24 09 52 00    -2.2754172   -0.5622124  953.6565  953.8673
2021 04 24 09 53 00    -2.2752960   -0.5620270  953.6524  953.8487
2021 04 24 09 54 00    -2.2752304   -0.5617901  953.6471  953.8416
2021 04 24 09 55 00    -2.2750793   -0.5616557  953.6414  953.8342
2021 04 24 09 56 00    -2.2751541   -0.5618492  953.6360  953.8046
2021 04 24 09 57 00    -2.2753636   -0.5620993  953.6311  953.7636
2021 04 24 09 58 00    -2.2754712   -0.5621131  953.6266  953.7426
2021 04 24 09 59 00    -2.2756257   -0.5621005  953.6221  953.7354
2021 04 24 10 00 00    -2.2761320   -0.5624029  953.6171  953.7136
2021 04 24 10 01 00    -2.2769336   -0.5629411  953.6112  953.6784
2021 04 24 10 02 00    -2.2776351   -0.5633465  953.6050  953.6499
2021 04 24 10 03 00    -2.2780449   -0.5634927  953.5989  953.6347
2021 04 24 10 04 00    -2.2785158   -0.5636408  953.5929  953.6240
2021 04 24 10 05 00    -2.2793984   -0.5639888  953.5866  953.6136
2021 04 24 10 06 00    -2.2804329   -0.5644245  953.5801  953.6074
2021 04 24 10 07 00    -2.2813876   -0.5649149  953.5742  953.6022
2021 04 24 10 08 00    -2.2826292   -0.5656442  953.5691  953.5926
2021 04 24 10 09 00    -2.2843146   -0.5665882  953.5642  953.5807
2021 04 24 10 10 00    -2.2858665   -0.5674071  953.5584  953.5677
2021 04 24 10 11 00    -2.2869755   -0.5680019  953.5517  953.5553
2021 04 24 10 12 00    -2.2882925   -0.5687068  953.5454  953.5470
2021 04 24 10 13 00    -2.2902604   -0.5696143  953.5400  953.5434
2021 04 24 10 14 00    -2.2922971   -0.5704200  953.5348  953.5460
2021 04 24 10 15 00    -2.2940277   -0.5711451  953.5290  953.5504
2021 04 24 10 16 00    -2.2957899   -0.5721066  953.5232  953.5404
2021 04 24 10 17 00    -2.2977540   -0.5732927  953.5176  953.5144
2021 04 24 10 18 00    -2.3000315   -0.5745365  953.5116  953.4935
2021 04 24 10 19 00    -2.3027151   -0.5758276  953.5053  953.4867
2021 04 24 10 20 00    -2.3053927   -0.5771135  953.4991  953.4818
2021 04 24 10 21 00    -2.3076783   -0.5782814  953.4930  953.4720
2021 04 24 10 22 00    -2.3097784   -0.5793938  953.4869  953.4619
2021 04 24 10 23 00    -2.3122207   -0.5806901  953.4808  953.4520
2021 04 24 10 24 00    -2.3152174   -0.5822498  953.4752  953.4410
2021 04 24 10 25 00    -2.3184053   -0.5838269  953.4698  953.4321
2021 04 24 10 26 00    -2.3213916   -0.5852555  953.4639  953.4230
2021 04 24 10 27 00    -2.3240874   -0.5866232  953.4576  953.4099
2021 04 24 10 28 00    -2.3267846   -0.5880075  953.4512  953.3999
2021 04 24 10 29 00    -2.3301543   -0.5895671  953.4453  953.3987
2021 04 24 10 30 00    -2.3341540   -0.5913824  953.4395  953.3974
2021 04 24 10 31 00    -2.3378106   -0.5931740  953.4337  953.3900
2021 04 24 10 32 00    -2.3408470   -0.5947859  953.4280  953.3838
2021 04 24 10 33 00    -2.3439825   -0.5964470  953.4227  953.3832
2021 04 24 10 34 00    -2.3478658   -0.5984018  953.4176  953.3808
2021 04 24 10 35 00    -2.3523712   -0.6005986  953.4122  953.3705
2021 04 24 10 36 00    -2.3565538   -0.6026744  953.4065  953.3573
2021 04 24 10 37 00    -2.3599769   -0.6043873  953.4003  953.3486
2021 04 24 10 38 00    -2.3635736   -0.6060888  953.3937  953.3460
2021 04 24 10 39 00    -2.3680975   -0.6082990  953.3875  953.3468
2021 04 24 10 40 00    -2.3729880   -0.6108954  953.3820  953.3458
2021 04 24 10 41 00    -2.3774731   -0.6132985  953.3773  953.3397
2021 04 24 10 42 00    -2.3815007   -0.6152534  953.3728  953.3347
2021 04 24 10 43 00    -2.3855855   -0.6171861  953.3682  953.3396
2021 04 24 10 44 00    -2.3903425   -0.6196522  953.3636  953.3455
2021 04 24 10 45 00    -2.3955967   -0.6223821  953.3587  953.3326
2021 04 24 10 46 00    -2.4006450   -0.6248090  953.3527  953.3032
2021 04 24 10 47 00    -2.4055729   -0.6271796  953.3465  953.2800
2021 04 24 10 48 00    -2.4107685   -0.6298623  953.3412  953.2702
2021 04 24 10 49 00    -2.4161142   -0.6326456  953.3365  953.2612
2021 04 24 10 50 00    -2.4214943   -0.6353408  953.3313  953.2497
2021 04 24 10 51 00    -2.4267729   -0.6379058  953.3250  953.2432
2021 04 24 10 52 00    -2.4319019   -0.6403970  953.3186  953.2381
2021 04 24 10 53 00    -2.4373866   -0.6431846  953.3135  953.2284
2021 04 24 10 54 00    -2.4433746   -0.6463102  953.3090  953.2249
2021 04 24 10 55 00    -2.4491470   -0.6492387  953.3038  953.2338
2021 04 24 10 56 00    -2.4545162   -0.6518985  953.2983  953.2388
2021 04 24 10 57 00    -2.4602751   -0.6547807  953.2934  953.2348
2021 04 24 10 58 00    -2.4666036   -0.6578704  953.2887  953.2373
2021 04 24 10 59 00    -2.4726713   -0.6607866  953.2836  953.2436
2021 04 24 11 00 00    -2.4784306   -0.6637306  953.2786  953.2399
2021 04 24 11 01 00    -2.4847876   -0.6670926  953.2742  953.2285
2021 04 24 11 02 00    -2.4915547   -0.6705495  953.2697  953.2152
2021 04 24 11 03 00    -2.4979352   -0.6736648  953.2644  953.2027
2021 04 24 11 04 00    -2.5042821   -0.6766893  953.2583  953.1956
2021 04 24 11 05 00    -2.5109176   -0.6799395  953.2520  953.1878
2021 04 24 11 06 00    -2.5174927   -0.6833405  953.2463  953.1676
2021 04 24 11 07 00    -2.5242670   -0.6868656  953.2412  953.1427
2021 04 24 11 08 00    -2.5315326   -0.6905522  953.2362  953.1295
2021 04 24 11 09 00    -2.5386984   -0.6941496  953.2310  953.1283
2021 04 24 11 10 00    -2.5455572   -0.6975482  953.2254  953.1289
2021 04 24 11 11 00    -2.5527029   -0.7011047  953.2198  953.1207
2021 04 24 11 12 00    -2.5601222   -0.7048606  953.2147  953.0980
2021 04 24 11 13 00    -2.5673738   -0.7085126  953.2093  953.0692
2021 04 24 11 14 00    -2.5746440   -0.7121658  953.2033  953.0483
2021 04 24 11 15 00    -2.5821589   -0.7159868  953.1971  953.0393
2021 04 24 11 16 00    -2.5897072   -0.7197716  953.1912  953.0338
2021 04 24 11 17 00    -2.5972322   -0.7234557  953.1851  953.0212
2021 04 24 11 18 00    -2.6049885   -0.7273320  953.1786  953.0017
2021 04 24 11 19 00    -2.6129672   -0.7314316  953.1726  952.9828
2021 04 24 11 20 00    -2.6207048   -0.7353440  953.1665  952.9692
2021 04 24 11 21 00    -2.6282261   -0.7390515  953.1596  952.9615
2021 04 24 11 22 00    -2.6363005   -0.7430693  953.1528  952.9532
2021 04 24 11 23 00    -2.6448436   -0.7473675  953.1470  952.9313
2021 04 24 11 24 00    -2.6529354   -0.7514246  953.1413  952.9007
2021 04 24 11 25 00    -2.6608382   -0.7553997  953.1351  952.8857
2021 04 24 11 26 00    -2.6692466   -0.7596588  953.1289  952.8915
2021 04 24 11 27 00    -2.6775438   -0.7638240  953.1229  952.9027
2021 04 24 11 28 00    -2.6854931   -0.7677713  953.1169  952.9066
2021 04 24 11 29 00    -2.6941194   -0.7721033  953.1110  952.8915
2021 04 24 11 30 00    -2.7033003   -0.7767341  953.1052  952.8587
2021 04 24 11 31 00    -2.7119024   -0.7809697  953.0991  952.8365
2021 04 24 11 32 00    -2.7202188   -0.7850351  953.0929  952.8452
2021 04 24 11 33 00    -2.7290539   -0.7894869  953.0867  952.8624
2021 04 24 11 34 00    -2.7380222   -0.7940208  953.0801  952.8565
2021 04 24 11 35 00    -2.7467383   -0.7983603  953.0734  952.8390
2021 04 24 11 36 00    -2.7555880   -0.8028328  953.0673  952.8350
2021 04 24 11 37 00    -2.7647797   -0.8075397  953.0617  952.8372
2021 04 24 11 38 00    -2.7740664   -0.8122154  953.0558  952.8358
2021 04 24 11 39 00    -2.7831717   -0.8167203  953.0503  952.8377
2021 04 24 11 40 00    -2.7921919   -0.8211986  953.0452  952.8440
2021 04 24 11 41 00    -2.8014588   -0.8258194  953.0399  952.8474
2021 04 24 11 42 00    -2.8108231   -0.8304633  953.0338  952.8418
2021 04 24 11 43 00    -2.8200224   -0.8350388  953.0279  952.8338
2021 04 24 11 44 00    -2.8293463   -0.8397272  953.0228  952.8498
2021 04 24 11 45 00    -2.8389753   -0.8445683  953.0179  952.8941
2021 04 24 11 46 00    -2.8486538   -0.8493605  953.0128  952.9194
2021 04 24 11 47 00    -2.8582386   -0.8540498  953.0076  952.8976
2021 04 24 11 48 00    -2.8678077   -0.8588105  953.0026  952.8595
2021 04 24 11 49 00    -2.8774718   -0.8637241  952.9975  952.8328
2021 04 24 11 50 00    -2.8873027   -0.8687160  952.9920  952.8233
2021 04 24 11 51 00    -2.8972874   -0.8737539  952.9861  952.8281
2021 04 24 11 52 00    -2.9073826   -0.8787644  952.9805  952.8216
2021 04 24 11 53 00    -2.9175160   -0.8836848  952.9755  952.7904
2021 04 24 11 54 00    -2.9276345   -0.8886853  952.9705  952.7565
2021 04 24 11 55 00    -2.9378048   -0.8938976  952.9647  952.7365
2021 04 24 11 56 00    -2.9479384   -0.8991110  952.9583  952.7297
2021 04 24 11 57 00    -2.9579303   -0.9041227  952.9527  952.7251
2021 04 24 11 58 00    -2.9680809   -0.9091761  952.9477  952.7064
2021 04 24 11 59 00    -2.9785668   -0.9145225  952.9421  952.6802
2021 04 24 12 00 00    -2.9891201   -0.9198966  952.9357  952.6725
2021 04 24 12 01 00    -2.9995068   -0.9249983  952.9294  952.6863
2021 04 24 12 02 00    -3.0097258   -0.9299079  952.9238  952.6910
2021 04 24 12 03 00    -3.0200134   -0.9348732  952.9189  952.6655
2021 04 24 12 04 00    -3.0305738   -0.9400710  952.9138  952.6305
2021 04 24 12 05 00    -3.0412932   -0.9454801  952.9079  952.6105
2021 04 24 12 06 00    -3.0521018   -0.9509917  952.9019  952.6011
2021 04 24 12 07 00    -3.0630445   -0.9565114  952.8965  952.5992
2021 04 24 12 08 00    -3.0739186   -0.9619391  952.8912  952.6040
2021 04 24 12 09 00    -3.0846042   -0.9673099  952.8856  952.5936
2021 04 24 12 10 00    -3.0954158   -0.9727872  952.8797  952.5607
2021 04 24 12 11 00    -3.1064856   -0.9783447  952.8732  952.5283
2021 04 24 12 12 00    -3.1174289   -0.9837727  952.8664  952.5046
2021 04 24 12 13 00    -3.1281158   -0.9891125  952.8601  952.4821
2021 04 24 12 14 00    -3.1390150   -0.9946286  952.8537  952.4697
2021 04 24 12 15 00    -3.1503138   -1.0003007  952.8465  952.4801
2021 04 24 12 16 00    -3.1615489   -1.0058808  952.8396  952.5060
2021 04 24 12 17 00    -3.1724974   -1.0113822  952.8334  952.5289
2021 04 24 12 18 00    -3.1834913   -1.0169887  952.8271  952.5328
2021 04 24 12 19 00    -3.1947357   -1.0226835  952.8211  952.5087
2021 04 24 12 20 00    -3.2060382   -1.0282750  952.8151  952.4653
2021 04 24 12 21 00    -3.2171245   -1.0336547  952.8085  952.4337
2021 04 24 12 22 00    -3.2281191   -1.0390627  952.8012  952.4290
2021 04 24 12 23 00    -3.2394569   -1.0448362  952.7937  952.4272
2021 04 24 12 24 00    -3.2510710   -1.0508080  952.7866  952.4096
2021 04 24 12 25 00    -3.2625706   -1.0566131  952.7799  952.3916
2021 04 24 12 26 00    -3.2740034   -1.0623056  952.7736  952.3830
2021 04 24 12 27 00    -3.2854964   -1.0680295  952.7675  952.3700
2021 04 24 12 28 00    -3.2968898   -1.0736914  952.7616  952.3455
2021 04 24 12 29 00    -3.3081793   -1.0793031  952.7550  952.3243
2021 04 24 12 30 00    -3.3196526   -1.0850682  952.7476  952.3302
2021 04 24 12 31 00    -3.3313734   -1.0909852  952.7401  952.3659
2021 04 24 12 32 00    -3.3430541   -1.0968340  952.7329  952.3913
2021 04 24 12 33 00    -3.3545637   -1.1025895  952.7260  952.3711
2021 04 24 12 34 00    -3.3660283   -1.1083650  952.7193  952.3317
2021 04 24 12 35 00    -3.3775580   -1.1141239  952.7126  952.3165
2021 04 24 12 36 00    -3.3891833   -1.1198679  952.7065  952.3279
2021 04 24 12 37 00    -3.4007281   -1.1256367  952.7005  952.3426
2021 04 24 12 38 00    -3.4120222   -1.1313225  952.6939  952.3394
2021 04 24 12 39 00    -3.4233948   -1.1369942  952.6870  952.3216
2021 04 24 12 40 00    -3.4351351   -1.1428152  952.6801  952.3111
2021 04 24 12 41 00    -3.4468940   -1.1486969  952.6734  952.3045
2021 04 24 12 42 00    -3.4584956   -1.1546120  952.6673  952.2837
2021 04 24 12 43 00    -3.4703255   -1.1606112  952.6613  952.2572
2021 04 24 12 44 00    -3.4823491   -1.1665426  952.6548  952.2437
2021 04 24 12 45 00    -3.4941082   -1.1723687  952.6479  952.2471
2021 04 24 12 46 00    -3.5058002   -1.1783125  952.6413  952.2682
2021 04 24 12 47 00    -3.5177260   -1.1843872  952.6351  952.3005
2021 04 24 12 48 00    -3.5294589   -1.1903034  952.6289  952.3157
2021 04 24 12 49 00    -3.5409284   -1.1960055  952.6227  952.2962
2021 04 24 12 50 00    -3.5526721   -1.2018097  952.6169  952.2653
2021 04 24 12 51 00    -3.5646716   -1.2078244  952.6117  952.2406
2021 04 24 12 52 00    -3.5764698   -1.2137284  952.6062  952.2153
2021 04 24 12 53 00    -3.5879902   -1.2193662  952.6001  952.1949
2021 04 24 12 54 00    -3.5994593   -1.2250205  952.5939  952.1858
2021 04 24 12 55 00    -3.6111757   -1.2309754  952.5877  952.1730
2021 04 24 12 56 00    -3.6233477   -1.2372131  952.5816  952.1485
2021 04 24 12 57 00    -3.6355943   -1.2434310  952.5753  952.1253
2021 04 24 12 58 00    -3.6473598   -1.2493298  952.5688  952.1065
2021 04 24 12 59 00    -3.6588015   -1.2549871  952.5621  952.0827
2021 04 24 13 00 00    -3.6704010   -1.2607127  952.5558  952.0654
2021 04 24 13 01 00    -3.6823454   -1.2666902  952.5497  952.0768
2021 04 24 13 02 00    -3.6945333   -1.2728551  952.5432  952.1047
2021 04 24 13 03 00    -3.7066963   -1.2789674  952.5359  952.1131
2021 04 24 13 04 00    -3.7185356   -1.2848781  952.5284  952.0928
2021 04 24 13 05 00    -3.7299526   -1.2906114  952.5212  952.0609
2021 04 24 13 06 00    -3.7414746   -1.2963614  952.5139  952.0347
2021 04 24 13 07 00    -3.7535721   -1.3023292  952.5066  952.0311
2021 04 24 13 08 00    -3.7657240   -1.3083309  952.4995  952.0441
2021 04 24 13 09 00    -3.7775003   -1.3141816  952.4923  952.0460
2021 04 24 13 10 00    -3.7890931   -1.3200105  952.4852  952.0396
2021 04 24 13 11 00    -3.8005653   -1.3258024  952.4785  952.0433
2021 04 24 13 12 00    -3.8121118   -1.3316063  952.4724  952.0416
2021 04 24 13 13 00    -3.8240387   -1.3376975  952.4665  952.0218
2021 04 24 13 14 00    -3.8360539   -1.3438810  952.4607  952.0081
2021 04 24 13 15 00    -3.8476532   -1.3496954  952.4545  952.0145
2021 04 24 13 16 00    -3.8590469   -1.3552948  952.4476  952.0152
2021 04 24 13 17 00    -3.8708198   -1.3611297  952.4403  951.9865
2021 04 24 13 18 00    -3.8828608   -1.3671439  952.4335  951.9455
2021 04 24 13 19 00    -3.8945270   -1.3729482  952.4268  951.9149
2021 04 24 13 20 00    -3.9057062   -1.3784845  952.4200  951.8920
2021 04 24 13 21 00    -3.9169481   -1.3840665  952.4127  951.8753
2021 04 24 13 22 00    -3.9286037   -1.3899356  952.4049  951.8695
2021 04 24 13 23 00    -3.9404241   -1.3960125  952.3971  951.8687
2021 04 24 13 24 00    -3.9520158   -1.4019152  952.3898  951.8684
2021 04 24 13 25 00    -3.9632625   -1.4074278  952.3828  951.8757
2021 04 24 13 26 00    -3.9743711   -1.4128963  952.3758  951.8940
2021 04 24 13 27 00    -3.9857069   -1.4187101  952.3689  951.9115
2021 04 24 13 28 00    -3.9973454   -1.4246972  952.3619  951.9106
2021 04 24 13 29 00    -4.0089261   -1.4304404  952.3552  951.8857
2021 04 24 13 30 00    -4.0201823   -1.4359302  952.3490  951.8541
2021 04 24 13 31 00    -4.0311933   -1.4414447  952.3426  951.8530
2021 04 24 13 32 00    -4.0422813   -1.4470510  952.3357  951.8883
2021 04 24 13 33 00    -4.0537590   -1.4527096  952.3293  951.9015
2021 04 24 13 34 00    -4.0652834   -1.4583924  952.3240  951.8688
2021 04 24 13 35 00    -4.0762375   -1.4639376  952.3183  951.8573
2021 04 24 13 36 00    -4.0868751   -1.4693400  952.3114  951.8911
2021 04 24 13 37 00    -4.0978997   -1.4748587  952.3047  951.9116
2021 04 24 13 38 00    -4.1094310   -1.4806069  952.2993  951.8943
2021 04 24 13 39 00    -4.1209227   -1.4863670  952.2941  951.8560
2021 04 24 13 40 00    -4.1316972   -1.4917981  952.2880  951.8115
2021 04 24 13 41 00    -4.1419703   -1.4970414  952.2818  951.7886
2021 04 24 13 42 00    -4.1527769   -1.5026274  952.2760  951.7968
2021 04 24 13 43 00    -4.1642109   -1.5083475  952.2706  951.7970
2021 04 24 13 44 00    -4.1752482   -1.5135722  952.2651  951.7668
2021 04 24 13 45 00    -4.1856860   -1.5185919  952.2589  951.7339
2021 04 24 13 46 00    -4.1963283   -1.5240365  952.2513  951.7200
2021 04 24 13 47 00    -4.2073737   -1.5297514  952.2435  951.7265
2021 04 24 13 48 00    -4.2183284   -1.5353173  952.2371  951.7450
2021 04 24 13 49 00    -4.2289190   -1.5406448  952.2317  951.7436
2021 04 24 13 50 00    -4.2392733   -1.5457894  952.2260  951.7107
2021 04 24 13 51 00    -4.2497698   -1.5509574  952.2191  951.6783
2021 04 24 13 52 00    -4.2606095   -1.5563478  952.2113  951.6490
2021 04 24 13 53 00    -4.2714435   -1.5617454  952.2036  951.6082
2021 04 24 13 54 00    -4.2819379   -1.5669630  952.1967  951.5913
2021 04 24 13 55 00    -4.2922358   -1.5722061  952.1899  951.6134
2021 04 24 13 56 00    -4.3024971   -1.5774474  952.1823  951.6253
2021 04 24 13 57 00    -4.3127190   -1.5824852  952.1745  951.6066
2021 04 24 13 58 00    -4.3228929   -1.5874778  952.1672  951.5909
2021 04 24 13 59 00    -4.3330148   -1.5926327  952.1604  951.5983
2021 04 24 14 00 00    -4.3432134   -1.5979237  952.1536  951.6058
2021 04 24 14 01 00    -4.3535339   -1.6031872  952.1465  951.5900
2021 04 24 14 02 00    -4.3637155   -1.6082274  952.1393  951.5651
2021 04 24 14 03 00    -4.3735619   -1.6130298  952.1321  951.5530
2021 04 24 14 04 00    -4.3831922   -1.6177625  952.1251  951.5600
2021 04 24 14 05 00    -4.3929256   -1.6225931  952.1181  951.5783
2021 04 24 14 06 00    -4.4028369   -1.6275361  952.1114  951.5838
2021 04 24 14 07 00    -4.4125294   -1.6323728  952.1053  951.5768
2021 04 24 14 08 00    -4.4219164   -1.6370558  952.0993  951.5846
2021 04 24 14 09 00    -4.4313502   -1.6417980  952.0931  951.6021
2021 04 24 14 10 00    -4.4407194   -1.6465144  952.0871  951.6066
2021 04 24 14 11 00    -4.4499187   -1.6511399  952.0810  951.5934
2021 04 24 14 12 00    -4.4594243   -1.6559272  952.0741  951.5621
2021 04 24 14 13 00    -4.4692322   -1.6607918  952.0672  951.5222
2021 04 24 14 14 00    -4.4787082   -1.6654527  952.0610  951.4958
2021 04 24 14 15 00    -4.4877709   -1.6700242  952.0545  951.4824
2021 04 24 14 16 00    -4.4968718   -1.6746987  952.0474  951.4663
2021 04 24 14 17 00    -4.5060350   -1.6793197  952.0404  951.4545
2021 04 24 14 18 00    -4.5149827   -1.6837036  952.0338  951.4592
2021 04 24 14 19 00    -4.5238215   -1.6880465  952.0274  951.4732
2021 04 24 14 20 00    -4.5327536   -1.6925533  952.0206  951.4928
2021 04 24 14 21 00    -4.5416726   -1.6970612  952.0139  951.5138
2021 04 24 14 22 00    -4.5504237   -1.7013867  952.0079  951.5138
2021 04 24 14 23 00    -4.5589065   -1.7056071  952.0027  951.4789
2021 04 24 14 24 00    -4.5672542   -1.7098908  951.9972  951.4322
2021 04 24 14 25 00    -4.5758703   -1.7142302  951.9910  951.4136
2021 04 24 14 26 00    -4.5845818   -1.7184595  951.9843  951.4237
2021 04 24 14 27 00    -4.5928519   -1.7225882  951.9767  951.4284
2021 04 24 14 28 00    -4.6010662   -1.7268440  951.9687  951.4141
2021 04 24 14 29 00    -4.6097650   -1.7312624  951.9616  951.3875
2021 04 24 14 30 00    -4.6182425   -1.7354781  951.9555  951.3600
2021 04 24 14 31 00    -4.6258325   -1.7392420  951.9494  951.3483
2021 04 24 14 32 00    -4.6333248   -1.7429295  951.9423  951.3506
2021 04 24 14 33 00    -4.6415466   -1.7470066  951.9350  951.3474
2021 04 24 14 34 00    -4.6499911   -1.7512733  951.9282  951.3314
2021 04 24 14 35 00    -4.6578584   -1.7552124  951.9215  951.3131
2021 04 24 14 36 00    -4.6653529   -1.7588682  951.9141  951.3090
2021 04 24 14 37 00    -4.6730605   -1.7626528  951.9062  951.3215
2021 04 24 14 38 00    -4.6807815   -1.7665176  951.8993  951.3316
2021 04 24 14 39 00    -4.6881608   -1.7702252  951.8931  951.3267
2021 04 24 14 40 00    -4.6954690   -1.7739615  951.8871  951.3193
2021 04 24 14 41 00    -4.7028548   -1.7778478  951.8809  951.3183
2021 04 24 14 42 00    -4.7100502   -1.7814889  951.8745  951.3154
2021 04 24 14 43 00    -4.7169631   -1.7847179  951.8673  951.3123
2021 04 24 14 44 00    -4.7237692   -1.7879953  951.8600  951.3160
2021 04 24 14 45 00    -4.7305989   -1.7915443  951.8535  951.3126
2021 04 24 14 46 00    -4.7375274   -1.7951203  951.8479  951.2973
2021 04 24 14 47 00    -4.7445557   -1.7986417  951.8421  951.2964
2021 04 24 14 48 00    -4.7513697   -1.8021087  951.8362  951.3217
2021 04 24 14 49 00    -4.7578277   -1.8054480  951.8309  951.3577
2021 04 24 14 50 00    -4.7643214   -1.8086851  951.8261  951.3841
2021 04 24 14 51 00    -4.7709207   -1.8118362  951.8210  951.3841
2021 04 24 14 52 00    -4.7773099   -1.8150089  951.8149  951.3625
2021 04 24 14 53 00    -4.7836168   -1.8183344  951.8086  951.3493
2021 04 24 14 54 00    -4.7899850   -1.8215811  951.8030  951.3562
2021 04 24 14 55 00    -4.7960143   -1.8244574  951.7983  951.3660
2021 04 24 14 56 00    -4.8016592   -1.8271966  951.7936  951.3665
2021 04 24 14 57 00    -4.8075039   -1.8302438  951.7883  951.3635
2021 04 24 14 58 00    -4.8135344   -1.8334074  951.7826  951.3675
2021 04 24 14 59 00    -4.8191319   -1.8362012  951.7771  951.3739
2021 04 24 15 00 00    -4.8243806   -1.8388001  951.7722  951.3667
2021 04 24 15 01 00    -4.8298997   -1.8416021  951.7678  951.3527
2021 04 24 15 02 00    -4.8356303   -1.8444806  951.7633  951.3565
2021 04 24 15 03 00    -4.8411222   -1.8471715  951.7587  951.3775
2021 04 24 15 04 00    -4.8464203   -1.8497449  951.7542  951.3900
2021 04 24 15 05 00    -4.8516173   -1.8523416  951.7501  951.3766
2021 04 24 15 06 00    -4.8566582   -1.8549424  951.7461  951.3454
2021 04 24 15 07 00    -4.8617081   -1.8575200  951.7415  951.3290
2021 04 24 15 08 00    -4.8667300   -1.8600184  951.7364  951.3441
2021 04 24 15 09 00    -4.8715871   -1.8624124  951.7313  951.3616
2021 04 24 15 10 00    -4.8763828   -1.8648068  951.7263  951.3590
2021 04 24 15 11 00    -4.8810075   -1.8671276  951.7212  951.3474
2021 04 24 15 12 00    -4.8854299   -1.8692996  951.7168  951.3360
2021 04 24 15 13 00    -4.8899353   -1.8715671  951.7128  951.3244
2021 04 24 15 14 00    -4.8943947   -1.8739149  951.7083  951.3166
2021 04 24 15 15 00    -4.8985520   -1.8760352  951.7036  951.3160
2021 04 24 15 16 00    -4.9026454   -1.8780437  951.6993  951.3200
2021 04 24 15 17 00    -4.9068614   -1.8801681  951.6949  951.3283
2021 04 24 15 18 00    -4.9110139   -1.8822440  951.6898  951.3426
2021 04 24 15 19 00    -4.9148951   -1.8841226  951.6843  951.3468
2021 04 24 15 20 00    -4.9184766   -1.8858390  951.6792  951.3246
2021 04 24 15 21 00    -4.9220120   -1.8875071  951.6747  951.2946
2021 04 24 15 22 00    -4.9257408   -1.8893263  951.6702  951.2822
2021 04 24 15 23 00    -4.9294104   -1.8912553  951.6660  951.2809
2021 04 24 15 24 00    -4.9327406   -1.8930220  951.6625  951.2757
2021 04 24 15 25 00    -4.9358682   -1.8945303  951.6586  951.2734
2021 04 24 15 26 00    -4.9389234   -1.8959204  951.6534  951.2772
2021 04 24 15 27 00    -4.9419075   -1.8973802  951.6478  951.2766
2021 04 24 15 28 00    -4.9447962   -1.8988946  951.6434  951.2792
2021 04 24 15 29 00    -4.9475654   -1.9003211  951.6400  951.2909
2021 04 24 15 30 00    -4.9504190   -1.9017284  951.6365  951.2892
2021 04 24 15 31 00    -4.9534653   -1.9032152  951.6322  951.2635
2021 04 24 15 32 00    -4.9562634   -1.9046147  951.6274  951.2335
2021 04 24 15 33 00    -4.9585155   -1.9058337  951.6223  951.2195
2021 04 24 15 34 00    -4.9606780   -1.9070346  951.6171  951.2275
2021 04 24 15 35 00    -4.9631079   -1.9082428  951.6126  951.2484
2021 04 24 15 36 00    -4.9654690   -1.9093218  951.6089  951.2619
2021 04 24 15 37 00    -4.9675098   -1.9103269  951.6049  951.2557
2021 04 24 15 38 00    -4.9694467   -1.9113905  951.6003  951.2413
2021 04 24 15 39 00    -4.9714380   -1.9124559  951.5954  951.2386
2021 04 24 15 40 00    -4.9733323   -1.9133799  951.5907  951.2526
2021 04 24 15 41 00    -4.9748739   -1.9141037  951.5870  951.2701
2021 04 24 15 42 00    -4.9761130   -1.9147330  951.5834  951.2731
2021 04 24 15 43 00    -4.9774399   -1.9154218  951.5794  951.2612
2021 04 24 15 44 00    -4.9790007   -1.9161615  951.5749  951.2507
2021 04 24 15 45 00    -4.9804170   -1.9168097  951.5704  951.2419
2021 04 24 15 46 00    -4.9813442   -1.9172619  951.5664  951.2307
2021 04 24 15 47 00    -4.9821497   -1.9176558  951.5626  951.2325
2021 04 24 15 48 00    -4.9832414   -1.9182058  951.5585  951.2512
2021 04 24 15 49 00    -4.9841894   -1.9187799  951.5538  951.2666
2021 04 24 15 50 00    -4.9847882   -1.9191626  951.5487  951.2659
2021 04 24 15 51 00    -4.9853846   -1.9193416  951.5439  951.2545
2021 04 24 15 52 00    -4.9857677   -1.9193580  951.5397  951.2451
2021 04 24 15 53 00    -4.9858794   -1.9194372  951.5356  951.2414
2021 04 24 15 54 00    -4.9862137   -1.9197468  951.5313  951.2356
2021 04 24 15 55 00    -4.9866000   -1.9200268  951.5275  951.2305
2021 04 24 15 56 00    -4.9866601   -1.9200552  951.5241  951.2432
2021 04 24 15 57 00    -4.9865287   -1.9199120  951.5209  951.2694
2021 04 24 15 58 00    -4.9862716   -1.9197283  951.5176  951.2794
2021 04 24 15 59 00    -4.9860087   -1.9196402  951.5142  951.2641
2021 04 24 16 00 00    -4.9858669   -1.9196276  951.5108  951.2497
2021 04 24 16 01 00    -4.9855248   -1.9194624  951.5079  951.2570
2021 04 24 16 02 00    -4.9847531   -1.9190633  951.5056  951.2802
2021 04 24 16 03 00    -4.9837929   -1.9185714  951.5029  951.3071
2021 04 24 16 04 00    -4.9829784   -1.9181314  951.4997  951.3314
2021 04 24 16 05 00    -4.9822941   -1.9177841  951.4967  951.3427
2021 04 24 16 06 00    -4.9815058   -1.9174810  951.4939  951.3370
2021 04 24 16 07 00    -4.9805274   -1.9170608  951.4909  951.3311
2021 04 24 16 08 00    -4.9791946   -1.9163478  951.4881  951.3412
2021 04 24 16 09 00    -4.9775001   -1.9154419  951.4857  951.3528
2021 04 24 16 10 00    -4.9758793   -1.9145672  951.4829  951.3452
2021 04 24 16 11 00    -4.9744596   -1.9137819  951.4798  951.3307
2021 04 24 16 12 00    -4.9730179   -1.9131285  951.4771  951.3340
2021 04 24 16 13 00    -4.9714781   -1.9125139  951.4748  951.3510
2021 04 24 16 14 00    -4.9697016   -1.9116483  951.4727  951.3670
2021 04 24 16 15 00    -4.9676995   -1.9105951  951.4707  951.3794
2021 04 24 16 16 00    -4.9657462   -1.9096558  951.4683  951.3857
2021 04 24 16 17 00    -4.9637939   -1.9087224  951.4658  951.3820
2021 04 24 16 18 00    -4.9616102   -1.9075632  951.4638  951.3687
2021 04 24 16 19 00    -4.9591972   -1.9062793  951.4620  951.3501
2021 04 24 16 20 00    -4.9567561   -1.9050404  951.4599  951.3400
2021 04 24 16 21 00    -4.9544448   -1.9038341  951.4570  951.3402
2021 04 24 16 22 00    -4.9519559   -1.9025028  951.4537  951.3355
2021 04 24 16 23 00    -4.9490044   -1.9009858  951.4505  951.3277
2021 04 24 16 24 00    -4.9460027   -1.8994619  951.4475  951.3297
2021 04 24 16 25 00    -4.9432322   -1.8980215  951.4447  951.3331
2021 04 24 16 26 00    -4.9403300   -1.8965246  951.4422  951.3256
2021 04 24 16 27 00    -4.9371984   -1.8949735  951.4393  951.3160
2021 04 24 16 28 00    -4.9341729   -1.8935406  951.4362  951.3125
2021 04 24 16 29 00    -4.9311006   -1.8920807  951.4335  951.3073
2021 04 24 16 30 00    -4.9275780   -1.8903290  951.4310  951.3004
2021 04 24 16 31 00    -4.9238850   -1.8884984  951.4282  951.3015
2021 04 24 16 32 00    -4.9203969   -1.8867963  951.4256  951.3062
2021 04 24 16 33 00    -4.9167948   -1.8849631  951.4238  951.3034
2021 04 24 16 34 00    -4.9128410   -1.8829178  951.4215  951.2979
2021 04 24 16 35 00    -4.9088856   -1.8809061  951.4181  951.3002
2021 04 24 16 36 00    -4.9050469   -1.8789535  951.4145  951.3071
2021 04 24 16 37 00    -4.9010137   -1.8769295  951.4116  951.3120
2021 04 24 16 38 00    -4.8967097   -1.8748203  951.4094  951.3119
2021 04 24 16 39 00    -4.8922687   -1.8726130  951.4075  951.3060
2021 04 24 16 40 00    -4.8877854   -1.8702840  951.4050  951.2992
2021 04 24 16 41 00    -4.8833618   -1.8679618  951.4024  951.2974
2021 04 24 16 42 00    -4.8789720   -1.8657960  951.4001  951.3004
2021 04 24 16 43 00    -4.8744586   -1.8636770  951.3980  951.3037
2021 04 24 16 44 00    -4.8696941   -1.8613674  951.3959  951.3001
2021 04 24 16 45 00    -4.8646596   -1.8588478  951.3938  951.2905
2021 04 24 16 46 00    -4.8595438   -1.8562307  951.3912  951.2862
2021 04 24 16 47 00    -4.8545678   -1.8536239  951.3878  951.2853
2021 04 24 16 48 00    -4.8495992   -1.8511387  951.3842  951.2759
2021 04 24 16 49 00    -4.8443652   -1.8486493  951.3812  951.2671
2021 04 24 16 50 00    -4.8389364   -1.8459504  951.3786  951.2731
2021 04 24 16 51 00    -4.8335059   -1.8431418  951.3759  951.2850
2021 04 24 16 52 00    -4.8279454   -1.8402709  951.3733  951.2903
2021 04 24 16 53 00    -4.8220274   -1.8371901  951.3714  951.2910
2021 04 24 16 54 00    -4.8160248   -1.8341617  951.3696  951.2911
2021 04 24 16 55 00    -4.8103520   -1.8315304  951.3672  951.2889
2021 04 24 16 56 00    -4.8046768   -1.8288824  951.3638  951.2840
2021 04 24 16 57 00    -4.7986046   -1.8257986  951.3602  951.2795
2021 04 24 16 58 00    -4.7924977   -1.8226010  951.3573  951.2764
2021 04 24 16 59 00    -4.7865158   -1.8195584  951.3554  951.2741
2021 04 24 17 00 00    -4.7802416   -1.8165479  951.3538  951.2698
2021 04 24 17 01 00    -4.7737319   -1.8135286  951.3515  951.2602
2021 04 24 17 02 00    -4.7674018   -1.8104483  951.3483  951.2488
2021 04 24 17 03 00    -4.7610755   -1.8071160  951.3446  951.2433
2021 04 24 17 04 00    -4.7544107   -1.8036315  951.3412  951.2423
2021 04 24 17 05 00    -4.7475369   -1.8002711  951.3387  951.2392
2021 04 24 17 06 00    -4.7406975   -1.7969424  951.3362  951.2346
2021 04 24 17 07 00    -4.7338716   -1.7934503  951.3329  951.2334
2021 04 24 17 08 00    -4.7269313   -1.7899253  951.3297  951.2357
2021 04 24 17 09 00    -4.7199033   -1.7864805  951.3274  951.2380
2021 04 24 17 10 00    -4.7127286   -1.7829388  951.3246  951.2390
2021 04 24 17 11 00    -4.7053183   -1.7792259  951.3206  951.2400
2021 04 24 17 12 00    -4.6979450   -1.7755215  951.3169  951.2421
2021 04 24 17 13 00    -4.6906751   -1.7718162  951.3141  951.2452
2021 04 24 17 14 00    -4.6831482   -1.7679248  951.3112  951.2502
2021 04 24 17 15 00    -4.6754321   -1.7639906  951.3077  951.2574
2021 04 24 17 16 00    -4.6677896   -1.7601989  951.3047  951.2652
2021 04 24 17 17 00    -4.6599575   -1.7563195  951.3030  951.2728
2021 04 24 17 18 00    -4.6518515   -1.7523012  951.3013  951.2815
2021 04 24 17 19 00    -4.6438800   -1.7483915  951.2992  951.2909
2021 04 24 17 20 00    -4.6360132   -1.7444214  951.2973  951.2982
2021 04 24 17 21 00    -4.6278884   -1.7401770  951.2958  951.3032
2021 04 24 17 22 00    -4.6196463   -1.7359764  951.2940  951.3081
2021 04 24 17 23 00    -4.6115191   -1.7320035  951.2915  951.3145
2021 04 24 17 24 00    -4.6032893   -1.7279493  951.2890  951.3219
2021 04 24 17 25 00    -4.5947848   -1.7236004  951.2871  951.3286
2021 04 24 17 26 00    -4.5861080   -1.7191067  951.2857  951.3342
2021 04 24 17 27 00    -4.5774399   -1.7147650  951.2844  951.3405
2021 04 24 17 28 00    -4.5689431   -1.7106399  951.2832  951.3472
2021 04 24 17 29 00    -4.5603848   -1.7063967  951.2820  951.3517
2021 04 24 17 30 00    -4.5514540   -1.7018439  951.2805  951.3518
2021 04 24 17 31 00    -4.5424915   -1.6972536  951.2791  951.3475
2021 04 24 17 32 00    -4.5337519   -1.6928664  951.2777  951.3424
2021 04 24 17 33 00    -4.5248717   -1.6885782  951.2757  951.3429
2021 04 24 17 34 00    -4.5157737   -1.6841364  951.2728  951.3478
2021 04 24 17 35 00    -4.5067072   -1.6794638  951.2703  951.3469
2021 04 24 17 36 00    -4.4976408   -1.6747698  951.2696  951.3392
2021 04 24 17 37 00    -4.4884840   -1.6702145  951.2695  951.3370
2021 04 24 17 38 00    -4.4791931   -1.6656919  951.2681  951.3451
2021 04 24 17 39 00    -4.4697366   -1.6610887  951.2657  951.3530
2021 04 24 17 40 00    -4.4602910   -1.6564338  951.2631  951.3533
2021 04 24 17 41 00    -4.4508972   -1.6517263  951.2609  951.3513
2021 04 24 17 42 00    -4.4413747   -1.6469139  951.2592  951.3526
2021 04 24 17 43 00    -4.4317562   -1.6420596  951.2582  951.3540
2021 04 24 17 44 00    -4.4220457   -1.6371885  951.2571  951.3511
2021 04 24 17 45 00    -4.4120850   -1.6321634  951.2551  951.3499
2021 04 24 17 46 00    -4.4020489   -1.6270643  951.2527  951.3596
2021 04 24 17 47 00    -4.3922060   -1.6221348  951.2511  951.3758
2021 04 24 17 48 00    -4.3823735   -1.6172552  951.2506  951.3882
2021 04 24 17 49 00    -4.3723098   -1.6121732  951.2501  951.3982
2021 04 24 17 50 00    -4.3620960   -1.6069575  951.2494  951.4136
2021 04 24 17 51 00    -4.3518484   -1.6017731  951.2488  951.4330
2021 04 24 17 52 00    -4.3415314   -1.5966185  951.2480  951.4465
2021 04 24 17 53 00    -4.3311921   -1.5914989  951.2476  951.4524
2021 04 24 17 54 00    -4.3209734   -1.5864752  951.2475  951.4587
2021 04 24 17 55 00    -4.3107384   -1.5813817  951.2472  951.4636
2021 04 24 17 56 00    -4.3002655   -1.5760421  951.2465  951.4608
2021 04 24 17 57 00    -4.2897169   -1.5706984  951.2461  951.4558
2021 04 24 17 58 00    -4.2793565   -1.5655780  951.2459  951.4559
2021 04 24 17 59 00    -4.2689834   -1.5604266  951.2460  951.4606
2021 04 24 18 00 00    -4.2582304   -1.5550063  951.2464  951.4674
2021 04 24 18 01 00    -4.2473385   -1.5495597  951.2465  951.4736
2021 04 24 18 02 00    -4.2367349   -1.5443249  951.2456  951.4777
2021 04 24 18 03 00    -4.2261863   -1.5390939  951.2448  951.4816
2021 04 24 18 04 00    -4.2153249   -1.5336484  951.2448  951.4879
2021 04 24 18 05 00    -4.2043179   -1.5280964  951.2452  951.4994
2021 04 24 18 06 00    -4.1934419   -1.5225932  951.2451  951.5149
2021 04 24 18 07 00    -4.1826095   -1.5171513  951.2445  951.5297
2021 04 24 18 08 00    -4.1715335   -1.5116513  951.2446  951.5448
2021 04 24 18 09 00    -4.1601582   -1.5059557  951.2460  951.5624
2021 04 24 18 10 00    -4.1487258   -1.5001184  951.2475  951.5795
2021 04 24 18 11 00    -4.1373701   -1.4943476  951.2483  951.5986
2021 04 24 18 12 00    -4.1260533   -1.4887530  951.2490  951.6232
2021 04 24 18 13 00    -4.1148564   -1.4832403  951.2503  951.6471
2021 04 24 18 14 00    -4.1037564   -1.4776566  951.2520  951.6622
2021 04 24 18 15 00    -4.0924727   -1.4719687  951.2539  951.6681
2021 04 24 18 16 00    -4.0809814   -1.4662212  951.2561  951.6736
2021 04 24 18 17 00    -4.0694944   -1.4604169  951.2583  951.6850
2021 04 24 18 18 00    -4.0580013   -1.4545979  951.2602  951.6948
2021 04 24 18 19 00    -4.0464827   -1.4489005  951.2620  951.7002
2021 04 24 18 20 00    -4.0350354   -1.4433111  951.2643  951.7103
2021 04 24 18 21 00    -4.0235938   -1.4375727  951.2663  951.7225
2021 04 24 18 22 00    -4.0120138   -1.4315932  951.2678  951.7285
2021 04 24 18 23 00    -4.0003362   -1.4256863  951.2699  951.7356
2021 04 24 18 24 00    -3.9887306   -1.4200146  951.2726  951.7481
2021 04 24 18 25 00    -3.9771299   -1.4142033  951.2744  951.7534
2021 04 24 18 26 00    -3.9653586   -1.4081070  951.2755  951.7522
2021 04 24 18 27 00    -3.9535703   -1.4021500  951.2775  951.7616
2021 04 24 18 28 00    -3.9418195   -1.3964368  951.2807  951.7808
2021 04 24 18 29 00    -3.9299877   -1.3906759  951.2838  951.7987
2021 04 24 18 30 00    -3.9182326   -1.3848133  951.2865  951.8134
2021 04 24 18 31 00    -3.9065367   -1.3789347  951.2894  951.8217
2021 04 24 18 32 00    -3.8947237   -1.3730754  951.2920  951.8253
2021 04 24 18 33 00    -3.8828521   -1.3671608  951.2945  951.8347
2021 04 24 18 34 00    -3.8709379   -1.3611128  951.2975  951.8485
2021 04 24 18 35 00    -3.8589578   -1.3550851  951.3008  951.8558
2021 04 24 18 36 00    -3.8469278   -1.3491247  951.3041  951.8566
2021 04 24 18 37 00    -3.8349762   -1.3431462  951.3072  951.8593
2021 04 24 18 38 00    -3.8232784   -1.3372528  951.3098  951.8659
2021 04 24 18 39 00    -3.8116047   -1.3314187  951.3118  951.8717
2021 04 24 18 40 00    -3.7996197   -1.3254542  951.3143  951.8796
2021 04 24 18 41 00    -3.7874227   -1.3193752  951.3176  951.8934
2021 04 24 18 42 00    -3.7753517   -1.3133287  951.3208  951.9074
2021 04 24 18 43 00    -3.7635776   -1.3074050  951.3234  951.9192
2021 04 24 18 44 00    -3.7518273   -1.3015316  951.3260  951.9275
2021 04 24 18 45 00    -3.7397671   -1.2954828  951.3285  951.9295
2021 04 24 18 46 00    -3.7275879   -1.2892627  951.3308  951.9274
2021 04 24 18 47 00    -3.7155506   -1.2831443  951.3333  951.9237
2021 04 24 18 48 00    -3.7036093   -1.2771831  951.3357  951.9205
2021 04 24 18 49 00    -3.6918330   -1.2712745  951.3378  951.9178
2021 04 24 18 50 00    -3.6800973   -1.2653326  951.3401  951.9154
2021 04 24 18 51 00    -3.6679349   -1.2591971  951.3425  951.9193
2021 04 24 18 52 00    -3.6555547   -1.2530086  951.3447  951.9287
2021 04 24 18 53 00    -3.6435678   -1.2470917  951.3469  951.9371
2021 04 24 18 54 00    -3.6318802   -1.2413300  951.3492  951.9461
2021 04 24 18 55 00    -3.6200054   -1.2354074  951.3516  951.9557
2021 04 24 18 56 00    -3.6076820   -1.2292129  951.3538  951.9657
2021 04 24 18 57 00    -3.5952392   -1.2229517  951.3558  951.9798
2021 04 24 18 58 00    -3.5833201   -1.2170270  951.3585  951.9931
2021 04 24 18 59 00    -3.5717552   -1.2113580  951.3617  951.9986
2021 04 24 19 00 00    -3.5598343   -1.2053998  951.3645  951.9958
2021 04 24 19 01 00    -3.5475343   -1.1991213  951.3666  951.9897
2021 04 24 19 02 00    -3.5353180   -1.1929656  951.3687  951.9932
2021 04 24 19 03 00    -3.5232790   -1.1869920  951.3714  952.0110
2021 04 24 19 04 00    -3.5112113   -1.1809936  951.3745  952.0284
2021 04 24 19 05 00    -3.4991522   -1.1749797  951.3771  952.0409
2021 04 24 19 06 00    -3.4871814   -1.1689887  951.3799  952.0611
2021 04 24 19 07 00    -3.4750875   -1.1629511  951.3842  952.0843
2021 04 24 19 08 00    -3.4628612   -1.1568970  951.3893  952.0958
2021 04 24 19 09 00    -3.4508461   -1.1509846  951.3936  952.0992
2021 04 24 19 10 00    -3.4391205   -1.1452168  951.3967  952.1004
2021 04 24 19 11 00    -3.4274134   -1.1393342  951.3988  952.0946
2021 04 24 19 12 00    -3.4155744   -1.1331898  951.4003  952.0830
2021 04 24 19 13 00    -3.4036943   -1.1270386  951.4020  952.0735
2021 04 24 19 14 00    -3.3919108   -1.1211851  951.4041  952.0663
2021 04 24 19 15 00    -3.3802532   -1.1155019  951.4062  952.0577
2021 04 24 19 16 00    -3.3685791   -1.1097030  951.4083  952.0501
2021 04 24 19 17 00    -3.3566930   -1.1037505  951.4103  952.0495
2021 04 24 19 18 00    -3.3447024   -1.0977205  951.4117  952.0538
2021 04 24 19 19 00    -3.3329566   -1.0917459  951.4128  952.0537
2021 04 24 19 20 00    -3.3214404   -1.0859298  951.4142  952.0516
2021 04 24 19 21 00    -3.3098098   -1.0801587  951.4159  952.0597
2021 04 24 19 22 00    -3.2979609   -1.0743186  951.4175  952.0714
2021 04 24 19 23 00    -3.2861334   -1.0685021  951.4192  952.0737
2021 04 24 19 24 00    -3.2744908   -1.0627137  951.4210  952.0727
2021 04 24 19 25 00    -3.2628458   -1.0567462  951.4225  952.0759
2021 04 24 19 26 00    -3.2511198   -1.0506753  951.4233  952.0788
2021 04 24 19 27 00    -3.2395243   -1.0447965  951.4238  952.0804
2021 04 24 19 28 00    -3.2279896   -1.0389800  951.4248  952.0828
2021 04 24 19 29 00    -3.2163581   -1.0330608  951.4267  952.0872
2021 04 24 19 30 00    -3.2048498   -1.0273070  951.4290  952.0918
2021 04 24 19 31 00    -3.1934800   -1.0216983  951.4305  952.0885
2021 04 24 19 32 00    -3.1820627   -1.0159770  951.4312  952.0830
2021 04 24 19 33 00    -3.1707784   -1.0103799  951.4321  952.0889
2021 04 24 19 34 00    -3.1596284   -1.0049571  951.4332  952.0920
2021 04 24 19 35 00    -3.1482741   -0.9992819  951.4339  952.0832
2021 04 24 19 36 00    -3.1367726   -0.9934891  951.4346  952.0806
2021 04 24 19 37 00    -3.1254716   -0.9879745  951.4356  952.0892
2021 04 24 19 38 00    -3.1144246   -0.9825058  951.4362  952.1028
2021 04 24 19 39 00    -3.1034650   -0.9768253  951.4369  952.1154
2021 04 24 19 40 00    -3.0924979   -0.9711290  951.4383  952.1152
2021 04 24 19 41 00    -3.0814667   -0.9656277  951.4398  952.1090
2021 04 24 19 42 00    -3.0703201   -0.9602331  951.4407  952.1126
2021 04 24 19 43 00    -3.0591742   -0.9547173  951.4414  952.1203
2021 04 24 19 44 00    -3.0481908   -0.9490886  951.4422  952.1263
2021 04 24 19 45 00    -3.0372489   -0.9434960  951.4433  952.1330
2021 04 24 19 46 00    -3.0262815   -0.9380248  951.4449  952.1369
2021 04 24 19 47 00    -3.0154188   -0.9326720  951.4462  952.1413
2021 04 24 19 48 00    -3.0046011   -0.9273087  951.4467  952.1473
2021 04 24 19 49 00    -2.9939152   -0.9219651  951.4472  952.1418
2021 04 24 19 50 00    -2.9834979   -0.9167060  951.4484  952.1287
2021 04 24 19 51 00    -2.9730982   -0.9113972  951.4491  952.1242
2021 04 24 19 52 00    -2.9625847   -0.9060851  951.4491  952.1241
2021 04 24 19 53 00    -2.9520483   -0.9008678  951.4492  952.1185
2021 04 24 19 54 00    -2.9415654   -0.8956674  951.4488  952.1096
2021 04 24 19 55 00    -2.9311477   -0.8904457  951.4479  952.1074
2021 04 24 19 56 00    -2.9207191   -0.8851849  951.4474  952.1156
2021 04 24 19 57 00    -2.9104021   -0.8799715  951.4477  952.1248
2021 04 24 19 58 00    -2.9002669   -0.8749280  951.4479  952.1299
2021 04 24 19 59 00    -2.8900779   -0.8698965  951.4478  952.1354
2021 04 24 20 00 00    -2.8797842   -0.8647111  951.4484  952.1428
2021 04 24 20 01 00    -2.8695573   -0.8594639  951.4494  952.1527
2021 04 24 20 02 00    -2.8594770   -0.8542927  951.4502  952.1611
2021 04 24 20 03 00    -2.8495791   -0.8493112  951.4510  952.1654
2021 04 24 20 04 00    -2.8398011   -0.8444798  951.4518  952.1724
2021 04 24 20 05 00    -2.8299853   -0.8395748  951.4526  952.1785
2021 04 24 20 06 00    -2.8201478   -0.8346328  951.4541  952.1807
2021 04 24 20 07 00    -2.8103061   -0.8297946  951.4568  952.1921
2021 04 24 20 08 00    -2.8004178   -0.8248922  951.4602  952.2067
2021 04 24 20 09 00    -2.7907423   -0.8199438  951.4632  952.2132
2021 04 24 20 10 00    -2.7814032   -0.8152303  951.4660  952.2242
2021 04 24 20 11 00    -2.7720474   -0.8106463  951.4689  952.2411
2021 04 24 20 12 00    -2.7626047   -0.8059894  951.4718  952.2530
2021 04 24 20 13 00    -2.7533137   -0.8013847  951.4747  952.2645
2021 04 24 20 14 00    -2.7440151   -0.7967795  951.4782  952.2755
2021 04 24 20 15 00    -2.7345664   -0.7919794  951.4820  952.2808
2021 04 24 20 16 00    -2.7252785   -0.7872227  951.4854  952.2895
2021 04 24 20 17 00    -2.7162927   -0.7827892  951.4887  952.3037
2021 04 24 20 18 00    -2.7074814   -0.7784994  951.4923  952.3077
2021 04 24 20 19 00    -2.6988151   -0.7740972  951.4952  952.2964
2021 04 24 20 20 00    -2.6901896   -0.7696227  951.4972  952.2825
2021 04 24 20 21 00    -2.6814990   -0.7652583  951.4991  952.2714
2021 04 24 20 22 00    -2.6729051   -0.7610303  951.5010  952.2589
2021 04 24 20 23 00    -2.6645192   -0.7567993  951.5020  952.2502
2021 04 24 20 24 00    -2.6560967   -0.7524839  951.5023  952.2520
2021 04 24 20 25 00    -2.6475220   -0.7482250  951.5027  952.2548
2021 04 24 20 26 00    -2.6391298   -0.7441646  951.5029  952.2499
2021 04 24 20 27 00    -2.6310722   -0.7401283  951.5035  952.2515
2021 04 24 20 28 00    -2.6230977   -0.7359599  951.5047  952.2707
2021 04 24 20 29 00    -2.6148805   -0.7317213  951.5064  952.2883
2021 04 24 20 30 00    -2.6063890   -0.7274799  951.5082  952.2916
2021 04 24 20 31 00    -2.5982530   -0.7234782  951.5101  952.2979
2021 04 24 20 32 00    -2.5907746   -0.7198006  951.5119  952.3131
2021 04 24 20 33 00    -2.5832123   -0.7159701  951.5140  952.3192
2021 04 24 20 34 00    -2.5752406   -0.7118387  951.5168  952.3134
2021 04 24 20 35 00    -2.5674598   -0.7079379  951.5193  952.3083
2021 04 24 20 36 00    -2.5601810   -0.7044894  951.5206  952.3061
2021 04 24 20 37 00    -2.5530750   -0.7010860  951.5211  952.3037
2021 04 24 20 38 00    -2.5457762   -0.6973621  951.5214  952.2987
2021 04 24 20 39 00    -2.5384846   -0.6935452  951.5218  952.2854
2021 04 24 20 40 00    -2.5316381   -0.6901243  951.5219  952.2631
2021 04 24 20 41 00    -2.5249150   -0.6869338  951.5209  952.2412
2021 04 24 20 42 00    -2.5177646   -0.6833932  951.5191  952.2328
2021 04 24 20 43 00    -2.5106008   -0.6796872  951.5176  952.2420
2021 04 24 20 44 00    -2.5039810   -0.6763662  951.5163  952.2509
2021 04 24 20 45 00    -2.4975612   -0.6731848  951.5151  952.2427
2021 04 24 20 46 00    -2.4909143   -0.6697940  951.5140  952.2325
2021 04 24 20 47 00    -2.4841515   -0.6664857  951.5132  952.2375
2021 04 24 20 48 00    -2.4774763   -0.6633289  951.5126  952.2413
2021 04 24 20 49 00    -2.4710931   -0.6601142  951.5117  952.2312
2021 04 24 20 50 00    -2.4651434   -0.6570295  951.5108  952.2261
2021 04 24 20 51 00    -2.4593488   -0.6541350  951.5102  952.2344
2021 04 24 20 52 00    -2.4533593   -0.6511395  951.5099  952.2376
2021 04 24 20 53 00    -2.4472162   -0.6480514  951.5091  952.2229
2021 04 24 20 54 00    -2.4411878   -0.6450903  951.5077  952.1987
2021 04 24 20 55 00    -2.4354781   -0.6422822  951.5060  952.1795
2021 04 24 20 56 00    -2.4299870   -0.6395156  951.5040  952.1694
2021 04 24 20 57 00    -2.4245191   -0.6367646  951.5014  952.1647
2021 04 24 20 58 00    -2.4191283   -0.6341475  951.4983  952.1608
2021 04 24 20 59 00    -2.4139292   -0.6315872  951.4953  952.1549
2021 04 24 21 00 00    -2.4087863   -0.6287838  951.4927  952.1505
2021 04 24 21 01 00    -2.4035285   -0.6258518  951.4902  952.1536
2021 04 24 21 02 00    -2.3983756   -0.6232542  951.4879  952.1598
2021 04 24 21 03 00    -2.3934209   -0.6209328  951.4862  952.1625
2021 04 24 21 04 00    -2.3884038   -0.6185016  951.4851  952.1696
2021 04 24 21 05 00    -2.3834793   -0.6160579  951.4842  952.1791
2021 04 24 21 06 00    -2.3789260   -0.6138602  951.4830  952.1781
2021 04 24 21 07 00    -2.3745390   -0.6117856  951.4818  952.1764
2021 04 24 21 08 00    -2.3700454   -0.6096011  951.4808  952.1791
2021 04 24 21 09 00    -2.3654654   -0.6073045  951.4799  952.1711
2021 04 24 21 10 00    -2.3609323   -0.6049921  951.4789  952.1629
2021 04 24 21 11 00    -2.3565023   -0.6027036  951.4779  952.1734
2021 04 24 21 12 00    -2.3523101   -0.6005631  951.4769  952.1902
2021 04 24 21 13 00    -2.3485014   -0.5986648  951.4764  952.2043
2021 04 24 21 14 00    -2.3447684   -0.5968169  951.4773  952.2207
2021 04 24 21 15 00    -2.3407550   -0.5948397  951.4792  952.2299
2021 04 24 21 16 00    -2.3369118   -0.5929487  951.4809  952.2270
2021 04 24 21 17 00    -2.3335905   -0.5913273  951.4819  952.2233
2021 04 24 21 18 00    -2.3301797   -0.5896596  951.4824  952.2257
2021 04 24 21 19 00    -2.3265112   -0.5877691  951.4828  952.2368
2021 04 24 21 20 00    -2.3232183   -0.5860006  951.4839  952.2586
2021 04 24 21 21 00    -2.3202269   -0.5844828  951.4859  952.2805
2021 04 24 21 22 00    -2.3170066   -0.5829733  951.4886  952.2853
2021 04 24 21 23 00    -2.3138358   -0.5814330  951.4918  952.2766
2021 04 24 21 24 00    -2.3111523   -0.5800374  951.4945  952.2689
2021 04 24 21 25 00    -2.3086256   -0.5787852  951.4957  952.2603
2021 04 24 21 26 00    -2.3059306   -0.5774746  951.4960  952.2536
2021 04 24 21 27 00    -2.3033932   -0.5761607  951.4965  952.2607
2021 04 24 21 28 00    -2.3012446   -0.5750807  951.4970  952.2690
2021 04 24 21 29 00    -2.2991298   -0.5740476  951.4967  952.2589
2021 04 24 21 30 00    -2.2969035   -0.5728394  951.4954  952.2369
2021 04 24 21 31 00    -2.2948874   -0.5716669  951.4936  952.2176
2021 04 24 21 32 00    -2.2931063   -0.5706664  951.4922  952.2040
2021 04 24 21 33 00    -2.2914374   -0.5698411  951.4911  952.1968
2021 04 24 21 34 00    -2.2899051   -0.5692543  951.4900  952.1946
2021 04 24 21 35 00    -2.2883290   -0.5687237  951.4890  952.1866
2021 04 24 21 36 00    -2.2867006   -0.5680005  951.4878  952.1730
2021 04 24 21 37 00    -2.2853852   -0.5672165  951.4857  952.1656
2021 04 24 21 38 00    -2.2843403   -0.5665555  951.4828  952.1562
2021 04 24 21 39 00    -2.2831138   -0.5659145  951.4797  952.1375
2021 04 24 21 40 00    -2.2818226   -0.5653283  951.4773  952.1318
2021 04 24 21 41 00    -2.2809820   -0.5649756  951.4755  952.1424
2021 04 24 21 42 00    -2.2803656   -0.5646579  951.4738  952.1414
2021 04 24 21 43 00    -2.2795377   -0.5642394  951.4720  952.1289
2021 04 24 21 44 00    -2.2788681   -0.5639861  951.4698  952.1284
2021 04 24 21 45 00    -2.2785440   -0.5638596  951.4669  952.1300
2021 04 24 21 46 00    -2.2782260   -0.5636875  951.4637  952.1133
2021 04 24 21 47 00    -2.2780622   -0.5636576  951.4611  952.0962
2021 04 24 21 48 00    -2.2781194   -0.5637113  951.4591  952.0960
2021 04 24 21 49 00    -2.2779749   -0.5635763  951.4568  952.0978
2021 04 24 21 50 00    -2.2777387   -0.5633725  951.4543  952.0946
2021 04 24 21 51 00    -2.2777930   -0.5633254  951.4524  952.0961
2021 04 24 21 52 00    -2.2780441   -0.5634674  951.4509  952.1013
2021 04 24 21 53 00    -2.2783547   -0.5637160  951.4497  952.1095
2021 04 24 21 54 00    -2.2788141   -0.5639613  951.4489  952.1243
2021 04 24 21 55 00    -2.2794535   -0.5642112  951.4484  952.1318
2021 04 24 21 56 00    -2.2801280   -0.5645032  951.4470  952.1226
2021 04 24 21 57 00    -2.2808123   -0.5648538  951.4452  952.1146
2021 04 24 21 58 00    -2.2818393   -0.5653664  951.4439  952.1147
2021 04 24 21 59 00    -2.2832896   -0.5660345  951.4430  952.1109
2021 04 24 22 00 00    -2.2846013   -0.5666748  951.4422  952.1065
2021 04 24 22 01 00    -2.2855508   -0.5672396  951.4412  952.1091
2021 04 24 22 02 00    -2.2867100   -0.5678752  951.4397  952.1123
2021 04 24 22 03 00    -2.2883678   -0.5686661  951.4382  952.1130
2021 04 24 22 04 00    -2.2901375   -0.5695335  951.4374  952.1209
2021 04 24 22 05 00    -2.2917459   -0.5703790  951.4370  952.1346
2021 04 24 22 06 00    -2.2933687   -0.5712285  951.4369  952.1400
2021 04 24 22 07 00    -2.2952661   -0.5721509  951.4373  952.1368
2021 04 24 22 08 00    -2.2973922   -0.5731272  951.4381  952.1362
2021 04 24 22 09 00    -2.2995833   -0.5741694  951.4388  952.1420
2021 04 24 22 10 00    -2.3018848   -0.5753559  951.4390  952.1477
2021 04 24 22 11 00    -2.3042737   -0.5766281  951.4388  952.1497
2021 04 24 22 12 00    -2.3066423   -0.5778884  951.4390  952.1491
2021 04 24 22 13 00    -2.3091741   -0.5792244  951.4394  952.1459
2021 04 24 22 14 00    -2.3120287   -0.5806624  951.4397  952.1506
2021 04 24 22 15 00    -2.3149503   -0.5820149  951.4396  952.1644
2021 04 24 22 16 00    -2.3177561   -0.5832848  951.4389  952.1607
2021 04 24 22 17 00    -2.3206540   -0.5846978  951.4377  952.1436
2021 04 24 22 18 00    -2.3237472   -0.5862623  951.4371  952.1471
2021 04 24 22 19 00    -2.3269270   -0.5878428  951.4378  952.1639
2021 04 24 22 20 00    -2.3302676   -0.5894765  951.4386  952.1687
2021 04 24 22 21 00    -2.3338966   -0.5912743  951.4391  952.1682
2021 04 24 22 22 00    -2.3376332   -0.5931528  951.4400  952.1749
2021 04 24 22 23 00    -2.3412306   -0.5949076  951.4414  952.1845
2021 04 24 22 24 00    -2.3448796   -0.5966974  951.4424  952.1811
2021 04 24 22 25 00    -2.3489312   -0.5988696  951.4420  952.1584
2021 04 24 22 26 00    -2.3532505   -0.6011916  951.4411  952.1418
2021 04 24 22 27 00    -2.3575196   -0.6032615  951.4410  952.1502
2021 04 24 22 28 00    -2.3617398   -0.6052186  951.4415  952.1610
2021 04 24 22 29 00    -2.3659739   -0.6072738  951.4418  952.1587
2021 04 24 22 30 00    -2.3703295   -0.6094807  951.4425  952.1629
2021 04 24 22 31 00    -2.3749670   -0.6118802  951.4435  952.1807
2021 04 24 22 32 00    -2.3796836   -0.6142706  951.4439  952.1907
2021 04 24 22 33 00    -2.3843374   -0.6165486  951.4439  952.1837
2021 04 24 22 34 00    -2.3892556   -0.6189529  951.4441  952.1797
2021 04 24 22 35 00    -2.3944572   -0.6215298  951.4454  952.1953
2021 04 24 22 36 00    -2.3994998   -0.6241000  951.4477  952.2147
2021 04 24 22 37 00    -2.4044035   -0.6266498  951.4499  952.2189
2021 04 24 22 38 00    -2.4096212   -0.6292761  951.4517  952.2249
2021 04 24 22 39 00    -2.4151187   -0.6319891  951.4537  952.2486
2021 04 24 22 40 00    -2.4205866   -0.6347951  951.4565  952.2697
2021 04 24 22 41 00    -2.4261008   -0.6377002  951.4593  952.2749
2021 04 24 22 42 00    -2.4317859   -0.6406085  951.4619  952.2797
2021 04 24 22 43 00    -2.4376001   -0.6434840  951.4648  952.2968
2021 04 24 22 44 00    -2.4435662   -0.6463961  951.4682  952.3188
2021 04 24 22 45 00    -2.4496499   -0.6493827  951.4715  952.3345
2021 04 24 22 46 00    -2.4557502   -0.6524801  951.4743  952.3401
2021 04 24 22 47 00    -2.4620409   -0.6557709  951.4767  952.3340
2021 04 24 22 48 00    -2.4686617   -0.6592191  951.4790  952.3192
2021 04 24 22 49 00    -2.4753060   -0.6625844  951.4812  952.3069
2021 04 24 22 50 00    -2.4818461   -0.6657799  951.4829  952.2996
2021 04 24 22 51 00    -2.4884942   -0.6689812  951.4841  952.2851
2021 04 24 22 52 00    -2.4952845   -0.6722876  951.4850  952.2651
2021 04 24 22 53 00    -2.5022239   -0.6757759  951.4848  952.2583
2021 04 24 22 54 00    -2.5093453   -0.6795223  951.4831  952.2581
2021 04 24 22 55 00    -2.5165328   -0.6832733  951.4809  952.2473
2021 04 24 22 56 00    -2.5237233   -0.6867543  951.4799  952.2381
2021 04 24 22 57 00    -2.5309384   -0.6901485  951.4798  952.2442
2021 04 24 22 58 00    -2.5382202   -0.6937506  951.4794  952.2544
2021 04 24 22 59 00    -2.5456558   -0.6975565  951.4781  952.2519
2021 04 24 23 00 00    -2.5532085   -0.7013032  951.4763  952.2370
2021 04 24 23 01 00    -2.5608293   -0.7049101  951.4750  952.2254
2021 04 24 23 02 00    -2.5686077   -0.7087152  951.4738  952.2249
2021 04 24 23 03 00    -2.5764712   -0.7127752  951.4724  952.2243
2021 04 24 23 04 00    -2.5843934   -0.7168230  951.4712  952.2167
2021 04 24 23 05 00    -2.5926070   -0.7209544  951.4703  952.2127
2021 04 24 23 06 00    -2.6009701   -0.7251936  951.4696  952.2197
2021 04 24 23 07 00    -2.6091497   -0.7293081  951.4692  952.2298
2021 04 24 23 08 00    -2.6173188   -0.7333870  951.4691  952.2295
2021 04 24 23 09 00    -2.6256355   -0.7375684  951.4688  952.2173
2021 04 24 23 10 00    -2.6340862   -0.7418759  951.4681  952.2059
2021 04 24 23 11 00    -2.6429103   -0.7463996  951.4668  952.1988
2021 04 24 23 12 00    -2.6519576   -0.7509135  951.4650  952.1863
2021 04 24 23 13 00    -2.6607287   -0.7551889  951.4631  952.1737
2021 04 24 23 14 00    -2.6693588   -0.7594972  951.4615  952.1727
2021 04 24 23 15 00    -2.6782642   -0.7640253  951.4600  952.1731
2021 04 24 23 16 00    -2.6874063   -0.7685822  951.4587  952.1639
2021 04 24 23 17 00    -2.6965302   -0.7730470  951.4575  952.1587
2021 04 24 23 18 00    -2.7056187   -0.7776224  951.4560  952.1685
2021 04 24 23 19 00    -2.7149054   -0.7824587  951.4541  952.1785
2021 04 24 23 20 00    -2.7244105   -0.7872494  951.4526  952.1770
2021 04 24 23 21 00    -2.7338227   -0.7917832  951.4518  952.1750
2021 04 24 23 22 00    -2.7431691   -0.7963985  951.4514  952.1768
2021 04 24 23 23 00    -2.7529112   -0.8013256  951.4507  952.1747
2021 04 24 23 24 00    -2.7629567   -0.8062746  951.4498  952.1717
2021 04 24 23 25 00    -2.7727147   -0.8110479  951.4491  952.1677
2021 04 24 23 26 00    -2.7823911   -0.8159775  951.4476  952.1481
2021 04 24 23 27 00    -2.7926005   -0.8213222  951.4442  952.1186
2021 04 24 23 28 00    -2.8030104   -0.8267132  951.4402  952.1042
2021 04 24 23 29 00    -2.8130610   -0.8317823  951.4370  952.1082
2021 04 24 23 30 00    -2.8230483   -0.8367661  951.4345  952.1128
2021 04 24 23 31 00    -2.8333876   -0.8419357  951.4324  952.1099
2021 04 24 23 32 00    -2.8439904   -0.8471690  951.4305  952.1084
2021 04 24 23 33 00    -2.8545630   -0.8523600  951.4286  952.1130
2021 04 24 23 34 00    -2.8648583   -0.8575080  951.4271  952.1193
2021 04 24 23 35 00    -2.8750908   -0.8626212  951.4262  952.1278
2021 04 24 23 36 00    -2.8856650   -0.8678377  951.4252  952.1376
2021 04 24 23 37 00    -2.8963067   -0.8731689  951.4235  952.1375
2021 04 24 23 38 00    -2.9067433   -0.8785207  951.4223  952.1279
2021 04 24 23 39 00    -2.9173813   -0.8839949  951.4217  952.1267
2021 04 24 23 40 00    -2.9283773   -0.8895945  951.4206  952.1432
2021 04 24 23 41 00    -2.9394086   -0.8951282  951.4194  952.1670
2021 04 24 23 42 00    -2.9504119   -0.9006009  951.4194  952.1760
2021 04 24 23 43 00    -2.9615498   -0.9061395  951.4204  952.1622
2021 04 24 23 44 00    -2.9726752   -0.9116366  951.4209  952.1530
2021 04 24 23 45 00    -2.9836415   -0.9170815  951.4205  952.1656
2021 04 24 23 46 00    -2.9948208   -0.9227674  951.4203  952.1779
2021 04 24 23 47 00    -3.0063965   -0.9286105  951.4208  952.1777
2021 04 24 23 48 00    -3.0179277   -0.9342636  951.4214  952.1743
2021 04 24 23 49 00    -3.0292713   -0.9398512  951.4216  952.1682
2021 04 24 23 50 00    -3.0408275   -0.9456330  951.4210  952.1597
2021 04 24 23 51 00    -3.0526616   -0.9515313  951.4193  952.1485
2021 04 24 23 52 00    -3.0644057   -0.9574015  951.4175  952.1363
2021 04 24 23 53 00    -3.0759833   -0.9632675  951.4167  952.1367
2021 04 24 23 54 00    -3.0876489   -0.9691581  951.4166  952.1513
2021 04 24 23 55 00    -3.0995139   -0.9750492  951.4164  952.1648
2021 04 24 23 56 00    -3.1114358   -0.9809581  951.4165  952.1658
2021 04 24 23 57 00    -3.1233218   -0.9869027  951.4171  952.1557
2021 04 24 23 58 00    -3.1353352   -0.9929739  951.4176  952.1468
2021 04 24 23 59 00    -3.1474758   -0.9991523  951.4172  952.1427
