[TSF-file]     v01.0

[TIMEFORMAT]   DATETIME
[INCREMENT]    60
[CHANNELS]
    BF:SG056:G1-F60 
    BF:SG056:G2-F60 
    BF:SG056:Br1-F60
    BF:SG056:Br2-F60
[UNITS]
    Volt
    Volt
    mbar
    mbar
[UNDETVAL]                      9999.999
[PHASE_LAG_1_DEG_CPD]           0.0402
[PHASE_LAG_1_DEG_CPD_ERROR]     0.0002
[N_LATITUDE_DEG]                48.3294
[N_LATITUDE_DEG_ERROR]          0.0001
[E_LONGITUDE_DEG]               008.3284
[E_LONGITUDE_DEG_ERROR]         0.0001
[HEIGHT_M_1]                    589.20
[HEIGHT_M_1_ERROR]              0.01
[GRAVITY_CAL_1_UGAL_V]          -40.1100
[GRAVITY_CAL_1_UGAL_V_ERROR]    0.0300
[PRESSURE_CAL_MBAR_V]           1.0000
[PRESSURE_CAL_MBAR_V_ERROR]     0.0001
[AUTHOR]                        Thomas Forbriger@kit.edu
[PHASE_LAG_2_DEG_CPD]           0.0402
[PHASE_LAG_2_DEG_CPD_ERROR]     0.0002
[HEIGHT_M_2]                    589.40
[HEIGHT_M_2_ERROR]              0.01
[GRAVITY_CAL_2_UGAL_V]          -80.0699
[GRAVITY_CAL_2_UGAL_V_ERROR]    0.0600
[PRESSURE_ADMIT_HPA_NMS2]       -3.4000
[PRESSURE_MEAN_HPA]             0980.0
[COMMENT]                           
software upgrade and FitPC2 replacement on 29. July 2019



Date           Time     G1-F60        G2-F60        Br1-F60       Br2-F60      
[DATA]
2021 04 25 00 00 00    -3.1595689   -1.0051965  951.4155  952.1332
2021 04 25 00 01 00    -3.1718388   -1.0112421  951.4130  952.1172
2021 04 25 00 02 00    -3.1844155   -1.0175793  951.4107  952.1028
2021 04 25 00 03 00    -3.1968970   -1.0238942  951.4086  952.0981
2021 04 25 00 04 00    -3.2091991   -1.0299532  951.4068  952.1004
2021 04 25 00 05 00    -3.2216053   -1.0360672  951.4053  952.0939
2021 04 25 00 06 00    -3.2340605   -1.0422915  951.4032  952.0824
2021 04 25 00 07 00    -3.2464864   -1.0484635  951.4006  952.0859
2021 04 25 00 08 00    -3.2590410   -1.0547037  951.3986  952.0982
2021 04 25 00 09 00    -3.2716479   -1.0610615  951.3978  952.0997
2021 04 25 00 10 00    -3.2842293   -1.0674550  951.3971  952.0882
2021 04 25 00 11 00    -3.2970364   -1.0739713  951.3952  952.0736
2021 04 25 00 12 00    -3.3099991   -1.0805378  951.3924  952.0689
2021 04 25 00 13 00    -3.3227971   -1.0869330  951.3903  952.0743
2021 04 25 00 14 00    -3.3355498   -1.0932742  951.3890  952.0703
2021 04 25 00 15 00    -3.3484190   -1.0997431  951.3869  952.0508
2021 04 25 00 16 00    -3.3612993   -1.1062303  951.3837  952.0320
2021 04 25 00 17 00    -3.3741581   -1.1126220  951.3805  952.0228
2021 04 25 00 18 00    -3.3870868   -1.1190228  951.3779  952.0209
2021 04 25 00 19 00    -3.4001124   -1.1255693  951.3755  952.0221
2021 04 25 00 20 00    -3.4131718   -1.1322191  951.3731  952.0187
2021 04 25 00 21 00    -3.4264054   -1.1389258  951.3712  952.0087
2021 04 25 00 22 00    -3.4398535   -1.1456838  951.3694  952.0005
2021 04 25 00 23 00    -3.4530995   -1.1523631  951.3662  951.9977
2021 04 25 00 24 00    -3.4660963   -1.1589302  951.3624  951.9920
2021 04 25 00 25 00    -3.4792619   -1.1654917  951.3596  951.9778
2021 04 25 00 26 00    -3.4926242   -1.1720747  951.3573  951.9630
2021 04 25 00 27 00    -3.5059681   -1.1786729  951.3542  951.9544
2021 04 25 00 28 00    -3.5192829   -1.1852931  951.3501  951.9447
2021 04 25 00 29 00    -3.5326756   -1.1919593  951.3458  951.9302
2021 04 25 00 30 00    -3.5462069   -1.1987158  951.3423  951.9198
2021 04 25 00 31 00    -3.5597571   -1.2055265  951.3393  951.9182
2021 04 25 00 32 00    -3.5731328   -1.2122986  951.3357  951.9184
2021 04 25 00 33 00    -3.5863519   -1.2190288  951.3316  951.9160
2021 04 25 00 34 00    -3.5995487   -1.2257048  951.3280  951.9181
2021 04 25 00 35 00    -3.6128225   -1.2322647  951.3256  951.9281
2021 04 25 00 36 00    -3.6263243   -1.2388748  951.3234  951.9365
2021 04 25 00 37 00    -3.6399948   -1.2457071  951.3214  951.9423
2021 04 25 00 38 00    -3.6535058   -1.2525870  951.3200  951.9530
2021 04 25 00 39 00    -3.6668971   -1.2593999  951.3187  951.9627
2021 04 25 00 40 00    -3.6804585   -1.2662271  951.3166  951.9667
2021 04 25 00 41 00    -3.6940350   -1.2729705  951.3142  951.9617
2021 04 25 00 42 00    -3.7074342   -1.2795726  951.3123  951.9440
2021 04 25 00 43 00    -3.7208941   -1.2862930  951.3113  951.9338
2021 04 25 00 44 00    -3.7345000   -1.2932143  951.3108  951.9412
2021 04 25 00 45 00    -3.7480518   -1.3000442  951.3099  951.9446
2021 04 25 00 46 00    -3.7615647   -1.3067100  951.3081  951.9393
2021 04 25 00 47 00    -3.7751795   -1.3134429  951.3056  951.9413
2021 04 25 00 48 00    -3.7889300   -1.3203321  951.3035  951.9546
2021 04 25 00 49 00    -3.8025904   -1.3271982  951.3021  951.9674
2021 04 25 00 50 00    -3.8159079   -1.3338602  951.3015  951.9688
2021 04 25 00 51 00    -3.8293269   -1.3405419  951.3010  951.9696
2021 04 25 00 52 00    -3.8432149   -1.3474481  951.3005  951.9844
2021 04 25 00 53 00    -3.8569752   -1.3542616  951.3002  951.9986
2021 04 25 00 54 00    -3.8703483   -1.3608724  951.2997  951.9935
2021 04 25 00 55 00    -3.8838905   -1.3676710  951.2988  951.9782
2021 04 25 00 56 00    -3.8977592   -1.3747595  951.2981  951.9710
2021 04 25 00 57 00    -3.9115756   -1.3817947  951.2980  951.9728
2021 04 25 00 58 00    -3.9251520   -1.3886206  951.2983  951.9751
2021 04 25 00 59 00    -3.9386353   -1.3953735  951.2983  951.9801
2021 04 25 01 00 00    -3.9521269   -1.4020502  951.2979  951.9899
2021 04 25 01 01 00    -3.9656473   -1.4086766  951.2974  951.9919
2021 04 25 01 02 00    -3.9793359   -1.4154842  951.2968  951.9811
2021 04 25 01 03 00    -3.9930791   -1.4223973  951.2960  951.9716
2021 04 25 01 04 00    -4.0066866   -1.4292241  951.2954  951.9720
2021 04 25 01 05 00    -4.0203468   -1.4361191  951.2946  951.9803
2021 04 25 01 06 00    -4.0340786   -1.4430853  951.2936  951.9936
2021 04 25 01 07 00    -4.0476201   -1.4498786  951.2931  952.0063
2021 04 25 01 08 00    -4.0609266   -1.4564687  951.2938  952.0145
2021 04 25 01 09 00    -4.0742547   -1.4630526  951.2951  952.0204
2021 04 25 01 10 00    -4.0878691   -1.4698489  951.2959  952.0229
2021 04 25 01 11 00    -4.1016333   -1.4767838  951.2961  952.0178
2021 04 25 01 12 00    -4.1152725   -1.4836171  951.2962  952.0142
2021 04 25 01 13 00    -4.1287613   -1.4903696  951.2968  952.0208
2021 04 25 01 14 00    -4.1421036   -1.4971123  951.2975  952.0258
2021 04 25 01 15 00    -4.1553599   -1.5037856  951.2976  952.0231
2021 04 25 01 16 00    -4.1686789   -1.5104276  951.2973  952.0235
2021 04 25 01 17 00    -4.1820936   -1.5171551  951.2976  952.0331
2021 04 25 01 18 00    -4.1955886   -1.5239309  951.2990  952.0465
2021 04 25 01 19 00    -4.2090156   -1.5306140  951.3007  952.0538
2021 04 25 01 20 00    -4.2222097   -1.5372118  951.3016  952.0538
2021 04 25 01 21 00    -4.2353791   -1.5438188  951.3023  952.0604
2021 04 25 01 22 00    -4.2487684   -1.5504737  951.3035  952.0770
2021 04 25 01 23 00    -4.2622113   -1.5571686  951.3055  952.0838
2021 04 25 01 24 00    -4.2753764   -1.5638287  951.3071  952.0714
2021 04 25 01 25 00    -4.2883288   -1.5704880  951.3081  952.0635
2021 04 25 01 26 00    -4.3014942   -1.5772266  951.3093  952.0785
2021 04 25 01 27 00    -4.3148004   -1.5837978  951.3113  952.1040
2021 04 25 01 28 00    -4.3278404   -1.5900811  951.3135  952.1225
2021 04 25 01 29 00    -4.3407408   -1.5964778  951.3159  952.1310
2021 04 25 01 30 00    -4.3537133   -1.6031264  951.3185  952.1300
2021 04 25 01 31 00    -4.3666797   -1.6097076  951.3206  952.1130
2021 04 25 01 32 00    -4.3797644   -1.6162050  951.3214  952.0878
2021 04 25 01 33 00    -4.3930094   -1.6228057  951.3221  952.0769
2021 04 25 01 34 00    -4.4060926   -1.6294115  951.3233  952.0815
2021 04 25 01 35 00    -4.4189892   -1.6359070  951.3241  952.0865
2021 04 25 01 36 00    -4.4318695   -1.6423446  951.3240  952.0813
2021 04 25 01 37 00    -4.4447034   -1.6487782  951.3234  952.0625
2021 04 25 01 38 00    -4.4576172   -1.6552580  951.3226  952.0465
2021 04 25 01 39 00    -4.4706000   -1.6617578  951.3218  952.0483
2021 04 25 01 40 00    -4.4833263   -1.6681897  951.3208  952.0536
2021 04 25 01 41 00    -4.4958703   -1.6745655  951.3198  952.0468
2021 04 25 01 42 00    -4.5085637   -1.6808926  951.3190  952.0347
2021 04 25 01 43 00    -4.5213140   -1.6871013  951.3176  952.0293
2021 04 25 01 44 00    -4.5338665   -1.6932317  951.3153  952.0291
2021 04 25 01 45 00    -4.5462996   -1.6994439  951.3131  952.0240
2021 04 25 01 46 00    -4.5587139   -1.7057763  951.3117  952.0156
2021 04 25 01 47 00    -4.5710955   -1.7121383  951.3103  952.0161
2021 04 25 01 48 00    -4.5835849   -1.7184878  951.3089  952.0196
2021 04 25 01 49 00    -4.5960496   -1.7247325  951.3075  952.0126
2021 04 25 01 50 00    -4.6080955   -1.7307194  951.3061  952.0050
2021 04 25 01 51 00    -4.6198854   -1.7365544  951.3050  952.0095
2021 04 25 01 52 00    -4.6319084   -1.7425520  951.3044  952.0182
2021 04 25 01 53 00    -4.6440883   -1.7486825  951.3035  952.0264
2021 04 25 01 54 00    -4.6559117   -1.7545578  951.3026  952.0418
2021 04 25 01 55 00    -4.6673916   -1.7601817  951.3028  952.0619
2021 04 25 01 56 00    -4.6790696   -1.7659727  951.3044  952.0747
2021 04 25 01 57 00    -4.6909701   -1.7719817  951.3065  952.0766
2021 04 25 01 58 00    -4.7027445   -1.7779589  951.3076  952.0656
2021 04 25 01 59 00    -4.7145165   -1.7838703  951.3068  952.0415
2021 04 25 02 00 00    -4.7264111   -1.7897749  951.3048  952.0209
2021 04 25 02 01 00    -4.7381131   -1.7956729  951.3029  952.0152
2021 04 25 02 02 00    -4.7495150   -1.8015125  951.3016  952.0125
2021 04 25 02 03 00    -4.7609053   -1.8071919  951.3003  952.0077
2021 04 25 02 04 00    -4.7723912   -1.8127250  951.2986  952.0094
2021 04 25 02 05 00    -4.7837137   -1.8182713  951.2966  952.0107
2021 04 25 02 06 00    -4.7948288   -1.8239546  951.2949  952.0008
2021 04 25 02 07 00    -4.8060941   -1.8296980  951.2939  951.9884
2021 04 25 02 08 00    -4.8174516   -1.8352992  951.2929  951.9839
2021 04 25 02 09 00    -4.8284522   -1.8407561  951.2910  951.9792
2021 04 25 02 10 00    -4.8393252   -1.8462908  951.2883  951.9660
2021 04 25 02 11 00    -4.8505767   -1.8519813  951.2855  951.9543
2021 04 25 02 12 00    -4.8618467   -1.8575833  951.2828  951.9516
2021 04 25 02 13 00    -4.8725699   -1.8629126  951.2801  951.9487
2021 04 25 02 14 00    -4.8830150   -1.8681809  951.2778  951.9411
2021 04 25 02 15 00    -4.8936346   -1.8735279  951.2757  951.9347
2021 04 25 02 16 00    -4.9042869   -1.8787737  951.2733  951.9327
2021 04 25 02 17 00    -4.9147525   -1.8839418  951.2708  951.9364
2021 04 25 02 18 00    -4.9251072   -1.8892550  951.2689  951.9427
2021 04 25 02 19 00    -4.9353522   -1.8946274  951.2672  951.9443
2021 04 25 02 20 00    -4.9454459   -1.8997421  951.2652  951.9462
2021 04 25 02 21 00    -4.9554779   -1.9046050  951.2627  951.9515
2021 04 25 02 22 00    -4.9654755   -1.9095615  951.2601  951.9480
2021 04 25 02 23 00    -4.9754936   -1.9147140  951.2581  951.9365
2021 04 25 02 24 00    -4.9856246   -1.9198258  951.2565  951.9336
2021 04 25 02 25 00    -4.9955853   -1.9247043  951.2546  951.9369
2021 04 25 02 26 00    -5.0051253   -1.9294028  951.2522  951.9359
2021 04 25 02 27 00    -5.0146610   -1.9341430  951.2501  951.9370
2021 04 25 02 28 00    -5.0243857   -1.9389420  951.2488  951.9412
2021 04 25 02 29 00    -5.0338309   -1.9436221  951.2478  951.9388
2021 04 25 02 30 00    -5.0430766   -1.9483134  951.2466  951.9311
2021 04 25 02 31 00    -5.0526242   -1.9532300  951.2447  951.9211
2021 04 25 02 32 00    -5.0621959   -1.9581587  951.2426  951.9077
2021 04 25 02 33 00    -5.0712848   -1.9627465  951.2407  951.9008
2021 04 25 02 34 00    -5.0800716   -1.9669930  951.2387  951.9078
2021 04 25 02 35 00    -5.0889090   -1.9712701  951.2361  951.9199
2021 04 25 02 36 00    -5.0978116   -1.9757956  951.2335  951.9253
2021 04 25 02 37 00    -5.1065684   -1.9803298  951.2320  951.9277
2021 04 25 02 38 00    -5.1150297   -1.9846827  951.2315  951.9371
2021 04 25 02 39 00    -5.1235168   -1.9889881  951.2314  951.9465
2021 04 25 02 40 00    -5.1322735   -1.9932446  951.2310  951.9437
2021 04 25 02 41 00    -5.1408210   -1.9972685  951.2297  951.9371
2021 04 25 02 42 00    -5.1488900   -2.0012418  951.2277  951.9411
2021 04 25 02 43 00    -5.1568363   -2.0054654  951.2263  951.9499
2021 04 25 02 44 00    -5.1649062   -2.0096950  951.2265  951.9518
2021 04 25 02 45 00    -5.1730082   -2.0135856  951.2271  951.9528
2021 04 25 02 46 00    -5.1808249   -2.0172903  951.2266  951.9648
2021 04 25 02 47 00    -5.1883059   -2.0211115  951.2255  951.9862
2021 04 25 02 48 00    -5.1958647   -2.0250861  951.2260  952.0048
2021 04 25 02 49 00    -5.2035783   -2.0290322  951.2282  952.0121
2021 04 25 02 50 00    -5.2110372   -2.0327766  951.2301  952.0124
2021 04 25 02 51 00    -5.2181284   -2.0363498  951.2312  952.0205
2021 04 25 02 52 00    -5.2251744   -2.0398499  951.2330  952.0431
2021 04 25 02 53 00    -5.2322992   -2.0432577  951.2362  952.0652
2021 04 25 02 54 00    -5.2393861   -2.0466894  951.2390  952.0706
2021 04 25 02 55 00    -5.2464644   -2.0502961  951.2405  952.0652
2021 04 25 02 56 00    -5.2534903   -2.0538692  951.2422  952.0604
2021 04 25 02 57 00    -5.2603463   -2.0572720  951.2448  952.0600
2021 04 25 02 58 00    -5.2670980   -2.0606834  951.2470  952.0625
2021 04 25 02 59 00    -5.2737479   -2.0640563  951.2482  952.0561
2021 04 25 03 00 00    -5.2802978   -2.0672453  951.2487  952.0313
2021 04 25 03 01 00    -5.2868905   -2.0704417  951.2482  951.9989
2021 04 25 03 02 00    -5.2933424   -2.0737179  951.2461  951.9787
2021 04 25 03 03 00    -5.2993821   -2.0768199  951.2434  951.9737
2021 04 25 03 04 00    -5.3053377   -2.0797963  951.2418  951.9688
2021 04 25 03 05 00    -5.3114968   -2.0829109  951.2404  951.9569
2021 04 25 03 06 00    -5.3175145   -2.0859991  951.2382  951.9488
2021 04 25 03 07 00    -5.3232174   -2.0888054  951.2357  951.9512
2021 04 25 03 08 00    -5.3288314   -2.0914803  951.2336  951.9521
2021 04 25 03 09 00    -5.3343415   -2.0942053  951.2314  951.9454
2021 04 25 03 10 00    -5.3396724   -2.0969543  951.2296  951.9442
2021 04 25 03 11 00    -5.3449758   -2.0996916  951.2283  951.9534
2021 04 25 03 12 00    -5.3502864   -2.1023753  951.2267  951.9624
2021 04 25 03 13 00    -5.3554184   -2.1049310  951.2252  951.9682
2021 04 25 03 14 00    -5.3602211   -2.1073379  951.2248  951.9756
2021 04 25 03 15 00    -5.3648061   -2.1096333  951.2252  951.9857
2021 04 25 03 16 00    -5.3694225   -2.1118863  951.2253  951.9939
2021 04 25 03 17 00    -5.3740755   -2.1141683  951.2248  951.9934
2021 04 25 03 18 00    -5.3785911   -2.1164674  951.2243  951.9879
2021 04 25 03 19 00    -5.3829593   -2.1187105  951.2242  951.9918
2021 04 25 03 20 00    -5.3872412   -2.1208596  951.2242  952.0027
2021 04 25 03 21 00    -5.3913778   -2.1228986  951.2240  952.0025
2021 04 25 03 22 00    -5.3953782   -2.1248875  951.2234  951.9884
2021 04 25 03 23 00    -5.3993981   -2.1269434  951.2226  951.9729
2021 04 25 03 24 00    -5.4034947   -2.1290432  951.2214  951.9606
2021 04 25 03 25 00    -5.4075017   -2.1310869  951.2197  951.9472
2021 04 25 03 26 00    -5.4112060   -2.1330196  951.2178  951.9330
2021 04 25 03 27 00    -5.4146180   -2.1347903  951.2160  951.9239
2021 04 25 03 28 00    -5.4179726   -2.1364338  951.2137  951.9199
2021 04 25 03 29 00    -5.4213385   -2.1380568  951.2106  951.9132
2021 04 25 03 30 00    -5.4244806   -2.1396513  951.2074  951.9076
2021 04 25 03 31 00    -5.4273756   -2.1411524  951.2047  951.9113
2021 04 25 03 32 00    -5.4303343   -2.1426274  951.2019  951.9144
2021 04 25 03 33 00    -5.4333178   -2.1440941  951.1995  951.9089
2021 04 25 03 34 00    -5.4360291   -2.1453917  951.1982  951.9037
2021 04 25 03 35 00    -5.4385968   -2.1465692  951.1974  951.9020
2021 04 25 03 36 00    -5.4410589   -2.1478055  951.1959  951.8993
2021 04 25 03 37 00    -5.4431783   -2.1489883  951.1938  951.8975
2021 04 25 03 38 00    -5.4452240   -2.1500229  951.1917  951.9007
2021 04 25 03 39 00    -5.4473508   -2.1509965  951.1894  951.9100
2021 04 25 03 40 00    -5.4491626   -2.1519172  951.1874  951.9264
2021 04 25 03 41 00    -5.4507042   -2.1528026  951.1863  951.9480
2021 04 25 03 42 00    -5.4522511   -2.1536355  951.1869  951.9668
2021 04 25 03 43 00    -5.4536431   -2.1542848  951.1885  951.9813
2021 04 25 03 44 00    -5.4548143   -2.1548106  951.1899  951.9966
2021 04 25 03 45 00    -5.4560657   -2.1554364  951.1906  952.0007
2021 04 25 03 46 00    -5.4574716   -2.1561350  951.1911  951.9813
2021 04 25 03 47 00    -5.4586995   -2.1567062  951.1916  951.9587
2021 04 25 03 48 00    -5.4596886   -2.1572304  951.1911  951.9499
2021 04 25 03 49 00    -5.4606930   -2.1578382  951.1895  951.9430
2021 04 25 03 50 00    -5.4616226   -2.1583023  951.1879  951.9367
2021 04 25 03 51 00    -5.4622752   -2.1585079  951.1869  951.9439
2021 04 25 03 52 00    -5.4626682   -2.1586561  951.1866  951.9607
2021 04 25 03 53 00    -5.4626820   -2.1587378  951.1869  951.9752
2021 04 25 03 54 00    -5.4624317   -2.1586863  951.1877  951.9897
2021 04 25 03 55 00    -5.4624685   -2.1587182  951.1886  952.0084
2021 04 25 03 56 00    -5.4627369   -2.1588422  951.1900  952.0253
2021 04 25 03 57 00    -5.4625543   -2.1587174  951.1920  952.0383
2021 04 25 03 58 00    -5.4618427   -2.1582972  951.1942  952.0504
2021 04 25 03 59 00    -5.4612465   -2.1579443  951.1960  952.0554
2021 04 25 04 00 00    -5.4609862   -2.1578355  951.1973  952.0483
2021 04 25 04 01 00    -5.4605552   -2.1577401  951.1989  952.0385
2021 04 25 04 02 00    -5.4596905   -2.1574224  951.2010  952.0341
2021 04 25 04 03 00    -5.4586276   -2.1568958  951.2029  952.0313
2021 04 25 04 04 00    -5.4575176   -2.1562682  951.2038  952.0261
2021 04 25 04 05 00    -5.4563576   -2.1555997  951.2038  952.0215
2021 04 25 04 06 00    -5.4551345   -2.1549083  951.2032  952.0261
2021 04 25 04 07 00    -5.4537866   -2.1541891  951.2034  952.0411
2021 04 25 04 08 00    -5.4522847   -2.1533902  951.2050  952.0492
2021 04 25 04 09 00    -5.4506866   -2.1525286  951.2062  952.0421
2021 04 25 04 10 00    -5.4490631   -2.1517310  951.2061  952.0333
2021 04 25 04 11 00    -5.4473818   -2.1509389  951.2060  952.0276
2021 04 25 04 12 00    -5.4455397   -2.1500261  951.2062  952.0198
2021 04 25 04 13 00    -5.4435003   -2.1490522  951.2059  952.0121
2021 04 25 04 14 00    -5.4412131   -2.1479238  951.2050  952.0050
2021 04 25 04 15 00    -5.4386717   -2.1465324  951.2042  951.9987
2021 04 25 04 16 00    -5.4360495   -2.1451724  951.2040  951.9998
2021 04 25 04 17 00    -5.4334564   -2.1440029  951.2041  952.0068
2021 04 25 04 18 00    -5.4307688   -2.1426964  951.2036  952.0106
2021 04 25 04 19 00    -5.4278428   -2.1410854  951.2028  952.0184
2021 04 25 04 20 00    -5.4246693   -2.1394109  951.2026  952.0462
2021 04 25 04 21 00    -5.4212604   -2.1377957  951.2037  952.0869
2021 04 25 04 22 00    -5.4177021   -2.1361291  951.2062  952.1159
2021 04 25 04 23 00    -5.4141673   -2.1343943  951.2097  952.1252
2021 04 25 04 24 00    -5.4106910   -2.1326421  951.2130  952.1243
2021 04 25 04 25 00    -5.4072241   -2.1308519  951.2159  952.1202
2021 04 25 04 26 00    -5.4037274   -2.1290373  951.2187  952.1091
2021 04 25 04 27 00    -5.4001785   -2.1273099  951.2208  952.0835
2021 04 25 04 28 00    -5.3965155   -2.1256526  951.2211  952.0522
2021 04 25 04 29 00    -5.3925427   -2.1237984  951.2200  952.0372
2021 04 25 04 30 00    -5.3882319   -2.1215697  951.2190  952.0496
2021 04 25 04 31 00    -5.3837840   -2.1191073  951.2197  952.0816
2021 04 25 04 32 00    -5.3792417   -2.1166942  951.2222  952.1133
2021 04 25 04 33 00    -5.3746004   -2.1144708  951.2254  952.1265
2021 04 25 04 34 00    -5.3699847   -2.1122646  951.2279  952.1216
2021 04 25 04 35 00    -5.3653412   -2.1098672  951.2294  952.1135
2021 04 25 04 36 00    -5.3605040   -2.1073777  951.2305  952.1086
2021 04 25 04 37 00    -5.3554793   -2.1049013  951.2311  952.1014
2021 04 25 04 38 00    -5.3503099   -2.1023340  951.2312  952.0970
2021 04 25 04 39 00    -5.3450513   -2.0996963  951.2314  952.1065
2021 04 25 04 40 00    -5.3397133   -2.0970393  951.2325  952.1219
2021 04 25 04 41 00    -5.3340954   -2.0942348  951.2348  952.1324
2021 04 25 04 42 00    -5.3281339   -2.0912593  951.2378  952.1453
2021 04 25 04 43 00    -5.3220436   -2.0882168  951.2406  952.1655
2021 04 25 04 44 00    -5.3159822   -2.0851668  951.2434  952.1885
2021 04 25 04 45 00    -5.3100319   -2.0821246  951.2462  952.2118
2021 04 25 04 46 00    -5.3041636   -2.0790712  951.2488  952.2288
2021 04 25 04 47 00    -5.2980092   -2.0759680  951.2516  952.2304
2021 04 25 04 48 00    -5.2913579   -2.0728071  951.2548  952.2220
2021 04 25 04 49 00    -5.2847150   -2.0696643  951.2581  952.2149
2021 04 25 04 50 00    -5.2784567   -2.0665467  951.2613  952.2077
2021 04 25 04 51 00    -5.2720930   -2.0633272  951.2642  952.2013
2021 04 25 04 52 00    -5.2652641   -2.0599507  951.2667  952.2075
2021 04 25 04 53 00    -5.2583565   -2.0564853  951.2694  952.2237
2021 04 25 04 54 00    -5.2514712   -2.0529717  951.2722  952.2391
2021 04 25 04 55 00    -5.2442012   -2.0493296  951.2748  952.2543
2021 04 25 04 56 00    -5.2366752   -2.0455923  951.2777  952.2660
2021 04 25 04 57 00    -5.2293414   -2.0419618  951.2810  952.2694
2021 04 25 04 58 00    -5.2221066   -2.0383785  951.2844  952.2670
2021 04 25 04 59 00    -5.2146603   -2.0345849  951.2879  952.2600
2021 04 25 05 00 00    -5.2069285   -2.0305872  951.2910  952.2549
2021 04 25 05 01 00    -5.1989952   -2.0265764  951.2930  952.2612
2021 04 25 05 02 00    -5.1909681   -2.0226633  951.2950  952.2738
2021 04 25 05 03 00    -5.1828938   -2.0187989  951.2977  952.2841
2021 04 25 05 04 00    -5.1747494   -2.0147485  951.3008  952.2937
2021 04 25 05 05 00    -5.1664337   -2.0104259  951.3045  952.3006
2021 04 25 05 06 00    -5.1579914   -2.0061188  951.3081  952.2978
2021 04 25 05 07 00    -5.1497432   -2.0020225  951.3104  952.2877
2021 04 25 05 08 00    -5.1416751   -1.9979644  951.3117  952.2748
2021 04 25 05 09 00    -5.1333079   -1.9937769  951.3133  952.2547
2021 04 25 05 10 00    -5.1245541   -1.9894855  951.3149  952.2259
2021 04 25 05 11 00    -5.1157799   -1.9850978  951.3155  952.2005
2021 04 25 05 12 00    -5.1070270   -1.9806188  951.3151  952.1905
2021 04 25 05 13 00    -5.0979717   -1.9760755  951.3141  952.1925
2021 04 25 05 14 00    -5.0885860   -1.9713899  951.3133  952.1976
2021 04 25 05 15 00    -5.0792587   -1.9666282  951.3129  952.2067
2021 04 25 05 16 00    -5.0700491   -1.9619509  951.3130  952.2237
2021 04 25 05 17 00    -5.0605278   -1.9571863  951.3142  952.2415
2021 04 25 05 18 00    -5.0506864   -1.9522104  951.3165  952.2471
2021 04 25 05 19 00    -5.0409570   -1.9472792  951.3185  952.2398
2021 04 25 05 20 00    -5.0313151   -1.9424788  951.3195  952.2324
2021 04 25 05 21 00    -5.0214135   -1.9375673  951.3198  952.2321
2021 04 25 05 22 00    -5.0112487   -1.9324406  951.3200  952.2372
2021 04 25 05 23 00    -5.0010651   -1.9272970  951.3213  952.2511
2021 04 25 05 24 00    -4.9908652   -1.9222519  951.3240  952.2767
2021 04 25 05 25 00    -4.9804413   -1.9171098  951.3274  952.3053
2021 04 25 05 26 00    -4.9698505   -1.9117826  951.3308  952.3288
2021 04 25 05 27 00    -4.9592438   -1.9063906  951.3344  952.3465
2021 04 25 05 28 00    -4.9485122   -1.9009807  951.3380  952.3570
2021 04 25 05 29 00    -4.9376830   -1.8956206  951.3416  952.3613
2021 04 25 05 30 00    -4.9269910   -1.8903726  951.3453  952.3669
2021 04 25 05 31 00    -4.9163799   -1.8851293  951.3490  952.3796
2021 04 25 05 32 00    -4.9055375   -1.8797254  951.3531  952.3962
2021 04 25 05 33 00    -4.8942934   -1.8740822  951.3578  952.4080
2021 04 25 05 34 00    -4.8828528   -1.8682855  951.3625  952.4123
2021 04 25 05 35 00    -4.8715689   -1.8625004  951.3664  952.4146
2021 04 25 05 36 00    -4.8603487   -1.8568016  951.3703  952.4206
2021 04 25 05 37 00    -4.8489284   -1.8511989  951.3747  952.4330
2021 04 25 05 38 00    -4.8374042   -1.8456044  951.3791  952.4492
2021 04 25 05 39 00    -4.8257942   -1.8398211  951.3831  952.4643
2021 04 25 05 40 00    -4.8139876   -1.8338283  951.3871  952.4780
2021 04 25 05 41 00    -4.8021304   -1.8278102  951.3916  952.4919
2021 04 25 05 42 00    -4.7903267   -1.8218455  951.3966  952.5019
2021 04 25 05 43 00    -4.7784614   -1.8159001  951.4019  952.5034
2021 04 25 05 44 00    -4.7664664   -1.8099548  951.4068  952.5002
2021 04 25 05 45 00    -4.7543330   -1.8038755  951.4114  952.4997
2021 04 25 05 46 00    -4.7420643   -1.7975824  951.4160  952.5023
2021 04 25 05 47 00    -4.7297454   -1.7913381  951.4208  952.5035
2021 04 25 05 48 00    -4.7175009   -1.7853435  951.4249  952.5011
2021 04 25 05 49 00    -4.7052952   -1.7794203  951.4283  952.4949
2021 04 25 05 50 00    -4.6929004   -1.7733292  951.4315  952.4851
2021 04 25 05 51 00    -4.6803656   -1.7670114  951.4347  952.4752
2021 04 25 05 52 00    -4.6679719   -1.7605947  951.4385  952.4697
2021 04 25 05 53 00    -4.6555103   -1.7542247  951.4420  952.4666
2021 04 25 05 54 00    -4.6426651   -1.7478799  951.4445  952.4603
2021 04 25 05 55 00    -4.6298007   -1.7415549  951.4463  952.4530
2021 04 25 05 56 00    -4.6171695   -1.7352613  951.4478  952.4502
2021 04 25 05 57 00    -4.6042872   -1.7287986  951.4495  952.4522
2021 04 25 05 58 00    -4.5910155   -1.7220905  951.4522  952.4599
2021 04 25 05 59 00    -4.5778243   -1.7153793  951.4556  952.4743
2021 04 25 06 00 00    -4.5646730   -1.7087518  951.4589  952.4877
2021 04 25 06 01 00    -4.5511656   -1.7020765  951.4617  952.4939
2021 04 25 06 02 00    -4.5375778   -1.6954107  951.4638  952.4988
2021 04 25 06 03 00    -4.5242842   -1.6888150  951.4661  952.5059
2021 04 25 06 04 00    -4.5108728   -1.6820635  951.4693  952.5098
2021 04 25 06 05 00    -4.4971494   -1.6751143  951.4731  952.5066
2021 04 25 06 06 00    -4.4835249   -1.6681827  951.4768  952.4966
2021 04 25 06 07 00    -4.4698947   -1.6612381  951.4797  952.4843
2021 04 25 06 08 00    -4.4560099   -1.6542566  951.4817  952.4775
2021 04 25 06 09 00    -4.4422221   -1.6474457  951.4834  952.4784
2021 04 25 06 10 00    -4.4286333   -1.6407392  951.4852  952.4805
2021 04 25 06 11 00    -4.4148644   -1.6338561  951.4871  952.4780
2021 04 25 06 12 00    -4.4008856   -1.6268432  951.4893  952.4698
2021 04 25 06 13 00    -4.3868947   -1.6198107  951.4915  952.4574
2021 04 25 06 14 00    -4.3728369   -1.6125749  951.4928  952.4455
2021 04 25 06 15 00    -4.3586170   -1.6052280  951.4933  952.4396
2021 04 25 06 16 00    -4.3442501   -1.5981644  951.4941  952.4418
2021 04 25 06 17 00    -4.3298308   -1.5912240  951.4957  952.4494
2021 04 25 06 18 00    -4.3155012   -1.5840172  951.4971  952.4554
2021 04 25 06 19 00    -4.3013207   -1.5767744  951.4982  952.4549
2021 04 25 06 20 00    -4.2871361   -1.5697864  951.4995  952.4509
2021 04 25 06 21 00    -4.2726954   -1.5627455  951.5006  952.4478
2021 04 25 06 22 00    -4.2580442   -1.5553492  951.5017  952.4444
2021 04 25 06 23 00    -4.2434130   -1.5478371  951.5031  952.4386
2021 04 25 06 24 00    -4.2287574   -1.5405174  951.5046  952.4331
2021 04 25 06 25 00    -4.2140089   -1.5332955  951.5056  952.4360
2021 04 25 06 26 00    -4.1992968   -1.5259231  951.5070  952.4510
2021 04 25 06 27 00    -4.1845839   -1.5183950  951.5095  952.4686
2021 04 25 06 28 00    -4.1697591   -1.5108940  951.5117  952.4731
2021 04 25 06 29 00    -4.1548566   -1.5034600  951.5129  952.4618
2021 04 25 06 30 00    -4.1398728   -1.4960056  951.5138  952.4465
2021 04 25 06 31 00    -4.1248615   -1.4885253  951.5149  952.4404
2021 04 25 06 32 00    -4.1098759   -1.4809884  951.5162  952.4474
2021 04 25 06 33 00    -4.0947672   -1.4733544  951.5180  952.4616
2021 04 25 06 34 00    -4.0795948   -1.4657622  951.5202  952.4747
2021 04 25 06 35 00    -4.0645685   -1.4583261  951.5222  952.4834
2021 04 25 06 36 00    -4.0495026   -1.4508904  951.5243  952.4869
2021 04 25 06 37 00    -4.0341853   -1.4432613  951.5265  952.4855
2021 04 25 06 38 00    -4.0187750   -1.4354909  951.5286  952.4817
2021 04 25 06 39 00    -4.0034853   -1.4277591  951.5306  952.4774
2021 04 25 06 40 00    -3.9883488   -1.4200993  951.5324  952.4725
2021 04 25 06 41 00    -3.9730947   -1.4123965  951.5342  952.4693
2021 04 25 06 42 00    -3.9575151   -1.4046586  951.5356  952.4728
2021 04 25 06 43 00    -3.9419427   -1.3970270  951.5366  952.4849
2021 04 25 06 44 00    -3.9266229   -1.3894536  951.5383  952.5028
2021 04 25 06 45 00    -3.9112405   -1.3817185  951.5415  952.5193
2021 04 25 06 46 00    -3.8955164   -1.3737644  951.5452  952.5246
2021 04 25 06 47 00    -3.8796559   -1.3657726  951.5477  952.5161
2021 04 25 06 48 00    -3.8641065   -1.3579638  951.5492  952.5075
2021 04 25 06 49 00    -3.8488315   -1.3502887  951.5504  952.5108
2021 04 25 06 50 00    -3.8333128   -1.3424650  951.5520  952.5196
2021 04 25 06 51 00    -3.8175219   -1.3345032  951.5542  952.5224
2021 04 25 06 52 00    -3.8018554   -1.3267044  951.5564  952.5171
2021 04 25 06 53 00    -3.7863039   -1.3190435  951.5582  952.5095
2021 04 25 06 54 00    -3.7706241   -1.3111956  951.5598  952.5033
2021 04 25 06 55 00    -3.7548606   -1.3031521  951.5613  952.4972
2021 04 25 06 56 00    -3.7391778   -1.2952063  951.5628  952.4929
2021 04 25 06 57 00    -3.7235355   -1.2874364  951.5645  952.4926
2021 04 25 06 58 00    -3.7078658   -1.2796921  951.5661  952.4945
2021 04 25 06 59 00    -3.6922688   -1.2719149  951.5672  952.4961
2021 04 25 07 00 00    -3.6767496   -1.2641531  951.5677  952.4971
2021 04 25 07 01 00    -3.6611075   -1.2563839  951.5684  952.4969
2021 04 25 07 02 00    -3.6451805   -1.2484804  951.5698  952.4932
2021 04 25 07 03 00    -3.6290722   -1.2404011  951.5715  952.4867
2021 04 25 07 04 00    -3.6131561   -1.2323144  951.5732  952.4798
2021 04 25 07 05 00    -3.5975413   -1.2243795  951.5744  952.4704
2021 04 25 07 06 00    -3.5818761   -1.2165388  951.5751  952.4575
2021 04 25 07 07 00    -3.5660048   -1.2086551  951.5753  952.4491
2021 04 25 07 08 00    -3.5501472   -1.2007576  951.5751  952.4523
2021 04 25 07 09 00    -3.5344288   -1.1929888  951.5755  952.4642
2021 04 25 07 10 00    -3.5186838   -1.1852417  951.5767  952.4713
2021 04 25 07 11 00    -3.5027785   -1.1772878  951.5775  952.4628
2021 04 25 07 12 00    -3.4868811   -1.1692311  951.5777  952.4475
2021 04 25 07 13 00    -3.4710985   -1.1612366  951.5774  952.4408
2021 04 25 07 14 00    -3.4553365   -1.1532856  951.5767  952.4424
2021 04 25 07 15 00    -3.4396395   -1.1454469  951.5761  952.4451
2021 04 25 07 16 00    -3.4240002   -1.1376535  951.5762  952.4464
2021 04 25 07 17 00    -3.4081913   -1.1296640  951.5768  952.4439
2021 04 25 07 18 00    -3.3922273   -1.1216345  951.5773  952.4366
2021 04 25 07 19 00    -3.3763461   -1.1137807  951.5776  952.4296
2021 04 25 07 20 00    -3.3604684   -1.1058523  951.5778  952.4276
2021 04 25 07 21 00    -3.3444197   -1.0977598  951.5778  952.4277
2021 04 25 07 22 00    -3.3284198   -1.0897792  951.5782  952.4297
2021 04 25 07 23 00    -3.3126843   -1.0819253  951.5790  952.4369
2021 04 25 07 24 00    -3.2970203   -1.0740433  951.5798  952.4454
2021 04 25 07 25 00    -3.2812200   -1.0661756  951.5809  952.4496
2021 04 25 07 26 00    -3.2653843   -1.0583383  951.5823  952.4488
2021 04 25 07 27 00    -3.2496220   -1.0504227  951.5829  952.4431
2021 04 25 07 28 00    -3.2338194   -1.0424107  951.5828  952.4350
2021 04 25 07 29 00    -3.2180525   -1.0344589  951.5830  952.4301
2021 04 25 07 30 00    -3.2026016   -1.0267197  951.5836  952.4291
2021 04 25 07 31 00    -3.1872096   -1.0190389  951.5839  952.4249
2021 04 25 07 32 00    -3.1714512   -1.0112453  951.5837  952.4139
2021 04 25 07 33 00    -3.1556168   -1.0034502  951.5833  952.4043
2021 04 25 07 34 00    -3.1400139   -0.9955773  951.5827  952.4011
2021 04 25 07 35 00    -3.1244343   -0.9875759  951.5814  952.3970
2021 04 25 07 36 00    -3.1088713   -0.9797879  951.5791  952.3864
2021 04 25 07 37 00    -3.0934272   -0.9721774  951.5772  952.3781
2021 04 25 07 38 00    -3.0778676   -0.9643223  951.5772  952.3851
2021 04 25 07 39 00    -3.0622173   -0.9563586  951.5780  952.4010
2021 04 25 07 40 00    -3.0467690   -0.9486961  951.5776  952.4082
2021 04 25 07 41 00    -3.0313707   -0.9411449  951.5763  952.4103
2021 04 25 07 42 00    -3.0158624   -0.9334063  951.5758  952.4148
2021 04 25 07 43 00    -3.0004139   -0.9256433  951.5764  952.4080
2021 04 25 07 44 00    -2.9850015   -0.9179315  951.5770  952.3905
2021 04 25 07 45 00    -2.9695346   -0.9101484  951.5769  952.3830
2021 04 25 07 46 00    -2.9541154   -0.9023283  951.5758  952.3800
2021 04 25 07 47 00    -2.9388548   -0.8945893  951.5740  952.3687
2021 04 25 07 48 00    -2.9237948   -0.8870238  951.5727  952.3600
2021 04 25 07 49 00    -2.9088913   -0.8796156  951.5721  952.3596
2021 04 25 07 50 00    -2.8939332   -0.8721706  951.5722  952.3587
2021 04 25 07 51 00    -2.8786675   -0.8645385  951.5729  952.3561
2021 04 25 07 52 00    -2.8632768   -0.8568831  951.5734  952.3561
2021 04 25 07 53 00    -2.8482179   -0.8494342  951.5732  952.3623
2021 04 25 07 54 00    -2.8333931   -0.8420332  951.5724  952.3743
2021 04 25 07 55 00    -2.8183760   -0.8343988  951.5717  952.3834
2021 04 25 07 56 00    -2.8032659   -0.8267246  951.5714  952.3788
2021 04 25 07 57 00    -2.7884897   -0.8194015  951.5710  952.3605
2021 04 25 07 58 00    -2.7740520   -0.8122577  951.5700  952.3396
2021 04 25 07 59 00    -2.7594497   -0.8048561  951.5689  952.3276
2021 04 25 08 00 00    -2.7444716   -0.7973407  951.5681  952.3319
2021 04 25 08 01 00    -2.7296264   -0.7900590  951.5678  952.3470
2021 04 25 08 02 00    -2.7151523   -0.7827983  951.5671  952.3509
2021 04 25 08 03 00    -2.7006341   -0.7753110  951.5651  952.3343
2021 04 25 08 04 00    -2.6860212   -0.7679005  951.5628  952.3154
2021 04 25 08 05 00    -2.6715624   -0.7607943  951.5616  952.3156
2021 04 25 08 06 00    -2.6571339   -0.7537560  951.5610  952.3309
2021 04 25 08 07 00    -2.6426919   -0.7466277  951.5602  952.3416
2021 04 25 08 08 00    -2.6284003   -0.7394366  951.5598  952.3428
2021 04 25 08 09 00    -2.6140980   -0.7320822  951.5600  952.3422
2021 04 25 08 10 00    -2.5996205   -0.7246056  951.5602  952.3409
2021 04 25 08 11 00    -2.5852797   -0.7173556  951.5604  952.3421
2021 04 25 08 12 00    -2.5712691   -0.7104882  951.5613  952.3539
2021 04 25 08 13 00    -2.5572735   -0.7037549  951.5625  952.3677
2021 04 25 08 14 00    -2.5431971   -0.6968801  951.5634  952.3742
2021 04 25 08 15 00    -2.5293811   -0.6898547  951.5641  952.3894
2021 04 25 08 16 00    -2.5158267   -0.6828480  951.5645  952.4173
2021 04 25 08 17 00    -2.5021101   -0.6759089  951.5648  952.4285
2021 04 25 08 18 00    -2.4880980   -0.6689328  951.5651  952.4128
2021 04 25 08 19 00    -2.4742073   -0.6619986  951.5653  952.3994
2021 04 25 08 20 00    -2.4608479   -0.6553310  951.5654  952.4056
2021 04 25 08 21 00    -2.4476675   -0.6488038  951.5653  952.4064
2021 04 25 08 22 00    -2.4340991   -0.6420678  951.5649  952.3773
2021 04 25 08 23 00    -2.4204704   -0.6351776  951.5644  952.3411
2021 04 25 08 24 00    -2.4072152   -0.6284377  951.5641  952.3371
2021 04 25 08 25 00    -2.3940452   -0.6218718  951.5650  952.3608
2021 04 25 08 26 00    -2.3809062   -0.6153660  951.5667  952.3759
2021 04 25 08 27 00    -2.3679887   -0.6089225  951.5676  952.3735
2021 04 25 08 28 00    -2.3549855   -0.6024714  951.5670  952.3663
2021 04 25 08 29 00    -2.3418686   -0.5959035  951.5664  952.3553
2021 04 25 08 30 00    -2.3291210   -0.5893748  951.5657  952.3406
2021 04 25 08 31 00    -2.3165371   -0.5830207  951.5633  952.3238
2021 04 25 08 32 00    -2.3035941   -0.5766626  951.5597  952.3054
2021 04 25 08 33 00    -2.2907085   -0.5702676  951.5575  952.2964
2021 04 25 08 34 00    -2.2783033   -0.5639494  951.5573  952.2980
2021 04 25 08 35 00    -2.2659226   -0.5576327  951.5569  952.2909
2021 04 25 08 36 00    -2.2533723   -0.5513789  951.5548  952.2697
2021 04 25 08 37 00    -2.2409463   -0.5452810  951.5519  952.2517
2021 04 25 08 38 00    -2.2287154   -0.5392029  951.5498  952.2530
2021 04 25 08 39 00    -2.2166640   -0.5331588  951.5496  952.2717
2021 04 25 08 40 00    -2.2046308   -0.5271339  951.5504  952.2891
2021 04 25 08 41 00    -2.1923835   -0.5209577  951.5507  952.2929
2021 04 25 08 42 00    -2.1801800   -0.5148057  951.5499  952.2893
2021 04 25 08 43 00    -2.1683571   -0.5089100  951.5486  952.2907
2021 04 25 08 44 00    -2.1567303   -0.5030970  951.5478  952.3037
2021 04 25 08 45 00    -2.1449902   -0.4971464  951.5476  952.3202
2021 04 25 08 46 00    -2.1332299   -0.4911880  951.5480  952.3288
2021 04 25 08 47 00    -2.1217485   -0.4855284  951.5495  952.3357
2021 04 25 08 48 00    -2.1103598   -0.4800099  951.5527  952.3550
2021 04 25 08 49 00    -2.0987009   -0.4741946  951.5560  952.3826
2021 04 25 08 50 00    -2.0871146   -0.4682784  951.5583  952.4003
2021 04 25 08 51 00    -2.0759979   -0.4626873  951.5604  952.4013
2021 04 25 08 52 00    -2.0650276   -0.4572740  951.5634  952.3931
2021 04 25 08 53 00    -2.0539376   -0.4517605  951.5667  952.3847
2021 04 25 08 54 00    -2.0429683   -0.4462194  951.5691  952.3820
2021 04 25 08 55 00    -2.0321865   -0.4407865  951.5709  952.3902
2021 04 25 08 56 00    -2.0213699   -0.4354051  951.5727  952.4103
2021 04 25 08 57 00    -2.0105830   -0.4300447  951.5745  952.4276
2021 04 25 08 58 00    -2.0000280   -0.4247533  951.5762  952.4223
2021 04 25 08 59 00    -1.9896141   -0.4194777  951.5781  952.3974
2021 04 25 09 00 00    -1.9792691   -0.4142382  951.5802  952.3778
2021 04 25 09 01 00    -1.9691199   -0.4091463  951.5825  952.3857
2021 04 25 09 02 00    -1.9591557   -0.4041735  951.5854  952.4229
2021 04 25 09 03 00    -1.9492478   -0.3992529  951.5883  952.4624
2021 04 25 09 04 00    -1.9394011   -0.3943092  951.5904  952.4637
2021 04 25 09 05 00    -1.9296474   -0.3892765  951.5920  952.4269
2021 04 25 09 06 00    -1.9199589   -0.3843348  951.5937  952.4073
2021 04 25 09 07 00    -1.9103984   -0.3796644  951.5957  952.4264
2021 04 25 09 08 00    -1.9009647   -0.3750829  951.5966  952.4377
2021 04 25 09 09 00    -1.8914791   -0.3703160  951.5965  952.4168
2021 04 25 09 10 00    -1.8819805   -0.3654167  951.5970  952.3927
2021 04 25 09 11 00    -1.8727317   -0.3607245  951.5985  952.3845
2021 04 25 09 12 00    -1.8637810   -0.3563795  951.6000  952.3875
2021 04 25 09 13 00    -1.8549053   -0.3520902  951.6013  952.3980
2021 04 25 09 14 00    -1.8458664   -0.3475593  951.6022  952.4110
2021 04 25 09 15 00    -1.8368330   -0.3429394  951.6031  952.4141
2021 04 25 09 16 00    -1.8282552   -0.3385387  951.6039  952.4009
2021 04 25 09 17 00    -1.8200438   -0.3342878  951.6050  952.3845
2021 04 25 09 18 00    -1.8116815   -0.3300229  951.6059  952.3771
2021 04 25 09 19 00    -1.8032476   -0.3259031  951.6062  952.3679
2021 04 25 09 20 00    -1.7952517   -0.3220299  951.6055  952.3456
2021 04 25 09 21 00    -1.7874690   -0.3181245  951.6045  952.3215
2021 04 25 09 22 00    -1.7793884   -0.3140133  951.6037  952.3095
2021 04 25 09 23 00    -1.7713531   -0.3099158  951.6026  952.3075
2021 04 25 09 24 00    -1.7636889   -0.3059786  951.6004  952.3035
2021 04 25 09 25 00    -1.7560176   -0.3021580  951.5975  952.2936
2021 04 25 09 26 00    -1.7482859   -0.2984464  951.5951  952.2896
2021 04 25 09 27 00    -1.7407849   -0.2947487  951.5938  952.2977
2021 04 25 09 28 00    -1.7334642   -0.2910053  951.5931  952.3046
2021 04 25 09 29 00    -1.7263091   -0.2873890  951.5925  952.3054
2021 04 25 09 30 00    -1.7193123   -0.2839042  951.5921  952.3110
2021 04 25 09 31 00    -1.7122202   -0.2803722  951.5915  952.3153
2021 04 25 09 32 00    -1.7052718   -0.2769948  951.5899  952.3007
2021 04 25 09 33 00    -1.6988475   -0.2739158  951.5875  952.2721
2021 04 25 09 34 00    -1.6924785   -0.2707111  951.5850  952.2493
2021 04 25 09 35 00    -1.6858367   -0.2672810  951.5829  952.2446
2021 04 25 09 36 00    -1.6792960   -0.2639877  951.5809  952.2582
2021 04 25 09 37 00    -1.6729755   -0.2608519  951.5786  952.2784
2021 04 25 09 38 00    -1.6667580   -0.2577683  951.5766  952.2909
2021 04 25 09 39 00    -1.6606016   -0.2547261  951.5755  952.2951
2021 04 25 09 40 00    -1.6544936   -0.2516672  951.5753  952.3039
2021 04 25 09 41 00    -1.6486179   -0.2486588  951.5756  952.3196
2021 04 25 09 42 00    -1.6429861   -0.2457225  951.5759  952.3247
2021 04 25 09 43 00    -1.6374067   -0.2427785  951.5754  952.3076
2021 04 25 09 44 00    -1.6320804   -0.2400312  951.5734  952.2807
2021 04 25 09 45 00    -1.6270602   -0.2376054  951.5707  952.2596
2021 04 25 09 46 00    -1.6218849   -0.2351343  951.5689  952.2479
2021 04 25 09 47 00    -1.6165531   -0.2324523  951.5672  952.2406
2021 04 25 09 48 00    -1.6114840   -0.2298348  951.5644  952.2244
2021 04 25 09 49 00    -1.6066872   -0.2273914  951.5611  952.2006
2021 04 25 09 50 00    -1.6020266   -0.2251078  951.5587  952.2029
2021 04 25 09 51 00    -1.5975786   -0.2230277  951.5573  952.2335
2021 04 25 09 52 00    -1.5933476   -0.2209846  951.5554  952.2359
2021 04 25 09 53 00    -1.5891560   -0.2187722  951.5525  952.1990
2021 04 25 09 54 00    -1.5848620   -0.2164814  951.5494  952.1838
2021 04 25 09 55 00    -1.5805721   -0.2143404  951.5473  952.2076
2021 04 25 09 56 00    -1.5765650   -0.2124383  951.5460  952.2231
2021 04 25 09 57 00    -1.5728341   -0.2106405  951.5442  952.2113
2021 04 25 09 58 00    -1.5691009   -0.2088191  951.5419  952.1984
2021 04 25 09 59 00    -1.5654378   -0.2070284  951.5395  952.1969
2021 04 25 10 00 00    -1.5620405   -0.2052658  951.5375  952.1902
2021 04 25 10 01 00    -1.5587262   -0.2034741  951.5357  952.1704
2021 04 25 10 02 00    -1.5554872   -0.2017861  951.5337  952.1531
2021 04 25 10 03 00    -1.5524774   -0.2002551  951.5315  952.1514
2021 04 25 10 04 00    -1.5494677   -0.1987208  951.5291  952.1564
2021 04 25 10 05 00    -1.5464327   -0.1972854  951.5265  952.1615
2021 04 25 10 06 00    -1.5436076   -0.1960856  951.5246  952.1778
2021 04 25 10 07 00    -1.5408799   -0.1948041  951.5237  952.2005
2021 04 25 10 08 00    -1.5382316   -0.1933372  951.5230  952.2050
2021 04 25 10 09 00    -1.5358792   -0.1920747  951.5215  952.1870
2021 04 25 10 10 00    -1.5337558   -0.1910732  951.5197  952.1656
2021 04 25 10 11 00    -1.5316906   -0.1900581  951.5182  952.1571
2021 04 25 10 12 00    -1.5297257   -0.1890578  951.5168  952.1608
2021 04 25 10 13 00    -1.5279625   -0.1882292  951.5154  952.1571
2021 04 25 10 14 00    -1.5263172   -0.1874762  951.5140  952.1375
2021 04 25 10 15 00    -1.5246398   -0.1866150  951.5124  952.1173
2021 04 25 10 16 00    -1.5231006   -0.1857135  951.5100  952.0971
2021 04 25 10 17 00    -1.5218286   -0.1849897  951.5066  952.0653
2021 04 25 10 18 00    -1.5205297   -0.1844118  951.5031  952.0412
2021 04 25 10 19 00    -1.5192445   -0.1838418  951.5005  952.0518
2021 04 25 10 20 00    -1.5183250   -0.1833328  951.4987  952.0946
2021 04 25 10 21 00    -1.5175237   -0.1828848  951.4976  952.1454
2021 04 25 10 22 00    -1.5165774   -0.1824275  951.4970  952.1780
2021 04 25 10 23 00    -1.5159359   -0.1820988  951.4970  952.1849
2021 04 25 10 24 00    -1.5158355   -0.1820073  951.4974  952.1805
2021 04 25 10 25 00    -1.5157507   -0.1819538  951.4976  952.1737
2021 04 25 10 26 00    -1.5153891   -0.1817953  951.4967  952.1587
2021 04 25 10 27 00    -1.5151983   -0.1817081  951.4950  952.1391
2021 04 25 10 28 00    -1.5154696   -0.1818170  951.4930  952.1264
2021 04 25 10 29 00    -1.5158995   -0.1820214  951.4914  952.1155
2021 04 25 10 30 00    -1.5162019   -0.1821908  951.4897  952.0960
2021 04 25 10 31 00    -1.5164908   -0.1823201  951.4877  952.0750
2021 04 25 10 32 00    -1.5170623   -0.1825938  951.4853  952.0619
2021 04 25 10 33 00    -1.5178576   -0.1830378  951.4826  952.0507
2021 04 25 10 34 00    -1.5185756   -0.1834315  951.4795  952.0356
2021 04 25 10 35 00    -1.5193816   -0.1838606  951.4759  952.0244
2021 04 25 10 36 00    -1.5205060   -0.1845377  951.4727  952.0247
2021 04 25 10 37 00    -1.5217533   -0.1853002  951.4706  952.0315
2021 04 25 10 38 00    -1.5230617   -0.1859678  951.4689  952.0396
2021 04 25 10 39 00    -1.5245216   -0.1865552  951.4666  952.0524
2021 04 25 10 40 00    -1.5260742   -0.1871683  951.4640  952.0714
2021 04 25 10 41 00    -1.5278028   -0.1880234  951.4623  952.0875
2021 04 25 10 42 00    -1.5297947   -0.1890838  951.4614  952.0933
2021 04 25 10 43 00    -1.5317620   -0.1900350  951.4608  952.0998
2021 04 25 10 44 00    -1.5336040   -0.1908876  951.4604  952.1143
2021 04 25 10 45 00    -1.5357406   -0.1919414  951.4597  952.1147
2021 04 25 10 46 00    -1.5383146   -0.1933051  951.4580  952.0849
2021 04 25 10 47 00    -1.5410699   -0.1948833  951.4555  952.0461
2021 04 25 10 48 00    -1.5438899   -0.1964606  951.4532  952.0239
2021 04 25 10 49 00    -1.5466906   -0.1978381  951.4510  952.0154
2021 04 25 10 50 00    -1.5494710   -0.1991341  951.4480  951.9982
2021 04 25 10 51 00    -1.5524234   -0.2005803  951.4438  951.9684
2021 04 25 10 52 00    -1.5556317   -0.2021994  951.4397  951.9479
2021 04 25 10 53 00    -1.5590226   -0.2039277  951.4358  951.9425
2021 04 25 10 54 00    -1.5624906   -0.2057042  951.4319  951.9317
2021 04 25 10 55 00    -1.5660194   -0.2074820  951.4284  951.9033
2021 04 25 10 56 00    -1.5697168   -0.2092725  951.4248  951.8695
2021 04 25 10 57 00    -1.5736272   -0.2111618  951.4196  951.8483
2021 04 25 10 58 00    -1.5776070   -0.2131960  951.4130  951.8466
2021 04 25 10 59 00    -1.5815489   -0.2152433  951.4068  951.8504
2021 04 25 11 00 00    -1.5856195   -0.2172314  951.4014  951.8321
2021 04 25 11 01 00    -1.5899362   -0.2192344  951.3960  951.7930
2021 04 25 11 02 00    -1.5943442   -0.2212677  951.3908  951.7665
2021 04 25 11 03 00    -1.5987437   -0.2234272  951.3859  951.7642
2021 04 25 11 04 00    -1.6032197   -0.2258603  951.3805  951.7703
2021 04 25 11 05 00    -1.6079410   -0.2284855  951.3745  951.7765
2021 04 25 11 06 00    -1.6129095   -0.2310732  951.3690  951.7793
2021 04 25 11 07 00    -1.6178827   -0.2334846  951.3643  951.7719
2021 04 25 11 08 00    -1.6229472   -0.2358994  951.3593  951.7589
2021 04 25 11 09 00    -1.6283647   -0.2385942  951.3542  951.7559
2021 04 25 11 10 00    -1.6338626   -0.2414072  951.3500  951.7631
2021 04 25 11 11 00    -1.6391707   -0.2440847  951.3467  951.7680
2021 04 25 11 12 00    -1.6445151   -0.2467341  951.3428  951.7673
2021 04 25 11 13 00    -1.6502073   -0.2495176  951.3383  951.7648
2021 04 25 11 14 00    -1.6562773   -0.2524680  951.3340  951.7609
2021 04 25 11 15 00    -1.6622651   -0.2554607  951.3297  951.7574
2021 04 25 11 16 00    -1.6679382   -0.2583683  951.3257  951.7643
2021 04 25 11 17 00    -1.6739523   -0.2613698  951.3225  951.7835
2021 04 25 11 18 00    -1.6805696   -0.2646230  951.3196  951.7875
2021 04 25 11 19 00    -1.6870796   -0.2679212  951.3160  951.7617
2021 04 25 11 20 00    -1.6933479   -0.2711449  951.3121  951.7331
2021 04 25 11 21 00    -1.6999634   -0.2744596  951.3083  951.7176
2021 04 25 11 22 00    -1.7068491   -0.2778290  951.3041  951.7092
2021 04 25 11 23 00    -1.7135103   -0.2811032  951.2995  951.7108
2021 04 25 11 24 00    -1.7201350   -0.2844829  951.2948  951.7151
2021 04 25 11 25 00    -1.7272224   -0.2881520  951.2904  951.7131
2021 04 25 11 26 00    -1.7346406   -0.2918748  951.2871  951.7173
2021 04 25 11 27 00    -1.7419988   -0.2955163  951.2844  951.7210
2021 04 25 11 28 00    -1.7494452   -0.2992988  951.2811  951.6985
2021 04 25 11 29 00    -1.7571154   -0.3031716  951.2771  951.6667
2021 04 25 11 30 00    -1.7647162   -0.3068720  951.2730  951.6620
2021 04 25 11 31 00    -1.7722965   -0.3106058  951.2690  951.6772
2021 04 25 11 32 00    -1.7801227   -0.3145963  951.2650  951.6845
2021 04 25 11 33 00    -1.7880858   -0.3186198  951.2609  951.6829
2021 04 25 11 34 00    -1.7961392   -0.3225971  951.2572  951.6934
2021 04 25 11 35 00    -1.8043359   -0.3266196  951.2543  951.7151
2021 04 25 11 36 00    -1.8124812   -0.3306489  951.2516  951.7157
2021 04 25 11 37 00    -1.8206737   -0.3348273  951.2482  951.6995
2021 04 25 11 38 00    -1.8292906   -0.3392407  951.2448  951.7108
2021 04 25 11 39 00    -1.8382053   -0.3436351  951.2423  951.7441
2021 04 25 11 40 00    -1.8470654   -0.3480100  951.2404  951.7515
2021 04 25 11 41 00    -1.8558651   -0.3525650  951.2377  951.7195
2021 04 25 11 42 00    -1.8647897   -0.3571694  951.2340  951.6697
2021 04 25 11 43 00    -1.8739086   -0.3616910  951.2301  951.6309
2021 04 25 11 44 00    -1.8830555   -0.3662049  951.2263  951.6216
2021 04 25 11 45 00    -1.8922010   -0.3707518  951.2221  951.6267
2021 04 25 11 46 00    -1.9015907   -0.3754160  951.2183  951.6176
2021 04 25 11 47 00    -1.9111416   -0.3802218  951.2150  951.5962
2021 04 25 11 48 00    -1.9205729   -0.3849907  951.2108  951.5769
2021 04 25 11 49 00    -1.9300739   -0.3897379  951.2051  951.5562
2021 04 25 11 50 00    -1.9399493   -0.3946972  951.1991  951.5382
2021 04 25 11 51 00    -1.9499937   -0.3997828  951.1940  951.5415
2021 04 25 11 52 00    -1.9598158   -0.4046508  951.1899  951.5624
2021 04 25 11 53 00    -1.9695811   -0.4093907  951.1864  951.5855
2021 04 25 11 54 00    -1.9797765   -0.4144457  951.1831  951.6029
2021 04 25 11 55 00    -1.9902678   -0.4197765  951.1801  951.6028
2021 04 25 11 56 00    -2.0005615   -0.4249978  951.1771  951.5824
2021 04 25 11 57 00    -2.0107560   -0.4301617  951.1732  951.5587
2021 04 25 11 58 00    -2.0212536   -0.4355089  951.1687  951.5513
2021 04 25 11 59 00    -2.0320402   -0.4408976  951.1652  951.5622
2021 04 25 12 00 00    -2.0428520   -0.4461468  951.1630  951.5754
2021 04 25 12 01 00    -2.0535870   -0.4514140  951.1606  951.5776
2021 04 25 12 02 00    -2.0644303   -0.4568885  951.1573  951.5685
2021 04 25 12 03 00    -2.0755631   -0.4625138  951.1538  951.5595
2021 04 25 12 04 00    -2.0867441   -0.4681125  951.1508  951.5562
2021 04 25 12 05 00    -2.0977472   -0.4736777  951.1474  951.5431
2021 04 25 12 06 00    -2.1088391   -0.4793570  951.1436  951.5263
2021 04 25 12 07 00    -2.1202359   -0.4851480  951.1403  951.5448
2021 04 25 12 08 00    -2.1318149   -0.4909313  951.1378  951.5909
2021 04 25 12 09 00    -2.1433594   -0.4965804  951.1344  951.6030
2021 04 25 12 10 00    -2.1547190   -0.5020537  951.1302  951.5639
2021 04 25 12 11 00    -2.1660624   -0.5076113  951.1270  951.5298
2021 04 25 12 12 00    -2.1776727   -0.5135218  951.1250  951.5434
2021 04 25 12 13 00    -2.1894934   -0.5196251  951.1225  951.5778
2021 04 25 12 14 00    -2.2013355   -0.5256158  951.1191  951.5940
2021 04 25 12 15 00    -2.2133024   -0.5315814  951.1161  951.5936
2021 04 25 12 16 00    -2.2255169   -0.5377033  951.1144  951.5951
2021 04 25 12 17 00    -2.2376718   -0.5437345  951.1130  951.6034
2021 04 25 12 18 00    -2.2496353   -0.5496185  951.1106  951.6070
2021 04 25 12 19 00    -2.2618995   -0.5557883  951.1072  951.5955
2021 04 25 12 20 00    -2.2745869   -0.5622368  951.1042  951.5753
2021 04 25 12 21 00    -2.2871253   -0.5684904  951.1017  951.5653
2021 04 25 12 22 00    -2.2994390   -0.5745581  951.0994  951.5728
2021 04 25 12 23 00    -2.3120502   -0.5808484  951.0969  951.5804
2021 04 25 12 24 00    -2.3249125   -0.5873748  951.0940  951.5701
2021 04 25 12 25 00    -2.3376120   -0.5938602  951.0907  951.5508
2021 04 25 12 26 00    -2.3502899   -0.6002804  951.0876  951.5483
2021 04 25 12 27 00    -2.3632083   -0.6067094  951.0856  951.5675
2021 04 25 12 28 00    -2.3762052   -0.6131548  951.0846  951.5764
2021 04 25 12 29 00    -2.3890854   -0.6196715  951.0833  951.5547
2021 04 25 12 30 00    -2.4018685   -0.6261587  951.0810  951.5302
2021 04 25 12 31 00    -2.4147638   -0.6325299  951.0784  951.5202
2021 04 25 12 32 00    -2.4280244   -0.6390647  951.0762  951.5004
2021 04 25 12 33 00    -2.4415798   -0.6459039  951.0737  951.4600
2021 04 25 12 34 00    -2.4551127   -0.6527328  951.0703  951.4228
2021 04 25 12 35 00    -2.4685205   -0.6593557  951.0666  951.4114
2021 04 25 12 36 00    -2.4820384   -0.6660466  951.0632  951.4228
2021 04 25 12 37 00    -2.4957987   -0.6730231  951.0597  951.4385
2021 04 25 12 38 00    -2.5094925   -0.6799678  951.0560  951.4359
2021 04 25 12 39 00    -2.5229928   -0.6866770  951.0518  951.4025
2021 04 25 12 40 00    -2.5366902   -0.6934649  951.0473  951.3755
2021 04 25 12 41 00    -2.5506802   -0.7004836  951.0430  951.3975
2021 04 25 12 42 00    -2.5646954   -0.7075635  951.0394  951.4361
2021 04 25 12 43 00    -2.5786626   -0.7145532  951.0375  951.4493
2021 04 25 12 44 00    -2.5925926   -0.7214425  951.0366  951.4532
2021 04 25 12 45 00    -2.6065316   -0.7283811  951.0346  951.4563
2021 04 25 12 46 00    -2.6204509   -0.7353650  951.0310  951.4448
2021 04 25 12 47 00    -2.6343189   -0.7423214  951.0281  951.4373
2021 04 25 12 48 00    -2.6485080   -0.7495088  951.0266  951.4563
2021 04 25 12 49 00    -2.6630807   -0.7569348  951.0255  951.4841
2021 04 25 12 50 00    -2.6774706   -0.7641594  951.0242  951.4929
2021 04 25 12 51 00    -2.6916433   -0.7712314  951.0230  951.4772
2021 04 25 12 52 00    -2.7061135   -0.7785405  951.0214  951.4494
2021 04 25 12 53 00    -2.7208905   -0.7859507  951.0187  951.4246
2021 04 25 12 54 00    -2.7355806   -0.7931643  951.0151  951.4121
2021 04 25 12 55 00    -2.7501412   -0.8003191  951.0118  951.4148
2021 04 25 12 56 00    -2.7647849   -0.8076331  951.0087  951.4220
2021 04 25 12 57 00    -2.7795289   -0.8150608  951.0053  951.4145
2021 04 25 12 58 00    -2.7942554   -0.8224973  951.0024  951.3914
2021 04 25 12 59 00    -2.8089156   -0.8298707  951.0000  951.3764
2021 04 25 13 00 00    -2.8236336   -0.8371927  950.9971  951.3705
2021 04 25 13 01 00    -2.8385515   -0.8446370  950.9935  951.3428
2021 04 25 13 02 00    -2.8535299   -0.8522193  950.9892  951.3014
2021 04 25 13 03 00    -2.8683962   -0.8597244  950.9844  951.2884
2021 04 25 13 04 00    -2.8831950   -0.8670765  950.9802  951.3084
2021 04 25 13 05 00    -2.8979713   -0.8744210  950.9771  951.3372
2021 04 25 13 06 00    -2.9128258   -0.8819286  950.9738  951.3643
2021 04 25 13 07 00    -2.9278551   -0.8895380  950.9705  951.3815
2021 04 25 13 08 00    -2.9429397   -0.8970170  950.9682  951.3747
2021 04 25 13 09 00    -2.9580620   -0.9044508  950.9662  951.3467
2021 04 25 13 10 00    -2.9732359   -0.9121185  950.9631  951.3236
2021 04 25 13 11 00    -2.9883359   -0.9198664  950.9590  951.3257
2021 04 25 13 12 00    -3.0035572   -0.9274322  950.9550  951.3402
2021 04 25 13 13 00    -3.0190177   -0.9349960  950.9520  951.3429
2021 04 25 13 14 00    -3.0342848   -0.9427302  950.9495  951.3338
2021 04 25 13 15 00    -3.0492931   -0.9504818  950.9467  951.3264
2021 04 25 13 16 00    -3.0644845   -0.9581054  950.9440  951.3323
2021 04 25 13 17 00    -3.0798244   -0.9655848  950.9411  951.3533
2021 04 25 13 18 00    -3.0950668   -0.9730592  950.9378  951.3675
2021 04 25 13 19 00    -3.1104108   -0.9808032  950.9352  951.3560
2021 04 25 13 20 00    -3.1259287   -0.9887775  950.9334  951.3258
2021 04 25 13 21 00    -3.1412932   -0.9965557  950.9311  951.2904
2021 04 25 13 22 00    -3.1564484   -1.0040204  950.9281  951.2698
2021 04 25 13 23 00    -3.1717548   -1.0115710  950.9254  951.2825
2021 04 25 13 24 00    -3.1874033   -1.0194462  950.9230  951.3117
2021 04 25 13 25 00    -3.2030365   -1.0273345  950.9199  951.3288
2021 04 25 13 26 00    -3.2182684   -1.0349327  950.9170  951.3323
2021 04 25 13 27 00    -3.2334360   -1.0425145  950.9149  951.3305
2021 04 25 13 28 00    -3.2489798   -1.0503550  950.9127  951.3226
2021 04 25 13 29 00    -3.2646526   -1.0582373  950.9091  951.3059
2021 04 25 13 30 00    -3.2802371   -1.0660787  950.9049  951.2771
2021 04 25 13 31 00    -3.2958651   -1.0739673  950.9017  951.2410
2021 04 25 13 32 00    -3.3115072   -1.0817623  950.8990  951.2167
2021 04 25 13 33 00    -3.3271538   -1.0894964  950.8959  951.2117
2021 04 25 13 34 00    -3.3429016   -1.0973996  950.8921  951.2140
2021 04 25 13 35 00    -3.3586536   -1.1054178  950.8883  951.2126
2021 04 25 13 36 00    -3.3742514   -1.1132806  950.8846  951.2084
2021 04 25 13 37 00    -3.3897052   -1.1209002  950.8812  951.2101
2021 04 25 13 38 00    -3.4051825   -1.1285097  950.8778  951.2223
2021 04 25 13 39 00    -3.4207841   -1.1362711  950.8739  951.2330
2021 04 25 13 40 00    -3.4364027   -1.1440745  950.8696  951.2306
2021 04 25 13 41 00    -3.4519659   -1.1519112  950.8653  951.2204
2021 04 25 13 42 00    -3.4675375   -1.1598295  950.8613  951.2141
2021 04 25 13 43 00    -3.4830955   -1.1676794  950.8575  951.2190
2021 04 25 13 44 00    -3.4985471   -1.1753850  950.8542  951.2261
2021 04 25 13 45 00    -3.5139714   -1.1830682  950.8509  951.2229
2021 04 25 13 46 00    -3.5295116   -1.1907860  950.8472  951.2161
2021 04 25 13 47 00    -3.5450663   -1.1985152  950.8433  951.2072
2021 04 25 13 48 00    -3.5605182   -1.2062960  950.8399  951.1892
2021 04 25 13 49 00    -3.5760642   -1.2141605  950.8362  951.1681
2021 04 25 13 50 00    -3.5918366   -1.2220710  950.8320  951.1425
2021 04 25 13 51 00    -3.6075534   -1.2299083  950.8279  951.1122
2021 04 25 13 52 00    -3.6229841   -1.2375728  950.8238  951.0888
2021 04 25 13 53 00    -3.6384121   -1.2452757  950.8193  951.0694
2021 04 25 13 54 00    -3.6540719   -1.2531978  950.8145  951.0491
2021 04 25 13 55 00    -3.6696589   -1.2610614  950.8096  951.0347
2021 04 25 13 56 00    -3.6850407   -1.2687752  950.8043  951.0281
2021 04 25 13 57 00    -3.7005021   -1.2765517  950.7988  951.0302
2021 04 25 13 58 00    -3.7160219   -1.2842899  950.7939  951.0418
2021 04 25 13 59 00    -3.7313650   -1.2919024  950.7896  951.0481
2021 04 25 14 00 00    -3.7466549   -1.2995623  950.7853  951.0345
2021 04 25 14 01 00    -3.7620904   -1.3073052  950.7806  951.0142
2021 04 25 14 02 00    -3.7775170   -1.3150646  950.7757  951.0082
2021 04 25 14 03 00    -3.7928150   -1.3228024  950.7713  951.0074
2021 04 25 14 04 00    -3.8081120   -1.3304288  950.7665  950.9891
2021 04 25 14 05 00    -3.8234098   -1.3379893  950.7602  950.9470
2021 04 25 14 06 00    -3.8387065   -1.3456933  950.7529  950.8977
2021 04 25 14 07 00    -3.8540104   -1.3534326  950.7463  950.8779
2021 04 25 14 08 00    -3.8691235   -1.3609320  950.7406  950.8970
2021 04 25 14 09 00    -3.8841078   -1.3684060  950.7349  950.9022
2021 04 25 14 10 00    -3.8992014   -1.3761057  950.7286  950.8606
2021 04 25 14 11 00    -3.9142722   -1.3837417  950.7219  950.8183
2021 04 25 14 12 00    -3.9292534   -1.3911660  950.7154  950.8051
2021 04 25 14 13 00    -3.9443595   -1.3986381  950.7089  950.7926
2021 04 25 14 14 00    -3.9595411   -1.4062026  950.7021  950.7776
2021 04 25 14 15 00    -3.9745925   -1.4137599  950.6957  950.7773
2021 04 25 14 16 00    -3.9895724   -1.4212875  950.6895  950.7783
2021 04 25 14 17 00    -4.0045689   -1.4287392  950.6826  950.7620
2021 04 25 14 18 00    -4.0194152   -1.4361590  950.6748  950.7315
2021 04 25 14 19 00    -4.0339779   -1.4435697  950.6675  950.7107
2021 04 25 14 20 00    -4.0485221   -1.4509695  950.6612  950.7215
2021 04 25 14 21 00    -4.0633373   -1.4584161  950.6551  950.7453
2021 04 25 14 22 00    -4.0781733   -1.4657458  950.6491  950.7522
2021 04 25 14 23 00    -4.0927624   -1.4728624  950.6437  950.7536
2021 04 25 14 24 00    -4.1073545   -1.4800628  950.6383  950.7702
2021 04 25 14 25 00    -4.1219916   -1.4873946  950.6328  950.7885
2021 04 25 14 26 00    -4.1363261   -1.4945570  950.6274  950.7957
2021 04 25 14 27 00    -4.1504450   -1.5016159  950.6223  950.8029
2021 04 25 14 28 00    -4.1647334   -1.5088247  950.6172  950.8104
2021 04 25 14 29 00    -4.1792116   -1.5161291  950.6118  950.8118
2021 04 25 14 30 00    -4.1936201   -1.5233544  950.6068  950.8258
2021 04 25 14 31 00    -4.2078296   -1.5304297  950.6030  950.8551
2021 04 25 14 32 00    -4.2219594   -1.5374638  950.5998  950.8614
2021 04 25 14 33 00    -4.2361275   -1.5445857  950.5962  950.8389
2021 04 25 14 34 00    -4.2502535   -1.5516662  950.5919  950.8324
2021 04 25 14 35 00    -4.2642100   -1.5585428  950.5874  950.8458
2021 04 25 14 36 00    -4.2780468   -1.5653705  950.5826  950.8416
2021 04 25 14 37 00    -4.2918714   -1.5723624  950.5778  950.8298
2021 04 25 14 38 00    -4.3056551   -1.5794079  950.5732  950.8430
2021 04 25 14 39 00    -4.3193579   -1.5862881  950.5689  950.8639
2021 04 25 14 40 00    -4.3329738   -1.5929832  950.5652  950.8668
2021 04 25 14 41 00    -4.3464943   -1.5996570  950.5621  950.8608
2021 04 25 14 42 00    -4.3600209   -1.6064973  950.5586  950.8618
2021 04 25 14 43 00    -4.3735924   -1.6134135  950.5544  950.8747
2021 04 25 14 44 00    -4.3869952   -1.6200800  950.5504  950.8872
2021 04 25 14 45 00    -4.4001545   -1.6265126  950.5469  950.8772
2021 04 25 14 46 00    -4.4134135   -1.6331526  950.5437  950.8564
2021 04 25 14 47 00    -4.4269278   -1.6400618  950.5405  950.8514
2021 04 25 14 48 00    -4.4402438   -1.6467400  950.5374  950.8456
2021 04 25 14 49 00    -4.4532430   -1.6531564  950.5343  950.8264
2021 04 25 14 50 00    -4.4663943   -1.6597920  950.5312  950.8222
2021 04 25 14 51 00    -4.4796024   -1.6665785  950.5283  950.8360
2021 04 25 14 52 00    -4.4925938   -1.6731630  950.5252  950.8430
2021 04 25 14 53 00    -4.5056135   -1.6796174  950.5219  950.8417
2021 04 25 14 54 00    -4.5185884   -1.6860451  950.5186  950.8217
2021 04 25 14 55 00    -4.5312968   -1.6924090  950.5150  950.7646
2021 04 25 14 56 00    -4.5439324   -1.6987833  950.5109  950.7162
2021 04 25 14 57 00    -4.5565812   -1.7052186  950.5069  950.7380
2021 04 25 14 58 00    -4.5692101   -1.7116337  950.5035  950.7954
2021 04 25 14 59 00    -4.5818206   -1.7179373  950.5003  950.8048
2021 04 25 15 00 00    -4.5942354   -1.7241242  950.4967  950.7560
2021 04 25 15 01 00    -4.6063906   -1.7302341  950.4926  950.7070
2021 04 25 15 02 00    -4.6185127   -1.7363049  950.4880  950.6925
2021 04 25 15 03 00    -4.6308082   -1.7424388  950.4832  950.7016
2021 04 25 15 04 00    -4.6431787   -1.7486653  950.4784  950.7156
2021 04 25 15 05 00    -4.6552869   -1.7548132  950.4738  950.7160
2021 04 25 15 06 00    -4.6670924   -1.7607538  950.4691  950.6933
2021 04 25 15 07 00    -4.6788428   -1.7665484  950.4645  950.6671
2021 04 25 15 08 00    -4.6905872   -1.7723517  950.4605  950.6661
2021 04 25 15 09 00    -4.7023020   -1.7782466  950.4571  950.6878
2021 04 25 15 10 00    -4.7139830   -1.7841245  950.4539  950.6913
2021 04 25 15 11 00    -4.7255021   -1.7897992  950.4504  950.6570
2021 04 25 15 12 00    -4.7368589   -1.7953172  950.4457  950.6261
2021 04 25 15 13 00    -4.7481987   -1.8009927  950.4405  950.6285
2021 04 25 15 14 00    -4.7594531   -1.8068268  950.4356  950.6317
2021 04 25 15 15 00    -4.7705869   -1.8124866  950.4306  950.6080
2021 04 25 15 16 00    -4.7817893   -1.8180329  950.4254  950.5963
2021 04 25 15 17 00    -4.7929037   -1.8236336  950.4205  950.6337
2021 04 25 15 18 00    -4.8035909   -1.8290822  950.4160  950.6717
2021 04 25 15 19 00    -4.8141335   -1.8343660  950.4122  950.6625
2021 04 25 15 20 00    -4.8249426   -1.8396821  950.4086  950.6489
2021 04 25 15 21 00    -4.8356657   -1.8449502  950.4044  950.6624
2021 04 25 15 22 00    -4.8460210   -1.8501367  950.3996  950.6674
2021 04 25 15 23 00    -4.8564324   -1.8553751  950.3951  950.6549
2021 04 25 15 24 00    -4.8669262   -1.8605967  950.3916  950.6533
2021 04 25 15 25 00    -4.8770212   -1.8656571  950.3890  950.6582
2021 04 25 15 26 00    -4.8868357   -1.8705822  950.3866  950.6500
2021 04 25 15 27 00    -4.8968813   -1.8755186  950.3835  950.6369
2021 04 25 15 28 00    -4.9070489   -1.8805293  950.3799  950.6313
2021 04 25 15 29 00    -4.9168760   -1.8855134  950.3766  950.6300
2021 04 25 15 30 00    -4.9264485   -1.8904236  950.3735  950.6349
2021 04 25 15 31 00    -4.9360743   -1.8952390  950.3704  950.6486
2021 04 25 15 32 00    -4.9456806   -1.8999115  950.3675  950.6606
2021 04 25 15 33 00    -4.9551104   -1.9045901  950.3646  950.6720
2021 04 25 15 34 00    -4.9643057   -1.9093290  950.3621  950.7008
2021 04 25 15 35 00    -4.9733058   -1.9139124  950.3605  950.7425
2021 04 25 15 36 00    -4.9823659   -1.9183932  950.3596  950.7668
2021 04 25 15 37 00    -4.9915776   -1.9229845  950.3587  950.7621
2021 04 25 15 38 00    -5.0006393   -1.9275622  950.3578  950.7493
2021 04 25 15 39 00    -5.0093820   -1.9319760  950.3565  950.7520
2021 04 25 15 40 00    -5.0179680   -1.9362857  950.3547  950.7643
2021 04 25 15 41 00    -5.0264837   -1.9404992  950.3527  950.7632
2021 04 25 15 42 00    -5.0349093   -1.9446728  950.3513  950.7560
2021 04 25 15 43 00    -5.0433235   -1.9489281  950.3505  950.7656
2021 04 25 15 44 00    -5.0517397   -1.9531587  950.3500  950.7852
2021 04 25 15 45 00    -5.0600667   -1.9572656  950.3491  950.7936
2021 04 25 15 46 00    -5.0682063   -1.9613136  950.3479  950.7870
2021 04 25 15 47 00    -5.0760827   -1.9652859  950.3466  950.7843
2021 04 25 15 48 00    -5.0838628   -1.9691927  950.3454  950.8005
2021 04 25 15 49 00    -5.0917652   -1.9731040  950.3442  950.8126
2021 04 25 15 50 00    -5.0996699   -1.9769870  950.3427  950.7919
2021 04 25 15 51 00    -5.1074214   -1.9808505  950.3413  950.7566
2021 04 25 15 52 00    -5.1150433   -1.9847621  950.3400  950.7423
2021 04 25 15 53 00    -5.1225230   -1.9886603  950.3383  950.7436
2021 04 25 15 54 00    -5.1299347   -1.9924236  950.3368  950.7376
2021 04 25 15 55 00    -5.1374042   -1.9960410  950.3358  950.7316
2021 04 25 15 56 00    -5.1446708   -1.9995586  950.3342  950.7289
2021 04 25 15 57 00    -5.1515005   -2.0029925  950.3316  950.7094
2021 04 25 15 58 00    -5.1582575   -2.0064267  950.3287  950.6759
2021 04 25 15 59 00    -5.1651329   -2.0098903  950.3259  950.6525
2021 04 25 16 00 00    -5.1717903   -2.0132438  950.3226  950.6406
2021 04 25 16 01 00    -5.1782365   -2.0164758  950.3191  950.6261
2021 04 25 16 02 00    -5.1847509   -2.0197185  950.3161  950.6128
2021 04 25 16 03 00    -5.1911830   -2.0229788  950.3133  950.6190
2021 04 25 16 04 00    -5.1973717   -2.0261847  950.3107  950.6440
2021 04 25 16 05 00    -5.2035747   -2.0293189  950.3087  950.6551
2021 04 25 16 06 00    -5.2098077   -2.0323186  950.3068  950.6355
2021 04 25 16 07 00    -5.2157151   -2.0351405  950.3038  950.6122
2021 04 25 16 08 00    -5.2213230   -2.0379934  950.2997  950.6055
2021 04 25 16 09 00    -5.2269185   -2.0409884  950.2956  950.6111
2021 04 25 16 10 00    -5.2324529   -2.0438872  950.2918  950.6193
2021 04 25 16 11 00    -5.2377579   -2.0465532  950.2883  950.6187
2021 04 25 16 12 00    -5.2429662   -2.0490989  950.2850  950.6162
2021 04 25 16 13 00    -5.2482882   -2.0516524  950.2824  950.6206
2021 04 25 16 14 00    -5.2535471   -2.0541814  950.2799  950.6163
2021 04 25 16 15 00    -5.2585193   -2.0565828  950.2768  950.6069
2021 04 25 16 16 00    -5.2633829   -2.0589865  950.2738  950.6181
2021 04 25 16 17 00    -5.2682333   -2.0615048  950.2716  950.6384
2021 04 25 16 18 00    -5.2729232   -2.0639413  950.2694  950.6394
2021 04 25 16 19 00    -5.2773938   -2.0661413  950.2663  950.6279
2021 04 25 16 20 00    -5.2816043   -2.0681486  950.2624  950.6095
2021 04 25 16 21 00    -5.2856389   -2.0701026  950.2585  950.5726
2021 04 25 16 22 00    -5.2897901   -2.0721761  950.2542  950.5349
2021 04 25 16 23 00    -5.2940587   -2.0743356  950.2491  950.5306
2021 04 25 16 24 00    -5.2980849   -2.0763778  950.2442  950.5540
2021 04 25 16 25 00    -5.3018331   -2.0782579  950.2407  950.5627
2021 04 25 16 26 00    -5.3056651   -2.0801214  950.2376  950.5411
2021 04 25 16 27 00    -5.3095224   -2.0820410  950.2336  950.5163
2021 04 25 16 28 00    -5.3129518   -2.0838982  950.2293  950.5062
2021 04 25 16 29 00    -5.3160870   -2.0856133  950.2261  950.5039
2021 04 25 16 30 00    -5.3193918   -2.0871872  950.2232  950.5015
2021 04 25 16 31 00    -5.3226822   -2.0886390  950.2192  950.4930
2021 04 25 16 32 00    -5.3255861   -2.0901321  950.2143  950.4839
2021 04 25 16 33 00    -5.3283552   -2.0917410  950.2097  950.4853
2021 04 25 16 34 00    -5.3313013   -2.0932448  950.2060  950.4806
2021 04 25 16 35 00    -5.3341520   -2.0945206  950.2024  950.4574
2021 04 25 16 36 00    -5.3366932   -2.0957764  950.1984  950.4427
2021 04 25 16 37 00    -5.3391007   -2.0970448  950.1940  950.4461
2021 04 25 16 38 00    -5.3413697   -2.0980285  950.1896  950.4511
2021 04 25 16 39 00    -5.3434675   -2.0988417  950.1858  950.4586
2021 04 25 16 40 00    -5.3455245   -2.0998824  950.1823  950.4654
2021 04 25 16 41 00    -5.3474285   -2.1009990  950.1783  950.4516
2021 04 25 16 42 00    -5.3490644   -2.1018197  950.1736  950.4220
2021 04 25 16 43 00    -5.3506510   -2.1024501  950.1689  950.4064
2021 04 25 16 44 00    -5.3523582   -2.1032712  950.1647  950.4150
2021 04 25 16 45 00    -5.3539934   -2.1043134  950.1610  950.4328
2021 04 25 16 46 00    -5.3552474   -2.1051551  950.1584  950.4517
2021 04 25 16 47 00    -5.3561882   -2.1055626  950.1565  950.4617
2021 04 25 16 48 00    -5.3572229   -2.1058602  950.1533  950.4461
2021 04 25 16 49 00    -5.3583945   -2.1063815  950.1491  950.4199
2021 04 25 16 50 00    -5.3593894   -2.1070247  950.1453  950.4141
2021 04 25 16 51 00    -5.3601820   -2.1076008  950.1422  950.4211
2021 04 25 16 52 00    -5.3608357   -2.1080279  950.1385  950.4222
2021 04 25 16 53 00    -5.3612992   -2.1082120  950.1345  950.4267
2021 04 25 16 54 00    -5.3616580   -2.1082277  950.1310  950.4431
2021 04 25 16 55 00    -5.3619456   -2.1082987  950.1282  950.4551
2021 04 25 16 56 00    -5.3621535   -2.1084725  950.1253  950.4365
2021 04 25 16 57 00    -5.3623222   -2.1085659  950.1219  950.3940
2021 04 25 16 58 00    -5.3623749   -2.1084830  950.1178  950.3752
2021 04 25 16 59 00    -5.3622452   -2.1084400  950.1134  950.3921
2021 04 25 17 00 00    -5.3619068   -2.1085244  950.1094  950.4003
2021 04 25 17 01 00    -5.3614298   -2.1084462  950.1060  950.3792
2021 04 25 17 02 00    -5.3610242   -2.1081646  950.1017  950.3484
2021 04 25 17 03 00    -5.3606526   -2.1079576  950.0963  950.3218
2021 04 25 17 04 00    -5.3600408   -2.1077415  950.0917  950.3103
2021 04 25 17 05 00    -5.3590988   -2.1072052  950.0885  950.3258
2021 04 25 17 06 00    -5.3580174   -2.1064716  950.0850  950.3496
2021 04 25 17 07 00    -5.3569787   -2.1059047  950.0804  950.3475
2021 04 25 17 08 00    -5.3558408   -2.1054607  950.0756  950.3263
2021 04 25 17 09 00    -5.3544676   -2.1048579  950.0712  950.3152
2021 04 25 17 10 00    -5.3530086   -2.1040905  950.0670  950.3134
2021 04 25 17 11 00    -5.3514061   -2.1032277  950.0626  950.3069
2021 04 25 17 12 00    -5.3496051   -2.1022654  950.0585  950.2972
2021 04 25 17 13 00    -5.3479441   -2.1013300  950.0547  950.2885
2021 04 25 17 14 00    -5.3462536   -2.1004050  950.0509  950.2862
2021 04 25 17 15 00    -5.3440793   -2.0993587  950.0465  950.2990
2021 04 25 17 16 00    -5.3418055   -2.0983538  950.0419  950.3154
2021 04 25 17 17 00    -5.3397397   -2.0974366  950.0373  950.3136
2021 04 25 17 18 00    -5.3374590   -2.0962946  950.0330  950.2981
2021 04 25 17 19 00    -5.3348106   -2.0948271  950.0287  950.2870
2021 04 25 17 20 00    -5.3321217   -2.0932836  950.0248  950.2868
2021 04 25 17 21 00    -5.3295499   -2.0918738  950.0213  950.3020
2021 04 25 17 22 00    -5.3267892   -2.0905199  950.0184  950.3252
2021 04 25 17 23 00    -5.3236635   -2.0891129  950.0154  950.3237
2021 04 25 17 24 00    -5.3205888   -2.0877438  950.0115  950.2893
2021 04 25 17 25 00    -5.3177163   -2.0863092  950.0066  950.2630
2021 04 25 17 26 00    -5.3146015   -2.0846141  950.0021  950.2668
2021 04 25 17 27 00    -5.3111347   -2.0828603  949.9984  950.2738
2021 04 25 17 28 00    -5.3076354   -2.0812188  949.9950  950.2638
2021 04 25 17 29 00    -5.3041018   -2.0794882  949.9913  950.2478
2021 04 25 17 30 00    -5.3003360   -2.0775634  949.9877  950.2430
2021 04 25 17 31 00    -5.2964769   -2.0756283  949.9842  950.2498
2021 04 25 17 32 00    -5.2927012   -2.0738200  949.9804  950.2666
2021 04 25 17 33 00    -5.2888710   -2.0719861  949.9767  950.3006
2021 04 25 17 34 00    -5.2847538   -2.0698925  949.9736  950.3289
2021 04 25 17 35 00    -5.2803120   -2.0675923  949.9706  950.3126
2021 04 25 17 36 00    -5.2757580   -2.0652930  949.9673  950.2725
2021 04 25 17 37 00    -5.2713039   -2.0630317  949.9640  950.2581
2021 04 25 17 38 00    -5.2669247   -2.0607547  949.9612  950.2745
2021 04 25 17 39 00    -5.2624906   -2.0584353  949.9587  950.3024
2021 04 25 17 40 00    -5.2578465   -2.0560450  949.9557  950.3209
2021 04 25 17 41 00    -5.2528083   -2.0536048  949.9523  950.3149
2021 04 25 17 42 00    -5.2475456   -2.0511319  949.9494  950.2931
2021 04 25 17 43 00    -5.2424340   -2.0485280  949.9473  950.2747
2021 04 25 17 44 00    -5.2373652   -2.0458149  949.9453  950.2776
2021 04 25 17 45 00    -5.2320649   -2.0431755  949.9428  950.3057
2021 04 25 17 46 00    -5.2266494   -2.0405759  949.9407  950.3328
2021 04 25 17 47 00    -5.2212527   -2.0379140  949.9396  950.3360
2021 04 25 17 48 00    -5.2157308   -2.0352558  949.9391  950.3308
2021 04 25 17 49 00    -5.2099186   -2.0324652  949.9387  950.3418
2021 04 25 17 50 00    -5.2038998   -2.0292763  949.9382  950.3660
2021 04 25 17 51 00    -5.1978871   -2.0259078  949.9375  950.3874
2021 04 25 17 52 00    -5.1917717   -2.0228110  949.9368  950.3977
2021 04 25 17 53 00    -5.1854167   -2.0199668  949.9363  950.3999
2021 04 25 17 54 00    -5.1791465   -2.0170584  949.9359  950.4080
2021 04 25 17 55 00    -5.1729836   -2.0138914  949.9365  950.4269
2021 04 25 17 56 00    -5.1665435   -2.0105380  949.9377  950.4453
2021 04 25 17 57 00    -5.1599666   -2.0072594  949.9388  950.4600
2021 04 25 17 58 00    -5.1535003   -2.0041040  949.9399  950.4765
2021 04 25 17 59 00    -5.1469680   -2.0009174  949.9416  950.4899
2021 04 25 18 00 00    -5.1402862   -1.9976555  949.9433  950.4920
2021 04 25 18 01 00    -5.1335292   -1.9943117  949.9445  950.4875
2021 04 25 18 02 00    -5.1266525   -1.9908223  949.9457  950.4923
2021 04 25 18 03 00    -5.1195938   -1.9872309  949.9476  950.5104
2021 04 25 18 04 00    -5.1123934   -1.9836581  949.9495  950.5205
2021 04 25 18 05 00    -5.1051108   -1.9800226  949.9505  950.5131
2021 04 25 18 06 00    -5.0977839   -1.9762108  949.9514  950.5092
2021 04 25 18 07 00    -5.0904356   -1.9723798  949.9533  950.5179
2021 04 25 18 08 00    -5.0830401   -1.9686881  949.9555  950.5243
2021 04 25 18 09 00    -5.0755404   -1.9650699  949.9571  950.5234
2021 04 25 18 10 00    -5.0679316   -1.9613718  949.9579  950.5235
2021 04 25 18 11 00    -5.0602584   -1.9574607  949.9585  950.5256
2021 04 25 18 12 00    -5.0525345   -1.9534117  949.9591  950.5258
2021 04 25 18 13 00    -5.0448419   -1.9494858  949.9596  950.5226
2021 04 25 18 14 00    -5.0371850   -1.9457144  949.9601  950.5098
2021 04 25 18 15 00    -5.0293039   -1.9419043  949.9606  950.4950
2021 04 25 18 16 00    -5.0211655   -1.9379439  949.9611  950.5040
2021 04 25 18 17 00    -5.0129942   -1.9338036  949.9614  950.5254
2021 04 25 18 18 00    -5.0046925   -1.9294948  949.9611  950.5161
2021 04 25 18 19 00    -4.9961196   -1.9251013  949.9604  950.4852
2021 04 25 18 20 00    -4.9875205   -1.9207763  949.9605  950.4758
2021 04 25 18 21 00    -4.9790886   -1.9165996  949.9610  950.4900
2021 04 25 18 22 00    -4.9706716   -1.9124747  949.9607  950.5068
2021 04 25 18 23 00    -4.9621182   -1.9082655  949.9601  950.5129
2021 04 25 18 24 00    -4.9535036   -1.9039301  949.9598  950.5015
2021 04 25 18 25 00    -4.9448736   -1.8995583  949.9595  950.4837
2021 04 25 18 26 00    -4.9361173   -1.8951812  949.9588  950.4745
2021 04 25 18 27 00    -4.9272223   -1.8906719  949.9582  950.4772
2021 04 25 18 28 00    -4.9182457   -1.8860678  949.9577  950.4857
2021 04 25 18 29 00    -4.9091637   -1.8815538  949.9569  950.4858
2021 04 25 18 30 00    -4.8999607   -1.8770976  949.9558  950.4831
2021 04 25 18 31 00    -4.8906947   -1.8725351  949.9550  950.4894
2021 04 25 18 32 00    -4.8815492   -1.8678794  949.9542  950.4898
2021 04 25 18 33 00    -4.8724899   -1.8632220  949.9530  950.4822
2021 04 25 18 34 00    -4.8631351   -1.8584981  949.9520  950.4794
2021 04 25 18 35 00    -4.8534890   -1.8536453  949.9511  950.4778
2021 04 25 18 36 00    -4.8438946   -1.8487917  949.9499  950.4819
2021 04 25 18 37 00    -4.8343449   -1.8440409  949.9486  950.4918
2021 04 25 18 38 00    -4.8246577   -1.8392627  949.9474  950.4878
2021 04 25 18 39 00    -4.8148270   -1.8343719  949.9468  950.4786
2021 04 25 18 40 00    -4.8049798   -1.8294865  949.9470  950.4899
2021 04 25 18 41 00    -4.7951453   -1.8245592  949.9473  950.5179
2021 04 25 18 42 00    -4.7851801   -1.8194714  949.9468  950.5415
2021 04 25 18 43 00    -4.7750820   -1.8143796  949.9465  950.5485
2021 04 25 18 44 00    -4.7650217   -1.8094073  949.9467  950.5409
2021 04 25 18 45 00    -4.7550358   -1.8044514  949.9465  950.5354
2021 04 25 18 46 00    -4.7449633   -1.7994283  949.9464  950.5425
2021 04 25 18 47 00    -4.7346317   -1.7943172  949.9474  950.5556
2021 04 25 18 48 00    -4.7241473   -1.7891106  949.9490  950.5679
2021 04 25 18 49 00    -4.7138147   -1.7838985  949.9502  950.5771
2021 04 25 18 50 00    -4.7036840   -1.7787983  949.9515  950.5867
2021 04 25 18 51 00    -4.6935158   -1.7737412  949.9532  950.5975
2021 04 25 18 52 00    -4.6830445   -1.7685143  949.9547  950.5951
2021 04 25 18 53 00    -4.6722974   -1.7630978  949.9557  950.5752
2021 04 25 18 54 00    -4.6615910   -1.7576999  949.9565  950.5653
2021 04 25 18 55 00    -4.6508775   -1.7522940  949.9571  950.5882
2021 04 25 18 56 00    -4.6399292   -1.7466812  949.9585  950.6243
2021 04 25 18 57 00    -4.6290740   -1.7411052  949.9614  950.6488
2021 04 25 18 58 00    -4.6185138   -1.7358831  949.9652  950.6751
2021 04 25 18 59 00    -4.6077388   -1.7306581  949.9689  950.7054
2021 04 25 19 00 00    -4.5965333   -1.7250664  949.9726  950.7095
2021 04 25 19 01 00    -4.5854073   -1.7194524  949.9766  950.6967
2021 04 25 19 02 00    -4.5746477   -1.7141097  949.9808  950.7041
2021 04 25 19 03 00    -4.5639030   -1.7087358  949.9848  950.7204
2021 04 25 19 04 00    -4.5528423   -1.7030880  949.9885  950.7180
2021 04 25 19 05 00    -4.5416491   -1.6974207  949.9922  950.7110
2021 04 25 19 06 00    -4.5306572   -1.6919796  949.9958  950.7151
2021 04 25 19 07 00    -4.5197785   -1.6865918  949.9986  950.7108
2021 04 25 19 08 00    -4.5086543   -1.6810284  950.0005  950.6931
2021 04 25 19 09 00    -4.4973153   -1.6753523  950.0018  950.6871
2021 04 25 19 10 00    -4.4860898   -1.6697110  950.0033  950.6980
2021 04 25 19 11 00    -4.4749353   -1.6640888  950.0053  950.7062
2021 04 25 19 12 00    -4.4636511   -1.6584250  950.0072  950.7028
2021 04 25 19 13 00    -4.4523166   -1.6527630  950.0079  950.6982
2021 04 25 19 14 00    -4.4409817   -1.6471072  950.0077  950.6999
2021 04 25 19 15 00    -4.4295484   -1.6413554  950.0079  950.7002
2021 04 25 19 16 00    -4.4180414   -1.6355301  950.0096  950.7020
2021 04 25 19 17 00    -4.4066137   -1.6298089  950.0128  950.7207
2021 04 25 19 18 00    -4.3952714   -1.6242230  950.0162  950.7401
2021 04 25 19 19 00    -4.3838096   -1.6186131  950.0191  950.7422
2021 04 25 19 20 00    -4.3721952   -1.6128631  950.0222  950.7510
2021 04 25 19 21 00    -4.3606121   -1.6069986  950.0259  950.7735
2021 04 25 19 22 00    -4.3491739   -1.6011743  950.0298  950.7746
2021 04 25 19 23 00    -4.3378974   -1.5955075  950.0328  950.7555
2021 04 25 19 24 00    -4.3265677   -1.5898672  950.0346  950.7582
2021 04 25 19 25 00    -4.3148997   -1.5840706  950.0356  950.7808
2021 04 25 19 26 00    -4.3030346   -1.5782091  950.0365  950.7861
2021 04 25 19 27 00    -4.2913023   -1.5724071  950.0376  950.7759
2021 04 25 19 28 00    -4.2796664   -1.5665459  950.0393  950.7754
2021 04 25 19 29 00    -4.2678914   -1.5605773  950.0417  950.7902
2021 04 25 19 30 00    -4.2560026   -1.5545572  950.0449  950.8015
2021 04 25 19 31 00    -4.2441731   -1.5485329  950.0479  950.7886
2021 04 25 19 32 00    -4.2324455   -1.5427327  950.0500  950.7763
2021 04 25 19 33 00    -4.2207754   -1.5371019  950.0527  950.8041
2021 04 25 19 34 00    -4.2090522   -1.5311747  950.0567  950.8519
2021 04 25 19 35 00    -4.1972807   -1.5250307  950.0613  950.8801
2021 04 25 19 36 00    -4.1856190   -1.5191415  950.0658  950.8829
2021 04 25 19 37 00    -4.1739736   -1.5134095  950.0699  950.8643
2021 04 25 19 38 00    -4.1622547   -1.5075989  950.0724  950.8375
2021 04 25 19 39 00    -4.1506616   -1.5018689  950.0736  950.8253
2021 04 25 19 40 00    -4.1390579   -1.4961125  950.0752  950.8272
2021 04 25 19 41 00    -4.1271488   -1.4900426  950.0779  950.8336
2021 04 25 19 42 00    -4.1152638   -1.4840077  950.0812  950.8498
2021 04 25 19 43 00    -4.1036836   -1.4783015  950.0843  950.8624
2021 04 25 19 44 00    -4.0919620   -1.4724830  950.0864  950.8490
2021 04 25 19 45 00    -4.0799336   -1.4664566  950.0879  950.8372
2021 04 25 19 46 00    -4.0680828   -1.4606237  950.0900  950.8645
2021 04 25 19 47 00    -4.0564403   -1.4547830  950.0930  950.9039
2021 04 25 19 48 00    -4.0445448   -1.4485895  950.0967  950.9206
2021 04 25 19 49 00    -4.0324455   -1.4424075  950.1004  950.9324
2021 04 25 19 50 00    -4.0206073   -1.4365806  950.1038  950.9503
2021 04 25 19 51 00    -4.0089956   -1.4308224  950.1069  950.9559
2021 04 25 19 52 00    -3.9972459   -1.4249413  950.1096  950.9529
2021 04 25 19 53 00    -3.9854784   -1.4191708  950.1123  950.9577
2021 04 25 19 54 00    -3.9738494   -1.4134216  950.1152  950.9625
2021 04 25 19 55 00    -3.9621362   -1.4074460  950.1183  950.9536
2021 04 25 19 56 00    -3.9504051   -1.4015087  950.1217  950.9419
2021 04 25 19 57 00    -3.9388096   -1.3957603  950.1255  950.9529
2021 04 25 19 58 00    -3.9271436   -1.3899556  950.1289  950.9808
2021 04 25 19 59 00    -3.9154664   -1.3841142  950.1308  950.9874
2021 04 25 20 00 00    -3.9039650   -1.3783032  950.1319  950.9664
2021 04 25 20 01 00    -3.8923865   -1.3723547  950.1340  950.9437
2021 04 25 20 02 00    -3.8808012   -1.3664316  950.1368  950.9263
2021 04 25 20 03 00    -3.8695168   -1.3607933  950.1382  950.9118
2021 04 25 20 04 00    -3.8580847   -1.3551489  950.1376  950.9031
2021 04 25 20 05 00    -3.8462934   -1.3492729  950.1367  950.9031
2021 04 25 20 06 00    -3.8347590   -1.3434547  950.1372  950.9193
2021 04 25 20 07 00    -3.8235529   -1.3378365  950.1385  950.9417
2021 04 25 20 08 00    -3.8122159   -1.3321983  950.1393  950.9433
2021 04 25 20 09 00    -3.8007174   -1.3264185  950.1395  950.9259
2021 04 25 20 10 00    -3.7892635   -1.3206612  950.1400  950.9111
2021 04 25 20 11 00    -3.7779130   -1.3150616  950.1405  950.9006
2021 04 25 20 12 00    -3.7665725   -1.3094861  950.1409  950.8933
2021 04 25 20 13 00    -3.7552092   -1.3038661  950.1416  950.9048
2021 04 25 20 14 00    -3.7439797   -1.2983110  950.1428  950.9306
2021 04 25 20 15 00    -3.7328964   -1.2927316  950.1432  950.9313
2021 04 25 20 16 00    -3.7217698   -1.2870011  950.1423  950.8926
2021 04 25 20 17 00    -3.7106856   -1.2813614  950.1408  950.8560
2021 04 25 20 18 00    -3.6997698   -1.2759626  950.1393  950.8548
2021 04 25 20 19 00    -3.6887027   -1.2704894  950.1378  950.8676
2021 04 25 20 20 00    -3.6774397   -1.2648727  950.1365  950.8607
2021 04 25 20 21 00    -3.6664103   -1.2593715  950.1350  950.8425
2021 04 25 20 22 00    -3.6555573   -1.2538882  950.1333  950.8434
2021 04 25 20 23 00    -3.6445737   -1.2483135  950.1322  950.8584
2021 04 25 20 24 00    -3.6335915   -1.2428514  950.1319  950.8561
2021 04 25 20 25 00    -3.6227685   -1.2374770  950.1317  950.8367
2021 04 25 20 26 00    -3.6119524   -1.2320103  950.1307  950.8320
2021 04 25 20 27 00    -3.6011332   -1.2266055  950.1298  950.8492
2021 04 25 20 28 00    -3.5905963   -1.2214193  950.1295  950.8620
2021 04 25 20 29 00    -3.5802274   -1.2161929  950.1288  950.8501
2021 04 25 20 30 00    -3.5696087   -1.2107582  950.1273  950.8181
2021 04 25 20 31 00    -3.5589976   -1.2054246  950.1252  950.7935
2021 04 25 20 32 00    -3.5488192   -1.2003645  950.1226  950.7967
2021 04 25 20 33 00    -3.5386181   -1.1952540  950.1197  950.8079
2021 04 25 20 34 00    -3.5279334   -1.1898794  950.1173  950.8021
2021 04 25 20 35 00    -3.5172158   -1.1844985  950.1158  950.7950
2021 04 25 20 36 00    -3.5068650   -1.1793543  950.1145  950.8030
2021 04 25 20 37 00    -3.4966766   -1.1743547  950.1129  950.8096
2021 04 25 20 38 00    -3.4865388   -1.1693974  950.1107  950.8024
2021 04 25 20 39 00    -3.4764492   -1.1644222  950.1086  950.7889
2021 04 25 20 40 00    -3.4662622   -1.1592598  950.1066  950.7774
2021 04 25 20 41 00    -3.4561341   -1.1540143  950.1040  950.7647
2021 04 25 20 42 00    -3.4463556   -1.1490239  950.1003  950.7454
2021 04 25 20 43 00    -3.4367035   -1.1442468  950.0960  950.7281
2021 04 25 20 44 00    -3.4268941   -1.1393930  950.0921  950.7137
2021 04 25 20 45 00    -3.4170563   -1.1343996  950.0889  950.6886
2021 04 25 20 46 00    -3.4072997   -1.1294125  950.0857  950.6650
2021 04 25 20 47 00    -3.3976681   -1.1245694  950.0820  950.6654
2021 04 25 20 48 00    -3.3881828   -1.1198163  950.0778  950.6682
2021 04 25 20 49 00    -3.3786058   -1.1149741  950.0727  950.6485
2021 04 25 20 50 00    -3.3688904   -1.1100934  950.0677  950.6300
2021 04 25 20 51 00    -3.3593993   -1.1054552  950.0639  950.6330
2021 04 25 20 52 00    -3.3502131   -1.1010707  950.0609  950.6436
2021 04 25 20 53 00    -3.3409846   -1.0965659  950.0577  950.6541
2021 04 25 20 54 00    -3.3314918   -1.0916931  950.0546  950.6708
2021 04 25 20 55 00    -3.3219043   -1.0867013  950.0523  950.6919
2021 04 25 20 56 00    -3.3125502   -1.0819873  950.0508  950.7083
2021 04 25 20 57 00    -3.3034456   -1.0774674  950.0491  950.7141
2021 04 25 20 58 00    -3.2943202   -1.0728318  950.0472  950.7152
2021 04 25 20 59 00    -3.2851835   -1.0681656  950.0457  950.7265
2021 04 25 21 00 00    -3.2762831   -1.0636851  950.0450  950.7470
2021 04 25 21 01 00    -3.2676028   -1.0593516  950.0446  950.7547
2021 04 25 21 02 00    -3.2589870   -1.0550443  950.0439  950.7428
2021 04 25 21 03 00    -3.2503782   -1.0507453  950.0430  950.7247
2021 04 25 21 04 00    -3.2417776   -1.0465031  950.0423  950.7169
2021 04 25 21 05 00    -3.2333096   -1.0423248  950.0416  950.7202
2021 04 25 21 06 00    -3.2250284   -1.0381882  950.0402  950.7107
2021 04 25 21 07 00    -3.2167992   -1.0341069  950.0380  950.6886
2021 04 25 21 08 00    -3.2085536   -1.0300498  950.0355  950.6912
2021 04 25 21 09 00    -3.2002728   -1.0259612  950.0334  950.7145
2021 04 25 21 10 00    -3.1920012   -1.0218997  950.0315  950.7148
2021 04 25 21 11 00    -3.1839071   -1.0178951  950.0299  950.6974
2021 04 25 21 12 00    -3.1760424   -1.0138696  950.0295  950.6953
2021 04 25 21 13 00    -3.1683229   -1.0098422  950.0296  950.7046
2021 04 25 21 14 00    -3.1606123   -1.0058753  950.0291  950.7146
2021 04 25 21 15 00    -3.1527753   -1.0019638  950.0280  950.7189
2021 04 25 21 16 00    -3.1449327   -0.9981456  950.0269  950.7017
2021 04 25 21 17 00    -3.1374166   -0.9944027  950.0258  950.6761
2021 04 25 21 18 00    -3.1302141   -0.9905638  950.0242  950.6687
2021 04 25 21 19 00    -3.1229697   -0.9867058  950.0221  950.6671
2021 04 25 21 20 00    -3.1157236   -0.9831983  950.0199  950.6591
2021 04 25 21 21 00    -3.1086644   -0.9799355  950.0179  950.6683
2021 04 25 21 22 00    -3.1015971   -0.9764649  950.0160  950.6889
2021 04 25 21 23 00    -3.0945155   -0.9728747  950.0137  950.6714
2021 04 25 21 24 00    -3.0875935   -0.9693892  950.0110  950.6167
2021 04 25 21 25 00    -3.0807384   -0.9658624  950.0078  950.5865
2021 04 25 21 26 00    -3.0738745   -0.9623409  950.0043  950.5989
2021 04 25 21 27 00    -3.0670025   -0.9590300  950.0009  950.6101
2021 04 25 21 28 00    -3.0602399   -0.9558742  949.9978  950.5990
2021 04 25 21 29 00    -3.0538355   -0.9527599  949.9948  950.5861
2021 04 25 21 30 00    -3.0476782   -0.9496101  949.9921  950.5828
2021 04 25 21 31 00    -3.0414379   -0.9463939  949.9897  950.5790
2021 04 25 21 32 00    -3.0351150   -0.9432080  949.9867  950.5722
2021 04 25 21 33 00    -3.0288907   -0.9400662  949.9828  950.5697
2021 04 25 21 34 00    -3.0227643   -0.9368881  949.9794  950.5690
2021 04 25 21 35 00    -3.0166324   -0.9337565  949.9770  950.5682
2021 04 25 21 36 00    -3.0105660   -0.9308100  949.9750  950.5788
2021 04 25 21 37 00    -3.0047661   -0.9280028  949.9730  950.6016
2021 04 25 21 38 00    -2.9991923   -0.9251693  949.9715  950.6211
2021 04 25 21 39 00    -2.9936170   -0.9222680  949.9711  950.6327
2021 04 25 21 40 00    -2.9880515   -0.9194935  949.9708  950.6378
2021 04 25 21 41 00    -2.9825751   -0.9169128  949.9697  950.6308
2021 04 25 21 42 00    -2.9771860   -0.9143427  949.9684  950.6188
2021 04 25 21 43 00    -2.9719951   -0.9117405  949.9679  950.6198
2021 04 25 21 44 00    -2.9668760   -0.9090890  949.9684  950.6385
2021 04 25 21 45 00    -2.9616134   -0.9063502  949.9695  950.6703
2021 04 25 21 46 00    -2.9564726   -0.9037519  949.9710  950.7053
2021 04 25 21 47 00    -2.9516006   -0.9013997  949.9726  950.7222
2021 04 25 21 48 00    -2.9467840   -0.8990696  949.9742  950.7075
2021 04 25 21 49 00    -2.9422140   -0.8967455  949.9759  950.6736
2021 04 25 21 50 00    -2.9381892   -0.8946571  949.9767  950.6414
2021 04 25 21 51 00    -2.9343448   -0.8927344  949.9761  950.6255
2021 04 25 21 52 00    -2.9301579   -0.8906585  949.9747  950.6292
2021 04 25 21 53 00    -2.9257725   -0.8884521  949.9728  950.6334
2021 04 25 21 54 00    -2.9216760   -0.8864050  949.9706  950.6206
2021 04 25 21 55 00    -2.9178659   -0.8844600  949.9689  950.6079
2021 04 25 21 56 00    -2.9139184   -0.8823465  949.9678  950.6093
2021 04 25 21 57 00    -2.9098334   -0.8802352  949.9665  950.5970
2021 04 25 21 58 00    -2.9061235   -0.8784888  949.9638  950.5668
2021 04 25 21 59 00    -2.9028709   -0.8769062  949.9605  950.5651
2021 04 25 22 00 00    -2.8995837   -0.8750795  949.9586  950.5893
2021 04 25 22 01 00    -2.8960544   -0.8731309  949.9574  950.5802
2021 04 25 22 02 00    -2.8925758   -0.8714370  949.9548  950.5396
2021 04 25 22 03 00    -2.8894321   -0.8700772  949.9515  950.5242
2021 04 25 22 04 00    -2.8864991   -0.8687738  949.9492  950.5441
2021 04 25 22 05 00    -2.8836075   -0.8673105  949.9476  950.5590
2021 04 25 22 06 00    -2.8809986   -0.8658818  949.9450  950.5400
2021 04 25 22 07 00    -2.8786837   -0.8646315  949.9415  950.5029
2021 04 25 22 08 00    -2.8761964   -0.8633493  949.9377  950.4834
2021 04 25 22 09 00    -2.8735110   -0.8620199  949.9338  950.4822
2021 04 25 22 10 00    -2.8710223   -0.8608710  949.9298  950.4728
2021 04 25 22 11 00    -2.8687566   -0.8598496  949.9258  950.4550
2021 04 25 22 12 00    -2.8666232   -0.8587839  949.9212  950.4447
2021 04 25 22 13 00    -2.8647445   -0.8577663  949.9165  950.4306
2021 04 25 22 14 00    -2.8630662   -0.8569181  949.9124  950.4009
2021 04 25 22 15 00    -2.8613541   -0.8561334  949.9086  950.3793
2021 04 25 22 16 00    -2.8595746   -0.8552779  949.9044  950.3802
2021 04 25 22 17 00    -2.8579849   -0.8544471  949.8995  950.3725
2021 04 25 22 18 00    -2.8567019   -0.8537814  949.8939  950.3384
2021 04 25 22 19 00    -2.8554217   -0.8531475  949.8877  950.3109
2021 04 25 22 20 00    -2.8540474   -0.8524316  949.8813  950.3078
2021 04 25 22 21 00    -2.8529493   -0.8518206  949.8754  950.3062
2021 04 25 22 22 00    -2.8522043   -0.8513926  949.8700  950.3028
2021 04 25 22 23 00    -2.8513920   -0.8509720  949.8652  950.3128
2021 04 25 22 24 00    -2.8503469   -0.8505311  949.8611  950.3255
2021 04 25 22 25 00    -2.8493203   -0.8501684  949.8572  950.3271
2021 04 25 22 26 00    -2.8484351   -0.8498104  949.8535  950.3295
2021 04 25 22 27 00    -2.8477729   -0.8493921  949.8495  950.3340
2021 04 25 22 28 00    -2.8475105   -0.8490900  949.8446  950.3219
2021 04 25 22 29 00    -2.8474844   -0.8490465  949.8392  950.2984
2021 04 25 22 30 00    -2.8473992   -0.8491012  949.8341  950.2816
2021 04 25 22 31 00    -2.8473538   -0.8490838  949.8293  950.2643
2021 04 25 22 32 00    -2.8474597   -0.8490753  949.8240  950.2333
2021 04 25 22 33 00    -2.8476306   -0.8491502  949.8181  950.1942
2021 04 25 22 34 00    -2.8480164   -0.8493238  949.8120  950.1617
2021 04 25 22 35 00    -2.8486796   -0.8496506  949.8057  950.1400
2021 04 25 22 36 00    -2.8492903   -0.8500233  949.7993  950.1215
2021 04 25 22 37 00    -2.8498464   -0.8503104  949.7924  950.1038
2021 04 25 22 38 00    -2.8506666   -0.8506352  949.7852  950.0915
2021 04 25 22 39 00    -2.8516206   -0.8511082  949.7783  950.0877
2021 04 25 22 40 00    -2.8524637   -0.8516231  949.7722  950.0947
2021 04 25 22 41 00    -2.8532850   -0.8520794  949.7669  950.1099
2021 04 25 22 42 00    -2.8541948   -0.8525394  949.7618  950.1221
2021 04 25 22 43 00    -2.8554208   -0.8531378  949.7564  950.1261
2021 04 25 22 44 00    -2.8570378   -0.8538503  949.7504  950.1210
2021 04 25 22 45 00    -2.8586016   -0.8545635  949.7442  950.0957
2021 04 25 22 46 00    -2.8600744   -0.8554034  949.7380  950.0572
2021 04 25 22 47 00    -2.8618604   -0.8564383  949.7323  950.0349
2021 04 25 22 48 00    -2.8638618   -0.8574283  949.7265  950.0273
2021 04 25 22 49 00    -2.8657738   -0.8582942  949.7198  950.0141
2021 04 25 22 50 00    -2.8675674   -0.8591808  949.7128  950.0045
2021 04 25 22 51 00    -2.8696558   -0.8603000  949.7065  950.0105
2021 04 25 22 52 00    -2.8722521   -0.8616975  949.7010  950.0206
2021 04 25 22 53 00    -2.8746885   -0.8629829  949.6955  950.0167
2021 04 25 22 54 00    -2.8768893   -0.8640526  949.6897  949.9932
2021 04 25 22 55 00    -2.8795191   -0.8652866  949.6837  949.9664
2021 04 25 22 56 00    -2.8824647   -0.8667680  949.6774  949.9495
2021 04 25 22 57 00    -2.8853641   -0.8682738  949.6707  949.9320
2021 04 25 22 58 00    -2.8883306   -0.8697103  949.6638  949.9075
2021 04 25 22 59 00    -2.8916516   -0.8712819  949.6565  949.8800
2021 04 25 23 00 00    -2.8952108   -0.8730598  949.6489  949.8538
2021 04 25 23 01 00    -2.8983169   -0.8746450  949.6413  949.8435
2021 04 25 23 02 00    -2.9012115   -0.8760631  949.6342  949.8511
2021 04 25 23 03 00    -2.9049502   -0.8778757  949.6276  949.8578
2021 04 25 23 04 00    -2.9088885   -0.8798270  949.6216  949.8599
2021 04 25 23 05 00    -2.9120745   -0.8814345  949.6154  949.8553
2021 04 25 23 06 00    -2.9156519   -0.8832709  949.6085  949.8324
2021 04 25 23 07 00    -2.9199978   -0.8855142  949.6013  949.8075
2021 04 25 23 08 00    -2.9238537   -0.8874401  949.5946  949.8048
2021 04 25 23 09 00    -2.9275484   -0.8892240  949.5884  949.8085
2021 04 25 23 10 00    -2.9319591   -0.8914057  949.5820  949.7982
2021 04 25 23 11 00    -2.9364708   -0.8936525  949.5749  949.7887
2021 04 25 23 12 00    -2.9408339   -0.8958653  949.5679  949.7922
2021 04 25 23 13 00    -2.9453845   -0.8982599  949.5619  949.7925
2021 04 25 23 14 00    -2.9497936   -0.9005257  949.5564  949.7817
2021 04 25 23 15 00    -2.9541333   -0.9026700  949.5505  949.7658
2021 04 25 23 16 00    -2.9594341   -0.9053087  949.5431  949.7382
2021 04 25 23 17 00    -2.9653359   -0.9081777  949.5347  949.7060
2021 04 25 23 18 00    -2.9698299   -0.9102834  949.5265  949.6909
2021 04 25 23 19 00    -2.9738897   -0.9123317  949.5191  949.6829
2021 04 25 23 20 00    -2.9797294   -0.9154096  949.5122  949.6665
2021 04 25 23 21 00    -2.9857171   -0.9184599  949.5052  949.6580
2021 04 25 23 22 00    -2.9907755   -0.9209269  949.4980  949.6576
2021 04 25 23 23 00    -2.9961156   -0.9236106  949.4902  949.6317
2021 04 25 23 24 00    -3.0019186   -0.9266125  949.4825  949.5894
2021 04 25 23 25 00    -3.0078687   -0.9295881  949.4755  949.5810
2021 04 25 23 26 00    -3.0135082   -0.9322884  949.4686  949.6024
2021 04 25 23 27 00    -3.0189444   -0.9349316  949.4612  949.6193
2021 04 25 23 28 00    -3.0247691   -0.9378776  949.4543  949.6367
2021 04 25 23 29 00    -3.0312284   -0.9411427  949.4488  949.6616
2021 04 25 23 30 00    -3.0377115   -0.9443289  949.4438  949.6805
2021 04 25 23 31 00    -3.0426927   -0.9467704  949.4381  949.6902
2021 04 25 23 32 00    -3.0478523   -0.9493975  949.4323  949.6924
2021 04 25 23 33 00    -3.0559627   -0.9535016  949.4271  949.6837
2021 04 25 23 34 00    -3.0642179   -0.9576792  949.4221  949.6720
2021 04 25 23 35 00    -3.0696524   -0.9604970  949.4170  949.6614
2021 04 25 23 36 00    -3.0750971   -0.9632231  949.4112  949.6376
2021 04 25 23 37 00    -3.0824690   -0.9668260  949.4051  949.6045
2021 04 25 23 38 00    -3.0898146   -0.9705434  949.3988  949.5891
2021 04 25 23 39 00    -3.0973138   -0.9744205  949.3927  949.5961
2021 04 25 23 40 00    -3.1052796   -0.9784271  949.3872  949.6034
2021 04 25 23 41 00    -3.1121244   -0.9817518  949.3821  949.5906
2021 04 25 23 42 00    -3.1187488   -0.9849660  949.3761  949.5574
2021 04 25 23 43 00    -3.1249768   -0.9881200  949.3695  949.5334
2021 04 25 23 44 00    -3.1326424   -0.9920566  949.3634  949.5302
2021 04 25 23 45 00    -3.1446252   -0.9980461  949.3572  949.5062
2021 04 25 23 46 00    -3.1523802   -1.0019177  949.3501  949.4544
2021 04 25 23 47 00    -3.1547780   -1.0032137  949.3425  949.4305
2021 04 25 23 48 00    -3.1639071   -1.0078468  949.3355  949.4371
2021 04 25 23 49 00    -3.1759037   -1.0137984  949.3289  949.4264
2021 04 25 23 50 00    -3.1818983   -1.0166568  949.3217  949.4010
2021 04 25 23 51 00    -3.1878552   -1.0194810  949.3136  949.3829
2021 04 25 23 52 00    -3.1979641   -1.0244457  949.3054  949.3602
2021 04 25 23 53 00    -3.2080106   -1.0294408  949.2979  949.3385
2021 04 25 23 54 00    -3.2156706   -1.0333755  949.2910  949.3459
2021 04 25 23 55 00    -3.2228393   -1.0372037  949.2843  949.3733
2021 04 25 23 56 00    -3.2310516   -1.0414416  949.2774  949.3928
2021 04 25 23 57 00    -3.2395485   -1.0456589  949.2709  949.4034
2021 04 25 23 58 00    -3.2484566   -1.0501022  949.2650  949.4078
2021 04 25 23 59 00    -3.2581260   -1.0548926  949.2592  949.3986
