[TSF-file]     v01.0

[TIMEFORMAT]   DATETIME
[INCREMENT]    60
[CHANNELS]
    BF:SG056:G1-F60 
    BF:SG056:G2-F60 
    BF:SG056:Br1-F60
    BF:SG056:Br2-F60
[UNITS]
    Volt
    Volt
    mbar
    mbar
[UNDETVAL]                      9999.999
[PHASE_LAG_1_DEG_CPD]           0.0402
[PHASE_LAG_1_DEG_CPD_ERROR]     0.0002
[N_LATITUDE_DEG]                48.3294
[N_LATITUDE_DEG_ERROR]          0.0001
[E_LONGITUDE_DEG]               008.3284
[E_LONGITUDE_DEG_ERROR]         0.0001
[HEIGHT_M_1]                    589.20
[HEIGHT_M_1_ERROR]              0.01
[GRAVITY_CAL_1_UGAL_V]          -40.1100
[GRAVITY_CAL_1_UGAL_V_ERROR]    0.0300
[PRESSURE_CAL_MBAR_V]           1.0000
[PRESSURE_CAL_MBAR_V_ERROR]     0.0001
[AUTHOR]                        Thomas Forbriger@kit.edu
[PHASE_LAG_2_DEG_CPD]           0.0402
[PHASE_LAG_2_DEG_CPD_ERROR]     0.0002
[HEIGHT_M_2]                    589.40
[HEIGHT_M_2_ERROR]              0.01
[GRAVITY_CAL_2_UGAL_V]          -80.0699
[GRAVITY_CAL_2_UGAL_V_ERROR]    0.0600
[PRESSURE_ADMIT_HPA_NMS2]       -3.4000
[PRESSURE_MEAN_HPA]             0980.0
[COMMENT]                           
software upgrade and FitPC2 replacement on 29. July 2019



Date           Time     G1-F60        G2-F60        Br1-F60       Br2-F60      
[DATA]
2021 04 30 00 00 00    -4.7997866   -1.8279330  941.5942  943.1988
2021 04 30 00 01 00    -4.7975474   -1.8267330  941.5955  943.1974
2021 04 30 00 02 00    -4.7952616   -1.8254836  941.5972  943.2201
2021 04 30 00 03 00    -4.7929744   -1.8243749  941.5993  943.2433
2021 04 30 00 04 00    -4.7906495   -1.8233048  941.6015  943.2464
2021 04 30 00 05 00    -4.7882991   -1.8220788  941.6036  943.2360
2021 04 30 00 06 00    -4.7859790   -1.8208090  941.6054  943.2350
2021 04 30 00 07 00    -4.7837211   -1.8196791  941.6074  943.2514
2021 04 30 00 08 00    -4.7816557   -1.8186845  941.6099  943.2702
2021 04 30 00 09 00    -4.7797633   -1.8177528  941.6126  943.2740
2021 04 30 00 10 00    -4.7777471   -1.8168252  941.6150  943.2635
2021 04 30 00 11 00    -4.7755262   -1.8158011  941.6175  943.2510
2021 04 30 00 12 00    -4.7734064   -1.8146849  941.6199  943.2417
2021 04 30 00 13 00    -4.7716006   -1.8136633  941.6219  943.2328
2021 04 30 00 14 00    -4.7698634   -1.8127927  941.6237  943.2255
2021 04 30 00 15 00    -4.7678930   -1.8118819  941.6255  943.2256
2021 04 30 00 16 00    -4.7658357   -1.8108488  941.6273  943.2328
2021 04 30 00 17 00    -4.7639645   -1.8098697  941.6294  943.2404
2021 04 30 00 18 00    -4.7622202   -1.8090392  941.6322  943.2474
2021 04 30 00 19 00    -4.7603827   -1.8082094  941.6353  943.2607
2021 04 30 00 20 00    -4.7584085   -1.8072757  941.6383  943.2827
2021 04 30 00 21 00    -4.7564569   -1.8063257  941.6408  943.3079
2021 04 30 00 22 00    -4.7546873   -1.8054268  941.6433  943.3316
2021 04 30 00 23 00    -4.7530842   -1.8045643  941.6466  943.3516
2021 04 30 00 24 00    -4.7514745   -1.8038058  941.6512  943.3612
2021 04 30 00 25 00    -4.7497712   -1.8031377  941.6557  943.3554
2021 04 30 00 26 00    -4.7481849   -1.8023975  941.6589  943.3397
2021 04 30 00 27 00    -4.7469153   -1.8016415  941.6611  943.3226
2021 04 30 00 28 00    -4.7457972   -1.8010124  941.6634  943.3021
2021 04 30 00 29 00    -4.7446302   -1.8004477  941.6657  943.2671
2021 04 30 00 30 00    -4.7434457   -1.7998748  941.6673  943.2177
2021 04 30 00 31 00    -4.7422628   -1.7992409  941.6678  943.1770
2021 04 30 00 32 00    -4.7410742   -1.7985497  941.6682  943.1670
2021 04 30 00 33 00    -4.7399206   -1.7979295  941.6691  943.1832
2021 04 30 00 34 00    -4.7386989   -1.7973350  941.6710  943.2047
2021 04 30 00 35 00    -4.7373066   -1.7966481  941.6731  943.2169
2021 04 30 00 36 00    -4.7358924   -1.7959611  941.6747  943.2177
2021 04 30 00 37 00    -4.7346130   -1.7953574  941.6760  943.2217
2021 04 30 00 38 00    -4.7334216   -1.7948124  941.6781  943.2566
2021 04 30 00 39 00    -4.7321358   -1.7941867  941.6810  943.3263
2021 04 30 00 40 00    -4.7306831   -1.7933581  941.6843  943.3860
2021 04 30 00 41 00    -4.7293528   -1.7926194  941.6876  943.3828
2021 04 30 00 42 00    -4.7284615   -1.7922845  941.6906  943.3219
2021 04 30 00 43 00    -4.7278918   -1.7921498  941.6929  943.2662
2021 04 30 00 44 00    -4.7272620   -1.7918262  941.6946  943.2618
2021 04 30 00 45 00    -4.7263623   -1.7911696  941.6969  943.2945
2021 04 30 00 46 00    -4.7253654   -1.7904757  941.7004  943.3296
2021 04 30 00 47 00    -4.7245849   -1.7901383  941.7041  943.3523
2021 04 30 00 48 00    -4.7240416   -1.7900179  941.7074  943.3538
2021 04 30 00 49 00    -4.7235264   -1.7897670  941.7105  943.3233
2021 04 30 00 50 00    -4.7230197   -1.7894536  941.7130  943.2738
2021 04 30 00 51 00    -4.7226306   -1.7892805  941.7145  943.2415
2021 04 30 00 52 00    -4.7222561   -1.7891416  941.7158  943.2482
2021 04 30 00 53 00    -4.7216972   -1.7888187  941.7178  943.2833
2021 04 30 00 54 00    -4.7209388   -1.7883911  941.7205  943.3223
2021 04 30 00 55 00    -4.7201702   -1.7880352  941.7235  943.3452
2021 04 30 00 56 00    -4.7196499   -1.7877150  941.7267  943.3424
2021 04 30 00 57 00    -4.7194475   -1.7875034  941.7298  943.3219
2021 04 30 00 58 00    -4.7192983   -1.7874662  941.7323  943.3071
2021 04 30 00 59 00    -4.7189436   -1.7873127  941.7347  943.3119
2021 04 30 01 00 00    -4.7185424   -1.7869815  941.7377  943.3251
2021 04 30 01 01 00    -4.7182990   -1.7867594  941.7408  943.3337
2021 04 30 01 02 00    -4.7180673   -1.7866685  941.7435  943.3417
2021 04 30 01 03 00    -4.7178466   -1.7866532  941.7460  943.3504
2021 04 30 01 04 00    -4.7178051   -1.7867409  941.7490  943.3453
2021 04 30 01 05 00    -4.7178255   -1.7867752  941.7520  943.3228
2021 04 30 01 06 00    -4.7178646   -1.7867391  941.7543  943.3042
2021 04 30 01 07 00    -4.7180368   -1.7868314  941.7562  943.3069
2021 04 30 01 08 00    -4.7182002   -1.7869873  941.7584  943.3222
2021 04 30 01 09 00    -4.7182318   -1.7869956  941.7610  943.3320
2021 04 30 01 10 00    -4.7182621   -1.7869134  941.7636  943.3336
2021 04 30 01 11 00    -4.7184173   -1.7869656  941.7664  943.3350
2021 04 30 01 12 00    -4.7187689   -1.7872403  941.7695  943.3384
2021 04 30 01 13 00    -4.7192945   -1.7875959  941.7730  943.3388
2021 04 30 01 14 00    -4.7197824   -1.7878028  941.7763  943.3349
2021 04 30 01 15 00    -4.7201103   -1.7878730  941.7789  943.3287
2021 04 30 01 16 00    -4.7204656   -1.7880852  941.7809  943.3211
2021 04 30 01 17 00    -4.7210012   -1.7884704  941.7832  943.3129
2021 04 30 01 18 00    -4.7215916   -1.7887597  941.7857  943.3095
2021 04 30 01 19 00    -4.7221279   -1.7888977  941.7876  943.3156
2021 04 30 01 20 00    -4.7226378   -1.7890184  941.7897  943.3303
2021 04 30 01 21 00    -4.7232114   -1.7892409  941.7927  943.3521
2021 04 30 01 22 00    -4.7239055   -1.7896538  941.7960  943.3793
2021 04 30 01 23 00    -4.7244977   -1.7900970  941.7993  943.4040
2021 04 30 01 24 00    -4.7248910   -1.7903332  941.8025  943.4178
2021 04 30 01 25 00    -4.7254824   -1.7904727  941.8063  943.4237
2021 04 30 01 26 00    -4.7264304   -1.7908057  941.8107  943.4314
2021 04 30 01 27 00    -4.7274214   -1.7914052  941.8148  943.4407
2021 04 30 01 28 00    -4.7283135   -1.7920623  941.8181  943.4397
2021 04 30 01 29 00    -4.7292769   -1.7925733  941.8209  943.4246
2021 04 30 01 30 00    -4.7304772   -1.7930094  941.8238  943.4051
2021 04 30 01 31 00    -4.7317651   -1.7935364  941.8266  943.3882
2021 04 30 01 32 00    -4.7328712   -1.7941780  941.8290  943.3686
2021 04 30 01 33 00    -4.7340061   -1.7949032  941.8309  943.3421
2021 04 30 01 34 00    -4.7355002   -1.7956734  941.8323  943.3151
2021 04 30 01 35 00    -4.7370583   -1.7964132  941.8336  943.2946
2021 04 30 01 36 00    -4.7383361   -1.7970586  941.8352  943.2824
2021 04 30 01 37 00    -4.7395489   -1.7976320  941.8373  943.2829
2021 04 30 01 38 00    -4.7408728   -1.7982462  941.8393  943.3034
2021 04 30 01 39 00    -4.7421111   -1.7988997  941.8412  943.3431
2021 04 30 01 40 00    -4.7431914   -1.7994771  941.8438  943.3900
2021 04 30 01 41 00    -4.7443685   -1.8000352  941.8474  943.4309
2021 04 30 01 42 00    -4.7457252   -1.8006917  941.8511  943.4595
2021 04 30 01 43 00    -4.7470479   -1.8014204  941.8548  943.4798
2021 04 30 01 44 00    -4.7483363   -1.8021544  941.8588  943.5008
2021 04 30 01 45 00    -4.7497621   -1.8028010  941.8629  943.5245
2021 04 30 01 46 00    -4.7513317   -1.8033698  941.8667  943.5406
2021 04 30 01 47 00    -4.7529740   -1.8040944  941.8703  943.5379
2021 04 30 01 48 00    -4.7546638   -1.8050344  941.8748  943.5189
2021 04 30 01 49 00    -4.7564205   -1.8059674  941.8793  943.4977
2021 04 30 01 50 00    -4.7582604   -1.8068665  941.8830  943.4843
2021 04 30 01 51 00    -4.7601536   -1.8078527  941.8863  943.4794
2021 04 30 01 52 00    -4.7620230   -1.8088619  941.8898  943.4852
2021 04 30 01 53 00    -4.7638803   -1.8098751  941.8936  943.5052
2021 04 30 01 54 00    -4.7658922   -1.8110083  941.8972  943.5315
2021 04 30 01 55 00    -4.7680109   -1.8121371  941.9010  943.5462
2021 04 30 01 56 00    -4.7700342   -1.8130489  941.9046  943.5398
2021 04 30 01 57 00    -4.7721744   -1.8139891  941.9076  943.5200
2021 04 30 01 58 00    -4.7746174   -1.8152790  941.9103  943.4998
2021 04 30 01 59 00    -4.7769922   -1.8165911  941.9130  943.4836
2021 04 30 02 00 00    -4.7791888   -1.8175677  941.9155  943.4677
2021 04 30 02 01 00    -4.7816227   -1.8185829  941.9175  943.4501
2021 04 30 02 02 00    -4.7842446   -1.8199372  941.9196  943.4344
2021 04 30 02 03 00    -4.7866840   -1.8213225  941.9224  943.4245
2021 04 30 02 04 00    -4.7891339   -1.8225698  941.9254  943.4193
2021 04 30 02 05 00    -4.7917579   -1.8237922  941.9272  943.4124
2021 04 30 02 06 00    -4.7943009   -1.8250483  941.9285  943.3940
2021 04 30 02 07 00    -4.7968993   -1.8264378  941.9305  943.3570
2021 04 30 02 08 00    -4.7997827   -1.8279467  941.9319  943.3101
2021 04 30 02 09 00    -4.8026229   -1.8293617  941.9319  943.2769
2021 04 30 02 10 00    -4.8051771   -1.8306117  941.9318  943.2724
2021 04 30 02 11 00    -4.8077078   -1.8318514  941.9324  943.2873
2021 04 30 02 12 00    -4.8104440   -1.8331982  941.9330  943.2988
2021 04 30 02 13 00    -4.8132307   -1.8345908  941.9333  943.2948
2021 04 30 02 14 00    -4.8159125   -1.8359947  941.9334  943.2839
2021 04 30 02 15 00    -4.8186023   -1.8374401  941.9337  943.2797
2021 04 30 02 16 00    -4.8213756   -1.8388238  941.9346  943.2774
2021 04 30 02 17 00    -4.8242304   -1.8401338  941.9352  943.2603
2021 04 30 02 18 00    -4.8271787   -1.8415333  941.9349  943.2298
2021 04 30 02 19 00    -4.8301555   -1.8430239  941.9342  943.2074
2021 04 30 02 20 00    -4.8331894   -1.8445375  941.9336  943.2045
2021 04 30 02 21 00    -4.8363337   -1.8461008  941.9338  943.2154
2021 04 30 02 22 00    -4.8394171   -1.8476854  941.9346  943.2293
2021 04 30 02 23 00    -4.8423091   -1.8492040  941.9351  943.2346
2021 04 30 02 24 00    -4.8451951   -1.8506631  941.9348  943.2269
2021 04 30 02 25 00    -4.8482664   -1.8522050  941.9348  943.2135
2021 04 30 02 26 00    -4.8514163   -1.8538833  941.9351  943.2079
2021 04 30 02 27 00    -4.8545444   -1.8555468  941.9350  943.2228
2021 04 30 02 28 00    -4.8576874   -1.8570720  941.9349  943.2581
2021 04 30 02 29 00    -4.8607747   -1.8584942  941.9357  943.2939
2021 04 30 02 30 00    -4.8637883   -1.8599504  941.9375  943.3111
2021 04 30 02 31 00    -4.8668195   -1.8615312  941.9397  943.3111
2021 04 30 02 32 00    -4.8698679   -1.8631388  941.9418  943.3078
2021 04 30 02 33 00    -4.8730366   -1.8646761  941.9434  943.3095
2021 04 30 02 34 00    -4.8764644   -1.8662213  941.9445  943.3131
2021 04 30 02 35 00    -4.8799472   -1.8678952  941.9455  943.3107
2021 04 30 02 36 00    -4.8832835   -1.8697569  941.9467  943.3018
2021 04 30 02 37 00    -4.8866021   -1.8716560  941.9484  943.2948
2021 04 30 02 38 00    -4.8899651   -1.8732994  941.9501  943.2938
2021 04 30 02 39 00    -4.8933398   -1.8747765  941.9512  943.2926
2021 04 30 02 40 00    -4.8968262   -1.8764752  941.9514  943.2840
2021 04 30 02 41 00    -4.9004020   -1.8783624  941.9514  943.2712
2021 04 30 02 42 00    -4.9039206   -1.8801044  941.9523  943.2669
2021 04 30 02 43 00    -4.9074351   -1.8817306  941.9542  943.2782
2021 04 30 02 44 00    -4.9110770   -1.8834899  941.9556  943.2969
2021 04 30 02 45 00    -4.9147386   -1.8853225  941.9564  943.3090
2021 04 30 02 46 00    -4.9182710   -1.8870554  941.9578  943.3075
2021 04 30 02 47 00    -4.9218243   -1.8888039  941.9602  943.2965
2021 04 30 02 48 00    -4.9254444   -1.8906365  941.9621  943.2891
2021 04 30 02 49 00    -4.9288908   -1.8923737  941.9629  943.2974
2021 04 30 02 50 00    -4.9323247   -1.8940904  941.9637  943.3195
2021 04 30 02 51 00    -4.9361745   -1.8960693  941.9653  943.3400
2021 04 30 02 52 00    -4.9402069   -1.8981504  941.9678  943.3469
2021 04 30 02 53 00    -4.9438347   -1.8999597  941.9703  943.3427
2021 04 30 02 54 00    -4.9472561   -1.9016864  941.9718  943.3394
2021 04 30 02 55 00    -4.9510841   -1.9037139  941.9733  943.3456
2021 04 30 02 56 00    -4.9550548   -1.9057869  941.9759  943.3593
2021 04 30 02 57 00    -4.9586056   -1.9075766  941.9789  943.3722
2021 04 30 02 58 00    -4.9620803   -1.9093622  941.9814  943.3796
2021 04 30 02 59 00    -4.9659051   -1.9113168  941.9838  943.3837
2021 04 30 03 00 00    -4.9698652   -1.9132542  941.9860  943.3889
2021 04 30 03 01 00    -4.9737942   -1.9151832  941.9878  943.3961
2021 04 30 03 02 00    -4.9777743   -1.9172246  941.9903  943.3998
2021 04 30 03 03 00    -4.9819336   -1.9194049  941.9934  943.3904
2021 04 30 03 04 00    -4.9861932   -1.9215849  941.9957  943.3628
2021 04 30 03 05 00    -4.9902330   -1.9235823  941.9968  943.3219
2021 04 30 03 06 00    -4.9942011   -1.9254912  941.9974  943.2808
2021 04 30 03 07 00    -4.9984253   -1.9274357  941.9978  943.2483
2021 04 30 03 08 00    -5.0026189   -1.9294577  941.9981  943.2237
2021 04 30 03 09 00    -5.0066710   -1.9316633  941.9982  943.2015
2021 04 30 03 10 00    -5.0109105   -1.9338904  941.9976  943.1781
2021 04 30 03 11 00    -5.0151976   -1.9358820  941.9963  943.1553
2021 04 30 03 12 00    -5.0192418   -1.9377959  941.9951  943.1406
2021 04 30 03 13 00    -5.0232399   -1.9398759  941.9940  943.1411
2021 04 30 03 14 00    -5.0274367   -1.9420767  941.9927  943.1536
2021 04 30 03 15 00    -5.0316723   -1.9442592  941.9918  943.1679
2021 04 30 03 16 00    -5.0356242   -1.9462971  941.9914  943.1765
2021 04 30 03 17 00    -5.0393483   -1.9481580  941.9911  943.1781
2021 04 30 03 18 00    -5.0433010   -1.9500872  941.9907  943.1761
2021 04 30 03 19 00    -5.0475708   -1.9522336  941.9906  943.1766
2021 04 30 03 20 00    -5.0516497   -1.9543297  941.9904  943.1841
2021 04 30 03 21 00    -5.0554013   -1.9562553  941.9901  943.1962
2021 04 30 03 22 00    -5.0592888   -1.9582371  941.9902  943.2058
2021 04 30 03 23 00    -5.0635020   -1.9603247  941.9906  943.2074
2021 04 30 03 24 00    -5.0677862   -1.9623833  941.9912  943.2009
2021 04 30 03 25 00    -5.0719216   -1.9644002  941.9919  943.1904
2021 04 30 03 26 00    -5.0759761   -1.9664346  941.9926  943.1798
2021 04 30 03 27 00    -5.0801331   -1.9684968  941.9925  943.1681
2021 04 30 03 28 00    -5.0843708   -1.9705223  941.9920  943.1532
2021 04 30 03 29 00    -5.0885797   -1.9724904  941.9913  943.1376
2021 04 30 03 30 00    -5.0927869   -1.9745536  941.9902  943.1253
2021 04 30 03 31 00    -5.0969441   -1.9767598  941.9888  943.1166
2021 04 30 03 32 00    -5.1008928   -1.9788761  941.9881  943.1121
2021 04 30 03 33 00    -5.1047839   -1.9808143  941.9879  943.1136
2021 04 30 03 34 00    -5.1089275   -1.9827680  941.9878  943.1199
2021 04 30 03 35 00    -5.1131552   -1.9847956  941.9875  943.1248
2021 04 30 03 36 00    -5.1171946   -1.9868103  941.9870  943.1214
2021 04 30 03 37 00    -5.1213229   -1.9888804  941.9866  943.1075
2021 04 30 03 38 00    -5.1256462   -1.9910283  941.9862  943.0880
2021 04 30 03 39 00    -5.1297338   -1.9930748  941.9848  943.0687
2021 04 30 03 40 00    -5.1336392   -1.9950684  941.9826  943.0540
2021 04 30 03 41 00    -5.1378133   -1.9972450  941.9806  943.0492
2021 04 30 03 42 00    -5.1420854   -1.9994783  941.9788  943.0578
2021 04 30 03 43 00    -5.1460875   -2.0015123  941.9770  943.0753
2021 04 30 03 44 00    -5.1499838   -2.0034485  941.9763  943.0909
2021 04 30 03 45 00    -5.1539787   -2.0054793  941.9766  943.0976
2021 04 30 03 46 00    -5.1579893   -2.0075532  941.9770  943.0979
2021 04 30 03 47 00    -5.1619657   -2.0095312  941.9768  943.0986
2021 04 30 03 48 00    -5.1658900   -2.0114036  941.9764  943.1019
2021 04 30 03 49 00    -5.1697904   -2.0132628  941.9756  943.1063
2021 04 30 03 50 00    -5.1737956   -2.0152478  941.9743  943.1096
2021 04 30 03 51 00    -5.1778123   -2.0173994  941.9733  943.1087
2021 04 30 03 52 00    -5.1817320   -2.0195029  941.9728  943.1010
2021 04 30 03 53 00    -5.1857273   -2.0214335  941.9728  943.0902
2021 04 30 03 54 00    -5.1897974   -2.0233388  941.9727  943.0818
2021 04 30 03 55 00    -5.1937805   -2.0253094  941.9721  943.0757
2021 04 30 03 56 00    -5.1976877   -2.0273413  941.9708  943.0693
2021 04 30 03 57 00    -5.2015861   -2.0293794  941.9693  943.0645
2021 04 30 03 58 00    -5.2055442   -2.0313403  941.9684  943.0644
2021 04 30 03 59 00    -5.2094962   -2.0332807  941.9680  943.0673
2021 04 30 04 00 00    -5.2133026   -2.0352681  941.9674  943.0690
2021 04 30 04 01 00    -5.2169918   -2.0371837  941.9666  943.0708
2021 04 30 04 02 00    -5.2205377   -2.0389002  941.9663  943.0777
2021 04 30 04 03 00    -5.2240190   -2.0405586  941.9660  943.0875
2021 04 30 04 04 00    -5.2277581   -2.0423821  941.9652  943.0921
2021 04 30 04 05 00    -5.2316439   -2.0442874  941.9644  943.0871
2021 04 30 04 06 00    -5.2353419   -2.0461133  941.9635  943.0733
2021 04 30 04 07 00    -5.2389552   -2.0479106  941.9626  943.0546
2021 04 30 04 08 00    -5.2425347   -2.0496680  941.9619  943.0404
2021 04 30 04 09 00    -5.2459824   -2.0513176  941.9615  943.0398
2021 04 30 04 10 00    -5.2495002   -2.0530026  941.9612  943.0489
2021 04 30 04 11 00    -5.2531588   -2.0548034  941.9604  943.0569
2021 04 30 04 12 00    -5.2567273   -2.0566020  941.9591  943.0597
2021 04 30 04 13 00    -5.2602287   -2.0584359  941.9580  943.0610
2021 04 30 04 14 00    -5.2637576   -2.0602973  941.9583  943.0646
2021 04 30 04 15 00    -5.2671723   -2.0619765  941.9598  943.0710
2021 04 30 04 16 00    -5.2704872   -2.0635987  941.9607  943.0789
2021 04 30 04 17 00    -5.2737893   -2.0653763  941.9609  943.0877
2021 04 30 04 18 00    -5.2770000   -2.0670672  941.9612  943.0964
2021 04 30 04 19 00    -5.2802136   -2.0685820  941.9615  943.1044
2021 04 30 04 20 00    -5.2836824   -2.0702616  941.9618  943.1116
2021 04 30 04 21 00    -5.2873258   -2.0721475  941.9622  943.1192
2021 04 30 04 22 00    -5.2906921   -2.0738934  941.9628  943.1289
2021 04 30 04 23 00    -5.2936391   -2.0753592  941.9633  943.1381
2021 04 30 04 24 00    -5.2965903   -2.0768018  941.9637  943.1389
2021 04 30 04 25 00    -5.2997698   -2.0784447  941.9645  943.1247
2021 04 30 04 26 00    -5.3029581   -2.0801101  941.9651  943.0978
2021 04 30 04 27 00    -5.3061469   -2.0816457  941.9650  943.0682
2021 04 30 04 28 00    -5.3094055   -2.0831490  941.9646  943.0445
2021 04 30 04 29 00    -5.3124884   -2.0846209  941.9642  943.0289
2021 04 30 04 30 00    -5.3153934   -2.0860841  941.9639  943.0226
2021 04 30 04 31 00    -5.3184081   -2.0876243  941.9637  943.0287
2021 04 30 04 32 00    -5.3214752   -2.0891657  941.9635  943.0465
2021 04 30 04 33 00    -5.3243430   -2.0905994  941.9636  943.0704
2021 04 30 04 34 00    -5.3270147   -2.0919385  941.9643  943.0922
2021 04 30 04 35 00    -5.3296571   -2.0932615  941.9651  943.1051
2021 04 30 04 36 00    -5.3323617   -2.0945838  941.9659  943.1053
2021 04 30 04 37 00    -5.3350639   -2.0958865  941.9669  943.0911
2021 04 30 04 38 00    -5.3376610   -2.0972005  941.9677  943.0681
2021 04 30 04 39 00    -5.3402926   -2.0985908  941.9677  943.0490
2021 04 30 04 40 00    -5.3431271   -2.1000526  941.9667  943.0393
2021 04 30 04 41 00    -5.3459007   -2.1014032  941.9651  943.0363
2021 04 30 04 42 00    -5.3483317   -2.1025763  941.9643  943.0425
2021 04 30 04 43 00    -5.3505601   -2.1037558  941.9656  943.0613
2021 04 30 04 44 00    -5.3527197   -2.1049530  941.9676  943.0848
2021 04 30 04 45 00    -5.3548804   -2.1060522  941.9685  943.1025
2021 04 30 04 46 00    -5.3571716   -2.1070783  941.9689  943.1129
2021 04 30 04 47 00    -5.3593960   -2.1080239  941.9700  943.1192
2021 04 30 04 48 00    -5.3614177   -2.1089434  941.9714  943.1217
2021 04 30 04 49 00    -5.3636438   -2.1100783  941.9726  943.1135
2021 04 30 04 50 00    -5.3662425   -2.1114093  941.9732  943.0872
2021 04 30 04 51 00    -5.3687551   -2.1126031  941.9730  943.0473
2021 04 30 04 52 00    -5.3708893   -2.1136113  941.9721  943.0075
2021 04 30 04 53 00    -5.3729654   -2.1147259  941.9706  942.9808
2021 04 30 04 54 00    -5.3752786   -2.1159955  941.9691  942.9733
2021 04 30 04 55 00    -5.3774118   -2.1170589  941.9678  942.9793
2021 04 30 04 56 00    -5.3789631   -2.1176911  941.9666  942.9881
2021 04 30 04 57 00    -5.3804660   -2.1182611  941.9655  942.9928
2021 04 30 04 58 00    -5.3823628   -2.1192206  941.9649  942.9914
2021 04 30 04 59 00    -5.3841327   -2.1203512  941.9647  942.9895
2021 04 30 05 00 00    -5.3854960   -2.1212626  941.9653  942.9939
2021 04 30 05 01 00    -5.3869552   -2.1220464  941.9659  942.9999
2021 04 30 05 02 00    -5.3886756   -2.1228183  941.9657  942.9976
2021 04 30 05 03 00    -5.3902714   -2.1235400  941.9647  942.9867
2021 04 30 05 04 00    -5.3916450   -2.1242787  941.9632  942.9780
2021 04 30 05 05 00    -5.3930354   -2.1250366  941.9623  942.9774
2021 04 30 05 06 00    -5.3945174   -2.1257559  941.9622  942.9742
2021 04 30 05 07 00    -5.3959309   -2.1263857  941.9618  942.9598
2021 04 30 05 08 00    -5.3970898   -2.1268793  941.9603  942.9473
2021 04 30 05 09 00    -5.3980780   -2.1274393  941.9593  942.9528
2021 04 30 05 10 00    -5.3991494   -2.1281474  941.9595  942.9651
2021 04 30 05 11 00    -5.4002864   -2.1286674  941.9598  942.9618
2021 04 30 05 12 00    -5.4013560   -2.1289775  941.9592  942.9452
2021 04 30 05 13 00    -5.4022685   -2.1293572  941.9582  942.9368
2021 04 30 05 14 00    -5.4028742   -2.1297242  941.9571  942.9495
2021 04 30 05 15 00    -5.4032613   -2.1299912  941.9565  942.9808
2021 04 30 05 16 00    -5.4036784   -2.1303161  941.9568  943.0225
2021 04 30 05 17 00    -5.4041173   -2.1306455  941.9579  943.0660
2021 04 30 05 18 00    -5.4044209   -2.1307985  941.9594  943.1056
2021 04 30 05 19 00    -5.4045331   -2.1308066  941.9620  943.1418
2021 04 30 05 20 00    -5.4045571   -2.1307796  941.9659  943.1761
2021 04 30 05 21 00    -5.4046765   -2.1307573  941.9698  943.2077
2021 04 30 05 22 00    -5.4049030   -2.1307648  941.9727  943.2362
2021 04 30 05 23 00    -5.4050525   -2.1308202  941.9757  943.2599
2021 04 30 05 24 00    -5.4051229   -2.1309159  941.9798  943.2738
2021 04 30 05 25 00    -5.4053477   -2.1310501  941.9842  943.2726
2021 04 30 05 26 00    -5.4057596   -2.1312342  941.9875  943.2533
2021 04 30 05 27 00    -5.4060594   -2.1314139  941.9899  943.2157
2021 04 30 05 28 00    -5.4061119   -2.1314710  941.9925  943.1620
2021 04 30 05 29 00    -5.4061532   -2.1314186  941.9946  943.1025
2021 04 30 05 30 00    -5.4062788   -2.1314471  941.9948  943.0552
2021 04 30 05 31 00    -5.4063919   -2.1316290  941.9934  943.0301
2021 04 30 05 32 00    -5.4064615   -2.1317509  941.9921  943.0166
2021 04 30 05 33 00    -5.4063730   -2.1316771  941.9913  942.9905
2021 04 30 05 34 00    -5.4061049   -2.1315781  941.9902  942.9407
2021 04 30 05 35 00    -5.4058261   -2.1315517  941.9884  942.8903
2021 04 30 05 36 00    -5.4054903   -2.1314436  941.9859  942.8726
2021 04 30 05 37 00    -5.4048653   -2.1310922  941.9830  942.8871
2021 04 30 05 38 00    -5.4039441   -2.1305272  941.9809  942.9089
2021 04 30 05 39 00    -5.4029473   -2.1299534  941.9798  942.9243
2021 04 30 05 40 00    -5.4019947   -2.1295165  941.9787  942.9291
2021 04 30 05 41 00    -5.4010921   -2.1291539  941.9767  942.9154
2021 04 30 05 42 00    -5.4003114   -2.1287339  941.9747  942.8814
2021 04 30 05 43 00    -5.3996630   -2.1282911  941.9732  942.8377
2021 04 30 05 44 00    -5.3990032   -2.1279582  941.9712  942.7960
2021 04 30 05 45 00    -5.3981722   -2.1276290  941.9674  942.7584
2021 04 30 05 46 00    -5.3970669   -2.1270502  941.9619  942.7198
2021 04 30 05 47 00    -5.3957211   -2.1262501  941.9553  942.6805
2021 04 30 05 48 00    -5.3943670   -2.1254557  941.9488  942.6423
2021 04 30 05 49 00    -5.3932092   -2.1247899  941.9431  942.6039
2021 04 30 05 50 00    -5.3920291   -2.1242580  941.9375  942.5718
2021 04 30 05 51 00    -5.3903658   -2.1236649  941.9307  942.5522
2021 04 30 05 52 00    -5.3882778   -2.1227614  941.9233  942.5416
2021 04 30 05 53 00    -5.3861953   -2.1216269  941.9169  942.5489
2021 04 30 05 54 00    -5.3841379   -2.1204680  941.9123  942.5858
2021 04 30 05 55 00    -5.3818957   -2.1193074  941.9087  942.6290
2021 04 30 05 56 00    -5.3795163   -2.1181263  941.9051  942.6453
2021 04 30 05 57 00    -5.3772130   -2.1169816  941.9018  942.6398
2021 04 30 05 58 00    -5.3750670   -2.1159335  941.8989  942.6368
2021 04 30 05 59 00    -5.3728662   -2.1149071  941.8963  942.6402
2021 04 30 06 00 00    -5.3703607   -2.1137243  941.8938  942.6422
2021 04 30 06 01 00    -5.3676830   -2.1124228  941.8910  942.6437
2021 04 30 06 02 00    -5.3651395   -2.1111843  941.8881  942.6489
2021 04 30 06 03 00    -5.3625781   -2.1098803  941.8860  942.6612
2021 04 30 06 04 00    -5.3596637   -2.1083586  941.8848  942.6844
2021 04 30 06 05 00    -5.3565471   -2.1068102  941.8839  942.7187
2021 04 30 06 06 00    -5.3534109   -2.1052928  941.8834  942.7530
2021 04 30 06 07 00    -5.3501592   -2.1036726  941.8834  942.7727
2021 04 30 06 08 00    -5.3468925   -2.1020048  941.8837  942.7747
2021 04 30 06 09 00    -5.3437188   -2.1003838  941.8835  942.7701
2021 04 30 06 10 00    -5.3404652   -2.0987685  941.8831  942.7682
2021 04 30 06 11 00    -5.3370825   -2.0970915  941.8831  942.7668
2021 04 30 06 12 00    -5.3337206   -2.0953587  941.8833  942.7618
2021 04 30 06 13 00    -5.3303324   -2.0936184  941.8831  942.7541
2021 04 30 06 14 00    -5.3267541   -2.0918805  941.8829  942.7480
2021 04 30 06 15 00    -5.3230188   -2.0900416  941.8832  942.7540
2021 04 30 06 16 00    -5.3191410   -2.0879758  941.8837  942.7787
2021 04 30 06 17 00    -5.3151033   -2.0858327  941.8844  942.8080
2021 04 30 06 18 00    -5.3111372   -2.0838530  941.8858  942.8239
2021 04 30 06 19 00    -5.3073312   -2.0820156  941.8875  942.8263
2021 04 30 06 20 00    -5.3034108   -2.0801630  941.8884  942.8200
2021 04 30 06 21 00    -5.2991941   -2.0781110  941.8885  942.8005
2021 04 30 06 22 00    -5.2947980   -2.0759003  941.8883  942.7687
2021 04 30 06 23 00    -5.2904869   -2.0738187  941.8881  942.7383
2021 04 30 06 24 00    -5.2863285   -2.0717917  941.8873  942.7189
2021 04 30 06 25 00    -5.2820945   -2.0695640  941.8858  942.7103
2021 04 30 06 26 00    -5.2775827   -2.0671972  941.8846  942.7122
2021 04 30 06 27 00    -5.2727280   -2.0647313  941.8841  942.7239
2021 04 30 06 28 00    -5.2677025   -2.0622190  941.8840  942.7344
2021 04 30 06 29 00    -5.2628528   -2.0599163  941.8836  942.7319
2021 04 30 06 30 00    -5.2581065   -2.0577036  941.8832  942.7198
2021 04 30 06 31 00    -5.2531338   -2.0551607  941.8827  942.7080
2021 04 30 06 32 00    -5.2480583   -2.0523975  941.8816  942.6967
2021 04 30 06 33 00    -5.2430857   -2.0498479  941.8795  942.6855
2021 04 30 06 34 00    -5.2380235   -2.0474582  941.8777  942.6830
2021 04 30 06 35 00    -5.2326553   -2.0448210  941.8767  942.6900
2021 04 30 06 36 00    -5.2270293   -2.0418753  941.8761  942.6922
2021 04 30 06 37 00    -5.2214027   -2.0389748  941.8754  942.6823
2021 04 30 06 38 00    -5.2159657   -2.0363200  941.8745  942.6675
2021 04 30 06 39 00    -5.2105412   -2.0336917  941.8730  942.6544
2021 04 30 06 40 00    -5.2048160   -2.0308290  941.8709  942.6442
2021 04 30 06 41 00    -5.1988259   -2.0278019  941.8687  942.6384
2021 04 30 06 42 00    -5.1928709   -2.0248245  941.8670  942.6370
2021 04 30 06 43 00    -5.1870089   -2.0219107  941.8658  942.6366
2021 04 30 06 44 00    -5.1809596   -2.0189107  941.8644  942.6347
2021 04 30 06 45 00    -5.1745464   -2.0157390  941.8623  942.6316
2021 04 30 06 46 00    -5.1680355   -2.0124979  941.8604  942.6288
2021 04 30 06 47 00    -5.1617427   -2.0093398  941.8590  942.6267
2021 04 30 06 48 00    -5.1555141   -2.0062471  941.8576  942.6225
2021 04 30 06 49 00    -5.1490942   -2.0031122  941.8561  942.6087
2021 04 30 06 50 00    -5.1425066   -1.9998457  941.8539  942.5741
2021 04 30 06 51 00    -5.1358142   -1.9963941  941.8511  942.5230
2021 04 30 06 52 00    -5.1291287   -1.9929315  941.8481  942.4819
2021 04 30 06 53 00    -5.1225036   -1.9896502  941.8446  942.4635
2021 04 30 06 54 00    -5.1156615   -1.9863244  941.8407  942.4541
2021 04 30 06 55 00    -5.1085102   -1.9827767  941.8369  942.4464
2021 04 30 06 56 00    -5.1013865   -1.9792600  941.8333  942.4430
2021 04 30 06 57 00    -5.0943890   -1.9758408  941.8295  942.4400
2021 04 30 06 58 00    -5.0871396   -1.9722397  941.8258  942.4348
2021 04 30 06 59 00    -5.0794354   -1.9683629  941.8227  942.4324
2021 04 30 07 00 00    -5.0716601   -1.9643892  941.8204  942.4408
2021 04 30 07 01 00    -5.0640751   -1.9604592  941.8182  942.4635
2021 04 30 07 02 00    -5.0563453   -1.9565184  941.8158  942.4858
2021 04 30 07 03 00    -5.0482427   -1.9524094  941.8138  942.4895
2021 04 30 07 04 00    -5.0400239   -1.9482010  941.8128  942.4810
2021 04 30 07 05 00    -5.0319008   -1.9441861  941.8120  942.4814
2021 04 30 07 06 00    -5.0237342   -1.9402772  941.8106  942.4992
2021 04 30 07 07 00    -5.0153730   -1.9361233  941.8088  942.5275
2021 04 30 07 08 00    -5.0069064   -1.9318460  941.8078  942.5569
2021 04 30 07 09 00    -4.9984491   -1.9276805  941.8077  942.5791
2021 04 30 07 10 00    -4.9899824   -1.9233998  941.8080  942.5876
2021 04 30 07 11 00    -4.9813901   -1.9188762  941.8086  942.5887
2021 04 30 07 12 00    -4.9725842   -1.9144358  941.8095  942.5944
2021 04 30 07 13 00    -4.9637554   -1.9102827  941.8104  942.5962
2021 04 30 07 14 00    -4.9551456   -1.9061524  941.8105  942.5766
2021 04 30 07 15 00    -4.9465463   -1.9017145  941.8099  942.5405
2021 04 30 07 16 00    -4.9376535   -1.8970582  941.8089  942.5073
2021 04 30 07 17 00    -4.9285929   -1.8924932  941.8075  942.4843
2021 04 30 07 18 00    -4.9195432   -1.8880194  941.8051  942.4677
2021 04 30 07 19 00    -4.9104730   -1.8834716  941.8018  942.4573
2021 04 30 07 20 00    -4.9012950   -1.8788560  941.7989  942.4566
2021 04 30 07 21 00    -4.8918982   -1.8741689  941.7972  942.4658
2021 04 30 07 22 00    -4.8823662   -1.8693934  941.7959  942.4788
2021 04 30 07 23 00    -4.8727829   -1.8645694  941.7946  942.4858
2021 04 30 07 24 00    -4.8630226   -1.8596690  941.7929  942.4845
2021 04 30 07 25 00    -4.8531309   -1.8547163  941.7912  942.4804
2021 04 30 07 26 00    -4.8431859   -1.8497871  941.7899  942.4739
2021 04 30 07 27 00    -4.8331489   -1.8448278  941.7888  942.4627
2021 04 30 07 28 00    -4.8230725   -1.8397825  941.7868  942.4535
2021 04 30 07 29 00    -4.8129547   -1.8347152  941.7842  942.4536
2021 04 30 07 30 00    -4.8027211   -1.8295993  941.7824  942.4591
2021 04 30 07 31 00    -4.7923313   -1.8242803  941.7815  942.4612
2021 04 30 07 32 00    -4.7817904   -1.8188001  941.7807  942.4612
2021 04 30 07 33 00    -4.7712310   -1.8134349  941.7796  942.4712
2021 04 30 07 34 00    -4.7607517   -1.8082856  941.7779  942.4889
2021 04 30 07 35 00    -4.7502365   -1.8031448  941.7756  942.4975
2021 04 30 07 36 00    -4.7395025   -1.7978037  941.7736  942.5011
2021 04 30 07 37 00    -4.7285313   -1.7922713  941.7733  942.5198
2021 04 30 07 38 00    -4.7174796   -1.7866780  941.7741  942.5477
2021 04 30 07 39 00    -4.7064620   -1.7810730  941.7744  942.5582
2021 04 30 07 40 00    -4.6954439   -1.7754768  941.7744  942.5491
2021 04 30 07 41 00    -4.6842994   -1.7699387  941.7747  942.5477
2021 04 30 07 42 00    -4.6729975   -1.7643879  941.7749  942.5667
2021 04 30 07 43 00    -4.6616648   -1.7587334  941.7754  942.5868
2021 04 30 07 44 00    -4.6503463   -1.7530262  941.7763  942.5866
2021 04 30 07 45 00    -4.6389617   -1.7473048  941.7768  942.5660
2021 04 30 07 46 00    -4.6274827   -1.7415526  941.7764  942.5392
2021 04 30 07 47 00    -4.6159686   -1.7358340  941.7747  942.5188
2021 04 30 07 48 00    -4.6044038   -1.7301487  941.7732  942.5118
2021 04 30 07 49 00    -4.5926814   -1.7243457  941.7732  942.5210
2021 04 30 07 50 00    -4.5808029   -1.7183532  941.7741  942.5362
2021 04 30 07 51 00    -4.5688460   -1.7122531  941.7745  942.5386
2021 04 30 07 52 00    -4.5568658   -1.7061675  941.7739  942.5237
2021 04 30 07 53 00    -4.5448720   -1.7001456  941.7730  942.5085
2021 04 30 07 54 00    -4.5328075   -1.6941414  941.7724  942.5104
2021 04 30 07 55 00    -4.5205987   -1.6881073  941.7724  942.5230
2021 04 30 07 56 00    -4.5082113   -1.6819962  941.7727  942.5249
2021 04 30 07 57 00    -4.4957915   -1.6757944  941.7726  942.5104
2021 04 30 07 58 00    -4.4834961   -1.6696067  941.7717  942.4898
2021 04 30 07 59 00    -4.4711777   -1.6634594  941.7703  942.4729
2021 04 30 08 00 00    -4.4586712   -1.6572040  941.7686  942.4627
2021 04 30 08 01 00    -4.4460252   -1.6508219  941.7663  942.4547
2021 04 30 08 02 00    -4.4333149   -1.6444412  941.7643  942.4474
2021 04 30 08 03 00    -4.4205161   -1.6380521  941.7635  942.4465
2021 04 30 08 04 00    -4.4075518   -1.6315634  941.7630  942.4516
2021 04 30 08 05 00    -4.3945511   -1.6250212  941.7619  942.4544
2021 04 30 08 06 00    -4.3816968   -1.6185880  941.7609  942.4519
2021 04 30 08 07 00    -4.3687770   -1.6122655  941.7596  942.4476
2021 04 30 08 08 00    -4.3555286   -1.6057724  941.7576  942.4444
2021 04 30 08 09 00    -4.3421607   -1.5990293  941.7557  942.4368
2021 04 30 08 10 00    -4.3289977   -1.5923631  941.7543  942.4132
2021 04 30 08 11 00    -4.3158295   -1.5858285  941.7527  942.3738
2021 04 30 08 12 00    -4.3022986   -1.5791401  941.7500  942.3403
2021 04 30 08 13 00    -4.2886100   -1.5722959  941.7469  942.3396
2021 04 30 08 14 00    -4.2748764   -1.5653570  941.7450  942.3833
2021 04 30 08 15 00    -4.2607486   -1.5582115  941.7448  942.4555
2021 04 30 08 16 00    -4.2463834   -1.5510267  941.7454  942.5191
2021 04 30 08 17 00    -4.2323382   -1.5440378  941.7462  942.5481
2021 04 30 08 18 00    -4.2185052   -1.5370861  941.7473  942.5501
2021 04 30 08 19 00    -4.2044060   -1.5300153  941.7492  942.5518
2021 04 30 08 20 00    -4.1900294   -1.5228901  941.7512  942.5705
2021 04 30 08 21 00    -4.1755787   -1.5156528  941.7527  942.6000
2021 04 30 08 22 00    -4.1611513   -1.5082607  941.7538  942.6222
2021 04 30 08 23 00    -4.1468402   -1.5009379  941.7552  942.6310
2021 04 30 08 24 00    -4.1325189   -1.4938252  941.7574  942.6353
2021 04 30 08 25 00    -4.1179878   -1.4867726  941.7602  942.6444
2021 04 30 08 26 00    -4.1034012   -1.4796232  941.7626  942.6579
2021 04 30 08 27 00    -4.0889322   -1.4723697  941.7642  942.6673
2021 04 30 08 28 00    -4.0744558   -1.4650204  941.7663  942.6726
2021 04 30 08 29 00    -4.0598011   -1.4575587  941.7692  942.6838
2021 04 30 08 30 00    -4.0449340   -1.4500333  941.7722  942.6992
2021 04 30 08 31 00    -4.0299259   -1.4424561  941.7749  942.7085
2021 04 30 08 32 00    -4.0148360   -1.4348331  941.7778  942.7131
2021 04 30 08 33 00    -3.9997668   -1.4273634  941.7808  942.7224
2021 04 30 08 34 00    -3.9848348   -1.4200676  941.7834  942.7362
2021 04 30 08 35 00    -3.9699102   -1.4126320  941.7857  942.7415
2021 04 30 08 36 00    -3.9548997   -1.4050558  941.7881  942.7288
2021 04 30 08 37 00    -3.9399764   -1.3975780  941.7903  942.7035
2021 04 30 08 38 00    -3.9250769   -1.3901068  941.7916  942.6772
2021 04 30 08 39 00    -3.9099819   -1.3825594  941.7919  942.6562
2021 04 30 08 40 00    -3.8948110   -1.3750518  941.7919  942.6388
2021 04 30 08 41 00    -3.8796528   -1.3674501  941.7915  942.6208
2021 04 30 08 42 00    -3.8643605   -1.3596493  941.7909  942.6067
2021 04 30 08 43 00    -3.8489526   -1.3518809  941.7907  942.6028
2021 04 30 08 44 00    -3.8334849   -1.3441502  941.7910  942.6034
2021 04 30 08 45 00    -3.8179439   -1.3362872  941.7912  942.5990
2021 04 30 08 46 00    -3.8024661   -1.3284852  941.7913  942.5899
2021 04 30 08 47 00    -3.7869981   -1.3208527  941.7910  942.5799
2021 04 30 08 48 00    -3.7712233   -1.3130668  941.7899  942.5699
2021 04 30 08 49 00    -3.7552086   -1.3050238  941.7886  942.5624
2021 04 30 08 50 00    -3.7393133   -1.2969650  941.7881  942.5631
2021 04 30 08 51 00    -3.7234683   -1.2889469  941.7885  942.5755
2021 04 30 08 52 00    -3.7073666   -1.2809347  941.7891  942.5983
2021 04 30 08 53 00    -3.6911200   -1.2729820  941.7892  942.6233
2021 04 30 08 54 00    -3.6749401   -1.2649799  941.7898  942.6431
2021 04 30 08 55 00    -3.6586978   -1.2567814  941.7916  942.6586
2021 04 30 08 56 00    -3.6423654   -1.2484909  941.7939  942.6697
2021 04 30 08 57 00    -3.6260878   -1.2402684  941.7949  942.6730
2021 04 30 08 58 00    -3.6098296   -1.2321179  941.7948  942.6715
2021 04 30 08 59 00    -3.5935997   -1.2240011  941.7954  942.6724
2021 04 30 09 00 00    -3.5774388   -1.2158993  941.7966  942.6738
2021 04 30 09 01 00    -3.5611669   -1.2077748  941.7976  942.6658
2021 04 30 09 02 00    -3.5447200   -1.1995696  941.7981  942.6474
2021 04 30 09 03 00    -3.5282888   -1.1912191  941.7980  942.6301
2021 04 30 09 04 00    -3.5119715   -1.1828362  941.7976  942.6216
2021 04 30 09 05 00    -3.4956749   -1.1746804  941.7974  942.6163
2021 04 30 09 06 00    -3.4792976   -1.1667058  941.7974  942.6066
2021 04 30 09 07 00    -3.4628461   -1.1585871  941.7973  942.5916
2021 04 30 09 08 00    -3.4463609   -1.1502865  941.7969  942.5741
2021 04 30 09 09 00    -3.4298349   -1.1420217  941.7958  942.5547
2021 04 30 09 10 00    -3.4132924   -1.1337638  941.7938  942.5322
2021 04 30 09 11 00    -3.3967998   -1.1254090  941.7915  942.5055
2021 04 30 09 12 00    -3.3803304   -1.1171227  941.7894  942.4745
2021 04 30 09 13 00    -3.3638306   -1.1089962  941.7864  942.4403
2021 04 30 09 14 00    -3.3472031   -1.1007579  941.7821  942.4059
2021 04 30 09 15 00    -3.3302819   -1.0922201  941.7779  942.3783
2021 04 30 09 16 00    -3.3132513   -1.0836617  941.7742  942.3660
2021 04 30 09 17 00    -3.2964077   -1.0752802  941.7702  942.3659
2021 04 30 09 18 00    -3.2795521   -1.0668750  941.7662  942.3635
2021 04 30 09 19 00    -3.2625203   -1.0583873  941.7628  942.3576
2021 04 30 09 20 00    -3.2455038   -1.0498613  941.7597  942.3600
2021 04 30 09 21 00    -3.2284868   -1.0412335  941.7565  942.3700
2021 04 30 09 22 00    -3.2113367   -1.0326281  941.7539  942.3824
2021 04 30 09 23 00    -3.1940916   -1.0240701  941.7518  942.4032
2021 04 30 09 24 00    -3.1767240   -1.0153479  941.7501  942.4340
2021 04 30 09 25 00    -3.1591960   -1.0065396  941.7494  942.4626
2021 04 30 09 26 00    -3.1415952   -0.9977967  941.7499  942.4823
2021 04 30 09 27 00    -3.1240034   -0.9890204  941.7498  942.5001
2021 04 30 09 28 00    -3.1064745   -0.9802026  941.7491  942.5221
2021 04 30 09 29 00    -3.0889748   -0.9713958  941.7496  942.5469
2021 04 30 09 30 00    -3.0714379   -0.9626029  941.7516  942.5769
2021 04 30 09 31 00    -3.0538537   -0.9539136  941.7539  942.6161
2021 04 30 09 32 00    -3.0361138   -0.9452039  941.7562  942.6627
2021 04 30 09 33 00    -3.0182539   -0.9361938  941.7591  942.7146
2021 04 30 09 34 00    -3.0005357   -0.9270126  941.7631  942.7699
2021 04 30 09 35 00    -2.9828184   -0.9179873  941.7683  942.8232
2021 04 30 09 36 00    -2.9647562   -0.9091238  941.7742  942.8682
2021 04 30 09 37 00    -2.9465903   -0.9002378  941.7803  942.9036
2021 04 30 09 38 00    -2.9287801   -0.8913439  941.7862  942.9325
2021 04 30 09 39 00    -2.9112375   -0.8825915  941.7917  942.9553
2021 04 30 09 40 00    -2.8935509   -0.8738387  941.7967  942.9681
2021 04 30 09 41 00    -2.8757184   -0.8649160  941.8015  942.9707
2021 04 30 09 42 00    -2.8581073   -0.8560337  941.8067  942.9701
2021 04 30 09 43 00    -2.8406913   -0.8472536  941.8125  942.9713
2021 04 30 09 44 00    -2.8230778   -0.8384162  941.8188  942.9723
2021 04 30 09 45 00    -2.8052604   -0.8296393  941.8248  942.9710
2021 04 30 09 46 00    -2.7875851   -0.8209466  941.8302  942.9700
2021 04 30 09 47 00    -2.7700428   -0.8120286  941.8353  942.9734
2021 04 30 09 48 00    -2.7523606   -0.8029401  941.8405  942.9829
2021 04 30 09 49 00    -2.7345862   -0.7940641  941.8458  942.9964
2021 04 30 09 50 00    -2.7167949   -0.7852841  941.8511  943.0111
2021 04 30 09 51 00    -2.6989527   -0.7763234  941.8563  943.0255
2021 04 30 09 52 00    -2.6811932   -0.7673665  941.8615  943.0356
2021 04 30 09 53 00    -2.6634406   -0.7585674  941.8667  943.0387
2021 04 30 09 54 00    -2.6455638   -0.7498005  941.8716  943.0391
2021 04 30 09 55 00    -2.6277442   -0.7409128  941.8764  943.0405
2021 04 30 09 56 00    -2.6101145   -0.7319039  941.8808  943.0371
2021 04 30 09 57 00    -2.5926632   -0.7230266  941.8852  943.0213
2021 04 30 09 58 00    -2.5752147   -0.7143380  941.8898  942.9933
2021 04 30 09 59 00    -2.5576130   -0.7055433  941.8934  942.9635
2021 04 30 10 00 00    -2.5400878   -0.6966349  941.8952  942.9478
2021 04 30 10 01 00    -2.5226306   -0.6878008  941.8968  942.9553
2021 04 30 10 02 00    -2.5048089   -0.6789418  941.9002  942.9817
2021 04 30 10 03 00    -2.4867271   -0.6700049  941.9047  943.0151
2021 04 30 10 04 00    -2.4688362   -0.6611365  941.9089  943.0450
2021 04 30 10 05 00    -2.4510952   -0.6522813  941.9128  943.0650
2021 04 30 10 06 00    -2.4332388   -0.6432164  941.9171  943.0729
2021 04 30 10 07 00    -2.4152810   -0.6340676  941.9215  943.0712
2021 04 30 10 08 00    -2.3974879   -0.6252390  941.9253  943.0660
2021 04 30 10 09 00    -2.3799530   -0.6166494  941.9286  943.0613
2021 04 30 10 10 00    -2.3623625   -0.6078005  941.9314  943.0574
2021 04 30 10 11 00    -2.3445596   -0.5987137  941.9343  943.0541
2021 04 30 10 12 00    -2.3268083   -0.5898780  941.9376  943.0535
2021 04 30 10 13 00    -2.3092088   -0.5812722  941.9410  943.0547
2021 04 30 10 14 00    -2.2916308   -0.5724395  941.9440  943.0528
2021 04 30 10 15 00    -2.2740326   -0.5633954  941.9469  943.0447
2021 04 30 10 16 00    -2.2563733   -0.5544892  941.9497  943.0332
2021 04 30 10 17 00    -2.2387354   -0.5457539  941.9519  943.0242
2021 04 30 10 18 00    -2.2213022   -0.5370512  941.9536  943.0224
2021 04 30 10 19 00    -2.2038607   -0.5282706  941.9556  943.0288
2021 04 30 10 20 00    -2.1860695   -0.5193386  941.9587  943.0421
2021 04 30 10 21 00    -2.1681552   -0.5104296  941.9627  943.0611
2021 04 30 10 22 00    -2.1505418   -0.5016861  941.9664  943.0835
2021 04 30 10 23 00    -2.1330719   -0.4928751  941.9697  943.1051
2021 04 30 10 24 00    -2.1154428   -0.4839367  941.9734  943.1212
2021 04 30 10 25 00    -2.0978305   -0.4751868  941.9776  943.1308
2021 04 30 10 26 00    -2.0803452   -0.4665755  941.9815  943.1361
2021 04 30 10 27 00    -2.0628610   -0.4577921  941.9846  943.1381
2021 04 30 10 28 00    -2.0454090   -0.4489866  941.9875  943.1359
2021 04 30 10 29 00    -2.0280390   -0.4403687  941.9904  943.1302
2021 04 30 10 30 00    -2.0107282   -0.4317227  941.9937  943.1251
2021 04 30 10 31 00    -1.9934060   -0.4229161  941.9970  943.1233
2021 04 30 10 32 00    -1.9759987   -0.4141534  942.0001  943.1238
2021 04 30 10 33 00    -1.9586663   -0.4055404  942.0030  943.1230
2021 04 30 10 34 00    -1.9415267   -0.3969268  942.0058  943.1191
2021 04 30 10 35 00    -1.9243084   -0.3882068  942.0085  943.1122
2021 04 30 10 36 00    -1.9069873   -0.3795191  942.0110  943.1017
2021 04 30 10 37 00    -1.8899569   -0.3710206  942.0129  943.0875
2021 04 30 10 38 00    -1.8731383   -0.3625503  942.0141  943.0721
2021 04 30 10 39 00    -1.8561768   -0.3539355  942.0151  943.0618
2021 04 30 10 40 00    -1.8391115   -0.3453842  942.0162  943.0636
2021 04 30 10 41 00    -1.8220407   -0.3370022  942.0175  943.0770
2021 04 30 10 42 00    -1.8049648   -0.3285319  942.0193  943.0941
2021 04 30 10 43 00    -1.7878996   -0.3198849  942.0218  943.1083
2021 04 30 10 44 00    -1.7708696   -0.3112680  942.0246  943.1141
2021 04 30 10 45 00    -1.7539545   -0.3028150  942.0274  943.1074
2021 04 30 10 46 00    -1.7371365   -0.2944769  942.0295  943.0919
2021 04 30 10 47 00    -1.7203842   -0.2861427  942.0305  943.0758
2021 04 30 10 48 00    -1.7037212   -0.2777335  942.0312  943.0628
2021 04 30 10 49 00    -1.6870321   -0.2692876  942.0324  943.0535
2021 04 30 10 50 00    -1.6703051   -0.2609424  942.0332  943.0495
2021 04 30 10 51 00    -1.6536644   -0.2527138  942.0334  943.0496
2021 04 30 10 52 00    -1.6370915   -0.2444553  942.0342  943.0491
2021 04 30 10 53 00    -1.6205256   -0.2361141  942.0353  943.0449
2021 04 30 10 54 00    -1.6039247   -0.2277835  942.0359  943.0367
2021 04 30 10 55 00    -1.5873553   -0.2195553  942.0362  943.0270
2021 04 30 10 56 00    -1.5709847   -0.2114296  942.0367  943.0179
2021 04 30 10 57 00    -1.5547158   -0.2032548  942.0370  943.0088
2021 04 30 10 58 00    -1.5383264   -0.1949103  942.0369  943.0001
2021 04 30 10 59 00    -1.5219159   -0.1865684  942.0366  942.9950
2021 04 30 11 00 00    -1.5057121   -0.1784610  942.0361  942.9939
2021 04 30 11 01 00    -1.4896577   -0.1704918  942.0354  942.9930
2021 04 30 11 02 00    -1.4735140   -0.1624007  942.0352  942.9916
2021 04 30 11 03 00    -1.4572739   -0.1541976  942.0351  942.9899
2021 04 30 11 04 00    -1.4411911   -0.1461083  942.0346  942.9884
2021 04 30 11 05 00    -1.4252206   -0.1381144  942.0338  942.9946
2021 04 30 11 06 00    -1.4089992   -0.1300035  942.0339  943.0146
2021 04 30 11 07 00    -1.3926172   -0.1218077  942.0352  943.0446
2021 04 30 11 08 00    -1.3764581   -0.1136831  942.0367  943.0797
2021 04 30 11 09 00    -1.3604721   -0.1056507  942.0384  943.1154
2021 04 30 11 10 00    -1.3444109   -0.0976702  942.0413  943.1457
2021 04 30 11 11 00    -1.3283468   -0.0897069  942.0450  943.1709
2021 04 30 11 12 00    -1.3125262   -0.0818134  942.0485  943.1929
2021 04 30 11 13 00    -1.2969005   -0.0740248  942.0516  943.2083
2021 04 30 11 14 00    -1.2812490   -0.0662343  942.0548  943.2159
2021 04 30 11 15 00    -1.2655828   -0.0584049  942.0586  943.2234
2021 04 30 11 16 00    -1.2500125   -0.0505858  942.0624  943.2359
2021 04 30 11 17 00    -1.2345906   -0.0428562  942.0662  943.2496
2021 04 30 11 18 00    -1.2193288   -0.0353262  942.0702  943.2636
2021 04 30 11 19 00    -1.2041238   -0.0278221  942.0746  943.2788
2021 04 30 11 20 00    -1.1888562   -0.0201206  942.0789  943.2887
2021 04 30 11 21 00    -1.1735559   -0.0124435  942.0825  943.2898
2021 04 30 11 22 00    -1.1583714   -0.0049269  942.0860  943.2910
2021 04 30 11 23 00    -1.1434129    0.0026476  942.0904  943.2999
2021 04 30 11 24 00    -1.1285007    0.0102939  942.0951  943.3113
2021 04 30 11 25 00    -1.1133480    0.0178846  942.0993  943.3210
2021 04 30 11 26 00    -1.0981857    0.0254302  942.1033  943.3345
2021 04 30 11 27 00    -1.0833521    0.0329597  942.1079  943.3551
2021 04 30 11 28 00    -1.0686100    0.0404390  942.1124  943.3787
2021 04 30 11 29 00    -1.0538912    0.0477342  942.1168  943.3993
2021 04 30 11 30 00    -1.0393911    0.0548989  942.1220  943.4136
2021 04 30 11 31 00    -1.0248016    0.0622375  942.1281  943.4251
2021 04 30 11 32 00    -1.0100266    0.0696875  942.1338  943.4404
2021 04 30 11 33 00    -0.9955233    0.0769388  942.1387  943.4594
2021 04 30 11 34 00    -0.9812858    0.0840592  942.1438  943.4767
2021 04 30 11 35 00    -0.9669501    0.0912406  942.1496  943.4879
2021 04 30 11 36 00    -0.9525821    0.0984578  942.1555  943.4918
2021 04 30 11 37 00    -0.9384752    0.1056041  942.1606  943.4913
2021 04 30 11 38 00    -0.9246441    0.1125728  942.1653  943.4925
2021 04 30 11 39 00    -0.9108203    0.1193750  942.1706  943.4964
2021 04 30 11 40 00    -0.8968808    0.1261738  942.1766  943.4954
2021 04 30 11 41 00    -0.8831431    0.1330434  942.1821  943.4826
2021 04 30 11 42 00    -0.8698141    0.1399159  942.1863  943.4603
2021 04 30 11 43 00    -0.8564892    0.1467593  942.1897  943.4389
2021 04 30 11 44 00    -0.8428401    0.1535875  942.1934  943.4280
2021 04 30 11 45 00    -0.8292138    0.1603144  942.1973  943.4272
2021 04 30 11 46 00    -0.8159453    0.1668443  942.2009  943.4270
2021 04 30 11 47 00    -0.8028157    0.1733172  942.2041  943.4217
2021 04 30 11 48 00    -0.7896537    0.1799327  942.2068  943.4153
2021 04 30 11 49 00    -0.7765962    0.1866405  942.2092  943.4145
2021 04 30 11 50 00    -0.7636370    0.1932683  942.2115  943.4221
2021 04 30 11 51 00    -0.7506428    0.1997279  942.2142  943.4336
2021 04 30 11 52 00    -0.7376499    0.2060719  942.2178  943.4385
2021 04 30 11 53 00    -0.7248922    0.2124146  942.2217  943.4288
2021 04 30 11 54 00    -0.7124715    0.2186998  942.2252  943.4102
2021 04 30 11 55 00    -0.7001069    0.2248253  942.2276  943.3981
2021 04 30 11 56 00    -0.6875958    0.2308936  942.2300  943.4018
2021 04 30 11 57 00    -0.6750853    0.2370267  942.2330  943.4144
2021 04 30 11 58 00    -0.6626548    0.2432862  942.2360  943.4228
2021 04 30 11 59 00    -0.6502132    0.2496806  942.2388  943.4252
2021 04 30 12 00 00    -0.6377494    0.2560091  942.2422  943.4351
2021 04 30 12 01 00    -0.6253825    0.2621384  942.2460  943.4648
2021 04 30 12 02 00    -0.6132259    0.2682764  942.2493  943.5093
2021 04 30 12 03 00    -0.6012090    0.2745094  942.2524  943.5498
2021 04 30 12 04 00    -0.5891583    0.2806142  942.2562  943.5697
2021 04 30 12 05 00    -0.5771516    0.2864946  942.2609  943.5654
2021 04 30 12 06 00    -0.5654618    0.2921965  942.2659  943.5530
2021 04 30 12 07 00    -0.5540622    0.2978211  942.2703  943.5572
2021 04 30 12 08 00    -0.5426624    0.3035806  942.2742  943.5808
2021 04 30 12 09 00    -0.5312255    0.3094457  942.2788  943.5981
2021 04 30 12 10 00    -0.5199372    0.3151399  942.2838  943.5898
2021 04 30 12 11 00    -0.5088080    0.3206468  942.2883  943.5674
2021 04 30 12 12 00    -0.4977268    0.3261826  942.2920  943.5552
2021 04 30 12 13 00    -0.4867002    0.3317775  942.2957  943.5614
2021 04 30 12 14 00    -0.4757206    0.3373193  942.2990  943.5787
2021 04 30 12 15 00    -0.4647155    0.3428078  942.3023  943.5970
2021 04 30 12 16 00    -0.4538115    0.3482375  942.3064  943.6075
2021 04 30 12 17 00    -0.4431100    0.3535731  942.3110  943.6070
2021 04 30 12 18 00    -0.4324612    0.3589064  942.3153  943.6034
2021 04 30 12 19 00    -0.4219288    0.3642291  942.3191  943.6069
2021 04 30 12 20 00    -0.4116717    0.3694310  942.3234  943.6174
2021 04 30 12 21 00    -0.4014666    0.3745780  942.3279  943.6294
2021 04 30 12 22 00    -0.3911907    0.3796625  942.3321  943.6409
2021 04 30 12 23 00    -0.3810444    0.3846207  942.3360  943.6533
2021 04 30 12 24 00    -0.3710133    0.3896422  942.3403  943.6673
2021 04 30 12 25 00    -0.3609414    0.3947412  942.3451  943.6838
2021 04 30 12 26 00    -0.3509440    0.3996804  942.3499  943.7037
2021 04 30 12 27 00    -0.3412097    0.4045130  942.3551  943.7242
2021 04 30 12 28 00    -0.3316228    0.4093919  942.3606  943.7403
2021 04 30 12 29 00    -0.3220433    0.4142175  942.3657  943.7514
2021 04 30 12 30 00    -0.3126808    0.4188477  942.3704  943.7603
2021 04 30 12 31 00    -0.3035582    0.4234154  942.3754  943.7669
2021 04 30 12 32 00    -0.2942966    0.4281924  942.3806  943.7699
2021 04 30 12 33 00    -0.2849436    0.4330028  942.3856  943.7708
2021 04 30 12 34 00    -0.2759700    0.4374286  942.3907  943.7714
2021 04 30 12 35 00    -0.2674038    0.4415479  942.3959  943.7709
2021 04 30 12 36 00    -0.2588790    0.4457232  942.4005  943.7665
2021 04 30 12 37 00    -0.2502684    0.4500801  942.4043  943.7561
2021 04 30 12 38 00    -0.2417580    0.4544450  942.4078  943.7410
2021 04 30 12 39 00    -0.2334462    0.4586145  942.4114  943.7275
2021 04 30 12 40 00    -0.2251846    0.4626987  942.4146  943.7226
2021 04 30 12 41 00    -0.2169151    0.4668801  942.4179  943.7259
2021 04 30 12 42 00    -0.2088547    0.4710085  942.4217  943.7272
2021 04 30 12 43 00    -0.2011333    0.4748785  942.4257  943.7149
2021 04 30 12 44 00    -0.1934858    0.4786278  942.4290  943.6889
2021 04 30 12 45 00    -0.1857282    0.4824505  942.4316  943.6611
2021 04 30 12 46 00    -0.1781700    0.4862065  942.4342  943.6406
2021 04 30 12 47 00    -0.1709779    0.4897628  942.4367  943.6256
2021 04 30 12 48 00    -0.1638105    0.4932926  942.4384  943.6102
2021 04 30 12 49 00    -0.1564783    0.4969109  942.4394  943.5935
2021 04 30 12 50 00    -0.1492642    0.5005325  942.4404  943.5768
2021 04 30 12 51 00    -0.1423845    0.5041231  942.4411  943.5620
2021 04 30 12 52 00    -0.1356589    0.5076740  942.4412  943.5532
2021 04 30 12 53 00    -0.1288570    0.5110991  942.4413  943.5520
2021 04 30 12 54 00    -0.1220005    0.5143382  942.4425  943.5523
2021 04 30 12 55 00    -0.1153080    0.5174549  942.4441  943.5462
2021 04 30 12 56 00    -0.1088812    0.5206802  942.4448  943.5291
2021 04 30 12 57 00    -0.1024839    0.5241274  942.4444  943.5022
2021 04 30 12 58 00    -0.0960435    0.5274595  942.4433  943.4725
2021 04 30 12 59 00    -0.0898962    0.5304329  942.4419  943.4508
2021 04 30 13 00 00    -0.0840292    0.5333359  942.4406  943.4446
2021 04 30 13 01 00    -0.0780036    0.5363753  942.4398  943.4500
2021 04 30 13 02 00    -0.0718145    0.5394605  942.4395  943.4566
2021 04 30 13 03 00    -0.0658120    0.5425626  942.4393  943.4630
2021 04 30 13 04 00    -0.0600431    0.5455731  942.4389  943.4753
2021 04 30 13 05 00    -0.0544218    0.5483308  942.4384  943.4904
2021 04 30 13 06 00    -0.0489398    0.5509910  942.4387  943.4961
2021 04 30 13 07 00    -0.0436308    0.5536738  942.4397  943.4855
2021 04 30 13 08 00    -0.0386463    0.5561508  942.4403  943.4596
2021 04 30 13 09 00    -0.0339078    0.5584557  942.4394  943.4255
2021 04 30 13 10 00    -0.0290982    0.5609086  942.4375  943.4011
2021 04 30 13 11 00    -0.0241632    0.5634637  942.4360  943.4001
2021 04 30 13 12 00    -0.0192884    0.5658813  942.4355  943.4155
2021 04 30 13 13 00    -0.0146068    0.5681796  942.4350  943.4346
2021 04 30 13 14 00    -0.0100124    0.5705371  942.4336  943.4548
2021 04 30 13 15 00    -0.0053389    0.5729474  942.4329  943.4750
2021 04 30 13 16 00    -0.0007090    0.5752081  942.4343  943.4840
2021 04 30 13 17 00     0.0035817    0.5772905  942.4361  943.4655
2021 04 30 13 18 00     0.0074279    0.5793099  942.4361  943.4219
2021 04 30 13 19 00     0.0111028    0.5812557  942.4341  943.3811
2021 04 30 13 20 00     0.0148834    0.5830992  942.4313  943.3650
2021 04 30 13 21 00     0.0186474    0.5848925  942.4296  943.3683
2021 04 30 13 22 00     0.0222525    0.5866897  942.4292  943.3738
2021 04 30 13 23 00     0.0257603    0.5885238  942.4290  943.3738
2021 04 30 13 24 00     0.0291739    0.5903325  942.4279  943.3765
2021 04 30 13 25 00     0.0324898    0.5919846  942.4258  943.3900
2021 04 30 13 26 00     0.0357580    0.5934975  942.4238  943.4077
2021 04 30 13 27 00     0.0389356    0.5950021  942.4232  943.4131
2021 04 30 13 28 00     0.0419113    0.5965274  942.4239  943.3944
2021 04 30 13 29 00     0.0446070    0.5979315  942.4247  943.3622
2021 04 30 13 30 00     0.0471074    0.5990824  942.4242  943.3463
2021 04 30 13 31 00     0.0497027    0.6001942  942.4226  943.3630
2021 04 30 13 32 00     0.0525400    0.6016006  942.4213  943.4035
2021 04 30 13 33 00     0.0554036    0.6031769  942.4216  943.4556
2021 04 30 13 34 00     0.0581232    0.6045409  942.4240  943.5118
2021 04 30 13 35 00     0.0606932    0.6056327  942.4273  943.5677
2021 04 30 13 36 00     0.0630155    0.6066880  942.4310  943.6150
2021 04 30 13 37 00     0.0651029    0.6078260  942.4349  943.6389
2021 04 30 13 38 00     0.0670183    0.6088946  942.4387  943.6314
2021 04 30 13 39 00     0.0686780    0.6097714  942.4419  943.6045
2021 04 30 13 40 00     0.0701644    0.6105597  942.4444  943.5840
2021 04 30 13 41 00     0.0716375    0.6113117  942.4465  943.5850
2021 04 30 13 42 00     0.0730320    0.6119652  942.4487  943.5940
2021 04 30 13 43 00     0.0742352    0.6125711  942.4513  943.5927
2021 04 30 13 44 00     0.0753325    0.6131720  942.4541  943.5901
2021 04 30 13 45 00     0.0764837    0.6137105  942.4572  943.6052
2021 04 30 13 46 00     0.0776438    0.6142382  942.4608  943.6372
2021 04 30 13 47 00     0.0787033    0.6148744  942.4646  943.6672
2021 04 30 13 48 00     0.0796284    0.6155396  942.4686  943.6769
2021 04 30 13 49 00     0.0802052    0.6158793  942.4722  943.6630
2021 04 30 13 50 00     0.0802624    0.6157025  942.4748  943.6380
2021 04 30 13 51 00     0.0801112    0.6154212  942.4768  943.6174
2021 04 30 13 52 00     0.0801298    0.6154942  942.4787  943.6061
2021 04 30 13 53 00     0.0802038    0.6157394  942.4809  943.6003
2021 04 30 13 54 00     0.0801018    0.6157701  942.4831  943.5948
2021 04 30 13 55 00     0.0798572    0.6155869  942.4849  943.5842
2021 04 30 13 56 00     0.0794006    0.6153028  942.4860  943.5659
2021 04 30 13 57 00     0.0786826    0.6149216  942.4870  943.5443
2021 04 30 13 58 00     0.0779509    0.6145651  942.4883  943.5225
2021 04 30 13 59 00     0.0772236    0.6142446  942.4894  943.4961
2021 04 30 14 00 00     0.0763022    0.6137445  942.4895  943.4646
2021 04 30 14 01 00     0.0752112    0.6131379  942.4881  943.4359
2021 04 30 14 02 00     0.0739680    0.6126206  942.4864  943.4144
2021 04 30 14 03 00     0.0725498    0.6120010  942.4847  943.3935
2021 04 30 14 04 00     0.0710489    0.6111280  942.4824  943.3635
2021 04 30 14 05 00     0.0693760    0.6101581  942.4793  943.3190
2021 04 30 14 06 00     0.0673816    0.6091587  942.4757  943.2638
2021 04 30 14 07 00     0.0652942    0.6081961  942.4713  943.2102
2021 04 30 14 08 00     0.0633033    0.6073545  942.4652  943.1648
2021 04 30 14 09 00     0.0611498    0.6063517  942.4572  943.1195
2021 04 30 14 10 00     0.0587462    0.6050213  942.4487  943.0730
2021 04 30 14 11 00     0.0564579    0.6037552  942.4406  943.0449
2021 04 30 14 12 00     0.0544007    0.6027356  942.4331  943.0516
2021 04 30 14 13 00     0.0522625    0.6016774  942.4265  943.0770
2021 04 30 14 14 00     0.0499415    0.6005341  942.4205  943.0870
2021 04 30 14 15 00     0.0475140    0.5993623  942.4142  943.0702
2021 04 30 14 16 00     0.0448761    0.5979799  942.4074  943.0489
2021 04 30 14 17 00     0.0420326    0.5964780  942.4006  943.0456
2021 04 30 14 18 00     0.0391476    0.5950711  942.3946  943.0614
2021 04 30 14 19 00     0.0363298    0.5936359  942.3896  943.0913
2021 04 30 14 20 00     0.0336203    0.5921482  942.3860  943.1370
2021 04 30 14 21 00     0.0309915    0.5907778  942.3839  943.1977
2021 04 30 14 22 00     0.0283248    0.5894996  942.3833  943.2595
2021 04 30 14 23 00     0.0253519    0.5881323  942.3841  943.2963
2021 04 30 14 24 00     0.0219499    0.5865274  942.3856  943.2933
2021 04 30 14 25 00     0.0183445    0.5847037  942.3864  943.2676
2021 04 30 14 26 00     0.0147178    0.5828560  942.3861  943.2525
2021 04 30 14 27 00     0.0110634    0.5810615  942.3856  943.2590
2021 04 30 14 28 00     0.0073096    0.5791454  942.3855  943.2754
2021 04 30 14 29 00     0.0033055    0.5770209  942.3860  943.2938
2021 04 30 14 30 00    -0.0009866    0.5748981  942.3870  943.3102
2021 04 30 14 31 00    -0.0053425    0.5729293  942.3886  943.3073
2021 04 30 14 32 00    -0.0097296    0.5708224  942.3896  943.2700
2021 04 30 14 33 00    -0.0144988    0.5682441  942.3894  943.2071
2021 04 30 14 34 00    -0.0196885    0.5654202  942.3870  943.1426
2021 04 30 14 35 00    -0.0248671    0.5627620  942.3826  943.0942
2021 04 30 14 36 00    -0.0298394    0.5603024  942.3772  943.0667
2021 04 30 14 37 00    -0.0348298    0.5578537  942.3720  943.0592
2021 04 30 14 38 00    -0.0399936    0.5553441  942.3673  943.0650
2021 04 30 14 39 00    -0.0451584    0.5528305  942.3631  943.0713
2021 04 30 14 40 00    -0.0502352    0.5502884  942.3592  943.0701
2021 04 30 14 41 00    -0.0554725    0.5476231  942.3556  943.0635
2021 04 30 14 42 00    -0.0609741    0.5448977  942.3521  943.0565
2021 04 30 14 43 00    -0.0665617    0.5422109  942.3484  943.0576
2021 04 30 14 44 00    -0.0722207    0.5394384  942.3453  943.0781
2021 04 30 14 45 00    -0.0779618    0.5365143  942.3437  943.1149
2021 04 30 14 46 00    -0.0835983    0.5335803  942.3431  943.1476
2021 04 30 14 47 00    -0.0892912    0.5306191  942.3431  943.1617
2021 04 30 14 48 00    -0.0954007    0.5275992  942.3435  943.1582
2021 04 30 14 49 00    -0.1017097    0.5246492  942.3439  943.1425
2021 04 30 14 50 00    -0.1079686    0.5216003  942.3430  943.1199
2021 04 30 14 51 00    -0.1144420    0.5181718  942.3404  943.0991
2021 04 30 14 52 00    -0.1211539    0.5146135  942.3373  943.0886
2021 04 30 14 53 00    -0.1278413    0.5112777  942.3352  943.0870
2021 04 30 14 54 00    -0.1344924    0.5080315  942.3341  943.0869
2021 04 30 14 55 00    -0.1410891    0.5047275  942.3332  943.0896
2021 04 30 14 56 00    -0.1476564    0.5014550  942.3322  943.1014
2021 04 30 14 57 00    -0.1544763    0.4981451  942.3311  943.1141
2021 04 30 14 58 00    -0.1615723    0.4946671  942.3301  943.1106
2021 04 30 14 59 00    -0.1687067    0.4910700  942.3287  943.0887
2021 04 30 15 00 00    -0.1759266    0.4873781  942.3270  943.0668
2021 04 30 15 01 00    -0.1833518    0.4835628  942.3255  943.0647
2021 04 30 15 02 00    -0.1908755    0.4797157  942.3245  943.0832
2021 04 30 15 03 00    -0.1983897    0.4759549  942.3241  943.1082
2021 04 30 15 04 00    -0.2058279    0.4722455  942.3240  943.1279
2021 04 30 15 05 00    -0.2132336    0.4684665  942.3244  943.1406
2021 04 30 15 06 00    -0.2208614    0.4646282  942.3253  943.1514
2021 04 30 15 07 00    -0.2287725    0.4607935  942.3263  943.1700
2021 04 30 15 08 00    -0.2366954    0.4569064  942.3274  943.2027
2021 04 30 15 09 00    -0.2445944    0.4529035  942.3295  943.2352
2021 04 30 15 10 00    -0.2527646    0.4487288  942.3320  943.2398
2021 04 30 15 11 00    -0.2612451    0.4443543  942.3337  943.2088
2021 04 30 15 12 00    -0.2698720    0.4399237  942.3341  943.1658
2021 04 30 15 13 00    -0.2786167    0.4355930  942.3341  943.1380
2021 04 30 15 14 00    -0.2873626    0.4314140  942.3341  943.1315
2021 04 30 15 15 00    -0.2960251    0.4273248  942.3343  943.1343
2021 04 30 15 16 00    -0.3047330    0.4230826  942.3343  943.1365
2021 04 30 15 17 00    -0.3134889    0.4185800  942.3340  943.1426
2021 04 30 15 18 00    -0.3223100    0.4139585  942.3338  943.1633
2021 04 30 15 19 00    -0.3313362    0.4093007  942.3344  943.1985
2021 04 30 15 20 00    -0.3404473    0.4046582  942.3359  943.2326
2021 04 30 15 21 00    -0.3494781    0.4001195  942.3378  943.2480
2021 04 30 15 22 00    -0.3585666    0.3956676  942.3399  943.2380
2021 04 30 15 23 00    -0.3679996    0.3911114  942.3412  943.2062
2021 04 30 15 24 00    -0.3777877    0.3863101  942.3406  943.1644
2021 04 30 15 25 00    -0.3874895    0.3814333  942.3392  943.1330
2021 04 30 15 26 00    -0.3970146    0.3765739  942.3384  943.1329
2021 04 30 15 27 00    -0.4067491    0.3715884  942.3386  943.1690
2021 04 30 15 28 00    -0.4165181    0.3666359  942.3402  943.2221
2021 04 30 15 29 00    -0.4261071    0.3619095  942.3431  943.2639
2021 04 30 15 30 00    -0.4359334    0.3571618  942.3464  943.2790
2021 04 30 15 31 00    -0.4460489    0.3521688  942.3491  943.2741
2021 04 30 15 32 00    -0.4561055    0.3469934  942.3513  943.2714
2021 04 30 15 33 00    -0.4660774    0.3418417  942.3542  943.2907
2021 04 30 15 34 00    -0.4761406    0.3368588  942.3578  943.3322
2021 04 30 15 35 00    -0.4864147    0.3318947  942.3614  943.3752
2021 04 30 15 36 00    -0.4968401    0.3267514  942.3650  943.3937
2021 04 30 15 37 00    -0.5074402    0.3214184  942.3689  943.3733
2021 04 30 15 38 00    -0.5184070    0.3159245  942.3718  943.3210
2021 04 30 15 39 00    -0.5296464    0.3103080  942.3726  943.2627
2021 04 30 15 40 00    -0.5408759    0.3046707  942.3718  943.2245
2021 04 30 15 41 00    -0.5519329    0.2991447  942.3710  943.2105
2021 04 30 15 42 00    -0.5629029    0.2936680  942.3710  943.1980
2021 04 30 15 43 00    -0.5742063    0.2879935  942.3708  943.1616
2021 04 30 15 44 00    -0.5860169    0.2820998  942.3690  943.1046
2021 04 30 15 45 00    -0.5979022    0.2761325  942.3655  943.0526
2021 04 30 15 46 00    -0.6094770    0.2702635  942.3606  943.0178
2021 04 30 15 47 00    -0.6208517    0.2646656  942.3554  942.9894
2021 04 30 15 48 00    -0.6323387    0.2591109  942.3508  942.9594
2021 04 30 15 49 00    -0.6440777    0.2532214  942.3461  942.9389
2021 04 30 15 50 00    -0.6558788    0.2471670  942.3410  942.9468
2021 04 30 15 51 00    -0.6674396    0.2413677  942.3368  942.9851
2021 04 30 15 52 00    -0.6788510    0.2357500  942.3348  943.0286
2021 04 30 15 53 00    -0.6905031    0.2298933  942.3338  943.0459
2021 04 30 15 54 00    -0.7024754    0.2237302  942.3317  943.0342
2021 04 30 15 55 00    -0.7145025    0.2175973  942.3287  943.0221
2021 04 30 15 56 00    -0.7263768    0.2116959  942.3267  943.0362
2021 04 30 15 57 00    -0.7381204    0.2058669  942.3264  943.0741
2021 04 30 15 58 00    -0.7498897    0.1999411  942.3271  943.1102
2021 04 30 15 59 00    -0.7618089    0.1939950  942.3278  943.1280
2021 04 30 16 00 00    -0.7739270    0.1880505  942.3283  943.1367
2021 04 30 16 01 00    -0.7862187    0.1819210  942.3291  943.1522
2021 04 30 16 02 00    -0.7985913    0.1755108  942.3312  943.1769
2021 04 30 16 03 00    -0.8109501    0.1690210  942.3339  943.2018
2021 04 30 16 04 00    -0.8231649    0.1628318  942.3360  943.2185
2021 04 30 16 05 00    -0.8352786    0.1569470  942.3374  943.2290
2021 04 30 16 06 00    -0.8476888    0.1508846  942.3393  943.2461
2021 04 30 16 07 00    -0.8604940    0.1445358  942.3423  943.2794
2021 04 30 16 08 00    -0.8732300    0.1382311  942.3463  943.3235
2021 04 30 16 09 00    -0.8857465    0.1319513  942.3507  943.3647
2021 04 30 16 10 00    -0.8983772    0.1254919  942.3552  943.3950
2021 04 30 16 11 00    -0.9111053    0.1190126  942.3597  943.4184
2021 04 30 16 12 00    -0.9236948    0.1127349  942.3649  943.4460
2021 04 30 16 13 00    -0.9363548    0.1065079  942.3706  943.4861
2021 04 30 16 14 00    -0.9492147    0.1000974  942.3765  943.5371
2021 04 30 16 15 00    -0.9620261    0.0935852  942.3829  943.5916
2021 04 30 16 16 00    -0.9748457    0.0871827  942.3900  943.6409
2021 04 30 16 17 00    -0.9878704    0.0808597  942.3979  943.6796
2021 04 30 16 18 00    -1.0009040    0.0743964  942.4062  943.7099
2021 04 30 16 19 00    -1.0138020    0.0677624  942.4142  943.7383
2021 04 30 16 20 00    -1.0268739    0.0611133  942.4218  943.7667
2021 04 30 16 21 00    -1.0403360    0.0544441  942.4296  943.7917
2021 04 30 16 22 00    -1.0539239    0.0476713  942.4377  943.8111
2021 04 30 16 23 00    -1.0674979    0.0408076  942.4461  943.8246
2021 04 30 16 24 00    -1.0812312    0.0338727  942.4544  943.8295
2021 04 30 16 25 00    -1.0950677    0.0269641  942.4619  943.8259
2021 04 30 16 26 00    -1.1089190    0.0201473  942.4687  943.8225
2021 04 30 16 27 00    -1.1228372    0.0132883  942.4754  943.8281
2021 04 30 16 28 00    -1.1367231    0.0062890  942.4825  943.8388
2021 04 30 16 29 00    -1.1506379   -0.0008729  942.4896  943.8415
2021 04 30 16 30 00    -1.1647725   -0.0081353  942.4959  943.8277
2021 04 30 16 31 00    -1.1790755   -0.0152905  942.5014  943.7990
2021 04 30 16 32 00    -1.1935180   -0.0223586  942.5062  943.7612
2021 04 30 16 33 00    -1.2080661   -0.0295480  942.5109  943.7182
2021 04 30 16 34 00    -1.2225775   -0.0368398  942.5154  943.6735
2021 04 30 16 35 00    -1.2371095   -0.0441718  942.5186  943.6325
2021 04 30 16 36 00    -1.2517439   -0.0515233  942.5207  943.5986
2021 04 30 16 37 00    -1.2663754   -0.0587925  942.5226  943.5702
2021 04 30 16 38 00    -1.2809424   -0.0660341  942.5242  943.5453
2021 04 30 16 39 00    -1.2954732   -0.0733805  942.5245  943.5258
2021 04 30 16 40 00    -1.3100065   -0.0807571  942.5243  943.5143
2021 04 30 16 41 00    -1.3245437   -0.0880066  942.5247  943.5047
2021 04 30 16 42 00    -1.3390456   -0.0951673  942.5254  943.4886
2021 04 30 16 43 00    -1.3535916   -0.1024382  942.5257  943.4733
2021 04 30 16 44 00    -1.3682776   -0.1098397  942.5257  943.4755
2021 04 30 16 45 00    -1.3828884   -0.1172053  942.5262  943.4994
2021 04 30 16 46 00    -1.3972099   -0.1244331  942.5272  943.5336
2021 04 30 16 47 00    -1.4115890   -0.1315929  942.5288  943.5645
2021 04 30 16 48 00    -1.4263289   -0.1388286  942.5308  943.5849
2021 04 30 16 49 00    -1.4410400   -0.1461349  942.5328  943.5960
2021 04 30 16 50 00    -1.4555171   -0.1534748  942.5345  943.6042
2021 04 30 16 51 00    -1.4701378   -0.1608587  942.5368  943.6135
2021 04 30 16 52 00    -1.4849740   -0.1681752  942.5405  943.6241
2021 04 30 16 53 00    -1.4997251   -0.1753802  942.5450  943.6378
2021 04 30 16 54 00    -1.5143975   -0.1826552  942.5487  943.6553
2021 04 30 16 55 00    -1.5292419   -0.1901279  942.5512  943.6714
2021 04 30 16 56 00    -1.5442012   -0.1976773  942.5536  943.6807
2021 04 30 16 57 00    -1.5590883   -0.2052081  942.5574  943.6848
2021 04 30 16 58 00    -1.5741045   -0.2128348  942.5619  943.6905
2021 04 30 16 59 00    -1.5893370   -0.2205451  942.5655  943.7021
2021 04 30 17 00 00    -1.6043929   -0.2281501  942.5681  943.7155
2021 04 30 17 01 00    -1.6192603   -0.2356810  942.5712  943.7218
2021 04 30 17 02 00    -1.6344132   -0.2432792  942.5749  943.7195
2021 04 30 17 03 00    -1.6497953   -0.2508496  942.5783  943.7221
2021 04 30 17 04 00    -1.6648561   -0.2582664  942.5815  943.7424
2021 04 30 17 05 00    -1.6795506   -0.2656067  942.5851  943.7753
2021 04 30 17 06 00    -1.6943876   -0.2730257  942.5888  943.8044
2021 04 30 17 07 00    -1.7095766   -0.2806049  942.5928  943.8233
2021 04 30 17 08 00    -1.7247908   -0.2882469  942.5973  943.8384
2021 04 30 17 09 00    -1.7398434   -0.2958497  942.6023  943.8540
2021 04 30 17 10 00    -1.7549609   -0.3034826  942.6075  943.8688
2021 04 30 17 11 00    -1.7702047   -0.3111455  942.6126  943.8869
2021 04 30 17 12 00    -1.7854218   -0.3187925  942.6177  943.9129
2021 04 30 17 13 00    -1.8007006   -0.3264716  942.6232  943.9378
2021 04 30 17 14 00    -1.8161321   -0.3341242  942.6289  943.9435
2021 04 30 17 15 00    -1.8315845   -0.3417036  942.6341  943.9235
2021 04 30 17 16 00    -1.8470933   -0.3493645  942.6387  943.8909
2021 04 30 17 17 00    -1.8627448   -0.3571967  942.6433  943.8645
2021 04 30 17 18 00    -1.8783173   -0.3651624  942.6474  943.8531
2021 04 30 17 19 00    -1.8936826   -0.3731167  942.6506  943.8545
2021 04 30 17 20 00    -1.9090142   -0.3807515  942.6535  943.8620
2021 04 30 17 21 00    -1.9244381   -0.3881674  942.6573  943.8710
2021 04 30 17 22 00    -1.9398952   -0.3958518  942.6618  943.8872
2021 04 30 17 23 00    -1.9552713   -0.4037657  942.6665  943.9206
2021 04 30 17 24 00    -1.9705223   -0.4115110  942.6708  943.9725
2021 04 30 17 25 00    -1.9856460   -0.4190454  942.6749  944.0328
2021 04 30 17 26 00    -2.0007511   -0.4265715  942.6802  944.0885
2021 04 30 17 27 00    -2.0160312   -0.4341439  942.6874  944.1294
2021 04 30 17 28 00    -2.0315029   -0.4417369  942.6953  944.1517
2021 04 30 17 29 00    -2.0470047   -0.4494383  942.7025  944.1606
2021 04 30 17 30 00    -2.0622840   -0.4571902  942.7093  944.1665
2021 04 30 17 31 00    -2.0773556   -0.4648407  942.7163  944.1776
2021 04 30 17 32 00    -2.0927178   -0.4725297  942.7234  944.1970
2021 04 30 17 33 00    -2.1084732   -0.4803452  942.7300  944.2199
2021 04 30 17 34 00    -2.1241795   -0.4881722  942.7363  944.2363
2021 04 30 17 35 00    -2.1397972   -0.4960816  942.7430  944.2396
2021 04 30 17 36 00    -2.1554971   -0.5040319  942.7500  944.2321
2021 04 30 17 37 00    -2.1712183   -0.5117518  942.7562  944.2204
2021 04 30 17 38 00    -2.1869231   -0.5193544  942.7612  944.2101
2021 04 30 17 39 00    -2.2025131   -0.5271254  942.7658  944.2021
2021 04 30 17 40 00    -2.2179531   -0.5349802  942.7711  944.1916
2021 04 30 17 41 00    -2.2335962   -0.5428976  942.7775  944.1764
2021 04 30 17 42 00    -2.2496319   -0.5510256  942.7834  944.1600
2021 04 30 17 43 00    -2.2656916   -0.5591556  942.7873  944.1411
2021 04 30 17 44 00    -2.2815548   -0.5670711  942.7899  944.1106
2021 04 30 17 45 00    -2.2974736   -0.5749856  942.7929  944.0638
2021 04 30 17 46 00    -2.3135924   -0.5831219  942.7958  944.0055
2021 04 30 17 47 00    -2.3298059   -0.5913958  942.7977  943.9440
2021 04 30 17 48 00    -2.3460376   -0.5995325  942.7985  943.8845
2021 04 30 17 49 00    -2.3622800   -0.6074912  942.7985  943.8269
2021 04 30 17 50 00    -2.3784864   -0.6155567  942.7978  943.7706
2021 04 30 17 51 00    -2.3944833   -0.6236960  942.7960  943.7216
2021 04 30 17 52 00    -2.4101859   -0.6316162  942.7930  943.6898
2021 04 30 17 53 00    -2.4257814   -0.6393734  942.7893  943.6780
2021 04 30 17 54 00    -2.4414189   -0.6471387  942.7858  943.6768
2021 04 30 17 55 00    -2.4569911   -0.6548991  942.7826  943.6727
2021 04 30 17 56 00    -2.4724289   -0.6626461  942.7797  943.6661
2021 04 30 17 57 00    -2.4878421   -0.6704032  942.7775  943.6740
2021 04 30 17 58 00    -2.5032128   -0.6781011  942.7763  943.7085
2021 04 30 17 59 00    -2.5184679   -0.6857195  942.7761  943.7582
2021 04 30 18 00 00    -2.5337941   -0.6934720  942.7768  943.7983
2021 04 30 18 01 00    -2.5492707   -0.7014022  942.7776  943.8133
2021 04 30 18 02 00    -2.5646767   -0.7091871  942.7783  943.8083
2021 04 30 18 03 00    -2.5799726   -0.7167440  942.7789  943.8056
2021 04 30 18 04 00    -2.5951666   -0.7242575  942.7793  943.8291
2021 04 30 18 05 00    -2.6100919   -0.7317155  942.7800  943.8827
2021 04 30 18 06 00    -2.6248330   -0.7390347  942.7821  943.9489
2021 04 30 18 07 00    -2.6396314   -0.7462677  942.7857  944.0086
2021 04 30 18 08 00    -2.6545569   -0.7536124  942.7902  944.0534
2021 04 30 18 09 00    -2.6695658   -0.7611923  942.7950  944.0814
2021 04 30 18 10 00    -2.6845666   -0.7688266  942.7999  944.0923
2021 04 30 18 11 00    -2.6996374   -0.7764436  942.8046  944.0913
2021 04 30 18 12 00    -2.7148443   -0.7841624  942.8090  944.0904
2021 04 30 18 13 00    -2.7299358   -0.7918166  942.8132  944.1020
2021 04 30 18 14 00    -2.7449056   -0.7993066  942.8175  944.1267
2021 04 30 18 15 00    -2.7600559   -0.8068969  942.8221  944.1530
2021 04 30 18 16 00    -2.7753101   -0.8146192  942.8268  944.1740
2021 04 30 18 17 00    -2.7903796   -0.8221882  942.8320  944.1952
2021 04 30 18 18 00    -2.8052561   -0.8295730  942.8381  944.2185
2021 04 30 18 19 00    -2.8201439   -0.8370435  942.8448  944.2344
2021 04 30 18 20 00    -2.8352071   -0.8446291  942.8509  944.2355
2021 04 30 18 21 00    -2.8503015   -0.8520604  942.8562  944.2269
2021 04 30 18 22 00    -2.8652590   -0.8594292  942.8611  944.2202
2021 04 30 18 23 00    -2.8802735   -0.8670417  942.8657  944.2204
2021 04 30 18 24 00    -2.8953015   -0.8746432  942.8702  944.2240
2021 04 30 18 25 00    -2.9100648   -0.8819496  942.8749  944.2317
2021 04 30 18 26 00    -2.9247476   -0.8892201  942.8801  944.2527
2021 04 30 18 27 00    -2.9395307   -0.8965774  942.8858  944.2880
2021 04 30 18 28 00    -2.9542458   -0.9039162  942.8919  944.3229
2021 04 30 18 29 00    -2.9688786   -0.9112787  942.8978  944.3431
2021 04 30 18 30 00    -2.9835716   -0.9186676  942.9031  944.3486
2021 04 30 18 31 00    -2.9983305   -0.9260579  942.9083  944.3497
2021 04 30 18 32 00    -3.0131053   -0.9334721  942.9137  944.3553
2021 04 30 18 33 00    -3.0278786   -0.9408577  942.9197  944.3633
2021 04 30 18 34 00    -3.0425296   -0.9481862  942.9263  944.3618
2021 04 30 18 35 00    -3.0569800   -0.9555244  942.9323  944.3468
2021 04 30 18 36 00    -3.0714107   -0.9628886  942.9371  944.3384
2021 04 30 18 37 00    -3.0859386   -0.9701919  942.9419  944.3636
2021 04 30 18 38 00    -3.1004165   -0.9774070  942.9473  944.4218
2021 04 30 18 39 00    -3.1146651   -0.9845660  942.9532  944.4826
2021 04 30 18 40 00    -3.1287017   -0.9916429  942.9593  944.5185
2021 04 30 18 41 00    -3.1428516   -0.9986955  942.9666  944.5262
2021 04 30 18 42 00    -3.1572882   -1.0058611  942.9745  944.5166
2021 04 30 18 43 00    -3.1717058   -1.0130927  942.9815  944.4998
2021 04 30 18 44 00    -3.1859332   -1.0202364  942.9876  944.4821
2021 04 30 18 45 00    -3.2001438   -1.0273388  942.9934  944.4686
2021 04 30 18 46 00    -3.2144948   -1.0345189  942.9987  944.4610
2021 04 30 18 47 00    -3.2289698   -1.0417181  943.0032  944.4543
2021 04 30 18 48 00    -3.2432810   -1.0488601  943.0074  944.4406
2021 04 30 18 49 00    -3.2573303   -1.0559736  943.0118  944.4200
2021 04 30 18 50 00    -3.2714434   -1.0630520  943.0160  944.4020
2021 04 30 18 51 00    -3.2856285   -1.0700797  943.0198  944.3961
2021 04 30 18 52 00    -3.2996253   -1.0771247  943.0236  944.4063
2021 04 30 18 53 00    -3.3134491   -1.0841341  943.0277  944.4344
2021 04 30 18 54 00    -3.3271873   -1.0909622  943.0324  944.4788
2021 04 30 18 55 00    -3.3408867   -1.0976740  943.0379  944.5315
2021 04 30 18 56 00    -3.3545144   -1.1043863  943.0437  944.5783
2021 04 30 18 57 00    -3.3680445   -1.1111383  943.0498  944.6051
2021 04 30 18 58 00    -3.3816927   -1.1180323  943.0564  944.6110
2021 04 30 18 59 00    -3.3954692   -1.1250148  943.0631  944.6088
2021 04 30 19 00 00    -3.4091107   -1.1318401  943.0697  944.6067
2021 04 30 19 01 00    -3.4226801   -1.1385304  943.0758  944.6012
2021 04 30 19 02 00    -3.4363275   -1.1453244  943.0812  944.5881
2021 04 30 19 03 00    -3.4499313   -1.1521915  943.0861  944.5685
2021 04 30 19 04 00    -3.4633906   -1.1589339  943.0910  944.5498
2021 04 30 19 05 00    -3.4766990   -1.1655656  943.0958  944.5433
2021 04 30 19 06 00    -3.4898988   -1.1722049  943.1003  944.5527
2021 04 30 19 07 00    -3.5030452   -1.1788105  943.1047  944.5686
2021 04 30 19 08 00    -3.5161115   -1.1853273  943.1096  944.5802
2021 04 30 19 09 00    -3.5291788   -1.1918913  943.1144  944.5877
2021 04 30 19 10 00    -3.5423793   -1.1985487  943.1187  944.5963
2021 04 30 19 11 00    -3.5555092   -1.2050510  943.1231  944.6061
2021 04 30 19 12 00    -3.5683408   -1.2113472  943.1286  944.6166
2021 04 30 19 13 00    -3.5811208   -1.2177854  943.1347  944.6328
2021 04 30 19 14 00    -3.5940190   -1.2243968  943.1408  944.6596
2021 04 30 19 15 00    -3.6067235   -1.2308109  943.1468  944.6957
2021 04 30 19 16 00    -3.6191610   -1.2370214  943.1529  944.7363
2021 04 30 19 17 00    -3.6316777   -1.2432919  943.1591  944.7776
2021 04 30 19 18 00    -3.6442758   -1.2496133  943.1653  944.8198
2021 04 30 19 19 00    -3.6566384   -1.2558733  943.1719  944.8625
2021 04 30 19 20 00    -3.6688195   -1.2620520  943.1793  944.8974
2021 04 30 19 21 00    -3.6811216   -1.2681949  943.1877  944.9182
2021 04 30 19 22 00    -3.6935908   -1.2744382  943.1962  944.9348
2021 04 30 19 23 00    -3.7060063   -1.2807117  943.2044  944.9610
2021 04 30 19 24 00    -3.7181569   -1.2867406  943.2123  944.9947
2021 04 30 19 25 00    -3.7300931   -1.2925844  943.2204  945.0232
2021 04 30 19 26 00    -3.7420474   -1.2985239  943.2290  945.0403
2021 04 30 19 27 00    -3.7541322   -1.3046131  943.2380  945.0511
2021 04 30 19 28 00    -3.7662800   -1.3107448  943.2467  945.0670
2021 04 30 19 29 00    -3.7784320   -1.3168470  943.2550  945.0941
2021 04 30 19 30 00    -3.7905714   -1.3229227  943.2641  945.1184
2021 04 30 19 31 00    -3.8026024   -1.3289679  943.2744  945.1173
2021 04 30 19 32 00    -3.8145438   -1.3349925  943.2843  945.0871
2021 04 30 19 33 00    -3.8266310   -1.3410801  943.2931  945.0446
2021 04 30 19 34 00    -3.8388578   -1.3471904  943.3012  945.0109
2021 04 30 19 35 00    -3.8508691   -1.3531167  943.3085  944.9970
2021 04 30 19 36 00    -3.8626019   -1.3588760  943.3157  944.9971
2021 04 30 19 37 00    -3.8743861   -1.3648006  943.3233  944.9981
2021 04 30 19 38 00    -3.8862765   -1.3709125  943.3315  944.9937
2021 04 30 19 39 00    -3.8980043   -1.3767833  943.3392  944.9854
2021 04 30 19 40 00    -3.9094331   -1.3823409  943.3462  944.9803
2021 04 30 19 41 00    -3.9206592   -1.3879554  943.3528  944.9887
2021 04 30 19 42 00    -3.9318217   -1.3936882  943.3593  945.0137
2021 04 30 19 43 00    -3.9429505   -1.3993277  943.3662  945.0445
2021 04 30 19 44 00    -3.9541086   -1.4049174  943.3738  945.0671
2021 04 30 19 45 00    -3.9653250   -1.4105523  943.3821  945.0724
2021 04 30 19 46 00    -3.9764231   -1.4160920  943.3900  945.0592
2021 04 30 19 47 00    -3.9873689   -1.4215118  943.3968  945.0396
2021 04 30 19 48 00    -3.9983669   -1.4269783  943.4029  945.0369
2021 04 30 19 49 00    -4.0094339   -1.4324898  943.4092  945.0635
2021 04 30 19 50 00    -4.0202860   -1.4379116  943.4166  945.1057
2021 04 30 19 51 00    -4.0307903   -1.4432369  943.4249  945.1408
2021 04 30 19 52 00    -4.0412653   -1.4485962  943.4331  945.1593
2021 04 30 19 53 00    -4.0519660   -1.4540428  943.4406  945.1620
2021 04 30 19 54 00    -4.0627573   -1.4594615  943.4476  945.1474
2021 04 30 19 55 00    -4.0735106   -1.4647161  943.4541  945.1154
2021 04 30 19 56 00    -4.0841376   -1.4698118  943.4602  945.0781
2021 04 30 19 57 00    -4.0945512   -1.4749626  943.4662  945.0570
2021 04 30 19 58 00    -4.1048443   -1.4802043  943.4726  945.0681
2021 04 30 19 59 00    -4.1150115   -1.4852243  943.4795  945.1091
2021 04 30 20 00 00    -4.1249228   -1.4900575  943.4867  945.1642
2021 04 30 20 01 00    -4.1347712   -1.4950785  943.4941  945.2191
2021 04 30 20 02 00    -4.1447676   -1.5002090  943.5022  945.2679
2021 04 30 20 03 00    -4.1546377   -1.5051171  943.5109  945.3057
2021 04 30 20 04 00    -4.1642200   -1.5098948  943.5195  945.3272
2021 04 30 20 05 00    -4.1738591   -1.5148005  943.5282  945.3338
2021 04 30 20 06 00    -4.1837520   -1.5198126  943.5367  945.3314
2021 04 30 20 07 00    -4.1937564   -1.5248147  943.5443  945.3223
2021 04 30 20 08 00    -4.2037501   -1.5297519  943.5512  945.3057
2021 04 30 20 09 00    -4.2136533   -1.5346415  943.5580  945.2829
2021 04 30 20 10 00    -4.2234353   -1.5395775  943.5655  945.2592
2021 04 30 20 11 00    -4.2331116   -1.5445091  943.5729  945.2416
2021 04 30 20 12 00    -4.2426589   -1.5493096  943.5792  945.2329
2021 04 30 20 13 00    -4.2521684   -1.5540687  943.5845  945.2279
2021 04 30 20 14 00    -4.2616753   -1.5588378  943.5900  945.2170
2021 04 30 20 15 00    -4.2710166   -1.5635096  943.5961  945.2023
2021 04 30 20 16 00    -4.2803135   -1.5681715  943.6024  945.1969
2021 04 30 20 17 00    -4.2897417   -1.5729026  943.6083  945.2001
2021 04 30 20 18 00    -4.2989562   -1.5774733  943.6133  945.1998
2021 04 30 20 19 00    -4.3077677   -1.5817736  943.6183  945.1942
2021 04 30 20 20 00    -4.3166245   -1.5860936  943.6237  945.1843
2021 04 30 20 21 00    -4.3257455   -1.5906777  943.6287  945.1637
2021 04 30 20 22 00    -4.3348036   -1.5953465  943.6328  945.1338
2021 04 30 20 23 00    -4.3437021   -1.5998793  943.6366  945.1123
2021 04 30 20 24 00    -4.3525890   -1.6043161  943.6401  945.1162
2021 04 30 20 25 00    -4.3613021   -1.6086422  943.6435  945.1433
2021 04 30 20 26 00    -4.3697230   -1.6128689  943.6469  945.1746
2021 04 30 20 27 00    -4.3780802   -1.6171921  943.6509  945.1917
2021 04 30 20 28 00    -4.3864668   -1.6215469  943.6558  945.1902
2021 04 30 20 29 00    -4.3947599   -1.6256740  943.6612  945.1855
2021 04 30 20 30 00    -4.4029275   -1.6296402  943.6661  945.1948
2021 04 30 20 31 00    -4.4110491   -1.6336596  943.6703  945.2108
2021 04 30 20 32 00    -4.4192387   -1.6377670  943.6749  945.2192
2021 04 30 20 33 00    -4.4274335   -1.6418603  943.6802  945.2277
2021 04 30 20 34 00    -4.4353573   -1.6457792  943.6856  945.2477
2021 04 30 20 35 00    -4.4430281   -1.6495856  943.6906  945.2668
2021 04 30 20 36 00    -4.4508458   -1.6535820  943.6954  945.2695
2021 04 30 20 37 00    -4.4589334   -1.6577601  943.7007  945.2648
2021 04 30 20 38 00    -4.4668890   -1.6617605  943.7056  945.2664
2021 04 30 20 39 00    -4.4744492   -1.6654511  943.7095  945.2661
2021 04 30 20 40 00    -4.4819569   -1.6690973  943.7134  945.2522
2021 04 30 20 41 00    -4.4896816   -1.6729728  943.7180  945.2314
2021 04 30 20 42 00    -4.4973196   -1.6769837  943.7226  945.2132
2021 04 30 20 43 00    -4.5047367   -1.6808603  943.7259  945.2002
2021 04 30 20 44 00    -4.5122229   -1.6845950  943.7291  945.1906
2021 04 30 20 45 00    -4.5197661   -1.6882709  943.7328  945.1782
2021 04 30 20 46 00    -4.5270889   -1.6918021  943.7363  945.1635
2021 04 30 20 47 00    -4.5341540   -1.6952186  943.7390  945.1571
2021 04 30 20 48 00    -4.5411355   -1.6986992  943.7415  945.1629
2021 04 30 20 49 00    -4.5481614   -1.7022163  943.7444  945.1748
2021 04 30 20 50 00    -4.5551514   -1.7056452  943.7474  945.1875
2021 04 30 20 51 00    -4.5619945   -1.7090728  943.7505  945.1970
2021 04 30 20 52 00    -4.5687258   -1.7125647  943.7536  945.1992
2021 04 30 20 53 00    -4.5754882   -1.7160428  943.7566  945.1973
2021 04 30 20 54 00    -4.5823986   -1.7195073  943.7595  945.1959
2021 04 30 20 55 00    -4.5892356   -1.7228871  943.7627  945.1919
2021 04 30 20 56 00    -4.5957702   -1.7260892  943.7663  945.1803
2021 04 30 20 57 00    -4.6023056   -1.7293149  943.7695  945.1631
2021 04 30 20 58 00    -4.6089412   -1.7326938  943.7718  945.1472
2021 04 30 20 59 00    -4.6153111   -1.7360288  943.7741  945.1349
2021 04 30 21 00 00    -4.6215767   -1.7391955  943.7764  945.1205
2021 04 30 21 01 00    -4.6281075   -1.7422362  943.7774  945.0981
2021 04 30 21 02 00    -4.6346640   -1.7452673  943.7774  945.0678
2021 04 30 21 03 00    -4.6409784   -1.7484745  943.7779  945.0411
2021 04 30 21 04 00    -4.6471356   -1.7517981  943.7796  945.0323
2021 04 30 21 05 00    -4.6531228   -1.7548957  943.7810  945.0386
2021 04 30 21 06 00    -4.6588562   -1.7577689  943.7814  945.0493
2021 04 30 21 07 00    -4.6645086   -1.7607507  943.7826  945.0673
2021 04 30 21 08 00    -4.6702426   -1.7637795  943.7854  945.0929
2021 04 30 21 09 00    -4.6759964   -1.7666204  943.7886  945.1084
2021 04 30 21 10 00    -4.6817055   -1.7693395  943.7903  945.0998
2021 04 30 21 11 00    -4.6872867   -1.7720253  943.7907  945.0753
2021 04 30 21 12 00    -4.6927899   -1.7747547  943.7913  945.0541
2021 04 30 21 13 00    -4.6984544   -1.7776120  943.7925  945.0468
2021 04 30 21 14 00    -4.7041227   -1.7804461  943.7938  945.0490
2021 04 30 21 15 00    -4.7094527   -1.7830910  943.7949  945.0518
2021 04 30 21 16 00    -4.7145843   -1.7856618  943.7964  945.0557
2021 04 30 21 17 00    -4.7197558   -1.7883389  943.7975  945.0676
2021 04 30 21 18 00    -4.7248579   -1.7910348  943.7983  945.0887
2021 04 30 21 19 00    -4.7297407   -1.7935344  943.7995  945.1129
2021 04 30 21 20 00    -4.7344998   -1.7958793  943.8013  945.1390
2021 04 30 21 21 00    -4.7392386   -1.7982409  943.8038  945.1677
2021 04 30 21 22 00    -4.7439126   -1.8006327  943.8072  945.1856
2021 04 30 21 23 00    -4.7486158   -1.8030388  943.8114  945.1785
2021 04 30 21 24 00    -4.7534791   -1.8054691  943.8153  945.1583
2021 04 30 21 25 00    -4.7583417   -1.8078388  943.8183  945.1455
2021 04 30 21 26 00    -4.7630313   -1.8100768  943.8203  945.1443
2021 04 30 21 27 00    -4.7675817   -1.8122737  943.8219  945.1491
2021 04 30 21 28 00    -4.7720479   -1.8146259  943.8240  945.1535
2021 04 30 21 29 00    -4.7764672   -1.8171439  943.8271  945.1559
2021 04 30 21 30 00    -4.7808612   -1.8194809  943.8300  945.1635
2021 04 30 21 31 00    -4.7851464   -1.8214024  943.8323  945.1814
2021 04 30 21 32 00    -4.7891729   -1.8231553  943.8343  945.2054
2021 04 30 21 33 00    -4.7930223   -1.8250821  943.8364  945.2263
2021 04 30 21 34 00    -4.7969960   -1.8271745  943.8393  945.2364
2021 04 30 21 35 00    -4.8010598   -1.8291542  943.8430  945.2357
2021 04 30 21 36 00    -4.8050068   -1.8309838  943.8472  945.2328
2021 04 30 21 37 00    -4.8090129   -1.8329686  943.8512  945.2330
2021 04 30 21 38 00    -4.8131599   -1.8351490  943.8547  945.2301
2021 04 30 21 39 00    -4.8170690   -1.8371565  943.8570  945.2199
2021 04 30 21 40 00    -4.8206520   -1.8389187  943.8584  945.2089
2021 04 30 21 41 00    -4.8243980   -1.8408365  943.8600  945.2043
2021 04 30 21 42 00    -4.8284297   -1.8429523  943.8622  945.2031
2021 04 30 21 43 00    -4.8322494   -1.8448386  943.8649  945.2017
2021 04 30 21 44 00    -4.8357026   -1.8464249  943.8681  945.2048
2021 04 30 21 45 00    -4.8390463   -1.8479781  943.8713  945.2170
2021 04 30 21 46 00    -4.8423542   -1.8496540  943.8739  945.2327
2021 04 30 21 47 00    -4.8456773   -1.8514394  943.8764  945.2425
2021 04 30 21 48 00    -4.8490451   -1.8531253  943.8794  945.2459
2021 04 30 21 49 00    -4.8522565   -1.8546571  943.8829  945.2521
2021 04 30 21 50 00    -4.8552826   -1.8562322  943.8866  945.2688
2021 04 30 21 51 00    -4.8583648   -1.8578029  943.8903  945.2922
2021 04 30 21 52 00    -4.8615325   -1.8592547  943.8937  945.3115
2021 04 30 21 53 00    -4.8646677   -1.8607958  943.8969  945.3195
2021 04 30 21 54 00    -4.8677980   -1.8625394  943.9002  945.3154
2021 04 30 21 55 00    -4.8708568   -1.8642256  943.9035  945.3022
2021 04 30 21 56 00    -4.8737204   -1.8656910  943.9067  945.2858
2021 04 30 21 57 00    -4.8765371   -1.8670885  943.9097  945.2733
2021 04 30 21 58 00    -4.8794055   -1.8684839  943.9124  945.2689
2021 04 30 21 59 00    -4.8821769   -1.8697662  943.9148  945.2711
2021 04 30 22 00 00    -4.8848815   -1.8709943  943.9171  945.2700
2021 04 30 22 01 00    -4.8876652   -1.8723120  943.9193  945.2527
2021 04 30 22 02 00    -4.8904522   -1.8736861  943.9217  945.2217
2021 04 30 22 03 00    -4.8931379   -1.8750749  943.9245  945.1986
2021 04 30 22 04 00    -4.8957215   -1.8764575  943.9265  945.2013
2021 04 30 22 05 00    -4.8981502   -1.8776852  943.9274  945.2237
2021 04 30 22 06 00    -4.9004017   -1.8787334  943.9281  945.2428
2021 04 30 22 07 00    -4.9026352   -1.8798353  943.9300  945.2428
2021 04 30 22 08 00    -4.9049514   -1.8810485  943.9329  945.2284
2021 04 30 22 09 00    -4.9072101   -1.8821165  943.9356  945.2130
2021 04 30 22 10 00    -4.9093607   -1.8830280  943.9372  945.2017
2021 04 30 22 11 00    -4.9115403   -1.8841085  943.9385  945.1946
2021 04 30 22 12 00    -4.9137301   -1.8853607  943.9403  945.1911
2021 04 30 22 13 00    -4.9158409   -1.8864560  943.9421  945.1869
2021 04 30 22 14 00    -4.9179644   -1.8873974  943.9433  945.1756
2021 04 30 22 15 00    -4.9201827   -1.8885006  943.9442  945.1586
2021 04 30 22 16 00    -4.9223293   -1.8897680  943.9448  945.1478
2021 04 30 22 17 00    -4.9241279   -1.8908303  943.9455  945.1558
2021 04 30 22 18 00    -4.9256142   -1.8915467  943.9466  945.1828
2021 04 30 22 19 00    -4.9270761   -1.8921903  943.9482  945.2151
2021 04 30 22 20 00    -4.9286306   -1.8929553  943.9505  945.2346
2021 04 30 22 21 00    -4.9302723   -1.8937632  943.9535  945.2312
2021 04 30 22 22 00    -4.9320001   -1.8945613  943.9560  945.2109
2021 04 30 22 23 00    -4.9337992   -1.8954086  943.9573  945.1908
2021 04 30 22 24 00    -4.9355738   -1.8963043  943.9582  945.1841
2021 04 30 22 25 00    -4.9370672   -1.8971112  943.9593  945.1890
2021 04 30 22 26 00    -4.9382657   -1.8976952  943.9604  945.1931
2021 04 30 22 27 00    -4.9395867   -1.8982228  943.9613  945.1830
2021 04 30 22 28 00    -4.9412169   -1.8990318  943.9618  945.1550
2021 04 30 22 29 00    -4.9429010   -1.9000372  943.9621  945.1171
2021 04 30 22 30 00    -4.9444984   -1.9009150  943.9619  945.0807
2021 04 30 22 31 00    -4.9459887   -1.9016419  943.9609  945.0533
2021 04 30 22 32 00    -4.9472765   -1.9022521  943.9588  945.0371
2021 04 30 22 33 00    -4.9484335   -1.9027374  943.9566  945.0302
2021 04 30 22 34 00    -4.9495607   -1.9031869  943.9554  945.0304
2021 04 30 22 35 00    -4.9505550   -1.9036594  943.9550  945.0394
2021 04 30 22 36 00    -4.9513656   -1.9042003  943.9547  945.0577
2021 04 30 22 37 00    -4.9522082   -1.9047893  943.9548  945.0805
2021 04 30 22 38 00    -4.9532156   -1.9052719  943.9553  945.1035
2021 04 30 22 39 00    -4.9540291   -1.9056019  943.9559  945.1242
2021 04 30 22 40 00    -4.9545309   -1.9059556  943.9568  945.1350
2021 04 30 22 41 00    -4.9552552   -1.9064514  943.9577  945.1273
2021 04 30 22 42 00    -4.9561798   -1.9068787  943.9583  945.1060
2021 04 30 22 43 00    -4.9568310   -1.9070738  943.9588  945.0900
2021 04 30 22 44 00    -4.9574041   -1.9073058  943.9596  945.0933
2021 04 30 22 45 00    -4.9580152   -1.9077066  943.9605  945.1125
2021 04 30 22 46 00    -4.9584059   -1.9080257  943.9615  945.1400
2021 04 30 22 47 00    -4.9587712   -1.9081967  943.9629  945.1744
2021 04 30 22 48 00    -4.9592312   -1.9083445  943.9649  945.2138
2021 04 30 22 49 00    -4.9595477   -1.9085254  943.9671  945.2490
2021 04 30 22 50 00    -4.9597551   -1.9087342  943.9700  945.2688
2021 04 30 22 51 00    -4.9600092   -1.9088875  943.9740  945.2695
2021 04 30 22 52 00    -4.9603529   -1.9089506  943.9778  945.2557
2021 04 30 22 53 00    -4.9608192   -1.9090476  943.9802  945.2342
2021 04 30 22 54 00    -4.9614098   -1.9092981  943.9814  945.2085
2021 04 30 22 55 00    -4.9620442   -1.9096211  943.9821  945.1841
2021 04 30 22 56 00    -4.9625119   -1.9098451  943.9826  945.1709
2021 04 30 22 57 00    -4.9627185   -1.9099654  943.9830  945.1728
2021 04 30 22 58 00    -4.9628097   -1.9100399  943.9836  945.1821
2021 04 30 22 59 00    -4.9628333   -1.9100448  943.9843  945.1912
2021 04 30 23 00 00    -4.9627831   -1.9100237  943.9859  945.2024
2021 04 30 23 01 00    -4.9628253   -1.9100358  943.9882  945.2224
2021 04 30 23 02 00    -4.9629660   -1.9100227  943.9904  945.2484
2021 04 30 23 03 00    -4.9629645   -1.9100070  943.9924  945.2684
2021 04 30 23 04 00    -4.9628433   -1.9101138  943.9951  945.2767
2021 04 30 23 05 00    -4.9628438   -1.9102968  943.9981  945.2771
2021 04 30 23 06 00    -4.9629699   -1.9103825  944.0009  945.2687
2021 04 30 23 07 00    -4.9630541   -1.9103001  944.0032  945.2447
2021 04 30 23 08 00    -4.9630721   -1.9101694  944.0046  945.2064
2021 04 30 23 09 00    -4.9630975   -1.9101757  944.0046  945.1696
2021 04 30 23 10 00    -4.9630581   -1.9102513  944.0044  945.1516
2021 04 30 23 11 00    -4.9629261   -1.9102063  944.0051  945.1542
2021 04 30 23 12 00    -4.9627222   -1.9100504  944.0062  945.1646
2021 04 30 23 13 00    -4.9622857   -1.9097876  944.0072  945.1714
2021 04 30 23 14 00    -4.9617681   -1.9094509  944.0084  945.1741
2021 04 30 23 15 00    -4.9615265   -1.9092803  944.0095  945.1772
2021 04 30 23 16 00    -4.9614160   -1.9093028  944.0106  945.1797
2021 04 30 23 17 00    -4.9612106   -1.9092485  944.0121  945.1743
2021 04 30 23 18 00    -4.9610153   -1.9091270  944.0132  945.1598
2021 04 30 23 19 00    -4.9608588   -1.9091831  944.0129  945.1436
2021 04 30 23 20 00    -4.9605879   -1.9092457  944.0121  945.1318
2021 04 30 23 21 00    -4.9601709   -1.9089786  944.0121  945.1268
2021 04 30 23 22 00    -4.9597236   -1.9085089  944.0121  945.1307
2021 04 30 23 23 00    -4.9592232   -1.9080853  944.0115  945.1442
2021 04 30 23 24 00    -4.9585806   -1.9077800  944.0120  945.1619
2021 04 30 23 25 00    -4.9579150   -1.9076560  944.0144  945.1755
2021 04 30 23 26 00    -4.9573217   -1.9075712  944.0170  945.1821
2021 04 30 23 27 00    -4.9566686   -1.9072375  944.0185  945.1845
2021 04 30 23 28 00    -4.9559637   -1.9067316  944.0195  945.1836
2021 04 30 23 29 00    -4.9554165   -1.9063397  944.0207  945.1766
2021 04 30 23 30 00    -4.9549737   -1.9061101  944.0216  945.1645
2021 04 30 23 31 00    -4.9545085   -1.9060148  944.0218  945.1539
2021 04 30 23 32 00    -4.9541756   -1.9059901  944.0217  945.1461
2021 04 30 23 33 00    -4.9538649   -1.9058023  944.0216  945.1321
2021 04 30 23 34 00    -4.9532251   -1.9053878  944.0211  945.1027
2021 04 30 23 35 00    -4.9525068   -1.9049972  944.0197  945.0595
2021 04 30 23 36 00    -4.9521507   -1.9048185  944.0177  945.0122
2021 04 30 23 37 00    -4.9519013   -1.9047156  944.0152  944.9701
2021 04 30 23 38 00    -4.9513469   -1.9044820  944.0123  944.9407
2021 04 30 23 39 00    -4.9505674   -1.9041673  944.0091  944.9280
2021 04 30 23 40 00    -4.9498028   -1.9038586  944.0064  944.9307
2021 04 30 23 41 00    -4.9491101   -1.9034487  944.0041  944.9443
2021 04 30 23 42 00    -4.9483738   -1.9028650  944.0018  944.9636
2021 04 30 23 43 00    -4.9475189   -1.9022788  943.9998  944.9815
2021 04 30 23 44 00    -4.9466179   -1.9018681  943.9982  944.9903
2021 04 30 23 45 00    -4.9457123   -1.9015119  943.9969  944.9884
2021 04 30 23 46 00    -4.9448304   -1.9010516  943.9955  944.9805
2021 04 30 23 47 00    -4.9441012   -1.9006290  943.9937  944.9718
2021 04 30 23 48 00    -4.9435194   -1.9003924  943.9919  944.9648
2021 04 30 23 49 00    -4.9427568   -1.9001194  943.9903  944.9614
2021 04 30 23 50 00    -4.9416485   -1.8995558  943.9892  944.9617
2021 04 30 23 51 00    -4.9405298   -1.8989139  943.9880  944.9610
2021 04 30 23 52 00    -4.9396435   -1.8985110  943.9861  944.9523
2021 04 30 23 53 00    -4.9389205   -1.8982733  943.9831  944.9336
2021 04 30 23 54 00    -4.9382960   -1.8979494  943.9796  944.9078
2021 04 30 23 55 00    -4.9376915   -1.8975156  943.9762  944.8784
2021 04 30 23 56 00    -4.9370284   -1.8971675  943.9726  944.8535
2021 04 30 23 57 00    -4.9362371   -1.8968975  943.9686  944.8434
2021 04 30 23 58 00    -4.9353110   -1.8965121  943.9648  944.8463
2021 04 30 23 59 00    -4.9343579   -1.8959681  943.9612  944.8478
