[TSF-file]     v01.0

[TIMEFORMAT]   DATETIME
[INCREMENT]    60
[CHANNELS]
    BF:SG056:G1-F60 
    BF:SG056:G2-F60 
    BF:SG056:Br1-F60
    BF:SG056:Br2-F60
[UNITS]
    Volt
    Volt
    mbar
    mbar
[UNDETVAL]                      9999.999
[PHASE_LAG_1_DEG_CPD]           0.0402
[PHASE_LAG_1_DEG_CPD_ERROR]     0.0002
[N_LATITUDE_DEG]                48.3294
[N_LATITUDE_DEG_ERROR]          0.0001
[E_LONGITUDE_DEG]               008.3284
[E_LONGITUDE_DEG_ERROR]         0.0001
[HEIGHT_M_1]                    589.20
[HEIGHT_M_1_ERROR]              0.01
[GRAVITY_CAL_1_UGAL_V]          -40.1100
[GRAVITY_CAL_1_UGAL_V_ERROR]    0.0300
[PRESSURE_CAL_MBAR_V]           1.0000
[PRESSURE_CAL_MBAR_V_ERROR]     0.0001
[AUTHOR]                        Thomas Forbriger@kit.edu
[PHASE_LAG_2_DEG_CPD]           0.0402
[PHASE_LAG_2_DEG_CPD_ERROR]     0.0002
[HEIGHT_M_2]                    589.40
[HEIGHT_M_2_ERROR]              0.01
[GRAVITY_CAL_2_UGAL_V]          -80.0699
[GRAVITY_CAL_2_UGAL_V_ERROR]    0.0600
[PRESSURE_ADMIT_HPA_NMS2]       -3.4000
[PRESSURE_MEAN_HPA]             0980.0
[COMMENT]                           
software upgrade and FitPC2 replacement on 29. July 2019



Date           Time     G1-F60        G2-F60        Br1-F60       Br2-F60      
[DATA]
2021 04 05 00 00 00    -3.8878579   -1.3633824  948.2120  947.6446
2021 04 05 00 01 00    -3.8973408   -1.3680264  948.2036  947.6455
2021 04 05 00 02 00    -3.9070008   -1.3729823  948.1954  947.6590
2021 04 05 00 03 00    -3.9165562   -1.3779672  948.1884  947.6678
2021 04 05 00 04 00    -3.9259040   -1.3826566  948.1816  947.6673
2021 04 05 00 05 00    -3.9351427   -1.3870960  948.1744  947.6638
2021 04 05 00 06 00    -3.9444035   -1.3916080  948.1674  947.6540
2021 04 05 00 07 00    -3.9538570   -1.3964135  948.1612  947.6308
2021 04 05 00 08 00    -3.9634299   -1.4013572  948.1549  947.6011
2021 04 05 00 09 00    -3.9728677   -1.4061315  948.1475  947.5739
2021 04 05 00 10 00    -3.9821739   -1.4106786  948.1391  947.5458
2021 04 05 00 11 00    -3.9914824   -1.4152292  948.1306  947.5177
2021 04 05 00 12 00    -4.0008140   -1.4200050  948.1224  947.5005
2021 04 05 00 13 00    -4.0100517   -1.4248227  948.1142  947.4903
2021 04 05 00 14 00    -4.0191803   -1.4293750  948.1064  947.4702
2021 04 05 00 15 00    -4.0285004   -1.4338496  948.0986  947.4418
2021 04 05 00 16 00    -4.0380513   -1.4385003  948.0902  947.4186
2021 04 05 00 17 00    -4.0474335   -1.4431636  948.0815  947.4017
2021 04 05 00 18 00    -4.0564319   -1.4476844  948.0732  947.3898
2021 04 05 00 19 00    -4.0651214   -1.4521298  948.0651  947.3871
2021 04 05 00 20 00    -4.0737387   -1.4566081  948.0571  947.3914
2021 04 05 00 21 00    -4.0825087   -1.4610871  948.0494  947.3960
2021 04 05 00 22 00    -4.0913636   -1.4654174  948.0421  947.3940
2021 04 05 00 23 00    -4.1001171   -1.4696529  948.0347  947.3778
2021 04 05 00 24 00    -4.1087836   -1.4739775  948.0263  947.3469
2021 04 05 00 25 00    -4.1175559   -1.4783970  948.0171  947.3143
2021 04 05 00 26 00    -4.1264753   -1.4828634  948.0087  947.2959
2021 04 05 00 27 00    -4.1353206   -1.4873409  948.0008  947.2932
2021 04 05 00 28 00    -4.1439732   -1.4916957  947.9928  947.2926
2021 04 05 00 29 00    -4.1526238   -1.4959315  947.9846  947.2822
2021 04 05 00 30 00    -4.1613489   -1.5002512  947.9757  947.2623
2021 04 05 00 31 00    -4.1698792   -1.5046878  947.9663  947.2393
2021 04 05 00 32 00    -4.1782357   -1.5091240  947.9575  947.2209
2021 04 05 00 33 00    -4.1867606   -1.5135219  947.9498  947.2116
2021 04 05 00 34 00    -4.1953533   -1.5178332  947.9419  947.2081
2021 04 05 00 35 00    -4.2036800   -1.5219730  947.9334  947.2062
2021 04 05 00 36 00    -4.2118194   -1.5260090  947.9250  947.2033
2021 04 05 00 37 00    -4.2200778   -1.5301542  947.9165  947.1942
2021 04 05 00 38 00    -4.2284800   -1.5343987  947.9076  947.1750
2021 04 05 00 39 00    -4.2367926   -1.5385123  947.8985  947.1517
2021 04 05 00 40 00    -4.2449212   -1.5424942  947.8897  947.1340
2021 04 05 00 41 00    -4.2529409   -1.5464908  947.8811  947.1256
2021 04 05 00 42 00    -4.2609628   -1.5505127  947.8730  947.1219
2021 04 05 00 43 00    -4.2690556   -1.5545146  947.8654  947.1129
2021 04 05 00 44 00    -4.2770875   -1.5584843  947.8578  947.0932
2021 04 05 00 45 00    -4.2849871   -1.5624703  947.8494  947.0742
2021 04 05 00 46 00    -4.2928730   -1.5664502  947.8407  947.0717
2021 04 05 00 47 00    -4.3006640   -1.5702889  947.8324  947.0871
2021 04 05 00 48 00    -4.3082526   -1.5740211  947.8246  947.1097
2021 04 05 00 49 00    -4.3157950   -1.5778129  947.8166  947.1275
2021 04 05 00 50 00    -4.3234078   -1.5816486  947.8084  947.1318
2021 04 05 00 51 00    -4.3310866   -1.5854497  947.8007  947.1216
2021 04 05 00 52 00    -4.3388683   -1.5893480  947.7936  947.1034
2021 04 05 00 53 00    -4.3467310   -1.5934049  947.7859  947.0791
2021 04 05 00 54 00    -4.3545120   -1.5973562  947.7777  947.0452
2021 04 05 00 55 00    -4.3620970   -1.6010674  947.7692  947.0084
2021 04 05 00 56 00    -4.3695727   -1.6047260  947.7602  946.9833
2021 04 05 00 57 00    -4.3770335   -1.6084035  947.7513  946.9758
2021 04 05 00 58 00    -4.3844583   -1.6120519  947.7433  946.9793
2021 04 05 00 59 00    -4.3919210   -1.6157833  947.7355  946.9812
2021 04 05 01 00 00    -4.3994843   -1.6196414  947.7273  946.9718
2021 04 05 01 01 00    -4.4069504   -1.6234593  947.7192  946.9505
2021 04 05 01 02 00    -4.4142454   -1.6272380  947.7108  946.9237
2021 04 05 01 03 00    -4.4215913   -1.6310691  947.7022  946.9025
2021 04 05 01 04 00    -4.4289645   -1.6347661  947.6935  946.8953
2021 04 05 01 05 00    -4.4360907   -1.6382584  947.6846  946.8981
2021 04 05 01 06 00    -4.4429178   -1.6417242  947.6757  946.9023
2021 04 05 01 07 00    -4.4496672   -1.6451741  947.6673  946.9016
2021 04 05 01 08 00    -4.4566341   -1.6486166  947.6591  946.8922
2021 04 05 01 09 00    -4.4638020   -1.6520912  947.6508  946.8774
2021 04 05 01 10 00    -4.4708411   -1.6555037  947.6427  946.8609
2021 04 05 01 11 00    -4.4777028   -1.6588913  947.6352  946.8426
2021 04 05 01 12 00    -4.4845670   -1.6623550  947.6275  946.8275
2021 04 05 01 13 00    -4.4914080   -1.6658430  947.6187  946.8184
2021 04 05 01 14 00    -4.4981517   -1.6693001  947.6094  946.8062
2021 04 05 01 15 00    -4.5048710   -1.6727390  947.6008  946.7835
2021 04 05 01 16 00    -4.5116858   -1.6761643  947.5928  946.7530
2021 04 05 01 17 00    -4.5185973   -1.6795464  947.5844  946.7202
2021 04 05 01 18 00    -4.5253403   -1.6828516  947.5752  946.6902
2021 04 05 01 19 00    -4.5317240   -1.6861142  947.5657  946.6688
2021 04 05 01 20 00    -4.5380567   -1.6893838  947.5559  946.6610
2021 04 05 01 21 00    -4.5445447   -1.6925638  947.5460  946.6648
2021 04 05 01 22 00    -4.5508922   -1.6956113  947.5369  946.6720
2021 04 05 01 23 00    -4.5570009   -1.6986847  947.5290  946.6760
2021 04 05 01 24 00    -4.5631012   -1.7017889  947.5212  946.6682
2021 04 05 01 25 00    -4.5692944   -1.7048179  947.5122  946.6410
2021 04 05 01 26 00    -4.5755436   -1.7078512  947.5023  946.6065
2021 04 05 01 27 00    -4.5818129   -1.7109298  947.4929  946.5865
2021 04 05 01 28 00    -4.5880289   -1.7139767  947.4842  946.5837
2021 04 05 01 29 00    -4.5940504   -1.7170157  947.4755  946.5899
2021 04 05 01 30 00    -4.5998869   -1.7200671  947.4664  946.5952
2021 04 05 01 31 00    -4.6057315   -1.7230496  947.4574  946.5805
2021 04 05 01 32 00    -4.6116910   -1.7259808  947.4486  946.5459
2021 04 05 01 33 00    -4.6177111   -1.7289480  947.4395  946.5207
2021 04 05 01 34 00    -4.6236322   -1.7319202  947.4305  946.5170
2021 04 05 01 35 00    -4.6293422   -1.7348406  947.4219  946.5213
2021 04 05 01 36 00    -4.6349710   -1.7377448  947.4131  946.5265
2021 04 05 01 37 00    -4.6406582   -1.7406902  947.4040  946.5255
2021 04 05 01 38 00    -4.6462433   -1.7435475  947.3947  946.5074
2021 04 05 01 39 00    -4.6516206   -1.7461213  947.3852  946.4821
2021 04 05 01 40 00    -4.6570305   -1.7486225  947.3759  946.4626
2021 04 05 01 41 00    -4.6626141   -1.7513506  947.3674  946.4521
2021 04 05 01 42 00    -4.6680685   -1.7541307  947.3591  946.4647
2021 04 05 01 43 00    -4.6730754   -1.7567512  947.3508  946.5012
2021 04 05 01 44 00    -4.6778378   -1.7592679  947.3430  946.5292
2021 04 05 01 45 00    -4.6827609   -1.7617238  947.3356  946.5267
2021 04 05 01 46 00    -4.6879770   -1.7642228  947.3278  946.5112
2021 04 05 01 47 00    -4.6933799   -1.7668758  947.3200  946.5084
2021 04 05 01 48 00    -4.6986429   -1.7695388  947.3127  946.5138
2021 04 05 01 49 00    -4.7035757   -1.7720943  947.3051  946.5038
2021 04 05 01 50 00    -4.7084779   -1.7746138  947.2969  946.4794
2021 04 05 01 51 00    -4.7135810   -1.7770879  947.2885  946.4625
2021 04 05 01 52 00    -4.7186795   -1.7794931  947.2802  946.4544
2021 04 05 01 53 00    -4.7235212   -1.7819102  947.2723  946.4423
2021 04 05 01 54 00    -4.7282108   -1.7843629  947.2648  946.4247
2021 04 05 01 55 00    -4.7331478   -1.7868585  947.2570  946.4035
2021 04 05 01 56 00    -4.7383310   -1.7893960  947.2488  946.3801
2021 04 05 01 57 00    -4.7432844   -1.7918579  947.2402  946.3554
2021 04 05 01 58 00    -4.7479152   -1.7941938  947.2318  946.3273
2021 04 05 01 59 00    -4.7525333   -1.7965139  947.2235  946.2948
2021 04 05 02 00 00    -4.7572501   -1.7989038  947.2147  946.2560
2021 04 05 02 01 00    -4.7620329   -1.8013498  947.2047  946.2115
2021 04 05 02 02 00    -4.7669062   -1.8038079  947.1945  946.1725
2021 04 05 02 03 00    -4.7717057   -1.8062013  947.1847  946.1472
2021 04 05 02 04 00    -4.7761800   -1.8084466  947.1747  946.1314
2021 04 05 02 05 00    -4.7804889   -1.8106097  947.1643  946.1202
2021 04 05 02 06 00    -4.7849133   -1.8128486  947.1542  946.1133
2021 04 05 02 07 00    -4.7893154   -1.8151451  947.1446  946.1056
2021 04 05 02 08 00    -4.7935176   -1.8173470  947.1349  946.0860
2021 04 05 02 09 00    -4.7977509   -1.8194392  947.1248  946.0528
2021 04 05 02 10 00    -4.8021812   -1.8214734  947.1146  946.0151
2021 04 05 02 11 00    -4.8065393   -1.8234584  947.1045  945.9792
2021 04 05 02 12 00    -4.8106945   -1.8254956  947.0944  945.9444
2021 04 05 02 13 00    -4.8148353   -1.8276139  947.0835  945.9119
2021 04 05 02 14 00    -4.8189392   -1.8296670  947.0722  945.8902
2021 04 05 02 15 00    -4.8227595   -1.8315931  947.0614  945.8860
2021 04 05 02 16 00    -4.8262110   -1.8333782  947.0510  945.8931
2021 04 05 02 17 00    -4.8295913   -1.8350605  947.0409  945.8978
2021 04 05 02 18 00    -4.8332282   -1.8368323  947.0315  945.8937
2021 04 05 02 19 00    -4.8369726   -1.8387378  947.0220  945.8832
2021 04 05 02 20 00    -4.8406389   -1.8406482  947.0114  945.8669
2021 04 05 02 21 00    -4.8444007   -1.8425210  947.0003  945.8395
2021 04 05 02 22 00    -4.8482464   -1.8443512  946.9893  945.7965
2021 04 05 02 23 00    -4.8518670   -1.8461392  946.9784  945.7508
2021 04 05 02 24 00    -4.8552849   -1.8479105  946.9670  945.7273
2021 04 05 02 25 00    -4.8586987   -1.8496024  946.9560  945.7334
2021 04 05 02 26 00    -4.8618954   -1.8511497  946.9460  945.7537
2021 04 05 02 27 00    -4.8648517   -1.8527074  946.9364  945.7660
2021 04 05 02 28 00    -4.8680334   -1.8544085  946.9265  945.7589
2021 04 05 02 29 00    -4.8714157   -1.8560781  946.9162  945.7415
2021 04 05 02 30 00    -4.8745255   -1.8575953  946.9059  945.7243
2021 04 05 02 31 00    -4.8774308   -1.8590970  946.8961  945.7049
2021 04 05 02 32 00    -4.8805254   -1.8606336  946.8862  945.6822
2021 04 05 02 33 00    -4.8836512   -1.8621070  946.8759  945.6644
2021 04 05 02 34 00    -4.8864360   -1.8634668  946.8654  945.6607
2021 04 05 02 35 00    -4.8890939   -1.8647827  946.8551  945.6665
2021 04 05 02 36 00    -4.8919659   -1.8662356  946.8451  945.6632
2021 04 05 02 37 00    -4.8948690   -1.8678358  946.8356  945.6452
2021 04 05 02 38 00    -4.8975918   -1.8693221  946.8264  945.6250
2021 04 05 02 39 00    -4.9002870   -1.8705764  946.8167  945.6118
2021 04 05 02 40 00    -4.9029630   -1.8717321  946.8063  945.6034
2021 04 05 02 41 00    -4.9054241   -1.8728829  946.7956  945.5923
2021 04 05 02 42 00    -4.9077914   -1.8740513  946.7856  945.5770
2021 04 05 02 43 00    -4.9103035   -1.8753192  946.7763  945.5642
2021 04 05 02 44 00    -4.9128237   -1.8766614  946.7667  945.5586
2021 04 05 02 45 00    -4.9152045   -1.8779257  946.7566  945.5522
2021 04 05 02 46 00    -4.9176875   -1.8791566  946.7468  945.5342
2021 04 05 02 47 00    -4.9202966   -1.8804487  946.7372  945.5123
2021 04 05 02 48 00    -4.9226684   -1.8816829  946.7269  945.4962
2021 04 05 02 49 00    -4.9248447   -1.8827526  946.7164  945.4807
2021 04 05 02 50 00    -4.9271508   -1.8837963  946.7060  945.4672
2021 04 05 02 51 00    -4.9294984   -1.8850054  946.6953  945.4597
2021 04 05 02 52 00    -4.9316168   -1.8861834  946.6846  945.4438
2021 04 05 02 53 00    -4.9335245   -1.8870532  946.6746  945.4213
2021 04 05 02 54 00    -4.9353714   -1.8878365  946.6650  945.4097
2021 04 05 02 55 00    -4.9372604   -1.8888120  946.6553  945.4018
2021 04 05 02 56 00    -4.9393407   -1.8899320  946.6453  945.3882
2021 04 05 02 57 00    -4.9414328   -1.8910176  946.6349  945.3817
2021 04 05 02 58 00    -4.9431000   -1.8918755  946.6248  945.3922
2021 04 05 02 59 00    -4.9445925   -1.8926012  946.6151  945.4086
2021 04 05 03 00 00    -4.9463911   -1.8934814  946.6055  945.4141
2021 04 05 03 01 00    -4.9482837   -1.8944736  946.5958  945.4072
2021 04 05 03 02 00    -4.9500236   -1.8953994  946.5865  945.3940
2021 04 05 03 03 00    -4.9517070   -1.8962802  946.5774  945.3736
2021 04 05 03 04 00    -4.9534224   -1.8971697  946.5678  945.3480
2021 04 05 03 05 00    -4.9551981   -1.8980151  946.5580  945.3189
2021 04 05 03 06 00    -4.9569090   -1.8987591  946.5485  945.2808
2021 04 05 03 07 00    -4.9584223   -1.8994184  946.5391  945.2435
2021 04 05 03 08 00    -4.9598249   -1.9000255  946.5290  945.2280
2021 04 05 03 09 00    -4.9611729   -1.9006096  946.5180  945.2314
2021 04 05 03 10 00    -4.9623851   -1.9012222  946.5067  945.2381
2021 04 05 03 11 00    -4.9634843   -1.9019317  946.4961  945.2468
2021 04 05 03 12 00    -4.9645784   -1.9026708  946.4867  945.2612
2021 04 05 03 13 00    -4.9656438   -1.9032122  946.4781  945.2727
2021 04 05 03 14 00    -4.9666779   -1.9036271  946.4694  945.2700
2021 04 05 03 15 00    -4.9678698   -1.9042695  946.4600  945.2500
2021 04 05 03 16 00    -4.9692606   -1.9051204  946.4504  945.2173
2021 04 05 03 17 00    -4.9705873   -1.9058121  946.4414  945.1850
2021 04 05 03 18 00    -4.9716567   -1.9061958  946.4326  945.1658
2021 04 05 03 19 00    -4.9725311   -1.9064739  946.4233  945.1582
2021 04 05 03 20 00    -4.9733230   -1.9068421  946.4136  945.1599
2021 04 05 03 21 00    -4.9739780   -1.9072207  946.4045  945.1735
2021 04 05 03 22 00    -4.9744265   -1.9074857  946.3961  945.1943
2021 04 05 03 23 00    -4.9748733   -1.9077404  946.3873  945.2119
2021 04 05 03 24 00    -4.9754381   -1.9080625  946.3778  945.2184
2021 04 05 03 25 00    -4.9759516   -1.9083195  946.3686  945.2154
2021 04 05 03 26 00    -4.9765574   -1.9085800  946.3600  945.2109
2021 04 05 03 27 00    -4.9774837   -1.9090546  946.3518  945.2049
2021 04 05 03 28 00    -4.9783388   -1.9095188  946.3433  945.1903
2021 04 05 03 29 00    -4.9787500   -1.9096447  946.3346  945.1673
2021 04 05 03 30 00    -4.9790452   -1.9096555  946.3259  945.1446
2021 04 05 03 31 00    -4.9795175   -1.9099215  946.3168  945.1276
2021 04 05 03 32 00    -4.9799267   -1.9102765  946.3074  945.1155
2021 04 05 03 33 00    -4.9802159   -1.9104456  946.2978  945.1093
2021 04 05 03 34 00    -4.9806698   -1.9106420  946.2888  945.1042
2021 04 05 03 35 00    -4.9812703   -1.9110023  946.2803  945.0878
2021 04 05 03 36 00    -4.9817388   -1.9112141  946.2719  945.0614
2021 04 05 03 37 00    -4.9820077   -1.9111819  946.2625  945.0364
2021 04 05 03 38 00    -4.9822506   -1.9112559  946.2526  945.0170
2021 04 05 03 39 00    -4.9824851   -1.9115495  946.2431  945.0063
2021 04 05 03 40 00    -4.9825894   -1.9117427  946.2341  945.0019
2021 04 05 03 41 00    -4.9827397   -1.9117407  946.2251  944.9915
2021 04 05 03 42 00    -4.9829979   -1.9117308  946.2158  944.9692
2021 04 05 03 43 00    -4.9829573   -1.9116641  946.2061  944.9334
2021 04 05 03 44 00    -4.9826554   -1.9115488  946.1962  944.8832
2021 04 05 03 45 00    -4.9827441   -1.9116999  946.1861  944.8339
2021 04 05 03 46 00    -4.9832288   -1.9120609  946.1759  944.8052
2021 04 05 03 47 00    -4.9834276   -1.9121902  946.1660  944.7959
2021 04 05 03 48 00    -4.9831939   -1.9120240  946.1560  944.7867
2021 04 05 03 49 00    -4.9829372   -1.9118581  946.1454  944.7661
2021 04 05 03 50 00    -4.9828206   -1.9118298  946.1346  944.7450
2021 04 05 03 51 00    -4.9826839   -1.9117889  946.1242  944.7323
2021 04 05 03 52 00    -4.9824176   -1.9116014  946.1138  944.7127
2021 04 05 03 53 00    -4.9820845   -1.9113988  946.1033  944.6784
2021 04 05 03 54 00    -4.9817736   -1.9113031  946.0927  944.6399
2021 04 05 03 55 00    -4.9815494   -1.9112666  946.0822  944.5992
2021 04 05 03 56 00    -4.9814768   -1.9112462  946.0713  944.5613
2021 04 05 03 57 00    -4.9814161   -1.9111423  946.0601  944.5363
2021 04 05 03 58 00    -4.9810340   -1.9108798  946.0486  944.5191
2021 04 05 03 59 00    -4.9803249   -1.9105525  946.0366  944.5042
2021 04 05 04 00 00    -4.9796901   -1.9102708  946.0248  944.4933
2021 04 05 04 01 00    -4.9793138   -1.9100961  946.0140  944.4826
2021 04 05 04 02 00    -4.9789126   -1.9099449  946.0035  944.4661
2021 04 05 04 03 00    -4.9781701   -1.9096010  945.9921  944.4425
2021 04 05 04 04 00    -4.9772396   -1.9091256  945.9804  944.4215
2021 04 05 04 05 00    -4.9765947   -1.9088207  945.9687  944.4107
2021 04 05 04 06 00    -4.9762011   -1.9086223  945.9567  944.4013
2021 04 05 04 07 00    -4.9754735   -1.9081754  945.9449  944.3957
2021 04 05 04 08 00    -4.9743421   -1.9075475  945.9340  944.4034
2021 04 05 04 09 00    -4.9734074   -1.9071180  945.9235  944.4032
2021 04 05 04 10 00    -4.9727861   -1.9068310  945.9124  944.3825
2021 04 05 04 11 00    -4.9719841   -1.9063707  945.9008  944.3675
2021 04 05 04 12 00    -4.9709400   -1.9057916  945.8895  944.3651
2021 04 05 04 13 00    -4.9699064   -1.9052561  945.8787  944.3589
2021 04 05 04 14 00    -4.9688539   -1.9047415  945.8680  944.3498
2021 04 05 04 15 00    -4.9677988   -1.9042747  945.8571  944.3414
2021 04 05 04 16 00    -4.9667858   -1.9038464  945.8456  944.3268
2021 04 05 04 17 00    -4.9656533   -1.9033283  945.8340  944.3015
2021 04 05 04 18 00    -4.9643828   -1.9027155  945.8226  944.2773
2021 04 05 04 19 00    -4.9631514   -1.9021315  945.8114  944.2685
2021 04 05 04 20 00    -4.9619977   -1.9016148  945.8004  944.2712
2021 04 05 04 21 00    -4.9608430   -1.9010569  945.7898  944.2766
2021 04 05 04 22 00    -4.9596485   -1.9003739  945.7793  944.2810
2021 04 05 04 23 00    -4.9583255   -1.8996675  945.7686  944.2788
2021 04 05 04 24 00    -4.9569256   -1.8990840  945.7576  944.2652
2021 04 05 04 25 00    -4.9557566   -1.8985393  945.7467  944.2405
2021 04 05 04 26 00    -4.9547748   -1.8978706  945.7361  944.2090
2021 04 05 04 27 00    -4.9535420   -1.8971561  945.7254  944.1763
2021 04 05 04 28 00    -4.9519825   -1.8965073  945.7145  944.1513
2021 04 05 04 29 00    -4.9504451   -1.8958573  945.7035  944.1323
2021 04 05 04 30 00    -4.9491491   -1.8951822  945.6921  944.1088
2021 04 05 04 31 00    -4.9479063   -1.8944682  945.6804  944.0845
2021 04 05 04 32 00    -4.9464105   -1.8935925  945.6689  944.0641
2021 04 05 04 33 00    -4.9446491   -1.8926200  945.6579  944.0641
2021 04 05 04 34 00    -4.9428128   -1.8917312  945.6475  944.1005
2021 04 05 04 35 00    -4.9410787   -1.8909059  945.6372  944.1267
2021 04 05 04 36 00    -4.9394503   -1.8900990  945.6269  944.0994
2021 04 05 04 37 00    -4.9376809   -1.8893171  945.6168  944.0668
2021 04 05 04 38 00    -4.9357346   -1.8884933  945.6068  944.0793
2021 04 05 04 39 00    -4.9339421   -1.8875636  945.5969  944.1101
2021 04 05 04 40 00    -4.9322331   -1.8865339  945.5867  944.1200
2021 04 05 04 41 00    -4.9302337   -1.8855047  945.5758  944.1175
2021 04 05 04 42 00    -4.9282120   -1.8846031  945.5652  944.1171
2021 04 05 04 43 00    -4.9266123   -1.8838038  945.5556  944.0959
2021 04 05 04 44 00    -4.9251929   -1.8830055  945.5459  944.0530
2021 04 05 04 45 00    -4.9234351   -1.8821136  945.5356  944.0351
2021 04 05 04 46 00    -4.9212883   -1.8810496  945.5251  944.0432
2021 04 05 04 47 00    -4.9192038   -1.8799649  945.5151  944.0345
2021 04 05 04 48 00    -4.9173307   -1.8790084  945.5054  944.0201
2021 04 05 04 49 00    -4.9152930   -1.8780116  945.4955  944.0319
2021 04 05 04 50 00    -4.9130086   -1.8768879  945.4855  944.0634
2021 04 05 04 51 00    -4.9107856   -1.8758093  945.4761  944.0986
2021 04 05 04 52 00    -4.9087358   -1.8748868  945.4673  944.1185
2021 04 05 04 53 00    -4.9067207   -1.8740043  945.4590  944.1083
2021 04 05 04 54 00    -4.9047353   -1.8730039  945.4504  944.0749
2021 04 05 04 55 00    -4.9029694   -1.8720339  945.4412  944.0268
2021 04 05 04 56 00    -4.9013540   -1.8712358  945.4316  943.9803
2021 04 05 04 57 00    -4.8996148   -1.8703350  945.4223  943.9427
2021 04 05 04 58 00    -4.8977684   -1.8692430  945.4127  943.8883
2021 04 05 04 59 00    -4.8958690   -1.8682089  945.4021  943.8325
2021 04 05 05 00 00    -4.8937172   -1.8671809  945.3908  943.8315
2021 04 05 05 01 00    -4.8913512   -1.8660591  945.3801  943.8702
2021 04 05 05 02 00    -4.8891360   -1.8650161  945.3700  943.8735
2021 04 05 05 03 00    -4.8871736   -1.8640643  945.3603  943.8282
2021 04 05 05 04 00    -4.8851682   -1.8630410  945.3509  943.7962
2021 04 05 05 05 00    -4.8828029   -1.8618415  945.3416  943.8113
2021 04 05 05 06 00    -4.8801991   -1.8605026  945.3323  943.8408
2021 04 05 05 07 00    -4.8778078   -1.8592707  945.3230  943.8528
2021 04 05 05 08 00    -4.8756333   -1.8581825  945.3143  943.8414
2021 04 05 05 09 00    -4.8734438   -1.8570327  945.3055  943.8002
2021 04 05 05 10 00    -4.8713553   -1.8559223  945.2957  943.7487
2021 04 05 05 11 00    -4.8692128   -1.8549202  945.2852  943.7327
2021 04 05 05 12 00    -4.8667165   -1.8537812  945.2749  943.7560
2021 04 05 05 13 00    -4.8641324   -1.8525138  945.2649  943.7755
2021 04 05 05 14 00    -4.8616772   -1.8513081  945.2549  943.7695
2021 04 05 05 15 00    -4.8592347   -1.8501140  945.2452  943.7639
2021 04 05 05 16 00    -4.8568306   -1.8489434  945.2363  943.7736
2021 04 05 05 17 00    -4.8545708   -1.8479103  945.2279  943.7630
2021 04 05 05 18 00    -4.8524590   -1.8468384  945.2194  943.7214
2021 04 05 05 19 00    -4.8503670   -1.8455961  945.2101  943.6845
2021 04 05 05 20 00    -4.8481499   -1.8444092  945.1997  943.6511
2021 04 05 05 21 00    -4.8458118   -1.8433678  945.1887  943.6019
2021 04 05 05 22 00    -4.8433680   -1.8422525  945.1781  943.5690
2021 04 05 05 23 00    -4.8408655   -1.8409243  945.1681  943.5765
2021 04 05 05 24 00    -4.8384583   -1.8394917  945.1582  943.5856
2021 04 05 05 25 00    -4.8360446   -1.8381533  945.1483  943.5662
2021 04 05 05 26 00    -4.8334322   -1.8369593  945.1382  943.5390
2021 04 05 05 27 00    -4.8308439   -1.8357893  945.1279  943.5251
2021 04 05 05 28 00    -4.8283980   -1.8345389  945.1177  943.5196
2021 04 05 05 29 00    -4.8258325   -1.8332055  945.1077  943.5057
2021 04 05 05 30 00    -4.8231739   -1.8318834  945.0978  943.4852
2021 04 05 05 31 00    -4.8206666   -1.8306668  945.0882  943.4783
2021 04 05 05 32 00    -4.8182490   -1.8294650  945.0791  943.4821
2021 04 05 05 33 00    -4.8156397   -1.8281045  945.0699  943.4855
2021 04 05 05 34 00    -4.8127978   -1.8266636  945.0600  943.4870
2021 04 05 05 35 00    -4.8101530   -1.8253865  945.0496  943.4548
2021 04 05 05 36 00    -4.8078329   -1.8242272  945.0399  943.3927
2021 04 05 05 37 00    -4.8051708   -1.8228871  945.0308  943.3874
2021 04 05 05 38 00    -4.8019635   -1.8213711  945.0213  943.4555
2021 04 05 05 39 00    -4.7989233   -1.8199173  945.0115  943.5106
2021 04 05 05 40 00    -4.7962407   -1.8184688  945.0024  943.5096
2021 04 05 05 41 00    -4.7934363   -1.8168941  944.9939  943.4815
2021 04 05 05 42 00    -4.7905236   -1.8153914  944.9851  943.4625
2021 04 05 05 43 00    -4.7877849   -1.8141278  944.9761  943.4617
2021 04 05 05 44 00    -4.7851204   -1.8128933  944.9675  943.4649
2021 04 05 05 45 00    -4.7824888   -1.8115011  944.9588  943.4530
2021 04 05 05 46 00    -4.7799722   -1.8100608  944.9491  943.4186
2021 04 05 05 47 00    -4.7773971   -1.8086662  944.9389  943.3822
2021 04 05 05 48 00    -4.7747144   -1.8073614  944.9295  943.3690
2021 04 05 05 49 00    -4.7721753   -1.8062489  944.9207  943.3725
2021 04 05 05 50 00    -4.7697677   -1.8052152  944.9115  943.3609
2021 04 05 05 51 00    -4.7671837   -1.8039744  944.9011  943.3153
2021 04 05 05 52 00    -4.7644595   -1.8025554  944.8906  943.2611
2021 04 05 05 53 00    -4.7619192   -1.8012362  944.8808  943.2394
2021 04 05 05 54 00    -4.7593906   -1.7999612  944.8713  943.2512
2021 04 05 05 55 00    -4.7564572   -1.7984923  944.8614  943.2717
2021 04 05 05 56 00    -4.7534177   -1.7969646  944.8514  943.2844
2021 04 05 05 57 00    -4.7507588   -1.7955586  944.8419  943.2727
2021 04 05 05 58 00    -4.7482795   -1.7942367  944.8329  943.2381
2021 04 05 05 59 00    -4.7457173   -1.7930460  944.8235  943.2052
2021 04 05 06 00 00    -4.7431699   -1.7919073  944.8130  943.1782
2021 04 05 06 01 00    -4.7405797   -1.7905399  944.8016  943.1601
2021 04 05 06 02 00    -4.7378408   -1.7890212  944.7902  943.1689
2021 04 05 06 03 00    -4.7351750   -1.7877203  944.7798  943.1834
2021 04 05 06 04 00    -4.7326837   -1.7865931  944.7705  943.1648
2021 04 05 06 05 00    -4.7300596   -1.7852256  944.7613  943.1287
2021 04 05 06 06 00    -4.7272229   -1.7836347  944.7515  943.1085
2021 04 05 06 07 00    -4.7245548   -1.7822588  944.7408  943.0802
2021 04 05 06 08 00    -4.7221437   -1.7811313  944.7304  943.0392
2021 04 05 06 09 00    -4.7195662   -1.7799183  944.7210  943.0495
2021 04 05 06 10 00    -4.7165687   -1.7784947  944.7118  943.1014
2021 04 05 06 11 00    -4.7134591   -1.7769700  944.7016  943.1218
2021 04 05 06 12 00    -4.7106487   -1.7755190  944.6912  943.1111
2021 04 05 06 13 00    -4.7079293   -1.7741204  944.6817  943.1042
2021 04 05 06 14 00    -4.7049194   -1.7726195  944.6729  943.1086
2021 04 05 06 15 00    -4.7018478   -1.7711056  944.6635  943.1199
2021 04 05 06 16 00    -4.6989793   -1.7696625  944.6535  943.1233
2021 04 05 06 17 00    -4.6961562   -1.7681893  944.6438  943.1138
2021 04 05 06 18 00    -4.6931944   -1.7666436  944.6351  943.1086
2021 04 05 06 19 00    -4.6901168   -1.7650504  944.6267  943.1168
2021 04 05 06 20 00    -4.6871537   -1.7635806  944.6180  943.1322
2021 04 05 06 21 00    -4.6844112   -1.7623500  944.6090  943.1419
2021 04 05 06 22 00    -4.6816007   -1.7610325  944.6002  943.1268
2021 04 05 06 23 00    -4.6785410   -1.7593974  944.5916  943.1090
2021 04 05 06 24 00    -4.6755047   -1.7577796  944.5829  943.1310
2021 04 05 06 25 00    -4.6726428   -1.7563624  944.5740  943.1630
2021 04 05 06 26 00    -4.6697939   -1.7549332  944.5651  943.1572
2021 04 05 06 27 00    -4.6669637   -1.7535213  944.5562  943.1330
2021 04 05 06 28 00    -4.6641997   -1.7522039  944.5473  943.1218
2021 04 05 06 29 00    -4.6613700   -1.7508074  944.5388  943.1210
2021 04 05 06 30 00    -4.6584287   -1.7493136  944.5309  943.1323
2021 04 05 06 31 00    -4.6554877   -1.7478183  944.5229  943.1588
2021 04 05 06 32 00    -4.6527371   -1.7463718  944.5148  943.1609
2021 04 05 06 33 00    -4.6502401   -1.7451019  944.5068  943.0994
2021 04 05 06 34 00    -4.6477226   -1.7439527  944.4983  943.0114
2021 04 05 06 35 00    -4.6449285   -1.7426717  944.4887  942.9744
2021 04 05 06 36 00    -4.6419846   -1.7412453  944.4783  942.9869
2021 04 05 06 37 00    -4.6390910   -1.7397561  944.4680  942.9805
2021 04 05 06 38 00    -4.6363004   -1.7381797  944.4584  942.9601
2021 04 05 06 39 00    -4.6336306   -1.7366242  944.4500  942.9696
2021 04 05 06 40 00    -4.6309064   -1.7351743  944.4421  942.9749
2021 04 05 06 41 00    -4.6280076   -1.7337457  944.4335  942.9539
2021 04 05 06 42 00    -4.6252024   -1.7323422  944.4241  942.9498
2021 04 05 06 43 00    -4.6225322   -1.7310231  944.4153  942.9623
2021 04 05 06 44 00    -4.6197214   -1.7297707  944.4068  942.9606
2021 04 05 06 45 00    -4.6168210   -1.7284978  944.3976  942.9471
2021 04 05 06 46 00    -4.6140410   -1.7271227  944.3887  942.9237
2021 04 05 06 47 00    -4.6113444   -1.7257143  944.3815  942.9135
2021 04 05 06 48 00    -4.6085937   -1.7243716  944.3749  942.9521
2021 04 05 06 49 00    -4.6057803   -1.7230471  944.3670  942.9854
2021 04 05 06 50 00    -4.6029266   -1.7216290  944.3586  942.9574
2021 04 05 06 51 00    -4.5999092   -1.7200620  944.3509  942.9280
2021 04 05 06 52 00    -4.5966790   -1.7183754  944.3434  942.9418
2021 04 05 06 53 00    -4.5935011   -1.7167248  944.3350  942.9629
2021 04 05 06 54 00    -4.5906232   -1.7152948  944.3260  942.9699
2021 04 05 06 55 00    -4.5879226   -1.7139698  944.3174  942.9747
2021 04 05 06 56 00    -4.5852047   -1.7125545  944.3093  942.9811
2021 04 05 06 57 00    -4.5824619   -1.7111924  944.3019  942.9777
2021 04 05 06 58 00    -4.5796884   -1.7099657  944.2947  942.9605
2021 04 05 06 59 00    -4.5768938   -1.7087155  944.2871  942.9377
2021 04 05 07 00 00    -4.5742110   -1.7074032  944.2788  942.9061
2021 04 05 07 01 00    -4.5716808   -1.7060365  944.2707  942.8637
2021 04 05 07 02 00    -4.5691330   -1.7046311  944.2628  942.8359
2021 04 05 07 03 00    -4.5665030   -1.7033373  944.2539  942.8371
2021 04 05 07 04 00    -4.5639924   -1.7021987  944.2443  942.8419
2021 04 05 07 05 00    -4.5616872   -1.7010978  944.2353  942.8205
2021 04 05 07 06 00    -4.5593675   -1.6999324  944.2272  942.7752
2021 04 05 07 07 00    -4.5568405   -1.6986144  944.2189  942.7369
2021 04 05 07 08 00    -4.5541272   -1.6971809  944.2102  942.7113
2021 04 05 07 09 00    -4.5513895   -1.6958131  944.2019  942.6713
2021 04 05 07 10 00    -4.5488853   -1.6946026  944.1935  942.6233
2021 04 05 07 11 00    -4.5466007   -1.6934372  944.1841  942.6025
2021 04 05 07 12 00    -4.5440921   -1.6921511  944.1739  942.6108
2021 04 05 07 13 00    -4.5412413   -1.6907508  944.1634  942.6190
2021 04 05 07 14 00    -4.5384577   -1.6893661  944.1536  942.6070
2021 04 05 07 15 00    -4.5358958   -1.6880937  944.1453  942.5856
2021 04 05 07 16 00    -4.5334002   -1.6869609  944.1374  942.5817
2021 04 05 07 17 00    -4.5309261   -1.6858358  944.1289  942.5981
2021 04 05 07 18 00    -4.5284139   -1.6845475  944.1196  942.6146
2021 04 05 07 19 00    -4.5257892   -1.6831788  944.1103  942.6240
2021 04 05 07 20 00    -4.5230270   -1.6818408  944.1014  942.6355
2021 04 05 07 21 00    -4.5200291   -1.6803787  944.0925  942.6651
2021 04 05 07 22 00    -4.5170015   -1.6787982  944.0839  942.6936
2021 04 05 07 23 00    -4.5142819   -1.6773709  944.0759  942.6704
2021 04 05 07 24 00    -4.5115575   -1.6760152  944.0674  942.6207
2021 04 05 07 25 00    -4.5085893   -1.6744887  944.0578  942.6240
2021 04 05 07 26 00    -4.5058267   -1.6729625  944.0484  942.6659
2021 04 05 07 27 00    -4.5033181   -1.6716467  944.0404  942.6772
2021 04 05 07 28 00    -4.5006960   -1.6704753  944.0333  942.6644
2021 04 05 07 29 00    -4.4981211   -1.6693325  944.0263  942.6567
2021 04 05 07 30 00    -4.4957641   -1.6680956  944.0184  942.6273
2021 04 05 07 31 00    -4.4933487   -1.6667587  944.0093  942.5858
2021 04 05 07 32 00    -4.4908666   -1.6655311  943.9997  942.5836
2021 04 05 07 33 00    -4.4885017   -1.6644148  943.9912  942.5842
2021 04 05 07 34 00    -4.4861324   -1.6632246  943.9845  942.5402
2021 04 05 07 35 00    -4.4836515   -1.6620123  943.9778  942.5118
2021 04 05 07 36 00    -4.4810877   -1.6607810  943.9699  942.5372
2021 04 05 07 37 00    -4.4784653   -1.6593738  943.9610  942.5556
2021 04 05 07 38 00    -4.4759099   -1.6579213  943.9519  942.5314
2021 04 05 07 39 00    -4.4735474   -1.6567532  943.9434  942.4999
2021 04 05 07 40 00    -4.4712082   -1.6558365  943.9351  942.4875
2021 04 05 07 41 00    -4.4686564   -1.6547772  943.9265  942.4831
2021 04 05 07 42 00    -4.4660976   -1.6534743  943.9177  942.4761
2021 04 05 07 43 00    -4.4637424   -1.6521523  943.9092  942.4669
2021 04 05 07 44 00    -4.4612467   -1.6508156  943.9014  942.4665
2021 04 05 07 45 00    -4.4583606   -1.6493351  943.8936  942.4938
2021 04 05 07 46 00    -4.4554681   -1.6478645  943.8859  942.5342
2021 04 05 07 47 00    -4.4528671   -1.6466128  943.8786  942.5546
2021 04 05 07 48 00    -4.4502486   -1.6453579  943.8714  942.5712
2021 04 05 07 49 00    -4.4474976   -1.6438889  943.8642  942.6059
2021 04 05 07 50 00    -4.4449626   -1.6425066  943.8570  942.6274
2021 04 05 07 51 00    -4.4425898   -1.6413726  943.8499  942.6163
2021 04 05 07 52 00    -4.4400956   -1.6402066  943.8430  942.6006
2021 04 05 07 53 00    -4.4375911   -1.6389032  943.8366  942.6104
2021 04 05 07 54 00    -4.4351663   -1.6376121  943.8303  942.6591
2021 04 05 07 55 00    -4.4327262   -1.6363503  943.8237  942.7084
2021 04 05 07 56 00    -4.4303171   -1.6350935  943.8175  942.6922
2021 04 05 07 57 00    -4.4280478   -1.6339915  943.8119  942.6335
2021 04 05 07 58 00    -4.4258774   -1.6330478  943.8060  942.5981
2021 04 05 07 59 00    -4.4236384   -1.6319483  943.7994  942.5859
2021 04 05 08 00 00    -4.4212730   -1.6305894  943.7924  942.5860
2021 04 05 08 01 00    -4.4188204   -1.6292274  943.7852  942.6093
2021 04 05 08 02 00    -4.4162631   -1.6279790  943.7784  942.6466
2021 04 05 08 03 00    -4.4136991   -1.6267423  943.7721  942.6823
2021 04 05 08 04 00    -4.4112769   -1.6255149  943.7662  942.7039
2021 04 05 08 05 00    -4.4089086   -1.6243783  943.7613  942.6895
2021 04 05 08 06 00    -4.4065016   -1.6233172  943.7569  942.6509
2021 04 05 08 07 00    -4.4041794   -1.6222710  943.7518  942.6299
2021 04 05 08 08 00    -4.4019667   -1.6211808  943.7457  942.6340
2021 04 05 08 09 00    -4.3997612   -1.6199994  943.7399  942.6445
2021 04 05 08 10 00    -4.3976296   -1.6188275  943.7351  942.6493
2021 04 05 08 11 00    -4.3956719   -1.6178444  943.7302  942.6399
2021 04 05 08 12 00    -4.3937272   -1.6169780  943.7238  942.6132
2021 04 05 08 13 00    -4.3915738   -1.6159708  943.7161  942.5813
2021 04 05 08 14 00    -4.3894018   -1.6148852  943.7085  942.5626
2021 04 05 08 15 00    -4.3874523   -1.6139346  943.7021  942.5536
2021 04 05 08 16 00    -4.3854344   -1.6129414  943.6968  942.5326
2021 04 05 08 17 00    -4.3832397   -1.6118014  943.6919  942.4912
2021 04 05 08 18 00    -4.3812227   -1.6107989  943.6860  942.4509
2021 04 05 08 19 00    -4.3793392   -1.6099408  943.6788  942.4429
2021 04 05 08 20 00    -4.3773900   -1.6089654  943.6710  942.4480
2021 04 05 08 21 00    -4.3754884   -1.6078878  943.6633  942.4188
2021 04 05 08 22 00    -4.3734316   -1.6067971  943.6558  942.3703
2021 04 05 08 23 00    -4.3711179   -1.6057088  943.6485  942.3483
2021 04 05 08 24 00    -4.3690998   -1.6047767  943.6418  942.3484
2021 04 05 08 25 00    -4.3670531   -1.6038256  943.6352  942.3451
2021 04 05 08 26 00    -4.3644627   -1.6025854  943.6282  942.3389
2021 04 05 08 27 00    -4.3623451   -1.6014784  943.6206  942.3320
2021 04 05 08 28 00    -4.3607879   -1.6006084  943.6125  942.3090
2021 04 05 08 29 00    -4.3585840   -1.5994383  943.6044  942.2737
2021 04 05 08 30 00    -4.3559014   -1.5980367  943.5962  942.2584
2021 04 05 08 31 00    -4.3539858   -1.5970869  943.5885  942.2646
2021 04 05 08 32 00    -4.3530323   -1.5966588  943.5818  942.2546
2021 04 05 08 33 00    -4.3513069   -1.5957547  943.5751  942.2358
2021 04 05 08 34 00    -4.3483094   -1.5941729  943.5675  942.2484
2021 04 05 08 35 00    -4.3458000   -1.5928631  943.5594  942.2737
2021 04 05 08 36 00    -4.3439510   -1.5918552  943.5517  942.2742
2021 04 05 08 37 00    -4.3421255   -1.5909083  943.5446  942.2642
2021 04 05 08 38 00    -4.3403060   -1.5901422  943.5375  942.2594
2021 04 05 08 39 00    -4.3378142   -1.5891049  943.5302  942.2498
2021 04 05 08 40 00    -4.3352374   -1.5878560  943.5228  942.2504
2021 04 05 08 41 00    -4.3338648   -1.5870157  943.5155  942.2659
2021 04 05 08 42 00    -4.3327178   -1.5863077  943.5080  942.2470
2021 04 05 08 43 00    -4.3306190   -1.5852747  943.5005  942.1943
2021 04 05 08 44 00    -4.3282581   -1.5841970  943.4935  942.1900
2021 04 05 08 45 00    -4.3262588   -1.5832901  943.4871  942.2498
2021 04 05 08 46 00    -4.3243194   -1.5823328  943.4811  942.2818
2021 04 05 08 47 00    -4.3223106   -1.5812845  943.4752  942.2435
2021 04 05 08 48 00    -4.3204504   -1.5803566  943.4690  942.2067
2021 04 05 08 49 00    -4.3188352   -1.5795421  943.4627  942.2146
2021 04 05 08 50 00    -4.3171919   -1.5786033  943.4564  942.2231
2021 04 05 08 51 00    -4.3151405   -1.5774704  943.4499  942.2106
2021 04 05 08 52 00    -4.3127290   -1.5762666  943.4429  942.1844
2021 04 05 08 53 00    -4.3105385   -1.5751806  943.4360  942.1418
2021 04 05 08 54 00    -4.3091928   -1.5744791  943.4294  942.1118
2021 04 05 08 55 00    -4.3085547   -1.5741863  943.4227  942.1110
2021 04 05 08 56 00    -4.3077700   -1.5739162  943.4150  942.0959
2021 04 05 08 57 00    -4.3062083   -1.5732733  943.4068  942.0510
2021 04 05 08 58 00    -4.3038293   -1.5721314  943.3991  942.0135
2021 04 05 08 59 00    -4.3007264   -1.5704949  943.3918  941.9987
2021 04 05 09 00 00    -4.2985167   -1.5692462  943.3838  941.9829
2021 04 05 09 01 00    -4.2992987   -1.5695934  943.3754  941.9365
2021 04 05 09 02 00    -4.2991912   -1.5696166  943.3670  941.8660
2021 04 05 09 03 00    -4.2946524   -1.5674085  943.3585  941.8275
2021 04 05 09 04 00    -4.2920259   -1.5661068  943.3497  941.8357
2021 04 05 09 05 00    -4.2932032   -1.5666885  943.3413  941.8183
2021 04 05 09 06 00    -4.2911487   -1.5655957  943.3330  941.7603
2021 04 05 09 07 00    -4.2870568   -1.5634484  943.3244  941.7389
2021 04 05 09 08 00    -4.2861174   -1.5629681  943.3151  941.7708
2021 04 05 09 09 00    -4.2859765   -1.5630023  943.3056  941.7942
2021 04 05 09 10 00    -4.2838058   -1.5619864  943.2966  941.7679
2021 04 05 09 11 00    -4.2808862   -1.5604974  943.2878  941.7083
2021 04 05 09 12 00    -4.2785204   -1.5593001  943.2785  941.6839
2021 04 05 09 13 00    -4.2774618   -1.5588271  943.2686  941.7370
2021 04 05 09 14 00    -4.2778234   -1.5590721  943.2585  941.7780
2021 04 05 09 15 00    -4.2758528   -1.5580856  943.2490  941.6960
2021 04 05 09 16 00    -4.2711867   -1.5557059  943.2404  941.5726
2021 04 05 09 17 00    -4.2702937   -1.5552748  943.2322  941.5653
2021 04 05 09 18 00    -4.2712834   -1.5558713  943.2235  941.6498
2021 04 05 09 19 00    -4.2676967   -1.5541299  943.2141  941.6977
2021 04 05 09 20 00    -4.2635132   -1.5519203  943.2049  941.6807
2021 04 05 09 21 00    -4.2629097   -1.5514667  943.1962  941.6638
2021 04 05 09 22 00    -4.2622708   -1.5511639  943.1879  941.7045
2021 04 05 09 23 00    -4.2595062   -1.5498611  943.1795  941.8076
2021 04 05 09 24 00    -4.2567155   -1.5484333  943.1711  941.9135
2021 04 05 09 25 00    -4.2550236   -1.5475159  943.1634  941.9188
2021 04 05 09 26 00    -4.2534918   -1.5467478  943.1565  941.8230
2021 04 05 09 27 00    -4.2515133   -1.5458293  943.1501  941.7571
2021 04 05 09 28 00    -4.2496556   -1.5449975  943.1432  941.7602
2021 04 05 09 29 00    -4.2482139   -1.5443070  943.1353  941.7576
2021 04 05 09 30 00    -4.2466354   -1.5434630  943.1268  941.7130
2021 04 05 09 31 00    -4.2447523   -1.5424511  943.1180  941.6431
2021 04 05 09 32 00    -4.2430441   -1.5415216  943.1087  941.5967
2021 04 05 09 33 00    -4.2416214   -1.5407973  943.0992  941.6053
2021 04 05 09 34 00    -4.2401219   -1.5401956  943.0907  941.6392
2021 04 05 09 35 00    -4.2383754   -1.5394644  943.0834  941.6473
2021 04 05 09 36 00    -4.2365260   -1.5384957  943.0767  941.6000
2021 04 05 09 37 00    -4.2347842   -1.5375117  943.0697  941.5356
2021 04 05 09 38 00    -4.2331890   -1.5366570  943.0618  941.5392
2021 04 05 09 39 00    -4.2315552   -1.5358583  943.0533  941.5955
2021 04 05 09 40 00    -4.2297263   -1.5350286  943.0453  941.6012
2021 04 05 09 41 00    -4.2277177   -1.5340598  943.0383  941.5687
2021 04 05 09 42 00    -4.2257922   -1.5330044  943.0317  941.5881
2021 04 05 09 43 00    -4.2241373   -1.5320884  943.0244  941.6206
2021 04 05 09 44 00    -4.2223907   -1.5312355  943.0164  941.5824
2021 04 05 09 45 00    -4.2204266   -1.5302615  943.0077  941.5035
2021 04 05 09 46 00    -4.2187412   -1.5293551  942.9985  941.4464
2021 04 05 09 47 00    -4.2173239   -1.5286212  942.9895  941.4269
2021 04 05 09 48 00    -4.2156810   -1.5278292  942.9816  941.4357
2021 04 05 09 49 00    -4.2136513   -1.5268294  942.9735  941.4573
2021 04 05 09 50 00    -4.2113440   -1.5256533  942.9644  941.4796
2021 04 05 09 51 00    -4.2091923   -1.5245601  942.9556  941.4964
2021 04 05 09 52 00    -4.2075268   -1.5237764  942.9484  941.4959
2021 04 05 09 53 00    -4.2058715   -1.5230201  942.9420  941.4482
2021 04 05 09 54 00    -4.2038789   -1.5220058  942.9349  941.3753
2021 04 05 09 55 00    -4.2019015   -1.5209176  942.9269  941.3503
2021 04 05 09 56 00    -4.2001479   -1.5199599  942.9180  941.3544
2021 04 05 09 57 00    -4.1986550   -1.5191795  942.9081  941.3219
2021 04 05 09 58 00    -4.1973218   -1.5185556  942.8982  941.2787
2021 04 05 09 59 00    -4.1956939   -1.5178706  942.8895  941.2650
2021 04 05 10 00 00    -4.1937234   -1.5169615  942.8816  941.2608
2021 04 05 10 01 00    -4.1918430   -1.5160091  942.8738  941.2584
2021 04 05 10 02 00    -4.1901620   -1.5151650  942.8656  941.2742
2021 04 05 10 03 00    -4.1884657   -1.5143163  942.8564  941.2933
2021 04 05 10 04 00    -4.1865290   -1.5133517  942.8464  941.2948
2021 04 05 10 05 00    -4.1843263   -1.5122545  942.8375  941.2894
2021 04 05 10 06 00    -4.1821119   -1.5110845  942.8301  941.2844
2021 04 05 10 07 00    -4.1802347   -1.5100770  942.8227  941.2591
2021 04 05 10 08 00    -4.1788275   -1.5093761  942.8140  941.2279
2021 04 05 10 09 00    -4.1773420   -1.5086231  942.8043  941.2471
2021 04 05 10 10 00    -4.1751847   -1.5075071  942.7946  941.2761
2021 04 05 10 11 00    -4.1727743   -1.5063250  942.7854  941.2276
2021 04 05 10 12 00    -4.1707641   -1.5053635  942.7767  941.1491
2021 04 05 10 13 00    -4.1691380   -1.5046236  942.7676  941.1114
2021 04 05 10 14 00    -4.1675581   -1.5039897  942.7579  941.0789
2021 04 05 10 15 00    -4.1657976   -1.5031141  942.7480  941.0173
2021 04 05 10 16 00    -4.1640496   -1.5019812  942.7375  940.9764
2021 04 05 10 17 00    -4.1624562   -1.5010118  942.7259  941.0079
2021 04 05 10 18 00    -4.1606812   -1.5002548  942.7148  941.0594
2021 04 05 10 19 00    -4.1586454   -1.4994954  942.7053  941.0519
2021 04 05 10 20 00    -4.1565789   -1.4985725  942.6962  940.9879
2021 04 05 10 21 00    -4.1546906   -1.4974811  942.6866  940.9339
2021 04 05 10 22 00    -4.1531372   -1.4965574  942.6764  940.9546
2021 04 05 10 23 00    -4.1515569   -1.4958757  942.6657  941.0007
2021 04 05 10 24 00    -4.1494280   -1.4950411  942.6550  940.9782
2021 04 05 10 25 00    -4.1470623   -1.4939880  942.6453  940.9430
2021 04 05 10 26 00    -4.1452050   -1.4929798  942.6364  940.9608
2021 04 05 10 27 00    -4.1437041   -1.4919605  942.6282  940.9746
2021 04 05 10 28 00    -4.1417819   -1.4908124  942.6203  940.9589
2021 04 05 10 29 00    -4.1394632   -1.4897264  942.6122  940.9457
2021 04 05 10 30 00    -4.1373516   -1.4888033  942.6035  940.9594
2021 04 05 10 31 00    -4.1356550   -1.4879895  942.5946  940.9663
2021 04 05 10 32 00    -4.1340281   -1.4871550  942.5857  940.9147
2021 04 05 10 33 00    -4.1318449   -1.4859942  942.5764  940.8775
2021 04 05 10 34 00    -4.1292229   -1.4846316  942.5670  940.8949
2021 04 05 10 35 00    -4.1269693   -1.4835849  942.5577  940.8607
2021 04 05 10 36 00    -4.1248786   -1.4826585  942.5480  940.7764
2021 04 05 10 37 00    -4.1223131   -1.4813573  942.5377  940.7802
2021 04 05 10 38 00    -4.1198911   -1.4800645  942.5275  940.8729
2021 04 05 10 39 00    -4.1180773   -1.4791962  942.5180  940.8787
2021 04 05 10 40 00    -4.1160235   -1.4782516  942.5082  940.7554
2021 04 05 10 41 00    -4.1134341   -1.4768869  942.4979  940.6812
2021 04 05 10 42 00    -4.1109884   -1.4755380  942.4877  940.7198
2021 04 05 10 43 00    -4.1088022   -1.4744977  942.4776  940.7456
2021 04 05 10 44 00    -4.1065063   -1.4734618  942.4675  940.7224
2021 04 05 10 45 00    -4.1040534   -1.4721705  942.4576  940.7166
2021 04 05 10 46 00    -4.1016920   -1.4709190  942.4481  940.7286
2021 04 05 10 47 00    -4.0994543   -1.4699184  942.4387  940.7438
2021 04 05 10 48 00    -4.0970104   -1.4688065  942.4295  940.7728
2021 04 05 10 49 00    -4.0944187   -1.4674694  942.4204  940.7693
2021 04 05 10 50 00    -4.0920258   -1.4662444  942.4109  940.7033
2021 04 05 10 51 00    -4.0896735   -1.4651418  942.4003  940.6447
2021 04 05 10 52 00    -4.0871857   -1.4639212  942.3890  940.6314
2021 04 05 10 53 00    -4.0847789   -1.4626209  942.3781  940.5896
2021 04 05 10 54 00    -4.0825858   -1.4614448  942.3683  940.5206
2021 04 05 10 55 00    -4.0804381   -1.4603529  942.3590  940.5459
2021 04 05 10 56 00    -4.0780321   -1.4591315  942.3499  940.6482
2021 04 05 10 57 00    -4.0753681   -1.4578291  942.3408  940.6916
2021 04 05 10 58 00    -4.0727850   -1.4566469  942.3308  940.6483
2021 04 05 10 59 00    -4.0705117   -1.4555616  942.3198  940.5757
2021 04 05 11 00 00    -4.0685480   -1.4544455  942.3087  940.5420
2021 04 05 11 01 00    -4.0665021   -1.4532469  942.2986  940.5402
2021 04 05 11 02 00    -4.0639154   -1.4520031  942.2894  940.4877
2021 04 05 11 03 00    -4.0611248   -1.4507813  942.2801  940.4223
2021 04 05 11 04 00    -4.0586051   -1.4494717  942.2700  940.4309
2021 04 05 11 05 00    -4.0560430   -1.4479779  942.2597  940.4568
2021 04 05 11 06 00    -4.0532714   -1.4465504  942.2505  940.4407
2021 04 05 11 07 00    -4.0505375   -1.4453201  942.2420  940.4294
2021 04 05 11 08 00    -4.0476743   -1.4439957  942.2338  940.4420
2021 04 05 11 09 00    -4.0447581   -1.4425360  942.2249  940.4367
2021 04 05 11 10 00    -4.0423263   -1.4412527  942.2147  940.4162
2021 04 05 11 11 00    -4.0401447   -1.4400931  942.2042  940.4249
2021 04 05 11 12 00    -4.0375802   -1.4387532  942.1947  940.4509
2021 04 05 11 13 00    -4.0346535   -1.4372540  942.1856  940.4602
2021 04 05 11 14 00    -4.0316368   -1.4357948  942.1754  940.4554
2021 04 05 11 15 00    -4.0287243   -1.4344392  942.1650  940.4043
2021 04 05 11 16 00    -4.0260405   -1.4331091  942.1550  940.3194
2021 04 05 11 17 00    -4.0234003   -1.4317043  942.1453  940.3278
2021 04 05 11 18 00    -4.0206013   -1.4302803  942.1360  940.4204
2021 04 05 11 19 00    -4.0176444   -1.4288688  942.1263  940.4471
2021 04 05 11 20 00    -4.0145100   -1.4273034  942.1155  940.4061
2021 04 05 11 21 00    -4.0112629   -1.4256045  942.1046  940.3855
2021 04 05 11 22 00    -4.0080722   -1.4239857  942.0950  940.4148
2021 04 05 11 23 00    -4.0049763   -1.4224514  942.0864  940.4765
2021 04 05 11 24 00    -4.0020084   -1.4209509  942.0782  940.4918
2021 04 05 11 25 00    -3.9992552   -1.4195534  942.0705  940.4417
2021 04 05 11 26 00    -3.9964746   -1.4181693  942.0626  940.4184
2021 04 05 11 27 00    -3.9932688   -1.4165690  942.0546  940.4378
2021 04 05 11 28 00    -3.9897165   -1.4148061  942.0463  940.4241
2021 04 05 11 29 00    -3.9862390   -1.4131632  942.0372  940.3634
2021 04 05 11 30 00    -3.9831593   -1.4117214  942.0277  940.3300
2021 04 05 11 31 00    -3.9804885   -1.4103648  942.0189  940.3744
2021 04 05 11 32 00    -3.9776274   -1.4088422  942.0109  940.4405
2021 04 05 11 33 00    -3.9739851   -1.4069324  942.0030  940.4559
2021 04 05 11 34 00    -3.9700360   -1.4049010  941.9952  940.4401
2021 04 05 11 35 00    -3.9664516   -1.4030901  941.9885  940.4233
2021 04 05 11 36 00    -3.9631028   -1.4014708  941.9820  940.3973
2021 04 05 11 37 00    -3.9599656   -1.4000192  941.9744  940.4055
2021 04 05 11 38 00    -3.9571484   -1.3985650  941.9657  940.4521
2021 04 05 11 39 00    -3.9541655   -1.3968871  941.9571  940.4172
2021 04 05 11 40 00    -3.9507473   -1.3952167  941.9493  940.3110
2021 04 05 11 41 00    -3.9472077   -1.3936503  941.9421  940.2917
2021 04 05 11 42 00    -3.9438420   -1.3919730  941.9347  940.3369
2021 04 05 11 43 00    -3.9408183   -1.3902786  941.9268  940.3367
2021 04 05 11 44 00    -3.9379137   -1.3887061  941.9186  940.3270
2021 04 05 11 45 00    -3.9345821   -1.3870731  941.9109  940.3343
2021 04 05 11 46 00    -3.9307697   -1.3852310  941.9045  940.3328
2021 04 05 11 47 00    -3.9269293   -1.3833102  941.8980  940.3487
2021 04 05 11 48 00    -3.9232973   -1.3814796  941.8894  940.3606
2021 04 05 11 49 00    -3.9198409   -1.3797861  941.8792  940.3096
2021 04 05 11 50 00    -3.9164891   -1.3781913  941.8699  940.2547
2021 04 05 11 51 00    -3.9129559   -1.3764904  941.8616  940.2639
2021 04 05 11 52 00    -3.9092123   -1.3745616  941.8535  940.2693
2021 04 05 11 53 00    -3.9057494   -1.3726767  941.8448  940.2334
2021 04 05 11 54 00    -3.9025563   -1.3710562  941.8356  940.2161
2021 04 05 11 55 00    -3.8991509   -1.3694595  941.8259  940.2208
2021 04 05 11 56 00    -3.8954021   -1.3675837  941.8162  940.2234
2021 04 05 11 57 00    -3.8914420   -1.3655285  941.8075  940.2405
2021 04 05 11 58 00    -3.8875725   -1.3636074  941.7991  940.2802
2021 04 05 11 59 00    -3.8839294   -1.3618620  941.7904  940.3457
2021 04 05 12 00 00    -3.8803314   -1.3601190  941.7824  940.3763
2021 04 05 12 01 00    -3.8767301   -1.3583194  941.7749  940.2961
2021 04 05 12 02 00    -3.8729331   -1.3563738  941.7664  940.1929
2021 04 05 12 03 00    -3.8689311   -1.3542883  941.7569  940.1778
2021 04 05 12 04 00    -3.8652006   -1.3523472  941.7481  940.2201
2021 04 05 12 05 00    -3.8615108   -1.3505013  941.7403  940.2615
2021 04 05 12 06 00    -3.8573361   -1.3484361  941.7326  940.2586
2021 04 05 12 07 00    -3.8531067   -1.3462781  941.7245  940.1892
2021 04 05 12 08 00    -3.8493861   -1.3443156  941.7163  940.1266
2021 04 05 12 09 00    -3.8455938   -1.3423602  941.7082  940.1560
2021 04 05 12 10 00    -3.8409275   -1.3401115  941.7008  940.2299
2021 04 05 12 11 00    -3.8364639   -1.3380305  941.6935  940.2399
2021 04 05 12 12 00    -3.8334670   -1.3365972  941.6849  940.1939
2021 04 05 12 13 00    -3.8303363   -1.3350080  941.6755  940.1770
2021 04 05 12 14 00    -3.8254804   -1.3325189  941.6669  940.1652
2021 04 05 12 15 00    -3.8204420   -1.3298955  941.6586  940.1022
2021 04 05 12 16 00    -3.8166395   -1.3278743  941.6497  940.0555
2021 04 05 12 17 00    -3.8133041   -1.3261758  941.6402  940.0775
2021 04 05 12 18 00    -3.8091437   -1.3242168  941.6308  940.1199
2021 04 05 12 19 00    -3.8035719   -1.3216101  941.6215  940.1589
2021 04 05 12 20 00    -3.7983639   -1.3190929  941.6127  940.2082
2021 04 05 12 21 00    -3.7952172   -1.3174676  941.6046  940.2712
2021 04 05 12 22 00    -3.7916508   -1.3155529  941.5968  940.3347
2021 04 05 12 23 00    -3.7859874   -1.3126306  941.5890  940.3320
2021 04 05 12 24 00    -3.7810989   -1.3102428  941.5819  940.2201
2021 04 05 12 25 00    -3.7779807   -1.3088105  941.5747  940.0875
2021 04 05 12 26 00    -3.7739477   -1.3067536  941.5661  940.0333
2021 04 05 12 27 00    -3.7685216   -1.3038454  941.5566  940.0323
2021 04 05 12 28 00    -3.7637461   -1.3014086  941.5478  940.0082
2021 04 05 12 29 00    -3.7598949   -1.2995941  941.5399  939.9629
2021 04 05 12 30 00    -3.7557141   -1.2975260  941.5315  939.9480
2021 04 05 12 31 00    -3.7509919   -1.2950710  941.5222  939.9442
2021 04 05 12 32 00    -3.7463327   -1.2926971  941.5134  939.9420
2021 04 05 12 33 00    -3.7419461   -1.2906141  941.5057  940.0114
2021 04 05 12 34 00    -3.7374217   -1.2885028  941.4986  940.1486
2021 04 05 12 35 00    -3.7323882   -1.2859869  941.4921  940.2485
2021 04 05 12 36 00    -3.7272632   -1.2832852  941.4862  940.2288
2021 04 05 12 37 00    -3.7224407   -1.2807218  941.4803  940.1415
2021 04 05 12 38 00    -3.7175869   -1.2782628  941.4741  940.1298
2021 04 05 12 39 00    -3.7125571   -1.2758562  941.4679  940.1670
2021 04 05 12 40 00    -3.7075903   -1.2734111  941.4615  940.1032
2021 04 05 12 41 00    -3.7027183   -1.2708574  941.4547  940.0053
2021 04 05 12 42 00    -3.6978046   -1.2683456  941.4478  940.0074
2021 04 05 12 43 00    -3.6927753   -1.2659068  941.4408  940.0649
2021 04 05 12 44 00    -3.6877882   -1.2634158  941.4334  940.1551
2021 04 05 12 45 00    -3.6830124   -1.2608993  941.4260  940.2531
2021 04 05 12 46 00    -3.6782486   -1.2584160  941.4188  940.2377
2021 04 05 12 47 00    -3.6732247   -1.2559572  941.4112  940.1463
2021 04 05 12 48 00    -3.6679215   -1.2534832  941.4027  940.1210
2021 04 05 12 49 00    -3.6625054   -1.2508627  941.3944  940.1344
2021 04 05 12 50 00    -3.6572687   -1.2481297  941.3869  940.0753
2021 04 05 12 51 00    -3.6522531   -1.2455156  941.3793  939.9694
2021 04 05 12 52 00    -3.6471444   -1.2429928  941.3712  939.9349
2021 04 05 12 53 00    -3.6419489   -1.2404347  941.3637  939.9707
2021 04 05 12 54 00    -3.6368677   -1.2378664  941.3570  939.9729
2021 04 05 12 55 00    -3.6317751   -1.2352582  941.3499  939.9379
2021 04 05 12 56 00    -3.6266312   -1.2326714  941.3417  939.9426
2021 04 05 12 57 00    -3.6215254   -1.2302376  941.3341  939.9656
2021 04 05 12 58 00    -3.6163361   -1.2277942  941.3277  939.9172
2021 04 05 12 59 00    -3.6109756   -1.2251076  941.3209  939.8471
2021 04 05 13 00 00    -3.6055870   -1.2223166  941.3131  939.8727
2021 04 05 13 01 00    -3.6003298   -1.2196601  941.3061  939.9062
2021 04 05 13 02 00    -3.5952074   -1.2170833  941.3004  939.8311
2021 04 05 13 03 00    -3.5901894   -1.2145078  941.2941  939.7731
2021 04 05 13 04 00    -3.5852671   -1.2120052  941.2866  939.8168
2021 04 05 13 05 00    -3.5802584   -1.2095338  941.2789  939.8382
2021 04 05 13 06 00    -3.5749641   -1.2069198  941.2714  939.7895
2021 04 05 13 07 00    -3.5695805   -1.2041850  941.2639  939.7595
2021 04 05 13 08 00    -3.5643581   -1.2015686  941.2560  939.7865
2021 04 05 13 09 00    -3.5590988   -1.1990729  941.2478  939.8272
2021 04 05 13 10 00    -3.5535357   -1.1963446  941.2395  939.8211
2021 04 05 13 11 00    -3.5477303   -1.1932359  941.2309  939.7481
2021 04 05 13 12 00    -3.5419097   -1.1901691  941.2216  939.7000
2021 04 05 13 13 00    -3.5361898   -1.1874424  941.2121  939.7782
2021 04 05 13 14 00    -3.5304618   -1.1847242  941.2038  939.8787
2021 04 05 13 15 00    -3.5246177   -1.1818073  941.1967  939.8613
2021 04 05 13 16 00    -3.5187467   -1.1788835  941.1904  939.8101
2021 04 05 13 17 00    -3.5128183   -1.1759614  941.1847  939.8112
2021 04 05 13 18 00    -3.5067028   -1.1729207  941.1790  939.8067
2021 04 05 13 19 00    -3.5005366   -1.1697967  941.1724  939.7980
2021 04 05 13 20 00    -3.4943904   -1.1666916  941.1647  939.8361
2021 04 05 13 21 00    -3.4882420   -1.1636940  941.1570  939.8709
2021 04 05 13 22 00    -3.4822035   -1.1607133  941.1502  939.8377
2021 04 05 13 23 00    -3.4761760   -1.1575536  941.1437  939.7955
2021 04 05 13 24 00    -3.4699966   -1.1542695  941.1370  939.8331
2021 04 05 13 25 00    -3.4637051   -1.1510344  941.1303  939.9117
2021 04 05 13 26 00    -3.4573847   -1.1479123  941.1239  939.9350
2021 04 05 13 27 00    -3.4511106   -1.1448805  941.1177  939.8937
2021 04 05 13 28 00    -3.4448965   -1.1418561  941.1115  939.8281
2021 04 05 13 29 00    -3.4388102   -1.1388665  941.1050  939.7643
2021 04 05 13 30 00    -3.4328919   -1.1359425  941.0981  939.7400
2021 04 05 13 31 00    -3.4269731   -1.1329708  941.0905  939.7706
2021 04 05 13 32 00    -3.4209716   -1.1299141  941.0826  939.7917
2021 04 05 13 33 00    -3.4147291   -1.1267198  941.0750  939.7410
2021 04 05 13 34 00    -3.4081169   -1.1233739  941.0676  939.6528
2021 04 05 13 35 00    -3.4016784   -1.1201367  941.0597  939.5848
2021 04 05 13 36 00    -3.3957615   -1.1171110  941.0512  939.5493
2021 04 05 13 37 00    -3.3897704   -1.1140810  941.0423  939.5682
2021 04 05 13 38 00    -3.3833509   -1.1109592  941.0335  939.6362
2021 04 05 13 39 00    -3.3768448   -1.1077472  941.0256  939.6545
2021 04 05 13 40 00    -3.3703984   -1.1043823  941.0186  939.5894
2021 04 05 13 41 00    -3.3639381   -1.1010360  941.0112  939.5405
2021 04 05 13 42 00    -3.3575046   -1.0979124  941.0026  939.5354
2021 04 05 13 43 00    -3.3509985   -1.0947708  940.9937  939.5106
2021 04 05 13 44 00    -3.3443669   -1.0914110  940.9851  939.4815
2021 04 05 13 45 00    -3.3378373   -1.0880797  940.9765  939.4929
2021 04 05 13 46 00    -3.3314558   -1.0849034  940.9682  939.5164
2021 04 05 13 47 00    -3.3250086   -1.0817168  940.9607  939.5372
2021 04 05 13 48 00    -3.3183826   -1.0784518  940.9535  939.5760
2021 04 05 13 49 00    -3.3116108   -1.0751073  940.9459  939.5982
2021 04 05 13 50 00    -3.3048253   -1.0716796  940.9382  939.5584
2021 04 05 13 51 00    -3.2981535   -1.0683022  940.9309  939.4926
2021 04 05 13 52 00    -3.2916179   -1.0650528  940.9230  939.4653
2021 04 05 13 53 00    -3.2851601   -1.0617813  940.9147  939.4953
2021 04 05 13 54 00    -3.2785985   -1.0583887  940.9072  939.5468
2021 04 05 13 55 00    -3.2718068   -1.0549818  940.9004  939.5384
2021 04 05 13 56 00    -3.2648549   -1.0516242  940.8932  939.4517
2021 04 05 13 57 00    -3.2578549   -1.0482751  940.8854  939.3953
2021 04 05 13 58 00    -3.2509562   -1.0449250  940.8776  939.4141
2021 04 05 13 59 00    -3.2442785   -1.0415492  940.8709  939.4184
2021 04 05 14 00 00    -3.2376935   -1.0381267  940.8646  939.3956
2021 04 05 14 01 00    -3.2308436   -1.0346421  940.8572  939.4077
2021 04 05 14 02 00    -3.2235669   -1.0310409  940.8486  939.4188
2021 04 05 14 03 00    -3.2162177   -1.0273761  940.8399  939.3923
2021 04 05 14 04 00    -3.2091892   -1.0238038  940.8324  939.3808
2021 04 05 14 05 00    -3.2022756   -1.0203110  940.8259  939.3877
2021 04 05 14 06 00    -3.1950628   -1.0167222  940.8190  939.3745
2021 04 05 14 07 00    -3.1877494   -1.0130549  940.8109  939.3597
2021 04 05 14 08 00    -3.1807300   -1.0095117  940.8020  939.3627
2021 04 05 14 09 00    -3.1737948   -1.0060684  940.7932  939.3680
2021 04 05 14 10 00    -3.1665754   -1.0024937  940.7857  939.3699
2021 04 05 14 11 00    -3.1591308   -0.9987519  940.7791  939.3539
2021 04 05 14 12 00    -3.1517436   -0.9949911  940.7720  939.2996
2021 04 05 14 13 00    -3.1445927   -0.9913265  940.7638  939.2614
2021 04 05 14 14 00    -3.1375812   -0.9878017  940.7554  939.2963
2021 04 05 14 15 00    -3.1304211   -0.9842835  940.7481  939.3381
2021 04 05 14 16 00    -3.1229509   -0.9805575  940.7414  939.3098
2021 04 05 14 17 00    -3.1152542   -0.9766560  940.7341  939.2645
2021 04 05 14 18 00    -3.1076246   -0.9728410  940.7256  939.2818
2021 04 05 14 19 00    -3.1003796   -0.9693142  940.7165  939.3263
2021 04 05 14 20 00    -3.0933609   -0.9659196  940.7081  939.3318
2021 04 05 14 21 00    -3.0860591   -0.9622593  940.7008  939.3090
2021 04 05 14 22 00    -3.0783936   -0.9583594  940.6936  939.3089
2021 04 05 14 23 00    -3.0706948   -0.9545825  940.6858  939.3448
2021 04 05 14 24 00    -3.0631713   -0.9509058  940.6779  939.3493
2021 04 05 14 25 00    -3.0558137   -0.9471518  940.6708  939.2955
2021 04 05 14 26 00    -3.0484995   -0.9434058  940.6641  939.2848
2021 04 05 14 27 00    -3.0410593   -0.9396671  940.6570  939.3467
2021 04 05 14 28 00    -3.0333922   -0.9357870  940.6491  939.3721
2021 04 05 14 29 00    -3.0256897   -0.9318655  940.6415  939.3304
2021 04 05 14 30 00    -3.0182528   -0.9281361  940.6344  939.2900
2021 04 05 14 31 00    -3.0110034   -0.9245675  940.6270  939.2617
2021 04 05 14 32 00    -3.0036737   -0.9209381  940.6191  939.2172
2021 04 05 14 33 00    -2.9960947   -0.9170546  940.6105  939.1783
2021 04 05 14 34 00    -2.9881404   -0.9129234  940.6023  939.1721
2021 04 05 14 35 00    -2.9800980   -0.9089211  940.5953  939.1886
2021 04 05 14 36 00    -2.9725392   -0.9052951  940.5889  939.2102
2021 04 05 14 37 00    -2.9652907   -0.9016938  940.5819  939.2111
2021 04 05 14 38 00    -2.9576325   -0.8977687  940.5738  939.1884
2021 04 05 14 39 00    -2.9495499   -0.8936516  940.5656  939.1979
2021 04 05 14 40 00    -2.9415445   -0.8896207  940.5580  939.2521
2021 04 05 14 41 00    -2.9337424   -0.8857807  940.5508  939.2460
2021 04 05 14 42 00    -2.9261145   -0.8820494  940.5439  939.1411
2021 04 05 14 43 00    -2.9186520   -0.8782928  940.5376  939.0761
2021 04 05 14 44 00    -2.9111059   -0.8744893  940.5315  939.1180
2021 04 05 14 45 00    -2.9033221   -0.8706610  940.5243  939.1700
2021 04 05 14 46 00    -2.8954551   -0.8667463  940.5162  939.1633
2021 04 05 14 47 00    -2.8876643   -0.8628199  940.5075  939.1163
2021 04 05 14 48 00    -2.8799806   -0.8590119  940.4987  939.0825
2021 04 05 14 49 00    -2.8722824   -0.8551245  940.4903  939.0727
2021 04 05 14 50 00    -2.8644161   -0.8510046  940.4822  939.0445
2021 04 05 14 51 00    -2.8564319   -0.8468934  940.4743  939.0137
2021 04 05 14 52 00    -2.8484582   -0.8429176  940.4670  939.0342
2021 04 05 14 53 00    -2.8404851   -0.8389366  940.4601  939.0946
2021 04 05 14 54 00    -2.8323560   -0.8349134  940.4527  939.1379
2021 04 05 14 55 00    -2.8240039   -0.8308772  940.4442  939.1240
2021 04 05 14 56 00    -2.8157293   -0.8268071  940.4359  939.0721
2021 04 05 14 57 00    -2.8077852   -0.8227250  940.4287  939.0347
2021 04 05 14 58 00    -2.7999374   -0.8186927  940.4215  939.0291
2021 04 05 14 59 00    -2.7919130   -0.8147242  940.4138  939.0457
2021 04 05 15 00 00    -2.7837883   -0.8107584  940.4062  939.0568
2021 04 05 15 01 00    -2.7756821   -0.8067537  940.3995  939.0405
2021 04 05 15 02 00    -2.7674458   -0.8026494  940.3928  939.0531
2021 04 05 15 03 00    -2.7589701   -0.7983365  940.3859  939.1307
2021 04 05 15 04 00    -2.7504761   -0.7939722  940.3797  939.1925
2021 04 05 15 05 00    -2.7420597   -0.7897911  940.3743  939.2155
2021 04 05 15 06 00    -2.7335986   -0.7856501  940.3689  939.2627
2021 04 05 15 07 00    -2.7252131   -0.7814411  940.3635  939.2981
2021 04 05 15 08 00    -2.7169803   -0.7772791  940.3581  939.3098
2021 04 05 15 09 00    -2.7088083   -0.7731645  940.3532  939.3654
2021 04 05 15 10 00    -2.7007463   -0.7690834  940.3494  939.3834
2021 04 05 15 11 00    -2.6926081   -0.7649513  940.3455  939.3167
2021 04 05 15 12 00    -2.6841874   -0.7606731  940.3405  939.3117
2021 04 05 15 13 00    -2.6756779   -0.7564200  940.3352  939.3821
2021 04 05 15 14 00    -2.6671961   -0.7522602  940.3306  939.4100
2021 04 05 15 15 00    -2.6589038   -0.7481523  940.3262  939.3931
2021 04 05 15 16 00    -2.6509188   -0.7441709  940.3215  939.3834
2021 04 05 15 17 00    -2.6427712   -0.7401330  940.3171  939.3974
2021 04 05 15 18 00    -2.6342014   -0.7358333  940.3131  939.4264
2021 04 05 15 19 00    -2.6256724   -0.7314989  940.3098  939.4463
2021 04 05 15 20 00    -2.6174692   -0.7273786  940.3068  939.4317
2021 04 05 15 21 00    -2.6092949   -0.7233266  940.3041  939.3858
2021 04 05 15 22 00    -2.6007366   -0.7189996  940.3018  939.3643
2021 04 05 15 23 00    -2.5918815   -0.7144530  940.2990  939.4131
2021 04 05 15 24 00    -2.5833681   -0.7101541  940.2955  939.5042
2021 04 05 15 25 00    -2.5751551   -0.7060526  940.2928  939.6000
2021 04 05 15 26 00    -2.5663800   -0.7016425  940.2922  939.6502
2021 04 05 15 27 00    -2.5572977   -0.6970976  940.2920  939.5888
2021 04 05 15 28 00    -2.5489346   -0.6929025  940.2905  939.5106
2021 04 05 15 29 00    -2.5408519   -0.6887975  940.2878  939.5776
2021 04 05 15 30 00    -2.5320721   -0.6844131  940.2853  939.7425
2021 04 05 15 31 00    -2.5231151   -0.6800415  940.2835  939.8615
2021 04 05 15 32 00    -2.5148678   -0.6759850  940.2816  939.8835
2021 04 05 15 33 00    -2.5068119   -0.6719612  940.2799  939.8383
2021 04 05 15 34 00    -2.4981047   -0.6676192  940.2801  939.8110
2021 04 05 15 35 00    -2.4892087   -0.6631436  940.2819  939.8384
2021 04 05 15 36 00    -2.4808343   -0.6588467  940.2826  939.8514
2021 04 05 15 37 00    -2.4726302   -0.6546500  940.2814  939.8389
2021 04 05 15 38 00    -2.4641434   -0.6504307  940.2804  939.8673
2021 04 05 15 39 00    -2.4555770   -0.6462641  940.2807  939.9160
2021 04 05 15 40 00    -2.4471500   -0.6421120  940.2814  939.9230
2021 04 05 15 41 00    -2.4387682   -0.6378518  940.2819  939.9056
2021 04 05 15 42 00    -2.4302936   -0.6335283  940.2821  939.9125
2021 04 05 15 43 00    -2.4217209   -0.6292085  940.2823  939.9483
2021 04 05 15 44 00    -2.4131323   -0.6249209  940.2826  939.9883
2021 04 05 15 45 00    -2.4045957   -0.6207279  940.2830  940.0099
2021 04 05 15 46 00    -2.3960873   -0.6165284  940.2835  940.0149
2021 04 05 15 47 00    -2.3875237   -0.6121883  940.2844  940.0431
2021 04 05 15 48 00    -2.3789611   -0.6078641  940.2857  940.1073
2021 04 05 15 49 00    -2.3704832   -0.6036845  940.2871  940.1564
2021 04 05 15 50 00    -2.3619880   -0.5994999  940.2886  940.1637
2021 04 05 15 51 00    -2.3535053   -0.5952146  940.2905  940.1578
2021 04 05 15 52 00    -2.3452247   -0.5908975  940.2926  940.1494
2021 04 05 15 53 00    -2.3370191   -0.5866220  940.2946  940.1304
2021 04 05 15 54 00    -2.3286626   -0.5824631  940.2972  940.1305
2021 04 05 15 55 00    -2.3202279   -0.5784092  940.3003  940.1708
2021 04 05 15 56 00    -2.3118049   -0.5742933  940.3025  940.2155
2021 04 05 15 57 00    -2.3034003   -0.5700419  940.3037  940.2356
2021 04 05 15 58 00    -2.2950105   -0.5657198  940.3058  940.2298
2021 04 05 15 59 00    -2.2866051   -0.5614265  940.3090  940.2140
2021 04 05 16 00 00    -2.2783144   -0.5573753  940.3123  940.2203
2021 04 05 16 01 00    -2.2702172   -0.5535312  940.3153  940.2450
2021 04 05 16 02 00    -2.2620770   -0.5494687  940.3177  940.2595
2021 04 05 16 03 00    -2.2536684   -0.5450839  940.3192  940.2824
2021 04 05 16 04 00    -2.2450742   -0.5407229  940.3204  940.3416
2021 04 05 16 05 00    -2.2366070   -0.5365711  940.3233  940.3797
2021 04 05 16 06 00    -2.2284077   -0.5325002  940.3275  940.3349
2021 04 05 16 07 00    -2.2202686   -0.5284031  940.3313  940.2762
2021 04 05 16 08 00    -2.2121357   -0.5243923  940.3337  940.2912
2021 04 05 16 09 00    -2.2042016   -0.5205243  940.3358  940.3431
2021 04 05 16 10 00    -2.1963170   -0.5165975  940.3381  940.3662
2021 04 05 16 11 00    -2.1881476   -0.5124531  940.3405  940.3561
2021 04 05 16 12 00    -2.1797777   -0.5081766  940.3430  940.3193
2021 04 05 16 13 00    -2.1715575   -0.5039937  940.3451  940.2656
2021 04 05 16 14 00    -2.1636270   -0.5000444  940.3466  940.2276
2021 04 05 16 15 00    -2.1557890   -0.4962093  940.3474  940.2197
2021 04 05 16 16 00    -2.1477745   -0.4922681  940.3479  940.2329
2021 04 05 16 17 00    -2.1395284   -0.4881393  940.3491  940.2640
2021 04 05 16 18 00    -2.1311730   -0.4839063  940.3511  940.3128
2021 04 05 16 19 00    -2.1228431   -0.4796464  940.3531  940.3759
2021 04 05 16 20 00    -2.1146558   -0.4754410  940.3549  940.4201
2021 04 05 16 21 00    -2.1067319   -0.4714550  940.3566  940.3977
2021 04 05 16 22 00    -2.0989468   -0.4675884  940.3578  940.3458
2021 04 05 16 23 00    -2.0910324   -0.4636059  940.3588  940.3514
2021 04 05 16 24 00    -2.0831264   -0.4596619  940.3607  940.4067
2021 04 05 16 25 00    -2.0753641   -0.4558832  940.3635  940.4387
2021 04 05 16 26 00    -2.0674139   -0.4519804  940.3664  940.4352
2021 04 05 16 27 00    -2.0591481   -0.4478200  940.3689  940.4395
2021 04 05 16 28 00    -2.0508302   -0.4436526  940.3710  940.4679
2021 04 05 16 29 00    -2.0425399   -0.4395706  940.3730  940.5072
2021 04 05 16 30 00    -2.0341504   -0.4353692  940.3758  940.5810
2021 04 05 16 31 00    -2.0256996   -0.4310023  940.3799  940.7057
2021 04 05 16 32 00    -2.0173631   -0.4266805  940.3850  940.8118
2021 04 05 16 33 00    -2.0091256   -0.4225404  940.3904  940.8407
2021 04 05 16 34 00    -2.0008817   -0.4185114  940.3964  940.8348
2021 04 05 16 35 00    -1.9927281   -0.4144549  940.4031  940.8476
2021 04 05 16 36 00    -1.9847229   -0.4103632  940.4099  940.8915
2021 04 05 16 37 00    -1.9767794   -0.4063603  940.4166  940.9606
2021 04 05 16 38 00    -1.9689670   -0.4025301  940.4237  940.9981
2021 04 05 16 39 00    -1.9613080   -0.3987754  940.4308  940.9659
2021 04 05 16 40 00    -1.9535326   -0.3948352  940.4369  940.9363
2021 04 05 16 41 00    -1.9455741   -0.3907059  940.4426  940.9816
2021 04 05 16 42 00    -1.9375932   -0.3866248  940.4493  941.0617
2021 04 05 16 43 00    -1.9295633   -0.3826112  940.4572  941.1113
2021 04 05 16 44 00    -1.9216249   -0.3787324  940.4655  941.1576
2021 04 05 16 45 00    -1.9139685   -0.3750200  940.4743  941.2420
2021 04 05 16 46 00    -1.9063847   -0.3712024  940.4840  941.2994
2021 04 05 16 47 00    -1.8987935   -0.3673206  940.4941  941.2670
2021 04 05 16 48 00    -1.8913333   -0.3635867  940.5032  941.2083
2021 04 05 16 49 00    -1.8839774   -0.3599043  940.5111  941.2033
2021 04 05 16 50 00    -1.8766097   -0.3562073  940.5190  941.2472
2021 04 05 16 51 00    -1.8689876   -0.3524580  940.5278  941.3165
2021 04 05 16 52 00    -1.8610957   -0.3486296  940.5383  941.3831
2021 04 05 16 53 00    -1.8533895   -0.3448605  940.5501  941.3855
2021 04 05 16 54 00    -1.8460537   -0.3411489  940.5617  941.3505
2021 04 05 16 55 00    -1.8387093   -0.3373572  940.5729  941.3834
2021 04 05 16 56 00    -1.8311000   -0.3335325  940.5840  941.4614
2021 04 05 16 57 00    -1.8235290   -0.3298174  940.5951  941.5028
2021 04 05 16 58 00    -1.8161961   -0.3261444  940.6068  941.5310
2021 04 05 16 59 00    -1.8087578   -0.3223511  940.6200  941.5737
2021 04 05 17 00 00    -1.8011329   -0.3185213  940.6342  941.6117
2021 04 05 17 01 00    -1.7936433   -0.3148203  940.6481  941.6521
2021 04 05 17 02 00    -1.7863271   -0.3112639  940.6613  941.7126
2021 04 05 17 03 00    -1.7790618   -0.3077693  940.6746  941.7925
2021 04 05 17 04 00    -1.7718246   -0.3041543  940.6886  941.8737
2021 04 05 17 05 00    -1.7645348   -0.3003382  940.7032  941.9046
2021 04 05 17 06 00    -1.7571275   -0.2965072  940.7178  941.8602
2021 04 05 17 07 00    -1.7496843   -0.2928403  940.7324  941.8242
2021 04 05 17 08 00    -1.7424207   -0.2893191  940.7477  941.8742
2021 04 05 17 09 00    -1.7354765   -0.2858169  940.7642  941.9537
2021 04 05 17 10 00    -1.7286534   -0.2822685  940.7809  941.9750
2021 04 05 17 11 00    -1.7217925   -0.2787684  940.7960  941.9379
2021 04 05 17 12 00    -1.7151498   -0.2754605  940.8087  941.8956
2021 04 05 17 13 00    -1.7088264   -0.2723874  940.8204  941.8734
2021 04 05 17 14 00    -1.7025036   -0.2694017  940.8319  941.8581
2021 04 05 17 15 00    -1.6960241   -0.2662265  940.8428  941.8427
2021 04 05 17 16 00    -1.6894069   -0.2627365  940.8523  941.8337
2021 04 05 17 17 00    -1.6826492   -0.2591738  940.8616  941.8326
2021 04 05 17 18 00    -1.6759603   -0.2558715  940.8719  941.8420
2021 04 05 17 19 00    -1.6694535   -0.2527198  940.8830  941.8661
2021 04 05 17 20 00    -1.6629133   -0.2494270  940.8937  941.8993
2021 04 05 17 21 00    -1.6562461   -0.2460803  940.9045  941.9255
2021 04 05 17 22 00    -1.6495370   -0.2428016  940.9162  941.9404
2021 04 05 17 23 00    -1.6428656   -0.2394839  940.9288  941.9664
2021 04 05 17 24 00    -1.6363460   -0.2360879  940.9414  942.0046
2021 04 05 17 25 00    -1.6299954   -0.2327179  940.9534  942.0185
2021 04 05 17 26 00    -1.6237544   -0.2295583  940.9645  942.0039
2021 04 05 17 27 00    -1.6176577   -0.2266322  940.9744  941.9992
2021 04 05 17 28 00    -1.6115392   -0.2236682  940.9838  942.0185
2021 04 05 17 29 00    -1.6051157   -0.2205149  940.9939  942.0463
2021 04 05 17 30 00    -1.5986823   -0.2173339  941.0051  942.0777
2021 04 05 17 31 00    -1.5926824   -0.2142712  941.0163  942.1025
2021 04 05 17 32 00    -1.5867689   -0.2112134  941.0268  942.1049
2021 04 05 17 33 00    -1.5804394   -0.2079921  941.0369  942.1190
2021 04 05 17 34 00    -1.5739722   -0.2047245  941.0476  942.1912
2021 04 05 17 35 00    -1.5678452   -0.2016394  941.0592  942.2933
2021 04 05 17 36 00    -1.5618746   -0.1986936  941.0716  942.3716
2021 04 05 17 37 00    -1.5556285   -0.1956479  941.0853  942.4257
2021 04 05 17 38 00    -1.5491778   -0.1923970  941.0999  942.4787
2021 04 05 17 39 00    -1.5428123   -0.1891015  941.1146  942.5295
2021 04 05 17 40 00    -1.5366717   -0.1859833  941.1294  942.5564
2021 04 05 17 41 00    -1.5308211   -0.1830709  941.1447  942.5521
2021 04 05 17 42 00    -1.5252120   -0.1803046  941.1592  942.5294
2021 04 05 17 43 00    -1.5198037   -0.1776572  941.1720  942.4975
2021 04 05 17 44 00    -1.5144683   -0.1749454  941.1836  942.4833
2021 04 05 17 45 00    -1.5089116   -0.1720233  941.1952  942.5232
2021 04 05 17 46 00    -1.5032243   -0.1691512  941.2074  942.5811
2021 04 05 17 47 00    -1.4978009   -0.1665564  941.2194  942.5710
2021 04 05 17 48 00    -1.4925750   -0.1640115  941.2308  942.5022
2021 04 05 17 49 00    -1.4872109   -0.1613442  941.2415  942.4776
2021 04 05 17 50 00    -1.4816503   -0.1586263  941.2516  942.5349
2021 04 05 17 51 00    -1.4759654   -0.1557813  941.2617  942.6236
2021 04 05 17 52 00    -1.4702675   -0.1528589  941.2727  942.7083
2021 04 05 17 53 00    -1.4647347   -0.1501498  941.2850  942.7832
2021 04 05 17 54 00    -1.4594484   -0.1475883  941.2984  942.8452
2021 04 05 17 55 00    -1.4542553   -0.1448628  941.3124  942.8845
2021 04 05 17 56 00    -1.4489741   -0.1420478  941.3260  942.8637
2021 04 05 17 57 00    -1.4438370   -0.1395142  941.3381  942.7824
2021 04 05 17 58 00    -1.4391186   -0.1373308  941.3488  942.7450
2021 04 05 17 59 00    -1.4344267   -0.1350716  941.3596  942.8323
2021 04 05 18 00 00    -1.4292113   -0.1323799  941.3724  942.9733
2021 04 05 18 01 00    -1.4236650   -0.1295461  941.3868  943.0671
2021 04 05 18 02 00    -1.4183286   -0.1269645  941.4019  943.1213
2021 04 05 18 03 00    -1.4133358   -0.1245111  941.4168  943.1787
2021 04 05 18 04 00    -1.4086168   -0.1220945  941.4308  943.2178
2021 04 05 18 05 00    -1.4041269   -0.1198797  941.4436  943.1991
2021 04 05 18 06 00    -1.3997695   -0.1177581  941.4558  943.1504
2021 04 05 18 07 00    -1.3954981   -0.1154777  941.4670  943.1248
2021 04 05 18 08 00    -1.3913342   -0.1131940  941.4764  943.1153
2021 04 05 18 09 00    -1.3872545   -0.1111911  941.4854  943.1069
2021 04 05 18 10 00    -1.3830767   -0.1092347  941.4959  943.1087
2021 04 05 18 11 00    -1.3786696   -0.1070281  941.5077  943.0996
2021 04 05 18 12 00    -1.3742887   -0.1048081  941.5188  943.0710
2021 04 05 18 13 00    -1.3701466   -0.1027908  941.5289  943.0704
2021 04 05 18 14 00    -1.3660134   -0.1007669  941.5388  943.1302
2021 04 05 18 15 00    -1.3616818   -0.0984846  941.5493  943.2204
2021 04 05 18 16 00    -1.3572279   -0.0960317  941.5612  943.2967
2021 04 05 18 17 00    -1.3528307   -0.0937369  941.5745  943.3592
2021 04 05 18 18 00    -1.3485876   -0.0917014  941.5880  943.4359
2021 04 05 18 19 00    -1.3444347   -0.0897533  941.6015  943.5220
2021 04 05 18 20 00    -1.3403593   -0.0877961  941.6159  943.5677
2021 04 05 18 21 00    -1.3364759   -0.0858634  941.6304  943.5436
2021 04 05 18 22 00    -1.3328725   -0.0840288  941.6437  943.4929
2021 04 05 18 23 00    -1.3295230   -0.0823199  941.6555  943.4777
2021 04 05 18 24 00    -1.3262382   -0.0806986  941.6660  943.4997
2021 04 05 18 25 00    -1.3227646   -0.0790645  941.6764  943.5270
2021 04 05 18 26 00    -1.3190593   -0.0772523  941.6882  943.5546
2021 04 05 18 27 00    -1.3153885   -0.0753324  941.7008  943.5779
2021 04 05 18 28 00    -1.3119131   -0.0735588  941.7130  943.5953
2021 04 05 18 29 00    -1.3084395   -0.0718790  941.7251  943.6333
2021 04 05 18 30 00    -1.3049206   -0.0701538  941.7380  943.6949
2021 04 05 18 31 00    -1.3016386   -0.0685224  941.7511  943.7421
2021 04 05 18 32 00    -1.2985344   -0.0670055  941.7636  943.7527
2021 04 05 18 33 00    -1.2951211   -0.0653076  941.7764  943.7713
2021 04 05 18 34 00    -1.2914398   -0.0633737  941.7906  943.8471
2021 04 05 18 35 00    -1.2881326   -0.0616161  941.8067  943.9186
2021 04 05 18 36 00    -1.2853639   -0.0602765  941.8232  943.9152
2021 04 05 18 37 00    -1.2826228   -0.0590403  941.8386  943.9010
2021 04 05 18 38 00    -1.2796006   -0.0575630  941.8537  943.9460
2021 04 05 18 39 00    -1.2765926   -0.0559349  941.8698  943.9936
2021 04 05 18 40 00    -1.2738710   -0.0543879  941.8861  943.9800
2021 04 05 18 41 00    -1.2712820   -0.0530231  941.9017  943.9467
2021 04 05 18 42 00    -1.2687088   -0.0518323  941.9169  943.9551
2021 04 05 18 43 00    -1.2661291   -0.0505986  941.9318  943.9949
2021 04 05 18 44 00    -1.2635223   -0.0492290  941.9466  944.0291
2021 04 05 18 45 00    -1.2612388   -0.0481132  941.9616  944.0412
2021 04 05 18 46 00    -1.2594084   -0.0474126  941.9770  944.0393
2021 04 05 18 47 00    -1.2574068   -0.0465774  941.9917  944.0409
2021 04 05 18 48 00    -1.2550710   -0.0453120  942.0055  944.0404
2021 04 05 18 49 00    -1.2530350   -0.0441044  942.0192  944.0408
2021 04 05 18 50 00    -1.2513436   -0.0432129  942.0335  944.0675
2021 04 05 18 51 00    -1.2494847   -0.0423188  942.0483  944.1116
2021 04 05 18 52 00    -1.2474930   -0.0413365  942.0629  944.1416
2021 04 05 18 53 00    -1.2457422   -0.0404479  942.0767  944.1396
2021 04 05 18 54 00    -1.2442439   -0.0396301  942.0898  944.0947
2021 04 05 18 55 00    -1.2427816   -0.0388180  942.1019  944.0206
2021 04 05 18 56 00    -1.2412914   -0.0380736  942.1128  943.9647
2021 04 05 18 57 00    -1.2397319   -0.0373579  942.1228  943.9739
2021 04 05 18 58 00    -1.2380100   -0.0366009  942.1339  944.0503
2021 04 05 18 59 00    -1.2362138   -0.0358317  942.1474  944.1500
2021 04 05 19 00 00    -1.2344624   -0.0349549  942.1623  944.2275
2021 04 05 19 01 00    -1.2327622   -0.0339735  942.1769  944.2585
2021 04 05 19 02 00    -1.2312377   -0.0332027  942.1912  944.2528
2021 04 05 19 03 00    -1.2300775   -0.0326973  942.2048  944.2446
2021 04 05 19 04 00    -1.2292201   -0.0322258  942.2175  944.2434
2021 04 05 19 05 00    -1.2284460   -0.0318423  942.2299  944.2409
2021 04 05 19 06 00    -1.2277094   -0.0315942  942.2422  944.2394
2021 04 05 19 07 00    -1.2270116   -0.0312105  942.2539  944.2296
2021 04 05 19 08 00    -1.2262526   -0.0306936  942.2651  944.2021
2021 04 05 19 09 00    -1.2254669   -0.0303443  942.2761  944.1770
2021 04 05 19 10 00    -1.2248204   -0.0300935  942.2875  944.1786
2021 04 05 19 11 00    -1.2242703   -0.0296859  942.2990  944.2068
2021 04 05 19 12 00    -1.2235377   -0.0291832  942.3098  944.2514
2021 04 05 19 13 00    -1.2225861   -0.0287419  942.3208  944.2998
2021 04 05 19 14 00    -1.2217774   -0.0284142  942.3333  944.3321
2021 04 05 19 15 00    -1.2213830   -0.0282743  942.3463  944.3375
2021 04 05 19 16 00    -1.2212474   -0.0282519  942.3582  944.3236
2021 04 05 19 17 00    -1.2210976   -0.0281642  942.3690  944.3018
2021 04 05 19 18 00    -1.2209397   -0.0280685  942.3789  944.2818
2021 04 05 19 19 00    -1.2208742   -0.0280602  942.3883  944.2644
2021 04 05 19 20 00    -1.2208568   -0.0280630  942.3979  944.2500
2021 04 05 19 21 00    -1.2208337   -0.0280712  942.4077  944.2553
2021 04 05 19 22 00    -1.2208101   -0.0281068  942.4178  944.2944
2021 04 05 19 23 00    -1.2207865   -0.0280643  942.4283  944.3554
2021 04 05 19 24 00    -1.2207889   -0.0279271  942.4396  944.4149
2021 04 05 19 25 00    -1.2209189   -0.0279242  942.4520  944.4598
2021 04 05 19 26 00    -1.2211527   -0.0281478  942.4649  944.4918
2021 04 05 19 27 00    -1.2213540   -0.0283545  942.4774  944.5205
2021 04 05 19 28 00    -1.2216967   -0.0285142  942.4891  944.5459
2021 04 05 19 29 00    -1.2223995   -0.0288252  942.5008  944.5583
2021 04 05 19 30 00    -1.2232414   -0.0292129  942.5129  944.5507
2021 04 05 19 31 00    -1.2239688   -0.0295599  942.5246  944.5282
2021 04 05 19 32 00    -1.2246593   -0.0299650  942.5357  944.5142
2021 04 05 19 33 00    -1.2254687   -0.0304725  942.5468  944.5256
2021 04 05 19 34 00    -1.2263902   -0.0309230  942.5581  944.5501
2021 04 05 19 35 00    -1.2273051   -0.0312434  942.5695  944.5740
2021 04 05 19 36 00    -1.2281383   -0.0316368  942.5813  944.5965
2021 04 05 19 37 00    -1.2289741   -0.0321951  942.5935  944.6216
2021 04 05 19 38 00    -1.2299295   -0.0327298  942.6058  944.6596
2021 04 05 19 39 00    -1.2309275   -0.0331338  942.6181  944.7116
2021 04 05 19 40 00    -1.2319463   -0.0335011  942.6306  944.7585
2021 04 05 19 41 00    -1.2331690   -0.0339744  942.6434  944.7870
2021 04 05 19 42 00    -1.2346512   -0.0346903  942.6568  944.7977
2021 04 05 19 43 00    -1.2363143   -0.0356508  942.6702  944.7907
2021 04 05 19 44 00    -1.2380506   -0.0366087  942.6830  944.7810
2021 04 05 19 45 00    -1.2396860   -0.0373753  942.6955  944.7862
2021 04 05 19 46 00    -1.2412362   -0.0381262  942.7081  944.7854
2021 04 05 19 47 00    -1.2428963   -0.0390406  942.7196  944.7563
2021 04 05 19 48 00    -1.2447950   -0.0400012  942.7298  944.7302
2021 04 05 19 49 00    -1.2469965   -0.0410057  942.7400  944.7406
2021 04 05 19 50 00    -1.2492402   -0.0421351  942.7509  944.7630
2021 04 05 19 51 00    -1.2512295   -0.0432285  942.7618  944.7641
2021 04 05 19 52 00    -1.2532262   -0.0442323  942.7727  944.7585
2021 04 05 19 53 00    -1.2553874   -0.0452349  942.7836  944.7702
2021 04 05 19 54 00    -1.2575380   -0.0462608  942.7944  944.7828
2021 04 05 19 55 00    -1.2597773   -0.0473860  942.8042  944.7701
2021 04 05 19 56 00    -1.2622021   -0.0485850  942.8128  944.7487
2021 04 05 19 57 00    -1.2647226   -0.0497568  942.8211  944.7524
2021 04 05 19 58 00    -1.2673035   -0.0509691  942.8304  944.7825
2021 04 05 19 59 00    -1.2698935   -0.0522903  942.8407  944.8108
2021 04 05 20 00 00    -1.2725132   -0.0536847  942.8505  944.8171
2021 04 05 20 01 00    -1.2752557   -0.0551441  942.8596  944.8236
2021 04 05 20 02 00    -1.2780026   -0.0566042  942.8694  944.8571
2021 04 05 20 03 00    -1.2806528   -0.0579638  942.8804  944.8933
2021 04 05 20 04 00    -1.2834568   -0.0593627  942.8911  944.9050
2021 04 05 20 05 00    -1.2865776   -0.0609846  942.9005  944.9005
2021 04 05 20 06 00    -1.2897980   -0.0626482  942.9094  944.8872
2021 04 05 20 07 00    -1.2929953   -0.0641557  942.9184  944.8696
2021 04 05 20 08 00    -1.2962519   -0.0656804  942.9276  944.8566
2021 04 05 20 09 00    -1.2995619   -0.0673782  942.9367  944.8452
2021 04 05 20 10 00    -1.3029646   -0.0691317  942.9449  944.8319
2021 04 05 20 11 00    -1.3065339   -0.0708677  942.9525  944.8309
2021 04 05 20 12 00    -1.3101700   -0.0726828  942.9605  944.8562
2021 04 05 20 13 00    -1.3137712   -0.0745607  942.9693  944.8955
2021 04 05 20 14 00    -1.3173186   -0.0763267  942.9787  944.9294
2021 04 05 20 15 00    -1.3208191   -0.0779695  942.9880  944.9590
2021 04 05 20 16 00    -1.3243908   -0.0796938  942.9977  944.9815
2021 04 05 20 17 00    -1.3281373   -0.0815778  943.0077  944.9748
2021 04 05 20 18 00    -1.3320891   -0.0835359  943.0171  944.9366
2021 04 05 20 19 00    -1.3363758   -0.0856574  943.0253  944.8945
2021 04 05 20 20 00    -1.3409064   -0.0880432  943.0327  944.8697
2021 04 05 20 21 00    -1.3452567   -0.0904379  943.0394  944.8613
2021 04 05 20 22 00    -1.3494107   -0.0926093  943.0455  944.8581
2021 04 05 20 23 00    -1.3537443   -0.0946939  943.0518  944.8567
2021 04 05 20 24 00    -1.3582539   -0.0968706  943.0586  944.8580
2021 04 05 20 25 00    -1.3627518   -0.0991343  943.0654  944.8590
2021 04 05 20 26 00    -1.3672390   -0.1013501  943.0716  944.8723
2021 04 05 20 27 00    -1.3716299   -0.1034362  943.0780  944.9161
2021 04 05 20 28 00    -1.3759279   -0.1055772  943.0858  944.9680
2021 04 05 20 29 00    -1.3804571   -0.1079973  943.0949  944.9914
2021 04 05 20 30 00    -1.3853686   -0.1105843  943.1044  944.9987
2021 04 05 20 31 00    -1.3904305   -0.1130970  943.1131  945.0086
2021 04 05 20 32 00    -1.3953861   -0.1155301  943.1206  945.0000
2021 04 05 20 33 00    -1.4001729   -0.1179313  943.1272  944.9699
2021 04 05 20 34 00    -1.4050666   -0.1203096  943.1336  944.9424
2021 04 05 20 35 00    -1.4104508   -0.1228771  943.1396  944.9140
2021 04 05 20 36 00    -1.4161307   -0.1257404  943.1453  944.8848
2021 04 05 20 37 00    -1.4214663   -0.1285518  943.1510  944.8912
2021 04 05 20 38 00    -1.4263470   -0.1310831  943.1569  944.9408
2021 04 05 20 39 00    -1.4313354   -0.1336357  943.1636  944.9899
2021 04 05 20 40 00    -1.4366698   -0.1363799  943.1711  945.0183
2021 04 05 20 41 00    -1.4419627   -0.1390020  943.1788  945.0465
2021 04 05 20 42 00    -1.4471467   -0.1414271  943.1866  945.0739
2021 04 05 20 43 00    -1.4526117   -0.1440935  943.1945  945.0771
2021 04 05 20 44 00    -1.4583999   -0.1471536  943.2022  945.0542
2021 04 05 20 45 00    -1.4642179   -0.1501571  943.2090  945.0158
2021 04 05 20 46 00    -1.4699454   -0.1528574  943.2149  944.9830
2021 04 05 20 47 00    -1.4757373   -0.1555912  943.2209  944.9922
2021 04 05 20 48 00    -1.4817067   -0.1585278  943.2271  945.0288
2021 04 05 20 49 00    -1.4877142   -0.1614975  943.2333  945.0376
2021 04 05 20 50 00    -1.4936614   -0.1645434  943.2390  945.0234
2021 04 05 20 51 00    -1.4996629   -0.1676706  943.2449  945.0264
2021 04 05 20 52 00    -1.5058169   -0.1707011  943.2516  945.0434
2021 04 05 20 53 00    -1.5121164   -0.1737525  943.2586  945.0499
2021 04 05 20 54 00    -1.5185934   -0.1770524  943.2649  945.0360
2021 04 05 20 55 00    -1.5252080   -0.1804799  943.2701  945.0058
2021 04 05 20 56 00    -1.5317766   -0.1837718  943.2744  944.9762
2021 04 05 20 57 00    -1.5383330   -0.1869728  943.2785  944.9618
2021 04 05 20 58 00    -1.5450174   -0.1903503  943.2830  944.9577
2021 04 05 20 59 00    -1.5516623   -0.1938502  943.2888  944.9596
2021 04 05 21 00 00    -1.5581654   -0.1971711  943.2950  944.9743
2021 04 05 21 01 00    -1.5647750   -0.2003824  943.3000  944.9934
2021 04 05 21 02 00    -1.5716835   -0.2037830  943.3036  944.9895
2021 04 05 21 03 00    -1.5788857   -0.2073925  943.3066  944.9553
2021 04 05 21 04 00    -1.5862112   -0.2110424  943.3097  944.9260
2021 04 05 21 05 00    -1.5933624   -0.2146095  943.3133  944.9366
2021 04 05 21 06 00    -1.6002923   -0.2181087  943.3172  944.9744
2021 04 05 21 07 00    -1.6073097   -0.2216966  943.3213  944.9967
2021 04 05 21 08 00    -1.6145783   -0.2253887  943.3257  944.9822
2021 04 05 21 09 00    -1.6219045   -0.2290315  943.3301  944.9577
2021 04 05 21 10 00    -1.6292458   -0.2326435  943.3343  944.9585
2021 04 05 21 11 00    -1.6366711   -0.2362661  943.3379  944.9713
2021 04 05 21 12 00    -1.6440557   -0.2398347  943.3411  944.9665
2021 04 05 21 13 00    -1.6515102   -0.2435020  943.3440  944.9533
2021 04 05 21 14 00    -1.6591817   -0.2474157  943.3466  944.9470
2021 04 05 21 15 00    -1.6669169   -0.2513919  943.3496  944.9411
2021 04 05 21 16 00    -1.6746638   -0.2552749  943.3532  944.9357
2021 04 05 21 17 00    -1.6824001   -0.2591067  943.3564  944.9387
2021 04 05 21 18 00    -1.6900024   -0.2629148  943.3589  944.9507
2021 04 05 21 19 00    -1.6975040   -0.2666991  943.3621  944.9733
2021 04 05 21 20 00    -1.7051014   -0.2704913  943.3666  945.0132
2021 04 05 21 21 00    -1.7128980   -0.2743482  943.3718  945.0676
2021 04 05 21 22 00    -1.7206849   -0.2782372  943.3773  945.1228
2021 04 05 21 23 00    -1.7282133   -0.2820401  943.3841  945.1684
2021 04 05 21 24 00    -1.7357117   -0.2858759  943.3921  945.2076
2021 04 05 21 25 00    -1.7435210   -0.2898977  943.4003  945.2441
2021 04 05 21 26 00    -1.7514317   -0.2938519  943.4082  945.2579
2021 04 05 21 27 00    -1.7593524   -0.2976895  943.4159  945.2407
2021 04 05 21 28 00    -1.7676520   -0.3018281  943.4230  945.2357
2021 04 05 21 29 00    -1.7761206   -0.3061629  943.4299  945.2646
2021 04 05 21 30 00    -1.7842517   -0.3101865  943.4374  945.2869
2021 04 05 21 31 00    -1.7922636   -0.3140356  943.4461  945.2832
2021 04 05 21 32 00    -1.8005554   -0.3181832  943.4543  945.2816
2021 04 05 21 33 00    -1.8090678   -0.3225573  943.4610  945.2949
2021 04 05 21 34 00    -1.8176538   -0.3267950  943.4680  945.3077
2021 04 05 21 35 00    -1.8263602   -0.3310290  943.4763  945.3195
2021 04 05 21 36 00    -1.8351601   -0.3355774  943.4842  945.3380
2021 04 05 21 37 00    -1.8439558   -0.3402481  943.4911  945.3397
2021 04 05 21 38 00    -1.8528287   -0.3447155  943.4979  945.3053
2021 04 05 21 39 00    -1.8618199   -0.3489955  943.5048  945.2688
2021 04 05 21 40 00    -1.8708204   -0.3533050  943.5115  945.2733
2021 04 05 21 41 00    -1.8797552   -0.3577900  943.5186  945.3175
2021 04 05 21 42 00    -1.8887302   -0.3624341  943.5263  945.3678
2021 04 05 21 43 00    -1.8979517   -0.3671484  943.5340  945.3948
2021 04 05 21 44 00    -1.9072064   -0.3717441  943.5415  945.3978
2021 04 05 21 45 00    -1.9161773   -0.3761494  943.5482  945.3937
2021 04 05 21 46 00    -1.9252236   -0.3806746  943.5544  945.3929
2021 04 05 21 47 00    -1.9347093   -0.3854700  943.5613  945.4022
2021 04 05 21 48 00    -1.9443117   -0.3902359  943.5698  945.4232
2021 04 05 21 49 00    -1.9537170   -0.3948951  943.5785  945.4442
2021 04 05 21 50 00    -1.9631013   -0.3996906  943.5861  945.4564
2021 04 05 21 51 00    -1.9726817   -0.4046065  943.5931  945.4701
2021 04 05 21 52 00    -1.9823988   -0.4094369  943.6008  945.5020
2021 04 05 21 53 00    -1.9921532   -0.4141938  943.6088  945.5406
2021 04 05 21 54 00    -2.0019649   -0.4190176  943.6167  945.5494
2021 04 05 21 55 00    -2.0117568   -0.4238960  943.6244  945.5235
2021 04 05 21 56 00    -2.0214445   -0.4287967  943.6318  945.5012
2021 04 05 21 57 00    -2.0312479   -0.4338721  943.6387  945.5004
2021 04 05 21 58 00    -2.0413537   -0.4391059  943.6453  945.4964
2021 04 05 21 59 00    -2.0515496   -0.4441791  943.6517  945.4727
2021 04 05 22 00 00    -2.0616666   -0.4490819  943.6578  945.4481
2021 04 05 22 01 00    -2.0717913   -0.4540942  943.6638  945.4459
2021 04 05 22 02 00    -2.0818258   -0.4591259  943.6698  945.4584
2021 04 05 22 03 00    -2.0916736   -0.4640375  943.6760  945.4589
2021 04 05 22 04 00    -2.1016337   -0.4691023  943.6817  945.4463
2021 04 05 22 05 00    -2.1118947   -0.4743791  943.6872  945.4356
2021 04 05 22 06 00    -2.1222452   -0.4795088  943.6927  945.4279
2021 04 05 22 07 00    -2.1325131   -0.4844728  943.6980  945.4197
2021 04 05 22 08 00    -2.1426721   -0.4895599  943.7030  945.4132
2021 04 05 22 09 00    -2.1527093   -0.4947077  943.7078  945.4240
2021 04 05 22 10 00    -2.1627855   -0.4997724  943.7131  945.4624
2021 04 05 22 11 00    -2.1730603   -0.5048910  943.7189  945.5017
2021 04 05 22 12 00    -2.1833491   -0.5100670  943.7249  945.5186
2021 04 05 22 13 00    -2.1935251   -0.5151670  943.7312  945.5309
2021 04 05 22 14 00    -2.2037795   -0.5203036  943.7381  945.5556
2021 04 05 22 15 00    -2.2141462   -0.5255334  943.7449  945.5790
2021 04 05 22 16 00    -2.2244334   -0.5306405  943.7518  945.5955
2021 04 05 22 17 00    -2.2346730   -0.5357008  943.7598  945.6269
2021 04 05 22 18 00    -2.2450983   -0.5410304  943.7687  945.6693
2021 04 05 22 19 00    -2.2556364   -0.5464267  943.7772  945.6912
2021 04 05 22 20 00    -2.2659984   -0.5515001  943.7852  945.6957
2021 04 05 22 21 00    -2.2762598   -0.5564523  943.7934  945.7116
2021 04 05 22 22 00    -2.2866821   -0.5616458  943.8025  945.7469
2021 04 05 22 23 00    -2.2972220   -0.5670022  943.8122  945.7893
2021 04 05 22 24 00    -2.3077623   -0.5723599  943.8221  945.8152
2021 04 05 22 25 00    -2.3184119   -0.5777753  943.8312  945.8100
2021 04 05 22 26 00    -2.3292042   -0.5832045  943.8399  945.7998
2021 04 05 22 27 00    -2.3399700   -0.5885736  943.8491  945.8183
2021 04 05 22 28 00    -2.3507474   -0.5940556  943.8591  945.8500
2021 04 05 22 29 00    -2.3617612   -0.5996368  943.8696  945.8653
2021 04 05 22 30 00    -2.3729720   -0.6051123  943.8800  945.8704
2021 04 05 22 31 00    -2.3841317   -0.6106304  943.8896  945.8798
2021 04 05 22 32 00    -2.3951277   -0.6162913  943.8984  945.8894
2021 04 05 22 33 00    -2.4060711   -0.6218588  943.9073  945.8944
2021 04 05 22 34 00    -2.4171042   -0.6272933  943.9163  945.8990
2021 04 05 22 35 00    -2.4281886   -0.6327786  943.9252  945.9058
2021 04 05 22 36 00    -2.4392339   -0.6383826  943.9339  945.9168
2021 04 05 22 37 00    -2.4502705   -0.6440014  943.9424  945.9379
2021 04 05 22 38 00    -2.4613932   -0.6495516  943.9515  945.9650
2021 04 05 22 39 00    -2.4726437   -0.6550972  943.9613  945.9850
2021 04 05 22 40 00    -2.4839169   -0.6606463  943.9716  945.9997
2021 04 05 22 41 00    -2.4951381   -0.6661485  943.9818  946.0163
2021 04 05 22 42 00    -2.5064236   -0.6717168  943.9917  946.0211
2021 04 05 22 43 00    -2.5177542   -0.6774407  944.0014  946.0130
2021 04 05 22 44 00    -2.5290323   -0.6831840  944.0111  946.0236
2021 04 05 22 45 00    -2.5404296   -0.6888530  944.0207  946.0585
2021 04 05 22 46 00    -2.5519111   -0.6945082  944.0300  946.0835
2021 04 05 22 47 00    -2.5632415   -0.7002293  944.0397  946.0838
2021 04 05 22 48 00    -2.5745915   -0.7061256  944.0499  946.0777
2021 04 05 22 49 00    -2.5860675   -0.7121053  944.0600  946.0802
2021 04 05 22 50 00    -2.5975472   -0.7178572  944.0693  946.0883
2021 04 05 22 51 00    -2.6091418   -0.7233593  944.0780  946.0948
2021 04 05 22 52 00    -2.6208034   -0.7288869  944.0869  946.1025
2021 04 05 22 53 00    -2.6323161   -0.7346111  944.0963  946.1164
2021 04 05 22 54 00    -2.6437534   -0.7405010  944.1059  946.1335
2021 04 05 22 55 00    -2.6552578   -0.7464421  944.1152  946.1476
2021 04 05 22 56 00    -2.6668267   -0.7523066  944.1238  946.1565
2021 04 05 22 57 00    -2.6783427   -0.7579562  944.1326  946.1615
2021 04 05 22 58 00    -2.6898379   -0.7635206  944.1420  946.1660
2021 04 05 22 59 00    -2.7015549   -0.7693701  944.1513  946.1686
2021 04 05 23 00 00    -2.7134364   -0.7754476  944.1599  946.1664
2021 04 05 23 01 00    -2.7251731   -0.7813395  944.1678  946.1662
2021 04 05 23 02 00    -2.7367332   -0.7870234  944.1763  946.1755
2021 04 05 23 03 00    -2.7483622   -0.7928379  944.1857  946.1884
2021 04 05 23 04 00    -2.7602011   -0.7988792  944.1953  946.1942
2021 04 05 23 05 00    -2.7721344   -0.8049066  944.2037  946.1913
2021 04 05 23 06 00    -2.7840407   -0.8107964  944.2113  946.1880
2021 04 05 23 07 00    -2.7959362   -0.8167111  944.2190  946.1872
2021 04 05 23 08 00    -2.8078302   -0.8227561  944.2270  946.1819
2021 04 05 23 09 00    -2.8197534   -0.8288260  944.2345  946.1709
2021 04 05 23 10 00    -2.8317138   -0.8348281  944.2414  946.1629
2021 04 05 23 11 00    -2.8436047   -0.8407882  944.2484  946.1620
2021 04 05 23 12 00    -2.8555200   -0.8467662  944.2555  946.1669
2021 04 05 23 13 00    -2.8675968   -0.8527947  944.2621  946.1759
2021 04 05 23 14 00    -2.8795707   -0.8588018  944.2686  946.1844
2021 04 05 23 15 00    -2.8912644   -0.8646660  944.2757  946.1883
2021 04 05 23 16 00    -2.9029972   -0.8705175  944.2829  946.1877
2021 04 05 23 17 00    -2.9149704   -0.8765587  944.2901  946.1864
2021 04 05 23 18 00    -2.9269619   -0.8826426  944.2970  946.1899
2021 04 05 23 19 00    -2.9388868   -0.8886103  944.3034  946.1991
2021 04 05 23 20 00    -2.9508800   -0.8945254  944.3097  946.2128
2021 04 05 23 21 00    -2.9628913   -0.9003922  944.3168  946.2322
2021 04 05 23 22 00    -2.9748158   -0.9062858  944.3243  946.2512
2021 04 05 23 23 00    -2.9866819   -0.9123614  944.3318  946.2596
2021 04 05 23 24 00    -2.9985520   -0.9184594  944.3390  946.2607
2021 04 05 23 25 00    -3.0104710   -0.9243453  944.3465  946.2651
2021 04 05 23 26 00    -3.0224368   -0.9301683  944.3543  946.2679
2021 04 05 23 27 00    -3.0344557   -0.9361746  944.3619  946.2603
2021 04 05 23 28 00    -3.0465407   -0.9422953  944.3683  946.2532
2021 04 05 23 29 00    -3.0585885   -0.9483012  944.3739  946.2582
2021 04 05 23 30 00    -3.0705277   -0.9541667  944.3796  946.2666
2021 04 05 23 31 00    -3.0824632   -0.9601160  944.3858  946.2660
2021 04 05 23 32 00    -3.0944386   -0.9662475  944.3923  946.2608
2021 04 05 23 33 00    -3.1063414   -0.9723190  944.3988  946.2691
2021 04 05 23 34 00    -3.1181583   -0.9782141  944.4050  946.2933
2021 04 05 23 35 00    -3.1300996   -0.9841558  944.4112  946.3127
2021 04 05 23 36 00    -3.1422523   -0.9901716  944.4177  946.3171
2021 04 05 23 37 00    -3.1543467   -0.9961065  944.4247  946.3165
2021 04 05 23 38 00    -3.1662280   -1.0020586  944.4318  946.3171
2021 04 05 23 39 00    -3.1780522   -1.0081109  944.4387  946.3162
2021 04 05 23 40 00    -3.1899096   -1.0141511  944.4449  946.3170
2021 04 05 23 41 00    -3.2018227   -1.0201902  944.4508  946.3205
2021 04 05 23 42 00    -3.2138259   -1.0262843  944.4570  946.3168
2021 04 05 23 43 00    -3.2258864   -1.0323457  944.4633  946.3060
2021 04 05 23 44 00    -3.2379904   -1.0383281  944.4692  946.3030
2021 04 05 23 45 00    -3.2500416   -1.0442735  944.4749  946.3107
2021 04 05 23 46 00    -3.2619061   -1.0502527  944.4804  946.3161
2021 04 05 23 47 00    -3.2736553   -1.0562236  944.4856  946.3148
2021 04 05 23 48 00    -3.2853870   -1.0620089  944.4906  946.3144
2021 04 05 23 49 00    -3.2972025   -1.0677934  944.4963  946.3187
2021 04 05 23 50 00    -3.3092523   -1.0739148  944.5028  946.3234
2021 04 05 23 51 00    -3.3214245   -1.0801427  944.5093  946.3231
2021 04 05 23 52 00    -3.3333926   -1.0861055  944.5148  946.3189
2021 04 05 23 53 00    -3.3450275   -1.0918868  944.5194  946.3154
2021 04 05 23 54 00    -3.3566631   -1.0977753  944.5239  946.3111
2021 04 05 23 55 00    -3.3687605   -1.1038989  944.5288  946.3009
2021 04 05 23 56 00    -3.3811817   -1.1101209  944.5332  946.2863
2021 04 05 23 57 00    -3.3934095   -1.1162320  944.5366  946.2705
2021 04 05 23 58 00    -3.4053567   -1.1221968  944.5390  946.2498
2021 04 05 23 59 00    -3.4172198   -1.1280627  944.5414  946.2236
