[TSF-file]     v01.0

[TIMEFORMAT]   DATETIME
[INCREMENT]    60
[CHANNELS]
    BF:SG056:G1-F60 
    BF:SG056:G2-F60 
    BF:SG056:Br1-F60
    BF:SG056:Br2-F60
[UNITS]
    Volt
    Volt
    mbar
    mbar
[UNDETVAL]                      9999.999
[PHASE_LAG_1_DEG_CPD]           0.0402
[PHASE_LAG_1_DEG_CPD_ERROR]     0.0002
[N_LATITUDE_DEG]                48.3294
[N_LATITUDE_DEG_ERROR]          0.0001
[E_LONGITUDE_DEG]               008.3284
[E_LONGITUDE_DEG_ERROR]         0.0001
[HEIGHT_M_1]                    589.20
[HEIGHT_M_1_ERROR]              0.01
[GRAVITY_CAL_1_UGAL_V]          -40.1100
[GRAVITY_CAL_1_UGAL_V_ERROR]    0.0300
[PRESSURE_CAL_MBAR_V]           1.0000
[PRESSURE_CAL_MBAR_V_ERROR]     0.0001
[AUTHOR]                        Thomas Forbriger@kit.edu
[PHASE_LAG_2_DEG_CPD]           0.0402
[PHASE_LAG_2_DEG_CPD_ERROR]     0.0002
[HEIGHT_M_2]                    589.40
[HEIGHT_M_2_ERROR]              0.01
[GRAVITY_CAL_2_UGAL_V]          -80.0699
[GRAVITY_CAL_2_UGAL_V_ERROR]    0.0600
[PRESSURE_ADMIT_HPA_NMS2]       -3.4000
[PRESSURE_MEAN_HPA]             0980.0
[COMMENT]                           
software upgrade and FitPC2 replacement on 29. July 2019



Date           Time     G1-F60        G2-F60        Br1-F60       Br2-F60      
[DATA]
2021 04 01 00 00 00    -4.1528314   -1.4941393  952.9231  953.2970
2021 04 01 00 01 00    -4.1489701   -1.4922009  952.9192  953.2895
2021 04 01 00 02 00    -4.1452361   -1.4903802  952.9162  953.2840
2021 04 01 00 03 00    -4.1414790   -1.4885499  952.9139  953.2782
2021 04 01 00 04 00    -4.1376787   -1.4865973  952.9107  953.2682
2021 04 01 00 05 00    -4.1339580   -1.4846599  952.9067  953.2542
2021 04 01 00 06 00    -4.1303272   -1.4828637  952.9032  953.2413
2021 04 01 00 07 00    -4.1267431   -1.4811566  952.9002  953.2341
2021 04 01 00 08 00    -4.1231546   -1.4793749  952.8967  953.2335
2021 04 01 00 09 00    -4.1194883   -1.4774313  952.8930  953.2363
2021 04 01 00 10 00    -4.1158757   -1.4755475  952.8898  953.2391
2021 04 01 00 11 00    -4.1124024   -1.4738587  952.8869  953.2397
2021 04 01 00 12 00    -4.1088631   -1.4721075  952.8839  953.2374
2021 04 01 00 13 00    -4.1052814   -1.4702358  952.8807  953.2334
2021 04 01 00 14 00    -4.1019754   -1.4685309  952.8774  953.2306
2021 04 01 00 15 00    -4.0989802   -1.4670563  952.8744  953.2299
2021 04 01 00 16 00    -4.0959990   -1.4656113  952.8715  953.2291
2021 04 01 00 17 00    -4.0928075   -1.4640322  952.8686  953.2268
2021 04 01 00 18 00    -4.0894481   -1.4623130  952.8659  953.2222
2021 04 01 00 19 00    -4.0861559   -1.4606623  952.8633  953.2158
2021 04 01 00 20 00    -4.0831074   -1.4592039  952.8604  953.2091
2021 04 01 00 21 00    -4.0802290   -1.4577248  952.8571  953.2017
2021 04 01 00 22 00    -4.0773850   -1.4561477  952.8537  953.1920
2021 04 01 00 23 00    -4.0745962   -1.4547223  952.8505  953.1810
2021 04 01 00 24 00    -4.0718394   -1.4535069  952.8471  953.1702
2021 04 01 00 25 00    -4.0690028   -1.4522598  952.8435  953.1587
2021 04 01 00 26 00    -4.0662092   -1.4508353  952.8399  953.1448
2021 04 01 00 27 00    -4.0636415   -1.4494000  952.8359  953.1292
2021 04 01 00 28 00    -4.0611796   -1.4481888  952.8317  953.1141
2021 04 01 00 29 00    -4.0586833   -1.4471195  952.8282  953.1019
2021 04 01 00 30 00    -4.0562398   -1.4459481  952.8244  953.0943
2021 04 01 00 31 00    -4.0538625   -1.4446568  952.8192  953.0899
2021 04 01 00 32 00    -4.0513982   -1.4433901  952.8137  953.0853
2021 04 01 00 33 00    -4.0488440   -1.4421784  952.8090  953.0794
2021 04 01 00 34 00    -4.0463619   -1.4409393  952.8048  953.0739
2021 04 01 00 35 00    -4.0439725   -1.4396433  952.8009  953.0709
2021 04 01 00 36 00    -4.0415954   -1.4383410  952.7967  953.0701
2021 04 01 00 37 00    -4.0393442   -1.4371685  952.7923  953.0711
2021 04 01 00 38 00    -4.0373137   -1.4362234  952.7887  953.0743
2021 04 01 00 39 00    -4.0352614   -1.4353508  952.7860  953.0786
2021 04 01 00 40 00    -4.0330701   -1.4343994  952.7829  953.0825
2021 04 01 00 41 00    -4.0309826   -1.4333987  952.7788  953.0848
2021 04 01 00 42 00    -4.0290918   -1.4323596  952.7750  953.0833
2021 04 01 00 43 00    -4.0272779   -1.4313618  952.7717  953.0768
2021 04 01 00 44 00    -4.0254400   -1.4304599  952.7685  953.0687
2021 04 01 00 45 00    -4.0235391   -1.4295090  952.7650  953.0635
2021 04 01 00 46 00    -4.0217381   -1.4285572  952.7610  953.0624
2021 04 01 00 47 00    -4.0202171   -1.4277961  952.7569  953.0625
2021 04 01 00 48 00    -4.0188462   -1.4271609  952.7531  953.0611
2021 04 01 00 49 00    -4.0174276   -1.4265665  952.7499  953.0574
2021 04 01 00 50 00    -4.0159204   -1.4259048  952.7470  953.0522
2021 04 01 00 51 00    -4.0143099   -1.4249490  952.7436  953.0462
2021 04 01 00 52 00    -4.0126785   -1.4238881  952.7395  953.0403
2021 04 01 00 53 00    -4.0112181   -1.4231323  952.7354  953.0349
2021 04 01 00 54 00    -4.0099882   -1.4226025  952.7323  953.0294
2021 04 01 00 55 00    -4.0089329   -1.4221080  952.7295  953.0223
2021 04 01 00 56 00    -4.0079693   -1.4217080  952.7259  953.0124
2021 04 01 00 57 00    -4.0070202   -1.4213154  952.7216  953.0003
2021 04 01 00 58 00    -4.0060705   -1.4208014  952.7174  952.9878
2021 04 01 00 59 00    -4.0050493   -1.4202126  952.7132  952.9774
2021 04 01 01 00 00    -4.0039306   -1.4196026  952.7088  952.9688
2021 04 01 01 01 00    -4.0028916   -1.4190584  952.7048  952.9611
2021 04 01 01 02 00    -4.0020691   -1.4186299  952.7009  952.9546
2021 04 01 01 03 00    -4.0013806   -1.4182501  952.6969  952.9503
2021 04 01 01 04 00    -4.0006810   -1.4179257  952.6929  952.9478
2021 04 01 01 05 00    -4.0000254   -1.4176799  952.6889  952.9452
2021 04 01 01 06 00    -3.9995543   -1.4174448  952.6848  952.9407
2021 04 01 01 07 00    -3.9992154   -1.4172742  952.6804  952.9338
2021 04 01 01 08 00    -3.9989223   -1.4172262  952.6762  952.9255
2021 04 01 01 09 00    -3.9985970   -1.4170709  952.6716  952.9174
2021 04 01 01 10 00    -3.9981489   -1.4166772  952.6668  952.9097
2021 04 01 01 11 00    -3.9977513   -1.4163419  952.6623  952.9018
2021 04 01 01 12 00    -3.9976279   -1.4163214  952.6580  952.8935
2021 04 01 01 13 00    -3.9976980   -1.4164232  952.6532  952.8848
2021 04 01 01 14 00    -3.9977977   -1.4163633  952.6484  952.8751
2021 04 01 01 15 00    -3.9978421   -1.4162560  952.6443  952.8655
2021 04 01 01 16 00    -3.9978305   -1.4163209  952.6404  952.8587
2021 04 01 01 17 00    -3.9978788   -1.4164500  952.6357  952.8560
2021 04 01 01 18 00    -3.9980650   -1.4165308  952.6306  952.8558
2021 04 01 01 19 00    -3.9983602   -1.4166469  952.6263  952.8548
2021 04 01 01 20 00    -3.9986525   -1.4167569  952.6222  952.8506
2021 04 01 01 21 00    -3.9988637   -1.4168090  952.6177  952.8435
2021 04 01 01 22 00    -3.9991170   -1.4169773  952.6132  952.8363
2021 04 01 01 23 00    -3.9995277   -1.4173469  952.6088  952.8324
2021 04 01 01 24 00    -4.0000576   -1.4177430  952.6043  952.8312
2021 04 01 01 25 00    -4.0006231   -1.4180196  952.5999  952.8304
2021 04 01 01 26 00    -4.0011297   -1.4182466  952.5956  952.8309
2021 04 01 01 27 00    -4.0015941   -1.4185246  952.5918  952.8331
2021 04 01 01 28 00    -4.0022045   -1.4188716  952.5882  952.8338
2021 04 01 01 29 00    -4.0030568   -1.4193192  952.5848  952.8324
2021 04 01 01 30 00    -4.0039596   -1.4197933  952.5815  952.8325
2021 04 01 01 31 00    -4.0047607   -1.4201636  952.5778  952.8349
2021 04 01 01 32 00    -4.0056192   -1.4205454  952.5735  952.8371
2021 04 01 01 33 00    -4.0066473   -1.4210714  952.5692  952.8395
2021 04 01 01 34 00    -4.0077214   -1.4216075  952.5659  952.8428
2021 04 01 01 35 00    -4.0088061   -1.4221032  952.5632  952.8444
2021 04 01 01 36 00    -4.0100113   -1.4227121  952.5600  952.8415
2021 04 01 01 37 00    -4.0113800   -1.4234788  952.5561  952.8351
2021 04 01 01 38 00    -4.0127996   -1.4242638  952.5524  952.8270
2021 04 01 01 39 00    -4.0141358   -1.4248713  952.5491  952.8182
2021 04 01 01 40 00    -4.0154748   -1.4253599  952.5458  952.8101
2021 04 01 01 41 00    -4.0169855   -1.4260442  952.5423  952.8036
2021 04 01 01 42 00    -4.0186703   -1.4269981  952.5384  952.7981
2021 04 01 01 43 00    -4.0204566   -1.4280217  952.5346  952.7920
2021 04 01 01 44 00    -4.0222818   -1.4289737  952.5311  952.7849
2021 04 01 01 45 00    -4.0240980   -1.4298525  952.5278  952.7785
2021 04 01 01 46 00    -4.0259257   -1.4307391  952.5241  952.7734
2021 04 01 01 47 00    -4.0278034   -1.4316778  952.5199  952.7692
2021 04 01 01 48 00    -4.0297200   -1.4326305  952.5154  952.7647
2021 04 01 01 49 00    -4.0316855   -1.4335980  952.5112  952.7596
2021 04 01 01 50 00    -4.0337483   -1.4346411  952.5073  952.7543
2021 04 01 01 51 00    -4.0359031   -1.4357619  952.5035  952.7494
2021 04 01 01 52 00    -4.0381386   -1.4368993  952.4994  952.7447
2021 04 01 01 53 00    -4.0404691   -1.4380132  952.4955  952.7405
2021 04 01 01 54 00    -4.0428678   -1.4391679  952.4921  952.7374
2021 04 01 01 55 00    -4.0453207   -1.4404490  952.4885  952.7341
2021 04 01 01 56 00    -4.0477814   -1.4417422  952.4845  952.7299
2021 04 01 01 57 00    -4.0501656   -1.4429460  952.4809  952.7272
2021 04 01 01 58 00    -4.0525235   -1.4441405  952.4777  952.7270
2021 04 01 01 59 00    -4.0549953   -1.4453232  952.4741  952.7267
2021 04 01 02 00 00    -4.0576576   -1.4465282  952.4706  952.7257
2021 04 01 02 01 00    -4.0604379   -1.4478930  952.4678  952.7241
2021 04 01 02 02 00    -4.0632133   -1.4493941  952.4650  952.7197
2021 04 01 02 03 00    -4.0660235   -1.4509128  952.4611  952.7098
2021 04 01 02 04 00    -4.0689662   -1.4523960  952.4565  952.6930
2021 04 01 02 05 00    -4.0720168   -1.4539169  952.4524  952.6721
2021 04 01 02 06 00    -4.0750831   -1.4554978  952.4486  952.6531
2021 04 01 02 07 00    -4.0781623   -1.4569967  952.4442  952.6393
2021 04 01 02 08 00    -4.0813894   -1.4585303  952.4389  952.6289
2021 04 01 02 09 00    -4.0847626   -1.4603279  952.4335  952.6199
2021 04 01 02 10 00    -4.0880323   -1.4621131  952.4285  952.6133
2021 04 01 02 11 00    -4.0911524   -1.4636020  952.4237  952.6094
2021 04 01 02 12 00    -4.0944165   -1.4650845  952.4189  952.6055
2021 04 01 02 13 00    -4.0978558   -1.4667768  952.4145  952.5997
2021 04 01 02 14 00    -4.1011961   -1.4685059  952.4101  952.5932
2021 04 01 02 15 00    -4.1045312   -1.4702207  952.4054  952.5880
2021 04 01 02 16 00    -4.1081704   -1.4720204  952.4005  952.5840
2021 04 01 02 17 00    -4.1119830   -1.4738874  952.3961  952.5797
2021 04 01 02 18 00    -4.1156650   -1.4757291  952.3920  952.5754
2021 04 01 02 19 00    -4.1192959   -1.4774979  952.3877  952.5718
2021 04 01 02 20 00    -4.1230606   -1.4792727  952.3832  952.5685
2021 04 01 02 21 00    -4.1268612   -1.4811771  952.3788  952.5647
2021 04 01 02 22 00    -4.1306205   -1.4831589  952.3747  952.5616
2021 04 01 02 23 00    -4.1344523   -1.4850492  952.3707  952.5606
2021 04 01 02 24 00    -4.1383390   -1.4868955  952.3667  952.5616
2021 04 01 02 25 00    -4.1422188   -1.4889396  952.3622  952.5635
2021 04 01 02 26 00    -4.1461971   -1.4910965  952.3575  952.5634
2021 04 01 02 27 00    -4.1503184   -1.4930210  952.3528  952.5598
2021 04 01 02 28 00    -4.1545275   -1.4948933  952.3483  952.5540
2021 04 01 02 29 00    -4.1588005   -1.4971452  952.3439  952.5476
2021 04 01 02 30 00    -4.1631685   -1.4995956  952.3402  952.5408
2021 04 01 02 31 00    -4.1676292   -1.5018368  952.3366  952.5339
2021 04 01 02 32 00    -4.1721165   -1.5039389  952.3326  952.5274
2021 04 01 02 33 00    -4.1766242   -1.5061815  952.3279  952.5201
2021 04 01 02 34 00    -4.1810324   -1.5084549  952.3236  952.5112
2021 04 01 02 35 00    -4.1853160   -1.5105490  952.3199  952.5022
2021 04 01 02 36 00    -4.1899205   -1.5127292  952.3158  952.4939
2021 04 01 02 37 00    -4.1948768   -1.5151940  952.3109  952.4849
2021 04 01 02 38 00    -4.1995744   -1.5176696  952.3057  952.4760
2021 04 01 02 39 00    -4.2040507   -1.5200007  952.3010  952.4696
2021 04 01 02 40 00    -4.2087381   -1.5222872  952.2966  952.4655
2021 04 01 02 41 00    -4.2134915   -1.5246153  952.2919  952.4617
2021 04 01 02 42 00    -4.2182010   -1.5270383  952.2869  952.4573
2021 04 01 02 43 00    -4.2230697   -1.5295184  952.2824  952.4508
2021 04 01 02 44 00    -4.2280896   -1.5319996  952.2782  952.4399
2021 04 01 02 45 00    -4.2331228   -1.5344670  952.2739  952.4263
2021 04 01 02 46 00    -4.2381487   -1.5369162  952.2692  952.4154
2021 04 01 02 47 00    -4.2431869   -1.5394264  952.2639  952.4080
2021 04 01 02 48 00    -4.2482570   -1.5420391  952.2585  952.4011
2021 04 01 02 49 00    -4.2533920   -1.5446870  952.2538  952.3952
2021 04 01 02 50 00    -4.2585253   -1.5472871  952.2493  952.3930
2021 04 01 02 51 00    -4.2636847   -1.5498362  952.2443  952.3945
2021 04 01 02 52 00    -4.2690314   -1.5524709  952.2393  952.3991
2021 04 01 02 53 00    -4.2743956   -1.5552090  952.2349  952.4067
2021 04 01 02 54 00    -4.2795842   -1.5578687  952.2310  952.4161
2021 04 01 02 55 00    -4.2847981   -1.5604243  952.2274  952.4250
2021 04 01 02 56 00    -4.2901120   -1.5630353  952.2238  952.4323
2021 04 01 02 57 00    -4.2954704   -1.5657596  952.2200  952.4382
2021 04 01 02 58 00    -4.3009554   -1.5685221  952.2162  952.4416
2021 04 01 02 59 00    -4.3064873   -1.5712849  952.2128  952.4403
2021 04 01 03 00 00    -4.3120290   -1.5740587  952.2094  952.4358
2021 04 01 03 01 00    -4.3177244   -1.5768133  952.2061  952.4313
2021 04 01 03 02 00    -4.3235096   -1.5796435  952.2030  952.4252
2021 04 01 03 03 00    -4.3292275   -1.5826562  952.1996  952.4141
2021 04 01 03 04 00    -4.3348028   -1.5856330  952.1958  952.4009
2021 04 01 03 05 00    -4.3402607   -1.5884125  952.1921  952.3906
2021 04 01 03 06 00    -4.3458257   -1.5911448  952.1884  952.3832
2021 04 01 03 07 00    -4.3516664   -1.5939851  952.1839  952.3750
2021 04 01 03 08 00    -4.3576783   -1.5969876  952.1794  952.3647
2021 04 01 03 09 00    -4.3636697   -1.6000344  952.1751  952.3536
2021 04 01 03 10 00    -4.3696059   -1.6029957  952.1706  952.3441
2021 04 01 03 11 00    -4.3755811   -1.6059783  952.1661  952.3381
2021 04 01 03 12 00    -4.3815415   -1.6090197  952.1620  952.3360
2021 04 01 03 13 00    -4.3873760   -1.6119344  952.1580  952.3360
2021 04 01 03 14 00    -4.3932315   -1.6147262  952.1541  952.3359
2021 04 01 03 15 00    -4.3992946   -1.6176514  952.1504  952.3351
2021 04 01 03 16 00    -4.4054659   -1.6207702  952.1462  952.3334
2021 04 01 03 17 00    -4.4115840   -1.6239368  952.1410  952.3317
2021 04 01 03 18 00    -4.4176844   -1.6270767  952.1356  952.3331
2021 04 01 03 19 00    -4.4238203   -1.6301181  952.1318  952.3383
2021 04 01 03 20 00    -4.4299348   -1.6330624  952.1297  952.3433
2021 04 01 03 21 00    -4.4360136   -1.6360780  952.1279  952.3457
2021 04 01 03 22 00    -4.4421173   -1.6391993  952.1251  952.3475
2021 04 01 03 23 00    -4.4482666   -1.6422798  952.1210  952.3498
2021 04 01 03 24 00    -4.4544418   -1.6452865  952.1169  952.3510
2021 04 01 03 25 00    -4.4606380   -1.6483379  952.1137  952.3516
2021 04 01 03 26 00    -4.4668632   -1.6515140  952.1107  952.3543
2021 04 01 03 27 00    -4.4731628   -1.6547586  952.1076  952.3594
2021 04 01 03 28 00    -4.4795656   -1.6579845  952.1047  952.3643
2021 04 01 03 29 00    -4.4859315   -1.6611371  952.1021  952.3669
2021 04 01 03 30 00    -4.4921841   -1.6642442  952.0995  952.3700
2021 04 01 03 31 00    -4.4984837   -1.6674194  952.0971  952.3756
2021 04 01 03 32 00    -4.5048149   -1.6705743  952.0948  952.3791
2021 04 01 03 33 00    -4.5111090   -1.6735826  952.0920  952.3784
2021 04 01 03 34 00    -4.5175318   -1.6766437  952.0890  952.3788
2021 04 01 03 35 00    -4.5240127   -1.6799033  952.0868  952.3840
2021 04 01 03 36 00    -4.5304058   -1.6832731  952.0848  952.3907
2021 04 01 03 37 00    -4.5368932   -1.6866864  952.0823  952.3968
2021 04 01 03 38 00    -4.5434498   -1.6900142  952.0802  952.4031
2021 04 01 03 39 00    -4.5498789   -1.6931616  952.0788  952.4086
2021 04 01 03 40 00    -4.5563244   -1.6963171  952.0773  952.4117
2021 04 01 03 41 00    -4.5629578   -1.6996604  952.0753  952.4136
2021 04 01 03 42 00    -4.5696523   -1.7030765  952.0734  952.4159
2021 04 01 03 43 00    -4.5762227   -1.7063831  952.0717  952.4177
2021 04 01 03 44 00    -4.5826613   -1.7095631  952.0702  952.4177
2021 04 01 03 45 00    -4.5890590   -1.7126890  952.0688  952.4173
2021 04 01 03 46 00    -4.5955471   -1.7158927  952.0679  952.4205
2021 04 01 03 47 00    -4.6021575   -1.7192718  952.0668  952.4292
2021 04 01 03 48 00    -4.6087301   -1.7226580  952.0653  952.4410
2021 04 01 03 49 00    -4.6152198   -1.7258835  952.0634  952.4547
2021 04 01 03 50 00    -4.6216462   -1.7291083  952.0619  952.4687
2021 04 01 03 51 00    -4.6280830   -1.7324745  952.0613  952.4770
2021 04 01 03 52 00    -4.6347464   -1.7357852  952.0611  952.4776
2021 04 01 03 53 00    -4.6414845   -1.7389287  952.0606  952.4765
2021 04 01 03 54 00    -4.6480252   -1.7422154  952.0600  952.4755
2021 04 01 03 55 00    -4.6545248   -1.7457590  952.0597  952.4705
2021 04 01 03 56 00    -4.6611294   -1.7492220  952.0593  952.4619
2021 04 01 03 57 00    -4.6678206   -1.7524852  952.0579  952.4548
2021 04 01 03 58 00    -4.6745865   -1.7556944  952.0562  952.4490
2021 04 01 03 59 00    -4.6813477   -1.7589053  952.0547  952.4403
2021 04 01 04 00 00    -4.6881299   -1.7622438  952.0534  952.4300
2021 04 01 04 01 00    -4.6949655   -1.7657708  952.0518  952.4218
2021 04 01 04 02 00    -4.7016844   -1.7692526  952.0495  952.4148
2021 04 01 04 03 00    -4.7082510   -1.7726041  952.0469  952.4100
2021 04 01 04 04 00    -4.7148008   -1.7759402  952.0446  952.4112
2021 04 01 04 05 00    -4.7214182   -1.7791974  952.0432  952.4163
2021 04 01 04 06 00    -4.7281718   -1.7824206  952.0426  952.4218
2021 04 01 04 07 00    -4.7349453   -1.7858317  952.0418  952.4278
2021 04 01 04 08 00    -4.7415562   -1.7893289  952.0400  952.4324
2021 04 01 04 09 00    -4.7480737   -1.7926572  952.0376  952.4328
2021 04 01 04 10 00    -4.7545634   -1.7958699  952.0359  952.4308
2021 04 01 04 11 00    -4.7610751   -1.7991342  952.0349  952.4291
2021 04 01 04 12 00    -4.7677871   -1.8025014  952.0338  952.4266
2021 04 01 04 13 00    -4.7746252   -1.8059504  952.0324  952.4187
2021 04 01 04 14 00    -4.7813004   -1.8092889  952.0309  952.4064
2021 04 01 04 15 00    -4.7878257   -1.8124252  952.0288  952.3976
2021 04 01 04 16 00    -4.7944113   -1.8156456  952.0268  952.3962
2021 04 01 04 17 00    -4.8010226   -1.8190452  952.0256  952.3988
2021 04 01 04 18 00    -4.8075340   -1.8223575  952.0246  952.4040
2021 04 01 04 19 00    -4.8140500   -1.8255720  952.0233  952.4119
2021 04 01 04 20 00    -4.8206558   -1.8289097  952.0217  952.4189
2021 04 01 04 21 00    -4.8272041   -1.8323188  952.0200  952.4199
2021 04 01 04 22 00    -4.8336116   -1.8355989  952.0182  952.4149
2021 04 01 04 23 00    -4.8400011   -1.8387728  952.0166  952.4111
2021 04 01 04 24 00    -4.8464577   -1.8419606  952.0153  952.4117
2021 04 01 04 25 00    -4.8529578   -1.8451519  952.0136  952.4098
2021 04 01 04 26 00    -4.8594590   -1.8483280  952.0111  952.4038
2021 04 01 04 27 00    -4.8659075   -1.8515712  952.0085  952.4012
2021 04 01 04 28 00    -4.8722982   -1.8548481  952.0065  952.4006
2021 04 01 04 29 00    -4.8786329   -1.8579861  952.0050  952.3948
2021 04 01 04 30 00    -4.8848481   -1.8609952  952.0034  952.3871
2021 04 01 04 31 00    -4.8910186   -1.8640507  952.0015  952.3851
2021 04 01 04 32 00    -4.8973778   -1.8672505  951.9996  952.3888
2021 04 01 04 33 00    -4.9038904   -1.8705114  951.9981  952.3935
2021 04 01 04 34 00    -4.9102141   -1.8736235  951.9967  952.3975
2021 04 01 04 35 00    -4.9162866   -1.8765853  951.9946  952.4022
2021 04 01 04 36 00    -4.9223991   -1.8796479  951.9926  952.4070
2021 04 01 04 37 00    -4.9286185   -1.8828461  951.9913  952.4101
2021 04 01 04 38 00    -4.9347747   -1.8859787  951.9905  952.4123
2021 04 01 04 39 00    -4.9408952   -1.8890139  951.9894  952.4159
2021 04 01 04 40 00    -4.9470653   -1.8920282  951.9886  952.4193
2021 04 01 04 41 00    -4.9530875   -1.8949928  951.9879  952.4198
2021 04 01 04 42 00    -4.9588901   -1.8979409  951.9872  952.4210
2021 04 01 04 43 00    -4.9648592   -1.9010250  951.9865  952.4261
2021 04 01 04 44 00    -4.9710935   -1.9041839  951.9853  952.4331
2021 04 01 04 45 00    -4.9771417   -1.9071597  951.9839  952.4411
2021 04 01 04 46 00    -4.9828711   -1.9099902  951.9829  952.4495
2021 04 01 04 47 00    -4.9885914   -1.9129000  951.9821  952.4550
2021 04 01 04 48 00    -4.9944202   -1.9158511  951.9814  952.4586
2021 04 01 04 49 00    -5.0002664   -1.9187135  951.9811  952.4641
2021 04 01 04 50 00    -5.0061179   -1.9215463  951.9809  952.4712
2021 04 01 04 51 00    -5.0119617   -1.9244732  951.9807  952.4748
2021 04 01 04 52 00    -5.0176305   -1.9274177  951.9803  952.4731
2021 04 01 04 53 00    -5.0230547   -1.9302091  951.9796  952.4719
2021 04 01 04 54 00    -5.0285008   -1.9329481  951.9787  952.4735
2021 04 01 04 55 00    -5.0341193   -1.9357840  951.9782  952.4779
2021 04 01 04 56 00    -5.0397341   -1.9386043  951.9782  952.4882
2021 04 01 04 57 00    -5.0452903   -1.9414097  951.9782  952.4987
2021 04 01 04 58 00    -5.0507972   -1.9443060  951.9783  952.5017
2021 04 01 04 59 00    -5.0561447   -1.9470588  951.9786  952.5016
2021 04 01 05 00 00    -5.0613951   -1.9495161  951.9791  952.5038
2021 04 01 05 01 00    -5.0666890   -1.9520151  951.9795  952.5087
2021 04 01 05 02 00    -5.0719693   -1.9547703  951.9795  952.5161
2021 04 01 05 03 00    -5.0772382   -1.9576226  951.9794  952.5240
2021 04 01 05 04 00    -5.0825814   -1.9604364  951.9797  952.5277
2021 04 01 05 05 00    -5.0878186   -1.9631155  951.9802  952.5240
2021 04 01 05 06 00    -5.0928407   -1.9655989  951.9804  952.5170
2021 04 01 05 07 00    -5.0978901   -1.9679848  951.9801  952.5151
2021 04 01 05 08 00    -5.1030024   -1.9703670  951.9798  952.5188
2021 04 01 05 09 00    -5.1080000   -1.9727802  951.9796  952.5226
2021 04 01 05 10 00    -5.1129498   -1.9752875  951.9796  952.5243
2021 04 01 05 11 00    -5.1178563   -1.9778300  951.9802  952.5210
2021 04 01 05 12 00    -5.1226111   -1.9802639  951.9805  952.5144
2021 04 01 05 13 00    -5.1274254   -1.9826650  951.9804  952.5127
2021 04 01 05 14 00    -5.1323433   -1.9851416  951.9800  952.5162
2021 04 01 05 15 00    -5.1370437   -1.9876064  951.9794  952.5173
2021 04 01 05 16 00    -5.1416104   -1.9900141  951.9786  952.5169
2021 04 01 05 17 00    -5.1462904   -1.9923257  951.9786  952.5226
2021 04 01 05 18 00    -5.1508786   -1.9944491  951.9793  952.5337
2021 04 01 05 19 00    -5.1551838   -1.9964797  951.9801  952.5428
2021 04 01 05 20 00    -5.1593590   -1.9986174  951.9806  952.5490
2021 04 01 05 21 00    -5.1636056   -2.0008675  951.9807  952.5569
2021 04 01 05 22 00    -5.1679630   -2.0030587  951.9807  952.5662
2021 04 01 05 23 00    -5.1723358   -2.0051515  951.9812  952.5716
2021 04 01 05 24 00    -5.1766076   -2.0072552  951.9822  952.5743
2021 04 01 05 25 00    -5.1806958   -2.0093430  951.9832  952.5804
2021 04 01 05 26 00    -5.1847123   -2.0113330  951.9848  952.5877
2021 04 01 05 27 00    -5.1888421   -2.0132857  951.9863  952.5872
2021 04 01 05 28 00    -5.1929136   -2.0152523  951.9868  952.5817
2021 04 01 05 29 00    -5.1967289   -2.0172053  951.9868  952.5797
2021 04 01 05 30 00    -5.2004800   -2.0191624  951.9875  952.5804
2021 04 01 05 31 00    -5.2043070   -2.0211286  951.9881  952.5803
2021 04 01 05 32 00    -5.2080922   -2.0230433  951.9884  952.5806
2021 04 01 05 33 00    -5.2117342   -2.0248687  951.9888  952.5816
2021 04 01 05 34 00    -5.2152299   -2.0265923  951.9895  952.5836
2021 04 01 05 35 00    -5.2187049   -2.0282709  951.9904  952.5882
2021 04 01 05 36 00    -5.2222842   -2.0300414  951.9912  952.5943
2021 04 01 05 37 00    -5.2257957   -2.0318492  951.9916  952.5986
2021 04 01 05 38 00    -5.2289902   -2.0334979  951.9920  952.6003
2021 04 01 05 39 00    -5.2320626   -2.0351068  951.9928  952.6004
2021 04 01 05 40 00    -5.2353409   -2.0368300  951.9938  952.6019
2021 04 01 05 41 00    -5.2386563   -2.0384037  951.9945  952.6041
2021 04 01 05 42 00    -5.2417106   -2.0397194  951.9947  952.6031
2021 04 01 05 43 00    -5.2445971   -2.0410892  951.9944  952.6028
2021 04 01 05 44 00    -5.2475249   -2.0426277  951.9942  952.6087
2021 04 01 05 45 00    -5.2504381   -2.0441355  951.9949  952.6161
2021 04 01 05 46 00    -5.2531717   -2.0455463  951.9959  952.6231
2021 04 01 05 47 00    -5.2558249   -2.0469912  951.9970  952.6311
2021 04 01 05 48 00    -5.2585177   -2.0484334  951.9982  952.6360
2021 04 01 05 49 00    -5.2611233   -2.0497025  951.9992  952.6398
2021 04 01 05 50 00    -5.2635885   -2.0508867  952.0004  952.6467
2021 04 01 05 51 00    -5.2659361   -2.0521297  952.0025  952.6532
2021 04 01 05 52 00    -5.2681995   -2.0533263  952.0046  952.6588
2021 04 01 05 53 00    -5.2705192   -2.0544069  952.0060  952.6660
2021 04 01 05 54 00    -5.2728332   -2.0554037  952.0069  952.6736
2021 04 01 05 55 00    -5.2748805   -2.0562715  952.0078  952.6786
2021 04 01 05 56 00    -5.2767320   -2.0571208  952.0095  952.6812
2021 04 01 05 57 00    -5.2787383   -2.0581841  952.0117  952.6856
2021 04 01 05 58 00    -5.2809530   -2.0593827  952.0134  952.6940
2021 04 01 05 59 00    -5.2830741   -2.0604627  952.0145  952.7016
2021 04 01 06 00 00    -5.2848786   -2.0613357  952.0162  952.7055
2021 04 01 06 01 00    -5.2865012   -2.0620879  952.0187  952.7083
2021 04 01 06 02 00    -5.2881976   -2.0628774  952.0211  952.7122
2021 04 01 06 03 00    -5.2899120   -2.0637416  952.0225  952.7170
2021 04 01 06 04 00    -5.2914333   -2.0646184  952.0234  952.7196
2021 04 01 06 05 00    -5.2927923   -2.0654243  952.0245  952.7167
2021 04 01 06 06 00    -5.2941978   -2.0660874  952.0256  952.7122
2021 04 01 06 07 00    -5.2957232   -2.0667623  952.0272  952.7122
2021 04 01 06 08 00    -5.2971379   -2.0675780  952.0296  952.7158
2021 04 01 06 09 00    -5.2981665   -2.0683044  952.0316  952.7195
2021 04 01 06 10 00    -5.2989691   -2.0688136  952.0324  952.7231
2021 04 01 06 11 00    -5.2998604   -2.0692524  952.0324  952.7257
2021 04 01 06 12 00    -5.3006666   -2.0695865  952.0324  952.7254
2021 04 01 06 13 00    -5.3012079   -2.0697576  952.0331  952.7240
2021 04 01 06 14 00    -5.3018102   -2.0699938  952.0342  952.7242
2021 04 01 06 15 00    -5.3026134   -2.0703888  952.0352  952.7243
2021 04 01 06 16 00    -5.3032497   -2.0707248  952.0364  952.7227
2021 04 01 06 17 00    -5.3035925   -2.0709723  952.0381  952.7223
2021 04 01 06 18 00    -5.3039216   -2.0712504  952.0401  952.7262
2021 04 01 06 19 00    -5.3042282   -2.0713780  952.0416  952.7326
2021 04 01 06 20 00    -5.3043585   -2.0712847  952.0425  952.7382
2021 04 01 06 21 00    -5.3044206   -2.0712401  952.0434  952.7434
2021 04 01 06 22 00    -5.3044226   -2.0712673  952.0446  952.7518
2021 04 01 06 23 00    -5.3043012   -2.0712154  952.0461  952.7625
2021 04 01 06 24 00    -5.3040716   -2.0710953  952.0480  952.7683
2021 04 01 06 25 00    -5.3037375   -2.0709443  952.0503  952.7678
2021 04 01 06 26 00    -5.3034101   -2.0708113  952.0525  952.7666
2021 04 01 06 27 00    -5.3030574   -2.0706819  952.0539  952.7664
2021 04 01 06 28 00    -5.3024685   -2.0703811  952.0550  952.7653
2021 04 01 06 29 00    -5.3016987   -2.0699033  952.0568  952.7642
2021 04 01 06 30 00    -5.3009534   -2.0695169  952.0589  952.7631
2021 04 01 06 31 00    -5.3002338   -2.0692615  952.0602  952.7590
2021 04 01 06 32 00    -5.2993918   -2.0689123  952.0604  952.7512
2021 04 01 06 33 00    -5.2983917   -2.0684134  952.0600  952.7423
2021 04 01 06 34 00    -5.2973722   -2.0677873  952.0598  952.7342
2021 04 01 06 35 00    -5.2964502   -2.0671092  952.0599  952.7260
2021 04 01 06 36 00    -5.2955822   -2.0666244  952.0602  952.7173
2021 04 01 06 37 00    -5.2945194   -2.0662564  952.0603  952.7092
2021 04 01 06 38 00    -5.2930558   -2.0655944  952.0601  952.7020
2021 04 01 06 39 00    -5.2914286   -2.0647242  952.0598  952.6987
2021 04 01 06 40 00    -5.2899845   -2.0640696  952.0593  952.7008
2021 04 01 06 41 00    -5.2885273   -2.0634651  952.0589  952.7015
2021 04 01 06 42 00    -5.2867675   -2.0625585  952.0590  952.6965
2021 04 01 06 43 00    -5.2849655   -2.0616021  952.0591  952.6900
2021 04 01 06 44 00    -5.2832624   -2.0607769  952.0586  952.6849
2021 04 01 06 45 00    -5.2813727   -2.0597977  952.0578  952.6795
2021 04 01 06 46 00    -5.2792804   -2.0586775  952.0568  952.6732
2021 04 01 06 47 00    -5.2771252   -2.0576299  952.0556  952.6652
2021 04 01 06 48 00    -5.2747986   -2.0565329  952.0545  952.6537
2021 04 01 06 49 00    -5.2722886   -2.0552929  952.0533  952.6427
2021 04 01 06 50 00    -5.2698124   -2.0540607  952.0517  952.6379
2021 04 01 06 51 00    -5.2673895   -2.0528736  952.0501  952.6337
2021 04 01 06 52 00    -5.2648013   -2.0515759  952.0486  952.6229
2021 04 01 06 53 00    -5.2620346   -2.0501172  952.0466  952.6108
2021 04 01 06 54 00    -5.2592217   -2.0486289  952.0444  952.5999
2021 04 01 06 55 00    -5.2562716   -2.0471602  952.0425  952.5861
2021 04 01 06 56 00    -5.2531417   -2.0456219  952.0402  952.5736
2021 04 01 06 57 00    -5.2500524   -2.0440083  952.0372  952.5670
2021 04 01 06 58 00    -5.2470265   -2.0424435  952.0344  952.5572
2021 04 01 06 59 00    -5.2437868   -2.0409189  952.0321  952.5418
2021 04 01 07 00 00    -5.2402499   -2.0392044  952.0293  952.5308
2021 04 01 07 01 00    -5.2366691   -2.0372606  952.0264  952.5272
2021 04 01 07 02 00    -5.2331936   -2.0353270  952.0237  952.5296
2021 04 01 07 03 00    -5.2296287   -2.0334841  952.0210  952.5344
2021 04 01 07 04 00    -5.2258347   -2.0316456  952.0185  952.5345
2021 04 01 07 05 00    -5.2218666   -2.0297633  952.0160  952.5349
2021 04 01 07 06 00    -5.2176540   -2.0277720  952.0136  952.5427
2021 04 01 07 07 00    -5.2132714   -2.0256894  952.0121  952.5488
2021 04 01 07 08 00    -5.2090428   -2.0236162  952.0112  952.5478
2021 04 01 07 09 00    -5.2048103   -2.0214904  952.0099  952.5484
2021 04 01 07 10 00    -5.2003326   -2.0192738  952.0079  952.5537
2021 04 01 07 11 00    -5.1960011   -2.0170519  952.0060  952.5540
2021 04 01 07 12 00    -5.1917518   -2.0147162  952.0040  952.5453
2021 04 01 07 13 00    -5.1869678   -2.0122189  952.0022  952.5369
2021 04 01 07 14 00    -5.1819454   -2.0097950  952.0010  952.5310
2021 04 01 07 15 00    -5.1773270   -2.0075164  951.9996  952.5200
2021 04 01 07 16 00    -5.1727846   -2.0052497  951.9967  952.5066
2021 04 01 07 17 00    -5.1677066   -2.0028554  951.9931  952.4952
2021 04 01 07 18 00    -5.1622604   -2.0002123  951.9903  952.4828
2021 04 01 07 19 00    -5.1570266   -1.9974738  951.9885  952.4727
2021 04 01 07 20 00    -5.1520162   -1.9948656  951.9865  952.4679
2021 04 01 07 21 00    -5.1467758   -1.9922638  951.9836  952.4605
2021 04 01 07 22 00    -5.1412209   -1.9895467  951.9809  952.4499
2021 04 01 07 23 00    -5.1355869   -1.9868037  951.9785  952.4454
2021 04 01 07 24 00    -5.1299447   -1.9840488  951.9757  952.4461
2021 04 01 07 25 00    -5.1242356   -1.9811995  951.9728  952.4439
2021 04 01 07 26 00    -5.1184019   -1.9781945  951.9702  952.4391
2021 04 01 07 27 00    -5.1123681   -1.9750850  951.9676  952.4323
2021 04 01 07 28 00    -5.1061833   -1.9719862  951.9646  952.4236
2021 04 01 07 29 00    -5.1000015   -1.9688577  951.9614  952.4164
2021 04 01 07 30 00    -5.0938105   -1.9656939  951.9582  952.4102
2021 04 01 07 31 00    -5.0875953   -1.9626751  951.9550  952.4007
2021 04 01 07 32 00    -5.0813868   -1.9596678  951.9519  952.3902
2021 04 01 07 33 00    -5.0749335   -1.9563301  951.9486  952.3815
2021 04 01 07 34 00    -5.0680695   -1.9527941  951.9452  952.3714
2021 04 01 07 35 00    -5.0610782   -1.9493826  951.9418  952.3616
2021 04 01 07 36 00    -5.0542002   -1.9460313  951.9387  952.3574
2021 04 01 07 37 00    -5.0473264   -1.9425176  951.9357  952.3561
2021 04 01 07 38 00    -5.0403281   -1.9388972  951.9325  952.3543
2021 04 01 07 39 00    -5.0332207   -1.9353806  951.9295  952.3557
2021 04 01 07 40 00    -5.0259519   -1.9318830  951.9269  952.3626
2021 04 01 07 41 00    -5.0185703   -1.9281937  951.9242  952.3701
2021 04 01 07 42 00    -5.0112814   -1.9243739  951.9208  952.3743
2021 04 01 07 43 00    -5.0039627   -1.9205605  951.9180  952.3790
2021 04 01 07 44 00    -4.9963984   -1.9168150  951.9159  952.3866
2021 04 01 07 45 00    -4.9886471   -1.9130595  951.9137  952.3917
2021 04 01 07 46 00    -4.9807406   -1.9091365  951.9119  952.3907
2021 04 01 07 47 00    -4.9727493   -1.9051665  951.9112  952.3864
2021 04 01 07 48 00    -4.9648256   -1.9012455  951.9101  952.3838
2021 04 01 07 49 00    -4.9568691   -1.8971473  951.9073  952.3863
2021 04 01 07 50 00    -4.9486829   -1.8928962  951.9044  952.3900
2021 04 01 07 51 00    -4.9403643   -1.8887881  951.9028  952.3871
2021 04 01 07 52 00    -4.9320899   -1.8847861  951.9019  952.3786
2021 04 01 07 53 00    -4.9236953   -1.8806498  951.9005  952.3725
2021 04 01 07 54 00    -4.9150224   -1.8763560  951.8989  952.3708
2021 04 01 07 55 00    -4.9062932   -1.8719968  951.8966  952.3714
2021 04 01 07 56 00    -4.8976359   -1.8676467  951.8937  952.3717
2021 04 01 07 57 00    -4.8889880   -1.8633667  951.8913  952.3651
2021 04 01 07 58 00    -4.8803178   -1.8590297  951.8895  952.3522
2021 04 01 07 59 00    -4.8713762   -1.8544365  951.8871  952.3443
2021 04 01 08 00 00    -4.8621282   -1.8497057  951.8845  952.3461
2021 04 01 08 01 00    -4.8529444   -1.8450300  951.8826  952.3499
2021 04 01 08 02 00    -4.8438160   -1.8403320  951.8811  952.3509
2021 04 01 08 03 00    -4.8345227   -1.8355764  951.8792  952.3513
2021 04 01 08 04 00    -4.8250678   -1.8308914  951.8767  952.3502
2021 04 01 08 05 00    -4.8154734   -1.8262635  951.8742  952.3489
2021 04 01 08 06 00    -4.8058130   -1.8215328  951.8722  952.3500
2021 04 01 08 07 00    -4.7961565   -1.8166523  951.8706  952.3516
2021 04 01 08 08 00    -4.7864772   -1.8117499  951.8688  952.3510
2021 04 01 08 09 00    -4.7767311   -1.8069100  951.8671  952.3481
2021 04 01 08 10 00    -4.7667866   -1.8019980  951.8657  952.3445
2021 04 01 08 11 00    -4.7566219   -1.7969035  951.8645  952.3416
2021 04 01 08 12 00    -4.7464476   -1.7917202  951.8635  952.3374
2021 04 01 08 13 00    -4.7362958   -1.7865349  951.8619  952.3325
2021 04 01 08 14 00    -4.7259635   -1.7813839  951.8597  952.3331
2021 04 01 08 15 00    -4.7153755   -1.7762390  951.8580  952.3399
2021 04 01 08 16 00    -4.7047144   -1.7710039  951.8569  952.3466
2021 04 01 08 17 00    -4.6941621   -1.7656812  951.8560  952.3517
2021 04 01 08 18 00    -4.6836043   -1.7602794  951.8550  952.3577
2021 04 01 08 19 00    -4.6729107   -1.7547880  951.8542  952.3637
2021 04 01 08 20 00    -4.6620864   -1.7493003  951.8535  952.3715
2021 04 01 08 21 00    -4.6510666   -1.7438904  951.8531  952.3794
2021 04 01 08 22 00    -4.6399958   -1.7385141  951.8529  952.3753
2021 04 01 08 23 00    -4.6290666   -1.7330452  951.8522  952.3599
2021 04 01 08 24 00    -4.6180406   -1.7274164  951.8511  952.3530
2021 04 01 08 25 00    -4.6068038   -1.7218002  951.8501  952.3583
2021 04 01 08 26 00    -4.5955957   -1.7163577  951.8486  952.3560
2021 04 01 08 27 00    -4.5843937   -1.7108668  951.8470  952.3397
2021 04 01 08 28 00    -4.5730662   -1.7051402  951.8467  952.3234
2021 04 01 08 29 00    -4.5617061   -1.6993927  951.8465  952.3129
2021 04 01 08 30 00    -4.5502334   -1.6936763  951.8443  952.3024
2021 04 01 08 31 00    -4.5384310   -1.6877672  951.8409  952.2902
2021 04 01 08 32 00    -4.5264515   -1.6817016  951.8383  952.2767
2021 04 01 08 33 00    -4.5145711   -1.6756667  951.8365  952.2642
2021 04 01 08 34 00    -4.5027980   -1.6696802  951.8345  952.2623
2021 04 01 08 35 00    -4.4910039   -1.6636946  951.8318  952.2672
2021 04 01 08 36 00    -4.4790205   -1.6577273  951.8289  952.2608
2021 04 01 08 37 00    -4.4668228   -1.6517801  951.8261  952.2479
2021 04 01 08 38 00    -4.4546129   -1.6457708  951.8237  952.2466
2021 04 01 08 39 00    -4.4424395   -1.6396788  951.8219  952.2542
2021 04 01 08 40 00    -4.4301025   -1.6335238  951.8197  952.2619
2021 04 01 08 41 00    -4.4175888   -1.6272489  951.8172  952.2662
2021 04 01 08 42 00    -4.4051620   -1.6209196  951.8151  952.2579
2021 04 01 08 43 00    -4.3927681   -1.6146602  951.8135  952.2438
2021 04 01 08 44 00    -4.3799717   -1.6082930  951.8119  952.2479
2021 04 01 08 45 00    -4.3668836   -1.6016910  951.8103  952.2568
2021 04 01 08 46 00    -4.3540547   -1.5951994  951.8084  952.2417
2021 04 01 08 47 00    -4.3413991   -1.5890058  951.8059  952.2181
2021 04 01 08 48 00    -4.3285907   -1.5828134  951.8033  952.2004
2021 04 01 08 49 00    -4.3157238   -1.5763976  951.8008  952.1807
2021 04 01 08 50 00    -4.3026979   -1.5697442  951.7982  952.1821
2021 04 01 08 51 00    -4.2893679   -1.5629918  951.7957  952.2188
2021 04 01 08 52 00    -4.2760438   -1.5563339  951.7936  952.2460
2021 04 01 08 53 00    -4.2627931   -1.5496637  951.7918  952.2280
2021 04 01 08 54 00    -4.2494797   -1.5428872  951.7896  952.1865
2021 04 01 08 55 00    -4.2362436   -1.5361790  951.7875  952.1638
2021 04 01 08 56 00    -4.2229608   -1.5295516  951.7856  952.1803
2021 04 01 08 57 00    -4.2093762   -1.5229143  951.7832  952.2120
2021 04 01 08 58 00    -4.1956818   -1.5162408  951.7803  952.2168
2021 04 01 08 59 00    -4.1820930   -1.5094822  951.7779  952.1926
2021 04 01 09 00 00    -4.1684694   -1.5026277  951.7764  952.1678
2021 04 01 09 01 00    -4.1546786   -1.4956460  951.7750  952.1548
2021 04 01 09 02 00    -4.1408001   -1.4886085  951.7728  952.1544
2021 04 01 09 03 00    -4.1268832   -1.4816857  951.7697  952.1684
2021 04 01 09 04 00    -4.1128841   -1.4747517  951.7668  952.1840
2021 04 01 09 05 00    -4.0988228   -1.4676177  951.7646  952.1853
2021 04 01 09 06 00    -4.0847729   -1.4604519  951.7628  952.1799
2021 04 01 09 07 00    -4.0706693   -1.4534172  951.7609  952.1837
2021 04 01 09 08 00    -4.0563819   -1.4464126  951.7589  952.1932
2021 04 01 09 09 00    -4.0420072   -1.4393380  951.7576  952.1864
2021 04 01 09 10 00    -4.0276737   -1.4321311  951.7563  952.1643
2021 04 01 09 11 00    -4.0132801   -1.4247699  951.7544  952.1721
2021 04 01 09 12 00    -3.9987409   -1.4173658  951.7526  952.2139
2021 04 01 09 13 00    -3.9841489   -1.4099903  951.7516  952.2247
2021 04 01 09 14 00    -3.9696643   -1.4026960  951.7501  952.1923
2021 04 01 09 15 00    -3.9552786   -1.3955730  951.7472  952.1701
2021 04 01 09 16 00    -3.9406921   -1.3884463  951.7443  952.1747
2021 04 01 09 17 00    -3.9257759   -1.3810806  951.7423  952.1832
2021 04 01 09 18 00    -3.9108477   -1.3735956  951.7408  952.1708
2021 04 01 09 19 00    -3.8961174   -1.3661234  951.7396  952.1348
2021 04 01 09 20 00    -3.8814195   -1.3586382  951.7382  952.1092
2021 04 01 09 21 00    -3.8665252   -1.3511776  951.7364  952.1141
2021 04 01 09 22 00    -3.8514085   -1.3437074  951.7341  952.1313
2021 04 01 09 23 00    -3.8363362   -1.3361647  951.7308  952.1480
2021 04 01 09 24 00    -3.8214473   -1.3286570  951.7270  952.1678
2021 04 01 09 25 00    -3.8065002   -1.3212247  951.7245  952.1781
2021 04 01 09 26 00    -3.7913637   -1.3137129  951.7233  952.1621
2021 04 01 09 27 00    -3.7760769   -1.3060209  951.7216  952.1376
2021 04 01 09 28 00    -3.7606477   -1.2982001  951.7194  952.1275
2021 04 01 09 29 00    -3.7452544   -1.2904351  951.7172  952.1312
2021 04 01 09 30 00    -3.7300139   -1.2829004  951.7143  952.1402
2021 04 01 09 31 00    -3.7147166   -1.2754257  951.7108  952.1396
2021 04 01 09 32 00    -3.6991865   -1.2676874  951.7084  952.1227
2021 04 01 09 33 00    -3.6835441   -1.2597402  951.7079  952.1047
2021 04 01 09 34 00    -3.6680699   -1.2518999  951.7076  952.0972
2021 04 01 09 35 00    -3.6527192   -1.2441687  951.7055  952.0935
2021 04 01 09 36 00    -3.6371558   -1.2362924  951.7022  952.0854
2021 04 01 09 37 00    -3.6215362   -1.2283699  951.6991  952.0774
2021 04 01 09 38 00    -3.6061738   -1.2207161  951.6966  952.0692
2021 04 01 09 39 00    -3.5907417   -1.2132234  951.6935  952.0532
2021 04 01 09 40 00    -3.5749514   -1.2054755  951.6900  952.0354
2021 04 01 09 41 00    -3.5591198   -1.1974222  951.6865  952.0272
2021 04 01 09 42 00    -3.5434591   -1.1893967  951.6829  952.0316
2021 04 01 09 43 00    -3.5277758   -1.1814859  951.6785  952.0396
2021 04 01 09 44 00    -3.5119718   -1.1735777  951.6736  952.0423
2021 04 01 09 45 00    -3.4961182   -1.1657243  951.6690  952.0480
2021 04 01 09 46 00    -3.4802458   -1.1579156  951.6651  952.0486
2021 04 01 09 47 00    -3.4643433   -1.1500108  951.6613  952.0205
2021 04 01 09 48 00    -3.4483738   -1.1419709  951.6573  951.9844
2021 04 01 09 49 00    -3.4323603   -1.1338745  951.6538  951.9692
2021 04 01 09 50 00    -3.4163636   -1.1258354  951.6507  951.9574
2021 04 01 09 51 00    -3.4003604   -1.1178443  951.6470  951.9438
2021 04 01 09 52 00    -3.3842940   -1.1097399  951.6424  951.9465
2021 04 01 09 53 00    -3.3681382   -1.1015543  951.6372  951.9555
2021 04 01 09 54 00    -3.3519915   -1.0935505  951.6321  951.9542
2021 04 01 09 55 00    -3.3360160   -1.0856909  951.6275  951.9364
2021 04 01 09 56 00    -3.3200662   -1.0776568  951.6229  951.8968
2021 04 01 09 57 00    -3.3038589   -1.0694455  951.6178  951.8555
2021 04 01 09 58 00    -3.2874868   -1.0612710  951.6127  951.8404
2021 04 01 09 59 00    -3.2711731   -1.0531624  951.6076  951.8403
2021 04 01 10 00 00    -3.2549649   -1.0451021  951.6027  951.8287
2021 04 01 10 01 00    -3.2388485   -1.0370684  951.5977  951.8086
2021 04 01 10 02 00    -3.2226758   -1.0289434  951.5924  951.7976
2021 04 01 10 03 00    -3.2063629   -1.0207175  951.5870  951.7937
2021 04 01 10 04 00    -3.1900651   -1.0124803  951.5813  951.7816
2021 04 01 10 05 00    -3.1738112   -1.0042805  951.5757  951.7595
2021 04 01 10 06 00    -3.1575874   -0.9961795  951.5704  951.7371
2021 04 01 10 07 00    -3.1413720   -0.9880645  951.5646  951.7169
2021 04 01 10 08 00    -3.1249799   -0.9798147  951.5577  951.6954
2021 04 01 10 09 00    -3.1084984   -0.9716074  951.5505  951.6777
2021 04 01 10 10 00    -3.0920627   -0.9634159  951.5435  951.6750
2021 04 01 10 11 00    -3.0755109   -0.9550889  951.5375  951.6837
2021 04 01 10 12 00    -3.0590003   -0.9468558  951.5320  951.6794
2021 04 01 10 13 00    -3.0427461   -0.9387920  951.5263  951.6621
2021 04 01 10 14 00    -3.0263767   -0.9306057  951.5200  951.6790
2021 04 01 10 15 00    -3.0096878   -0.9222673  951.5143  951.7397
2021 04 01 10 16 00    -2.9930615   -0.9139942  951.5097  951.7736
2021 04 01 10 17 00    -2.9765968   -0.9057525  951.5047  951.7377
2021 04 01 10 18 00    -2.9600144   -0.8974409  951.4986  951.6831
2021 04 01 10 19 00    -2.9434084   -0.8892161  951.4927  951.6654
2021 04 01 10 20 00    -2.9269168   -0.8810061  951.4879  951.6714
2021 04 01 10 21 00    -2.9103121   -0.8725468  951.4836  951.6681
2021 04 01 10 22 00    -2.8936364   -0.8641008  951.4790  951.6562
2021 04 01 10 23 00    -2.8771997   -0.8559403  951.4739  951.6574
2021 04 01 10 24 00    -2.8608759   -0.8477178  951.4686  951.6780
2021 04 01 10 25 00    -2.8442988   -0.8392591  951.4635  951.6897
2021 04 01 10 26 00    -2.8276287   -0.8309337  951.4586  951.6705
2021 04 01 10 27 00    -2.8111250   -0.8227806  951.4537  951.6400
2021 04 01 10 28 00    -2.7945745   -0.8144417  951.4485  951.6138
2021 04 01 10 29 00    -2.7780117   -0.8060284  951.4433  951.5843
2021 04 01 10 30 00    -2.7616016   -0.7978307  951.4387  951.5581
2021 04 01 10 31 00    -2.7450967   -0.7896528  951.4341  951.5432
2021 04 01 10 32 00    -2.7284923   -0.7813672  951.4282  951.5321
2021 04 01 10 33 00    -2.7119996   -0.7731816  951.4216  951.5314
2021 04 01 10 34 00    -2.6955245   -0.7650205  951.4156  951.5480
2021 04 01 10 35 00    -2.6790363   -0.7566899  951.4100  951.5546
2021 04 01 10 36 00    -2.6626308   -0.7483746  951.4044  951.5321
2021 04 01 10 37 00    -2.6462736   -0.7402692  951.3995  951.4986
2021 04 01 10 38 00    -2.6297208   -0.7321499  951.3947  951.4717
2021 04 01 10 39 00    -2.6128533   -0.7237632  951.3887  951.4575
2021 04 01 10 40 00    -2.5964459   -0.7154598  951.3821  951.4549
2021 04 01 10 41 00    -2.5805482   -0.7073605  951.3763  951.4497
2021 04 01 10 42 00    -2.5639913   -0.6989704  951.3712  951.4372
2021 04 01 10 43 00    -2.5473649   -0.6906049  951.3660  951.4282
2021 04 01 10 44 00    -2.5312287   -0.6825433  951.3603  951.4246
2021 04 01 10 45 00    -2.5143814   -0.6741761  951.3539  951.4186
2021 04 01 10 46 00    -2.4975188   -0.6657831  951.3473  951.4123
2021 04 01 10 47 00    -2.4821435   -0.6580201  951.3413  951.4086
2021 04 01 10 48 00    -2.4667626   -0.6502069  951.3359  951.4013
2021 04 01 10 49 00    -2.4496710   -0.6416404  951.3310  951.3907
2021 04 01 10 50 00    -2.4325674   -0.6330914  951.3263  951.3818
2021 04 01 10 51 00    -2.4166855   -0.6250494  951.3210  951.3680
2021 04 01 10 52 00    -2.4005259   -0.6168990  951.3147  951.3487
2021 04 01 10 53 00    -2.3840609   -0.6087955  951.3084  951.3339
2021 04 01 10 54 00    -2.3679887   -0.6010035  951.3027  951.3221
2021 04 01 10 55 00    -2.3519505   -0.5930639  951.2973  951.3167
2021 04 01 10 56 00    -2.3362083   -0.5850031  951.2917  951.3271
2021 04 01 10 57 00    -2.3199297   -0.5766837  951.2861  951.3382
2021 04 01 10 58 00    -2.3026275   -0.5680824  951.2804  951.3369
2021 04 01 10 59 00    -2.2863687   -0.5600476  951.2745  951.3307
2021 04 01 11 00 00    -2.2711344   -0.5523235  951.2687  951.3244
2021 04 01 11 01 00    -2.2547925   -0.5439505  951.2630  951.3256
2021 04 01 11 02 00    -2.2381389   -0.5356247  951.2575  951.3387
2021 04 01 11 03 00    -2.2229599   -0.5281803  951.2523  951.3463
2021 04 01 11 04 00    -2.2079834   -0.5207091  951.2473  951.3313
2021 04 01 11 05 00    -2.1918970   -0.5126377  951.2422  951.2967
2021 04 01 11 06 00    -2.1755245   -0.5044658  951.2370  951.2606
2021 04 01 11 07 00    -2.1592698   -0.4962589  951.2314  951.2458
2021 04 01 11 08 00    -2.1433303   -0.4882521  951.2254  951.2582
2021 04 01 11 09 00    -2.1280229   -0.4807230  951.2192  951.2869
2021 04 01 11 10 00    -2.1126863   -0.4730748  951.2134  951.3060
2021 04 01 11 11 00    -2.0970643   -0.4650980  951.2081  951.2814
2021 04 01 11 12 00    -2.0814252   -0.4572031  951.2026  951.2199
2021 04 01 11 13 00    -2.0653754   -0.4493073  951.1963  951.1653
2021 04 01 11 14 00    -2.0490991   -0.4412832  951.1895  951.1406
2021 04 01 11 15 00    -2.0345464   -0.4339519  951.1828  951.1359
2021 04 01 11 16 00    -2.0208346   -0.4270177  951.1759  951.1337
2021 04 01 11 17 00    -2.0031991   -0.4182321  951.1685  951.1410
2021 04 01 11 18 00    -1.9850796   -0.4092217  951.1615  951.1721
2021 04 01 11 19 00    -1.9731751   -0.4032098  951.1555  951.1954
2021 04 01 11 20 00    -1.9607092   -0.3968483  951.1498  951.1774
2021 04 01 11 21 00    -1.9422349   -0.3875112  951.1439  951.1484
2021 04 01 11 22 00    -1.9251359   -0.3789536  951.1376  951.1397
2021 04 01 11 23 00    -1.9117106   -0.3723826  951.1311  951.1224
2021 04 01 11 24 00    -1.8970303   -0.3651796  951.1246  951.0772
2021 04 01 11 25 00    -1.8811713   -0.3571656  951.1181  951.0423
2021 04 01 11 26 00    -1.8663367   -0.3495990  951.1116  951.0454
2021 04 01 11 27 00    -1.8520052   -0.3424395  951.1052  951.0662
2021 04 01 11 28 00    -1.8372025   -0.3350960  951.0993  951.0753
2021 04 01 11 29 00    -1.8214599   -0.3272217  951.0938  951.0551
2021 04 01 11 30 00    -1.8056512   -0.3192759  951.0885  951.0192
2021 04 01 11 31 00    -1.7913470   -0.3120433  951.0826  951.0082
2021 04 01 11 32 00    -1.7778826   -0.3052676  951.0763  951.0226
2021 04 01 11 33 00    -1.7635895   -0.2982017  951.0702  951.0210
2021 04 01 11 34 00    -1.7478753   -0.2904420  951.0641  951.0022
2021 04 01 11 35 00    -1.7315611   -0.2822733  951.0578  950.9924
2021 04 01 11 36 00    -1.7179372   -0.2754030  951.0512  950.9733
2021 04 01 11 37 00    -1.7065815   -0.2697031  951.0443  950.9305
2021 04 01 11 38 00    -1.6913026   -0.2620613  951.0374  950.9130
2021 04 01 11 39 00    -1.6736554   -0.2532581  951.0305  950.9434
2021 04 01 11 40 00    -1.6603816   -0.2466167  951.0237  950.9654
2021 04 01 11 41 00    -1.6484208   -0.2405311  951.0174  950.9484
2021 04 01 11 42 00    -1.6331444   -0.2328186  951.0118  950.9331
2021 04 01 11 43 00    -1.6177477   -0.2252309  951.0063  950.9322
2021 04 01 11 44 00    -1.6044330   -0.2186992  951.0001  950.9002
2021 04 01 11 45 00    -1.5910690   -0.2119180  950.9929  950.8447
2021 04 01 11 46 00    -1.5767762   -0.2045725  950.9851  950.8381
2021 04 01 11 47 00    -1.5626247   -0.1974119  950.9776  950.8832
2021 04 01 11 48 00    -1.5490069   -0.1906270  950.9706  950.8999
2021 04 01 11 49 00    -1.5353880   -0.1839238  950.9643  950.8649
2021 04 01 11 50 00    -1.5214716   -0.1770829  950.9583  950.8457
2021 04 01 11 51 00    -1.5076270   -0.1701409  950.9520  950.8774
2021 04 01 11 52 00    -1.4941535   -0.1632357  950.9454  950.9035
2021 04 01 11 53 00    -1.4807310   -0.1563664  950.9392  950.8853
2021 04 01 11 54 00    -1.4671008   -0.1495475  950.9331  950.8573
2021 04 01 11 55 00    -1.4535161   -0.1428310  950.9263  950.8403
2021 04 01 11 56 00    -1.4402392   -0.1362137  950.9196  950.8290
2021 04 01 11 57 00    -1.4271429   -0.1296461  950.9135  950.8179
2021 04 01 11 58 00    -1.4139824   -0.1230390  950.9073  950.7991
2021 04 01 11 59 00    -1.4008108   -0.1164575  950.9008  950.8073
2021 04 01 12 00 00    -1.3878541   -0.1100372  950.8946  950.8547
2021 04 01 12 01 00    -1.3750627   -0.1036574  950.8899  950.8763
2021 04 01 12 02 00    -1.3621468   -0.0971453  950.8863  950.8771
2021 04 01 12 03 00    -1.3492240   -0.0906100  950.8829  950.9209
2021 04 01 12 04 00    -1.3365918   -0.0841811  950.8791  950.9623
2021 04 01 12 05 00    -1.3239973   -0.0777960  950.8747  950.9364
2021 04 01 12 06 00    -1.3112661   -0.0714409  950.8697  950.8774
2021 04 01 12 07 00    -1.2986644   -0.0651784  950.8644  950.8158
2021 04 01 12 08 00    -1.2861858   -0.0590117  950.8587  950.7438
2021 04 01 12 09 00    -1.2737731   -0.0529286  950.8529  950.6993
2021 04 01 12 10 00    -1.2615817   -0.0468453  950.8471  950.7170
2021 04 01 12 11 00    -1.2495252   -0.0406600  950.8409  950.7446
2021 04 01 12 12 00    -1.2374928   -0.0345120  950.8348  950.7326
2021 04 01 12 13 00    -1.2254930   -0.0285090  950.8293  950.7143
2021 04 01 12 14 00    -1.2135336   -0.0225172  950.8238  950.7232
2021 04 01 12 15 00    -1.2016756   -0.0165433  950.8179  950.7425
2021 04 01 12 16 00    -1.1897627   -0.0106431  950.8122  950.7606
2021 04 01 12 17 00    -1.1778300   -0.0047739  950.8073  950.7675
2021 04 01 12 18 00    -1.1662820    0.0009877  950.8024  950.7239
2021 04 01 12 19 00    -1.1549766    0.0066252  950.7960  950.6416
2021 04 01 12 20 00    -1.1435219    0.0122936  950.7884  950.5942
2021 04 01 12 21 00    -1.1320230    0.0180547  950.7810  950.6152
2021 04 01 12 22 00    -1.1205877    0.0238618  950.7748  950.6692
2021 04 01 12 23 00    -1.1092305    0.0296470  950.7692  950.6872
2021 04 01 12 24 00    -1.0982362    0.0352189  950.7631  950.6437
2021 04 01 12 25 00    -1.0875359    0.0405458  950.7567  950.5948
2021 04 01 12 26 00    -1.0766141    0.0459024  950.7511  950.5764
2021 04 01 12 27 00    -1.0654464    0.0513715  950.7461  950.5567
2021 04 01 12 28 00    -1.0543816    0.0568351  950.7405  950.5241
2021 04 01 12 29 00    -1.0435994    0.0622279  950.7337  950.5067
2021 04 01 12 30 00    -1.0331430    0.0674920  950.7263  950.5090
2021 04 01 12 31 00    -1.0230808    0.0725713  950.7190  950.5068
2021 04 01 12 32 00    -1.0132238    0.0775493  950.7119  950.4895
2021 04 01 12 33 00    -1.0028739    0.0827631  950.7049  950.4688
2021 04 01 12 34 00    -0.9921920    0.0881646  950.6980  950.4599
2021 04 01 12 35 00    -0.9819070    0.0933626  950.6917  950.4653
2021 04 01 12 36 00    -0.9717107    0.0984657  950.6860  950.4671
2021 04 01 12 37 00    -0.9617439    0.1034558  950.6803  950.4491
2021 04 01 12 38 00    -0.9523171    0.1081804  950.6739  950.4316
2021 04 01 12 39 00    -0.9424238    0.1131143  950.6666  950.4424
2021 04 01 12 40 00    -0.9320690    0.1183113  950.6600  950.4596
2021 04 01 12 41 00    -0.9224939    0.1231180  950.6546  950.4464
2021 04 01 12 42 00    -0.9135172    0.1275499  950.6485  950.4154
2021 04 01 12 43 00    -0.9040887    0.1322365  950.6416  950.4082
2021 04 01 12 44 00    -0.8944242    0.1371702  950.6347  950.4398
2021 04 01 12 45 00    -0.8853389    0.1418263  950.6282  950.4730
2021 04 01 12 46 00    -0.8762694    0.1463439  950.6228  950.4644
2021 04 01 12 47 00    -0.8666809    0.1510641  950.6182  950.4370
2021 04 01 12 48 00    -0.8576015    0.1556262  950.6135  950.4304
2021 04 01 12 49 00    -0.8492585    0.1598711  950.6081  950.4284
2021 04 01 12 50 00    -0.8406572    0.1641767  950.6022  950.4157
2021 04 01 12 51 00    -0.8316130    0.1687060  950.5961  950.4095
2021 04 01 12 52 00    -0.8227146    0.1732400  950.5897  950.4035
2021 04 01 12 53 00    -0.8144866    0.1773754  950.5830  950.3749
2021 04 01 12 54 00    -0.8066806    0.1811548  950.5766  950.3322
2021 04 01 12 55 00    -0.7983476    0.1852379  950.5705  950.3018
2021 04 01 12 56 00    -0.7896368    0.1896634  950.5637  950.2944
2021 04 01 12 57 00    -0.7816494    0.1937211  950.5565  950.3021
2021 04 01 12 58 00    -0.7741786    0.1974510  950.5496  950.3020
2021 04 01 12 59 00    -0.7663180    0.2014471  950.5428  950.2792
2021 04 01 13 00 00    -0.7583038    0.2055237  950.5361  950.2560
2021 04 01 13 01 00    -0.7507371    0.2092124  950.5298  950.2619
2021 04 01 13 02 00    -0.7433938    0.2127650  950.5239  950.2824
2021 04 01 13 03 00    -0.7359238    0.2165253  950.5180  950.2866
2021 04 01 13 04 00    -0.7284218    0.2203543  950.5119  950.2787
2021 04 01 13 05 00    -0.7208653    0.2241799  950.5056  950.2664
2021 04 01 13 06 00    -0.7134002    0.2279462  950.4987  950.2419
2021 04 01 13 07 00    -0.7063295    0.2314703  950.4912  950.2277
2021 04 01 13 08 00    -0.6993964    0.2348953  950.4842  950.2388
2021 04 01 13 09 00    -0.6925642    0.2383127  950.4780  950.2369
2021 04 01 13 10 00    -0.6860919    0.2415683  950.4720  950.2181
2021 04 01 13 11 00    -0.6796325    0.2448415  950.4660  950.2195
2021 04 01 13 12 00    -0.6729240    0.2483153  950.4602  950.2302
2021 04 01 13 13 00    -0.6662474    0.2516888  950.4541  950.2248
2021 04 01 13 14 00    -0.6597457    0.2547669  950.4472  950.2195
2021 04 01 13 15 00    -0.6534237    0.2577439  950.4403  950.2398
2021 04 01 13 16 00    -0.6474610    0.2606758  950.4341  950.2733
2021 04 01 13 17 00    -0.6417291    0.2635808  950.4285  950.2875
2021 04 01 13 18 00    -0.6358021    0.2666541  950.4229  950.2862
2021 04 01 13 19 00    -0.6298700    0.2697765  950.4170  950.2803
2021 04 01 13 20 00    -0.6242657    0.2726727  950.4109  950.2638
2021 04 01 13 21 00    -0.6186244    0.2754224  950.4048  950.2582
2021 04 01 13 22 00    -0.6127408    0.2782478  950.3991  950.2596
2021 04 01 13 23 00    -0.6069929    0.2811919  950.3938  950.2354
2021 04 01 13 24 00    -0.6016788    0.2840003  950.3883  950.2152
2021 04 01 13 25 00    -0.5966608    0.2864928  950.3828  950.2141
2021 04 01 13 26 00    -0.5916734    0.2888804  950.3772  950.1915
2021 04 01 13 27 00    -0.5867449    0.2913225  950.3712  950.1782
2021 04 01 13 28 00    -0.5818997    0.2937489  950.3652  950.2289
2021 04 01 13 29 00    -0.5770323    0.2961236  950.3595  950.2755
2021 04 01 13 30 00    -0.5721711    0.2985268  950.3545  950.2292
2021 04 01 13 31 00    -0.5675280    0.3009445  950.3494  950.1378
2021 04 01 13 32 00    -0.5633083    0.3031779  950.3436  950.0980
2021 04 01 13 33 00    -0.5593426    0.3051779  950.3373  950.1094
2021 04 01 13 34 00    -0.5553796    0.3070919  950.3313  950.1092
2021 04 01 13 35 00    -0.5512885    0.3090845  950.3251  950.0840
2021 04 01 13 36 00    -0.5470129    0.3112131  950.3182  950.0804
2021 04 01 13 37 00    -0.5428855    0.3132931  950.3114  950.1095
2021 04 01 13 38 00    -0.5390973    0.3151962  950.3053  950.1224
2021 04 01 13 39 00    -0.5355002    0.3169814  950.2995  950.1122
2021 04 01 13 40 00    -0.5320983    0.3186719  950.2938  950.1146
2021 04 01 13 41 00    -0.5287305    0.3203560  950.2882  950.1159
2021 04 01 13 42 00    -0.5252587    0.3220923  950.2829  950.0920
2021 04 01 13 43 00    -0.5218795    0.3238000  950.2778  950.0679
2021 04 01 13 44 00    -0.5186396    0.3254887  950.2731  950.0624
2021 04 01 13 45 00    -0.5155111    0.3271221  950.2681  950.0581
2021 04 01 13 46 00    -0.5125699    0.3285875  950.2622  950.0423
2021 04 01 13 47 00    -0.5099173    0.3299343  950.2557  950.0294
2021 04 01 13 48 00    -0.5076372    0.3311839  950.2494  950.0389
2021 04 01 13 49 00    -0.5054970    0.3322514  950.2439  950.0683
2021 04 01 13 50 00    -0.5030062    0.3333795  950.2388  950.0893
2021 04 01 13 51 00    -0.5000029    0.3349264  950.2334  950.0781
2021 04 01 13 52 00    -0.4971593    0.3364263  950.2279  950.0506
2021 04 01 13 53 00    -0.4951539    0.3372765  950.2231  950.0390
2021 04 01 13 54 00    -0.4935727    0.3379493  950.2189  950.0498
2021 04 01 13 55 00    -0.4917554    0.3389389  950.2142  950.0706
2021 04 01 13 56 00    -0.4898158    0.3399452  950.2094  950.0814
2021 04 01 13 57 00    -0.4882975    0.3407045  950.2052  950.0752
2021 04 01 13 58 00    -0.4871205    0.3413742  950.2011  950.0700
2021 04 01 13 59 00    -0.4855233    0.3422281  950.1964  950.0597
2021 04 01 14 00 00    -0.4835150    0.3432192  950.1913  950.0355
2021 04 01 14 01 00    -0.4819297    0.3439764  950.1861  950.0410
2021 04 01 14 02 00    -0.4811441    0.3443296  950.1818  950.0767
2021 04 01 14 03 00    -0.4807239    0.3445068  950.1783  950.0719
2021 04 01 14 04 00    -0.4797895    0.3449579  950.1746  950.0299
2021 04 01 14 05 00    -0.4781617    0.3457940  950.1703  950.0041
2021 04 01 14 06 00    -0.4768695    0.3464607  950.1655  949.9843
2021 04 01 14 07 00    -0.4766475    0.3465355  950.1598  949.9536
2021 04 01 14 08 00    -0.4771181    0.3462233  950.1534  949.9292
2021 04 01 14 09 00    -0.4775177    0.3459425  950.1467  949.9174
2021 04 01 14 10 00    -0.4772325    0.3460340  950.1406  949.9094
2021 04 01 14 11 00    -0.4762852    0.3464922  950.1350  949.9070
2021 04 01 14 12 00    -0.4757061    0.3468354  950.1294  949.9264
2021 04 01 14 13 00    -0.4764611    0.3466037  950.1231  949.9589
2021 04 01 14 14 00    -0.4776468    0.3460886  950.1162  949.9567
2021 04 01 14 15 00    -0.4777421    0.3459632  950.1095  949.9080
2021 04 01 14 16 00    -0.4773368    0.3461165  950.1036  949.8661
2021 04 01 14 17 00    -0.4773681    0.3461360  950.0983  949.8510
2021 04 01 14 18 00    -0.4778527    0.3458772  950.0931  949.8283
2021 04 01 14 19 00    -0.4793015    0.3451251  950.0875  949.7998
2021 04 01 14 20 00    -0.4805384    0.3445103  950.0816  949.7940
2021 04 01 14 21 00    -0.4803910    0.3444929  950.0754  949.8050
2021 04 01 14 22 00    -0.4812968    0.3439014  950.0692  949.8201
2021 04 01 14 23 00    -0.4834506    0.3428097  950.0632  949.8356
2021 04 01 14 24 00    -0.4839270    0.3426660  950.0574  949.8375
2021 04 01 14 25 00    -0.4841686    0.3426487  950.0517  949.8249
2021 04 01 14 26 00    -0.4867862    0.3414180  950.0459  949.8174
2021 04 01 14 27 00    -0.4893690    0.3401247  950.0402  949.8200
2021 04 01 14 28 00    -0.4898568    0.3397744  950.0350  949.8152
2021 04 01 14 29 00    -0.4906973    0.3393266  950.0304  949.7942
2021 04 01 14 30 00    -0.4935512    0.3380442  950.0257  949.7723
2021 04 01 14 31 00    -0.4965028    0.3366510  950.0205  949.7573
2021 04 01 14 32 00    -0.4981080    0.3357488  950.0143  949.7446
2021 04 01 14 33 00    -0.4993952    0.3349989  950.0077  949.7475
2021 04 01 14 34 00    -0.5016823    0.3338646  950.0018  949.7691
2021 04 01 14 35 00    -0.5048090    0.3324059  949.9967  949.7759
2021 04 01 14 36 00    -0.5077222    0.3310889  949.9915  949.7577
2021 04 01 14 37 00    -0.5099685    0.3300061  949.9861  949.7521
2021 04 01 14 38 00    -0.5118307    0.3289522  949.9807  949.7730
2021 04 01 14 39 00    -0.5145885    0.3274662  949.9757  949.7913
2021 04 01 14 40 00    -0.5188408    0.3254236  949.9709  949.7940
2021 04 01 14 41 00    -0.5219164    0.3240484  949.9661  949.7968
2021 04 01 14 42 00    -0.5230186    0.3234905  949.9610  949.8066
2021 04 01 14 43 00    -0.5260664    0.3217790  949.9559  949.8090
2021 04 01 14 44 00    -0.5314027    0.3189911  949.9508  949.7911
2021 04 01 14 45 00    -0.5349988    0.3172330  949.9455  949.7613
2021 04 01 14 46 00    -0.5369376    0.3163029  949.9404  949.7422
2021 04 01 14 47 00    -0.5403389    0.3145869  949.9360  949.7422
2021 04 01 14 48 00    -0.5451720    0.3121483  949.9316  949.7542
2021 04 01 14 49 00    -0.5493547    0.3099717  949.9265  949.7809
2021 04 01 14 50 00    -0.5526629    0.3082114  949.9213  949.8048
2021 04 01 14 51 00    -0.5565071    0.3063013  949.9168  949.7883
2021 04 01 14 52 00    -0.5611830    0.3040565  949.9126  949.7525
2021 04 01 14 53 00    -0.5656847    0.3018832  949.9081  949.7482
2021 04 01 14 54 00    -0.5697650    0.2998800  949.9036  949.7666
2021 04 01 14 55 00    -0.5740368    0.2977133  949.8989  949.7722
2021 04 01 14 56 00    -0.5786187    0.2953204  949.8939  949.7678
2021 04 01 14 57 00    -0.5832181    0.2929507  949.8890  949.7713
2021 04 01 14 58 00    -0.5878076    0.2907241  949.8843  949.7716
2021 04 01 14 59 00    -0.5925108    0.2884456  949.8795  949.7578
2021 04 01 15 00 00    -0.5975021    0.2858552  949.8744  949.7508
2021 04 01 15 01 00    -0.6028049    0.2830798  949.8696  949.7617
2021 04 01 15 02 00    -0.6079667    0.2805711  949.8658  949.7698
2021 04 01 15 03 00    -0.6127928    0.2783846  949.8626  949.7599
2021 04 01 15 04 00    -0.6178928    0.2759062  949.8587  949.7444
2021 04 01 15 05 00    -0.6235006    0.2728823  949.8539  949.7604
2021 04 01 15 06 00    -0.6291400    0.2698641  949.8492  949.8200
2021 04 01 15 07 00    -0.6347979    0.2670975  949.8454  949.8626
2021 04 01 15 08 00    -0.6405636    0.2643592  949.8421  949.8370
2021 04 01 15 09 00    -0.6462377    0.2615287  949.8383  949.7826
2021 04 01 15 10 00    -0.6520349    0.2585967  949.8341  949.7645
2021 04 01 15 11 00    -0.6580606    0.2557383  949.8308  949.7892
2021 04 01 15 12 00    -0.6641224    0.2529004  949.8283  949.8142
2021 04 01 15 13 00    -0.6703411    0.2497209  949.8259  949.8113
2021 04 01 15 14 00    -0.6767362    0.2463430  949.8231  949.7867
2021 04 01 15 15 00    -0.6831037    0.2431416  949.8200  949.7586
2021 04 01 15 16 00    -0.6894549    0.2399987  949.8168  949.7494
2021 04 01 15 17 00    -0.6958718    0.2367204  949.8133  949.7616
2021 04 01 15 18 00    -0.7024527    0.2333959  949.8091  949.7656
2021 04 01 15 19 00    -0.7092735    0.2300811  949.8045  949.7544
2021 04 01 15 20 00    -0.7161261    0.2267651  949.8003  949.7610
2021 04 01 15 21 00    -0.7229017    0.2234542  949.7972  949.7863
2021 04 01 15 22 00    -0.7298153    0.2199942  949.7941  949.7852
2021 04 01 15 23 00    -0.7369492    0.2162696  949.7902  949.7569
2021 04 01 15 24 00    -0.7442178    0.2124719  949.7856  949.7519
2021 04 01 15 25 00    -0.7515965    0.2087859  949.7818  949.7737
2021 04 01 15 26 00    -0.7590856    0.2051563  949.7793  949.7750
2021 04 01 15 27 00    -0.7665085    0.2015375  949.7767  949.7406
2021 04 01 15 28 00    -0.7737114    0.1979406  949.7726  949.7022
2021 04 01 15 29 00    -0.7810354    0.1942285  949.7680  949.6955
2021 04 01 15 30 00    -0.7888458    0.1902775  949.7642  949.7252
2021 04 01 15 31 00    -0.7970185    0.1861163  949.7617  949.7540
2021 04 01 15 32 00    -0.8052544    0.1819246  949.7597  949.7523
2021 04 01 15 33 00    -0.8132913    0.1779802  949.7568  949.7452
2021 04 01 15 34 00    -0.8211161    0.1741832  949.7528  949.7578
2021 04 01 15 35 00    -0.8289437    0.1701890  949.7488  949.7720
2021 04 01 15 36 00    -0.8368642    0.1660789  949.7462  949.7689
2021 04 01 15 37 00    -0.8449501    0.1620725  949.7442  949.7527
2021 04 01 15 38 00    -0.8533434    0.1579934  949.7414  949.7413
2021 04 01 15 39 00    -0.8620255    0.1535691  949.7380  949.7476
2021 04 01 15 40 00    -0.8707305    0.1490112  949.7354  949.7644
2021 04 01 15 41 00    -0.8792092    0.1447862  949.7336  949.7795
2021 04 01 15 42 00    -0.8875548    0.1408093  949.7313  949.7901
2021 04 01 15 43 00    -0.8960554    0.1366031  949.7283  949.7989
2021 04 01 15 44 00    -0.9048357    0.1321124  949.7259  949.8064
2021 04 01 15 45 00    -0.9138606    0.1275721  949.7243  949.8055
2021 04 01 15 46 00    -0.9230917    0.1229914  949.7225  949.7949
2021 04 01 15 47 00    -0.9323428    0.1184169  949.7204  949.7896
2021 04 01 15 48 00    -0.9413388    0.1139990  949.7186  949.8050
2021 04 01 15 49 00    -0.9502545    0.1095284  949.7171  949.8271
2021 04 01 15 50 00    -0.9595780    0.1047491  949.7151  949.8216
2021 04 01 15 51 00    -0.9692538    0.0998462  949.7126  949.7947
2021 04 01 15 52 00    -0.9788832    0.0949971  949.7104  949.7910
2021 04 01 15 53 00    -0.9884721    0.0901594  949.7085  949.8135
2021 04 01 15 54 00    -0.9981054    0.0854266  949.7061  949.8219
2021 04 01 15 55 00    -1.0076371    0.0808078  949.7031  949.8076
2021 04 01 15 56 00    -1.0171667    0.0759844  949.7003  949.7852
2021 04 01 15 57 00    -1.0271623    0.0707908  949.6977  949.7567
2021 04 01 15 58 00    -1.0375805    0.0655710  949.6950  949.7474
2021 04 01 15 59 00    -1.0476328    0.0606393  949.6924  949.7683
2021 04 01 16 00 00    -1.0573265    0.0557044  949.6903  949.7711
2021 04 01 16 01 00    -1.0673820    0.0505534  949.6878  949.7477
2021 04 01 16 02 00    -1.0776189    0.0455126  949.6844  949.7441
2021 04 01 16 03 00    -1.0878577    0.0405556  949.6810  949.7509
2021 04 01 16 04 00    -1.0984189    0.0352866  949.6780  949.7368
2021 04 01 16 05 00    -1.1089824    0.0298034  949.6756  949.7173
2021 04 01 16 06 00    -1.1192471    0.0245572  949.6738  949.7074
2021 04 01 16 07 00    -1.1294084    0.0196922  949.6715  949.7039
2021 04 01 16 08 00    -1.1397146    0.0147805  949.6679  949.7061
2021 04 01 16 09 00    -1.1505209    0.0093182  949.6638  949.7098
2021 04 01 16 10 00    -1.1617433    0.0034925  949.6599  949.7133
2021 04 01 16 11 00    -1.1727673   -0.0020804  949.6568  949.7185
2021 04 01 16 12 00    -1.1833587   -0.0072863  949.6543  949.7201
2021 04 01 16 13 00    -1.1938703   -0.0125690  949.6520  949.7104
2021 04 01 16 14 00    -1.2046871   -0.0181475  949.6497  949.6980
2021 04 01 16 15 00    -1.2158979   -0.0238156  949.6473  949.7020
2021 04 01 16 16 00    -1.2273578   -0.0294467  949.6446  949.7149
2021 04 01 16 17 00    -1.2387625   -0.0351055  949.6419  949.7149
2021 04 01 16 18 00    -1.2498647   -0.0407658  949.6395  949.7076
2021 04 01 16 19 00    -1.2607277   -0.0462890  949.6369  949.7051
2021 04 01 16 20 00    -1.2716435   -0.0516389  949.6337  949.7026
2021 04 01 16 21 00    -1.2829229   -0.0570603  949.6303  949.6969
2021 04 01 16 22 00    -1.2945550   -0.0628336  949.6273  949.6928
2021 04 01 16 23 00    -1.3062985   -0.0688476  949.6247  949.6929
2021 04 01 16 24 00    -1.3180836   -0.0747887  949.6221  949.6961
2021 04 01 16 25 00    -1.3295757   -0.0804851  949.6198  949.6990
2021 04 01 16 26 00    -1.3406286   -0.0860508  949.6183  949.6981
2021 04 01 16 27 00    -1.3522171   -0.0918882  949.6166  949.6948
2021 04 01 16 28 00    -1.3645300   -0.0979787  949.6142  949.6953
2021 04 01 16 29 00    -1.3762179   -0.1037948  949.6121  949.6957
2021 04 01 16 30 00    -1.3873548   -0.1094641  949.6101  949.6860
2021 04 01 16 31 00    -1.3992873   -0.1155539  949.6069  949.6766
2021 04 01 16 32 00    -1.4117844   -0.1218574  949.6028  949.6786
2021 04 01 16 33 00    -1.4238547   -0.1278481  949.5995  949.6797
2021 04 01 16 34 00    -1.4355469   -0.1335980  949.5975  949.6776
2021 04 01 16 35 00    -1.4473538   -0.1394208  949.5962  949.6863
2021 04 01 16 36 00    -1.4594858   -0.1454456  949.5944  949.7005
2021 04 01 16 37 00    -1.4719062   -0.1517162  949.5917  949.7047
2021 04 01 16 38 00    -1.4843180   -0.1580074  949.5890  949.7020
2021 04 01 16 39 00    -1.4963609   -0.1639938  949.5871  949.7016
2021 04 01 16 40 00    -1.5082650   -0.1699255  949.5857  949.7039
2021 04 01 16 41 00    -1.5205835   -0.1762224  949.5836  949.7085
2021 04 01 16 42 00    -1.5332613   -0.1826787  949.5807  949.7108
2021 04 01 16 43 00    -1.5459067   -0.1889544  949.5784  949.7023
2021 04 01 16 44 00    -1.5583052   -0.1951230  949.5770  949.6911
2021 04 01 16 45 00    -1.5705567   -0.2013504  949.5753  949.6933
2021 04 01 16 46 00    -1.5830369   -0.2076436  949.5730  949.7044
2021 04 01 16 47 00    -1.5956255   -0.2138284  949.5709  949.7120
2021 04 01 16 48 00    -1.6079804   -0.2198406  949.5691  949.7184
2021 04 01 16 49 00    -1.6204549   -0.2260368  949.5677  949.7306
2021 04 01 16 50 00    -1.6332977   -0.2326487  949.5662  949.7438
2021 04 01 16 51 00    -1.6462273   -0.2393550  949.5642  949.7480
2021 04 01 16 52 00    -1.6591135   -0.2457917  949.5624  949.7430
2021 04 01 16 53 00    -1.6719761   -0.2520285  949.5614  949.7398
2021 04 01 16 54 00    -1.6848650   -0.2583608  949.5607  949.7459
2021 04 01 16 55 00    -1.6977784   -0.2648316  949.5594  949.7505
2021 04 01 16 56 00    -1.7107261   -0.2713508  949.5577  949.7423
2021 04 01 16 57 00    -1.7238659   -0.2779707  949.5556  949.7308
2021 04 01 16 58 00    -1.7369804   -0.2845965  949.5537  949.7296
2021 04 01 16 59 00    -1.7496475   -0.2910248  949.5523  949.7380
2021 04 01 17 00 00    -1.7621901   -0.2973907  949.5512  949.7497
2021 04 01 17 01 00    -1.7753605   -0.3040370  949.5499  949.7610
2021 04 01 17 02 00    -1.7890302   -0.3109137  949.5490  949.7714
2021 04 01 17 03 00    -1.8021689   -0.3174829  949.5485  949.7805
2021 04 01 17 04 00    -1.8145301   -0.3235329  949.5480  949.7890
2021 04 01 17 05 00    -1.8271227   -0.3296341  949.5470  949.8016
2021 04 01 17 06 00    -1.8404793   -0.3362964  949.5467  949.8158
2021 04 01 17 07 00    -1.8540556   -0.3432560  949.5471  949.8241
2021 04 01 17 08 00    -1.8673758   -0.3499591  949.5467  949.8280
2021 04 01 17 09 00    -1.8804436   -0.3563237  949.5454  949.8325
2021 04 01 17 10 00    -1.8935271   -0.3627738  949.5446  949.8371
2021 04 01 17 11 00    -1.9068910   -0.3695703  949.5443  949.8371
2021 04 01 17 12 00    -1.9204935   -0.3765558  949.5437  949.8287
2021 04 01 17 13 00    -1.9342011   -0.3835428  949.5431  949.8183
2021 04 01 17 14 00    -1.9477609   -0.3903184  949.5427  949.8142
2021 04 01 17 15 00    -1.9609537   -0.3968028  949.5426  949.8105
2021 04 01 17 16 00    -1.9742399   -0.4034021  949.5420  949.8022
2021 04 01 17 17 00    -1.9879216   -0.4103015  949.5406  949.7973
2021 04 01 17 18 00    -2.0014739   -0.4171010  949.5383  949.7971
2021 04 01 17 19 00    -2.0147948   -0.4237134  949.5361  949.7937
2021 04 01 17 20 00    -2.0282984   -0.4304111  949.5347  949.7892
2021 04 01 17 21 00    -2.0419105   -0.4372150  949.5340  949.7890
2021 04 01 17 22 00    -2.0554579   -0.4440368  949.5334  949.7880
2021 04 01 17 23 00    -2.0690394   -0.4507976  949.5328  949.7794
2021 04 01 17 24 00    -2.0826949   -0.4575107  949.5321  949.7705
2021 04 01 17 25 00    -2.0964788   -0.4643961  949.5304  949.7724
2021 04 01 17 26 00    -2.1101856   -0.4713609  949.5284  949.7817
2021 04 01 17 27 00    -2.1232834   -0.4780005  949.5271  949.7904
2021 04 01 17 28 00    -2.1362628   -0.4845575  949.5263  949.7986
2021 04 01 17 29 00    -2.1504163   -0.4917027  949.5251  949.8051
2021 04 01 17 30 00    -2.1651444   -0.4991094  949.5238  949.8063
2021 04 01 17 31 00    -2.1785465   -0.5058504  949.5228  949.8046
2021 04 01 17 32 00    -2.1911571   -0.5121770  949.5220  949.8023
2021 04 01 17 33 00    -2.2049609   -0.5190670  949.5209  949.7991
2021 04 01 17 34 00    -2.2195261   -0.5263909  949.5192  949.7953
2021 04 01 17 35 00    -2.2332700   -0.5333511  949.5173  949.7918
2021 04 01 17 36 00    -2.2464805   -0.5400432  949.5160  949.7921
2021 04 01 17 37 00    -2.2601625   -0.5469569  949.5155  949.8012
2021 04 01 17 38 00    -2.2741874   -0.5539470  949.5151  949.8138
2021 04 01 17 39 00    -2.2879701   -0.5607755  949.5141  949.8211
2021 04 01 17 40 00    -2.3015034   -0.5675692  949.5134  949.8241
2021 04 01 17 41 00    -2.3150476   -0.5744059  949.5132  949.8283
2021 04 01 17 42 00    -2.3287823   -0.5812849  949.5124  949.8335
2021 04 01 17 43 00    -2.3428790   -0.5882566  949.5107  949.8373
2021 04 01 17 44 00    -2.3568138   -0.5950747  949.5093  949.8410
2021 04 01 17 45 00    -2.3698367   -0.6015059  949.5091  949.8471
2021 04 01 17 46 00    -2.3828688   -0.6081172  949.5089  949.8538
2021 04 01 17 47 00    -2.3972517   -0.6154474  949.5080  949.8592
2021 04 01 17 48 00    -2.4118843   -0.6228057  949.5075  949.8662
2021 04 01 17 49 00    -2.4251332   -0.6294050  949.5080  949.8748
2021 04 01 17 50 00    -2.4380120   -0.6357482  949.5086  949.8804
2021 04 01 17 51 00    -2.4519097   -0.6425778  949.5087  949.8816
2021 04 01 17 52 00    -2.4659702   -0.6496734  949.5087  949.8824
2021 04 01 17 53 00    -2.4793573   -0.6565776  949.5088  949.8852
2021 04 01 17 54 00    -2.4928300   -0.6633498  949.5084  949.8875
2021 04 01 17 55 00    -2.5067484   -0.6701751  949.5077  949.8904
2021 04 01 17 56 00    -2.5203742   -0.6769752  949.5073  949.8970
2021 04 01 17 57 00    -2.5335279   -0.6835947  949.5076  949.9059
2021 04 01 17 58 00    -2.5469193   -0.6902019  949.5080  949.9151
2021 04 01 17 59 00    -2.5607766   -0.6970747  949.5082  949.9239
2021 04 01 18 00 00    -2.5745464   -0.7040323  949.5083  949.9324
2021 04 01 18 01 00    -2.5880511   -0.7108534  949.5089  949.9425
2021 04 01 18 02 00    -2.6016259   -0.7176532  949.5101  949.9552
2021 04 01 18 03 00    -2.6152758   -0.7244791  949.5116  949.9683
2021 04 01 18 04 00    -2.6288561   -0.7313554  949.5125  949.9782
2021 04 01 18 05 00    -2.6423761   -0.7382373  949.5131  949.9865
2021 04 01 18 06 00    -2.6558023   -0.7449229  949.5138  949.9977
2021 04 01 18 07 00    -2.6692668   -0.7515710  949.5148  950.0098
2021 04 01 18 08 00    -2.6829371   -0.7584367  949.5162  950.0168
2021 04 01 18 09 00    -2.6965605   -0.7652640  949.5175  950.0186
2021 04 01 18 10 00    -2.7098769   -0.7718104  949.5191  950.0196
2021 04 01 18 11 00    -2.7231991   -0.7783628  949.5211  950.0226
2021 04 01 18 12 00    -2.7368561   -0.7852285  949.5230  950.0258
2021 04 01 18 13 00    -2.7504727   -0.7921539  949.5241  950.0264
2021 04 01 18 14 00    -2.7637375   -0.7988051  949.5248  950.0245
2021 04 01 18 15 00    -2.7770538   -0.8054210  949.5262  950.0228
2021 04 01 18 16 00    -2.7905993   -0.8122620  949.5283  950.0226
2021 04 01 18 17 00    -2.8040765   -0.8191286  949.5294  950.0255
2021 04 01 18 18 00    -2.8174559   -0.8258421  949.5299  950.0314
2021 04 01 18 19 00    -2.8308354   -0.8325019  949.5306  950.0388
2021 04 01 18 20 00    -2.8441530   -0.8391761  949.5319  950.0455
2021 04 01 18 21 00    -2.8574929   -0.8458134  949.5336  950.0488
2021 04 01 18 22 00    -2.8709720   -0.8525239  949.5355  950.0471
2021 04 01 18 23 00    -2.8843484   -0.8593310  949.5369  950.0433
2021 04 01 18 24 00    -2.8973985   -0.8659625  949.5376  950.0433
2021 04 01 18 25 00    -2.9103940   -0.8724641  949.5378  950.0492
2021 04 01 18 26 00    -2.9236545   -0.8791025  949.5382  950.0567
2021 04 01 18 27 00    -2.9369824   -0.8857347  949.5391  950.0601
2021 04 01 18 28 00    -2.9500309   -0.8921956  949.5398  950.0624
2021 04 01 18 29 00    -2.9628797   -0.8986130  949.5405  950.0700
2021 04 01 18 30 00    -2.9758292   -0.9050720  949.5417  950.0800
2021 04 01 18 31 00    -2.9890054   -0.9116675  949.5435  950.0857
2021 04 01 18 32 00    -3.0022301   -0.9184147  949.5453  950.0872
2021 04 01 18 33 00    -3.0151796   -0.9249950  949.5468  950.0894
2021 04 01 18 34 00    -3.0279301   -0.9313243  949.5479  950.0968
2021 04 01 18 35 00    -3.0408195   -0.9377201  949.5487  950.1086
2021 04 01 18 36 00    -3.0537108   -0.9441928  949.5495  950.1196
2021 04 01 18 37 00    -3.0663870   -0.9505611  949.5514  950.1273
2021 04 01 18 38 00    -3.0791017   -0.9569289  949.5542  950.1351
2021 04 01 18 39 00    -3.0920254   -0.9634216  949.5566  950.1455
2021 04 01 18 40 00    -3.1050406   -0.9699104  949.5583  950.1566
2021 04 01 18 41 00    -3.1179335   -0.9761728  949.5600  950.1679
2021 04 01 18 42 00    -3.1304197   -0.9822932  949.5622  950.1822
2021 04 01 18 43 00    -3.1425922   -0.9886035  949.5649  950.1975
2021 04 01 18 44 00    -3.1549143   -0.9950698  949.5681  950.2096
2021 04 01 18 45 00    -3.1675524   -1.0013951  949.5715  950.2218
2021 04 01 18 46 00    -3.1803085   -1.0076025  949.5749  950.2365
2021 04 01 18 47 00    -3.1928992   -1.0138284  949.5783  950.2475
2021 04 01 18 48 00    -3.2051469   -1.0200056  949.5819  950.2544
2021 04 01 18 49 00    -3.2171668   -1.0260886  949.5854  950.2639
2021 04 01 18 50 00    -3.2292810   -1.0321678  949.5891  950.2766
2021 04 01 18 51 00    -3.2416621   -1.0383665  949.5935  950.2895
2021 04 01 18 52 00    -3.2541641   -1.0446758  949.5983  950.3014
2021 04 01 18 53 00    -3.2666193   -1.0509138  949.6030  950.3114
2021 04 01 18 54 00    -3.2789096   -1.0569376  949.6077  950.3219
2021 04 01 18 55 00    -3.2908776   -1.0628024  949.6125  950.3333
2021 04 01 18 56 00    -3.3027221   -1.0687354  949.6172  950.3403
2021 04 01 18 57 00    -3.3148905   -1.0748893  949.6217  950.3420
2021 04 01 18 58 00    -3.3273304   -1.0811520  949.6257  950.3460
2021 04 01 18 59 00    -3.3395430   -1.0873287  949.6293  950.3551
2021 04 01 19 00 00    -3.3513630   -1.0933455  949.6328  950.3628
2021 04 01 19 01 00    -3.3631060   -1.0992223  949.6370  950.3671
2021 04 01 19 02 00    -3.3748867   -1.1050086  949.6416  950.3736
2021 04 01 19 03 00    -3.3865904   -1.1108395  949.6457  950.3861
2021 04 01 19 04 00    -3.3984405   -1.1168539  949.6496  950.4017
2021 04 01 19 05 00    -3.4104703   -1.1229064  949.6545  950.4147
2021 04 01 19 06 00    -3.4222090   -1.1287481  949.6603  950.4219
2021 04 01 19 07 00    -3.4336064   -1.1344571  949.6658  950.4268
2021 04 01 19 08 00    -3.4450397   -1.1402365  949.6703  950.4343
2021 04 01 19 09 00    -3.4565947   -1.1460993  949.6748  950.4444
2021 04 01 19 10 00    -3.4680957   -1.1519498  949.6797  950.4539
2021 04 01 19 11 00    -3.4794775   -1.1577059  949.6849  950.4629
2021 04 01 19 12 00    -3.4908548   -1.1633845  949.6898  950.4735
2021 04 01 19 13 00    -3.5021944   -1.1690176  949.6948  950.4867
2021 04 01 19 14 00    -3.5133644   -1.1745286  949.6996  950.4997
2021 04 01 19 15 00    -3.5244455   -1.1799293  949.7040  950.5096
2021 04 01 19 16 00    -3.5355306   -1.1854253  949.7086  950.5182
2021 04 01 19 17 00    -3.5466247   -1.1910314  949.7140  950.5277
2021 04 01 19 18 00    -3.5577859   -1.1965204  949.7191  950.5377
2021 04 01 19 19 00    -3.5690261   -1.2019990  949.7232  950.5487
2021 04 01 19 20 00    -3.5802498   -1.2077254  949.7273  950.5592
2021 04 01 19 21 00    -3.5913433   -1.2134341  949.7328  950.5655
2021 04 01 19 22 00    -3.6021904   -1.2187933  949.7388  950.5700
2021 04 01 19 23 00    -3.6127984   -1.2240826  949.7437  950.5751
2021 04 01 19 24 00    -3.6234566   -1.2296534  949.7479  950.5807
2021 04 01 19 25 00    -3.6344489   -1.2352811  949.7522  950.5897
2021 04 01 19 26 00    -3.6455903   -1.2406430  949.7568  950.6022
2021 04 01 19 27 00    -3.6563240   -1.2458310  949.7616  950.6128
2021 04 01 19 28 00    -3.6665174   -1.2509917  949.7667  950.6221
2021 04 01 19 29 00    -3.6767168   -1.2561587  949.7717  950.6337
2021 04 01 19 30 00    -3.6872918   -1.2614375  949.7763  950.6425
2021 04 01 19 31 00    -3.6981035   -1.2668451  949.7808  950.6459
2021 04 01 19 32 00    -3.7087643   -1.2721929  949.7853  950.6488
2021 04 01 19 33 00    -3.7189534   -1.2773278  949.7898  950.6516
2021 04 01 19 34 00    -3.7290063   -1.2823736  949.7936  950.6517
2021 04 01 19 35 00    -3.7393573   -1.2874969  949.7964  950.6511
2021 04 01 19 36 00    -3.7497655   -1.2927012  949.7992  950.6535
2021 04 01 19 37 00    -3.7600054   -1.2979537  949.8026  950.6608
2021 04 01 19 38 00    -3.7701751   -1.3031005  949.8064  950.6684
2021 04 01 19 39 00    -3.7802419   -1.3080766  949.8101  950.6707
2021 04 01 19 40 00    -3.7901042   -1.3130795  949.8138  950.6704
2021 04 01 19 41 00    -3.7998993   -1.3181178  949.8173  950.6723
2021 04 01 19 42 00    -3.8098605   -1.3230539  949.8203  950.6741
2021 04 01 19 43 00    -3.8198979   -1.3279423  949.8229  950.6725
2021 04 01 19 44 00    -3.8297412   -1.3328344  949.8256  950.6710
2021 04 01 19 45 00    -3.8393790   -1.3377211  949.8285  950.6716
2021 04 01 19 46 00    -3.8489885   -1.3426492  949.8309  950.6694
2021 04 01 19 47 00    -3.8585913   -1.3475054  949.8327  950.6668
2021 04 01 19 48 00    -3.8680168   -1.3521166  949.8344  950.6727
2021 04 01 19 49 00    -3.8772894   -1.3566684  949.8366  950.6835
2021 04 01 19 50 00    -3.8867188   -1.3614428  949.8387  950.6918
2021 04 01 19 51 00    -3.8962800   -1.3662423  949.8413  950.7013
2021 04 01 19 52 00    -3.9055417   -1.3707197  949.8452  950.7119
2021 04 01 19 53 00    -3.9145206   -1.3751209  949.8490  950.7207
2021 04 01 19 54 00    -3.9236640   -1.3798347  949.8514  950.7305
2021 04 01 19 55 00    -3.9329942   -1.3846361  949.8538  950.7383
2021 04 01 19 56 00    -3.9421791   -1.3891809  949.8577  950.7409
2021 04 01 19 57 00    -3.9511311   -1.3935832  949.8623  950.7427
2021 04 01 19 58 00    -3.9599917   -1.3981277  949.8659  950.7430
2021 04 01 19 59 00    -3.9688102   -1.4027676  949.8682  950.7388
2021 04 01 20 00 00    -3.9775244   -1.4071392  949.8699  950.7358
2021 04 01 20 01 00    -3.9861766   -1.4111907  949.8717  950.7377
2021 04 01 20 02 00    -3.9948311   -1.4153068  949.8738  950.7435
2021 04 01 20 03 00    -4.0034271   -1.4196408  949.8766  950.7521
2021 04 01 20 04 00    -4.0119893   -1.4239740  949.8799  950.7607
2021 04 01 20 05 00    -4.0205366   -1.4282033  949.8828  950.7677
2021 04 01 20 06 00    -4.0288916   -1.4324382  949.8849  950.7734
2021 04 01 20 07 00    -4.0370436   -1.4366723  949.8873  950.7786
2021 04 01 20 08 00    -4.0452499   -1.4407800  949.8902  950.7853
2021 04 01 20 09 00    -4.0536420   -1.4448547  949.8933  950.7937
2021 04 01 20 10 00    -4.0620069   -1.4490323  949.8965  950.8021
2021 04 01 20 11 00    -4.0700344   -1.4531425  949.9001  950.8076
2021 04 01 20 12 00    -4.0778414   -1.4570921  949.9040  950.8073
2021 04 01 20 13 00    -4.0857862   -1.4610512  949.9075  950.8029
2021 04 01 20 14 00    -4.0938600   -1.4650602  949.9101  950.7995
2021 04 01 20 15 00    -4.1018950   -1.4690547  949.9122  950.7986
2021 04 01 20 16 00    -4.1098618   -1.4729983  949.9145  950.7951
2021 04 01 20 17 00    -4.1177247   -1.4768391  949.9168  950.7891
2021 04 01 20 18 00    -4.1254417   -1.4806434  949.9184  950.7903
2021 04 01 20 19 00    -4.1329530   -1.4844821  949.9201  950.7989
2021 04 01 20 20 00    -4.1402647   -1.4883091  949.9227  950.8058
2021 04 01 20 21 00    -4.1476555   -1.4921381  949.9256  950.8084
2021 04 01 20 22 00    -4.1553362   -1.4959972  949.9277  950.8133
2021 04 01 20 23 00    -4.1630185   -1.4998435  949.9296  950.8237
2021 04 01 20 24 00    -4.1703256   -1.5035504  949.9326  950.8291
2021 04 01 20 25 00    -4.1772868   -1.5069774  949.9358  950.8245
2021 04 01 20 26 00    -4.1841246   -1.5102746  949.9381  950.8209
2021 04 01 20 27 00    -4.1910880   -1.5137360  949.9401  950.8228
2021 04 01 20 28 00    -4.1983492   -1.5173761  949.9423  950.8235
2021 04 01 20 29 00    -4.2056290   -1.5209838  949.9447  950.8222
2021 04 01 20 30 00    -4.2124704   -1.5243644  949.9469  950.8239
2021 04 01 20 31 00    -4.2190069   -1.5276026  949.9487  950.8287
2021 04 01 20 32 00    -4.2258046   -1.5310463  949.9503  950.8311
2021 04 01 20 33 00    -4.2328340   -1.5347020  949.9520  950.8318
2021 04 01 20 34 00    -4.2393969   -1.5381166  949.9537  950.8312
2021 04 01 20 35 00    -4.2455038   -1.5411857  949.9552  950.8272
2021 04 01 20 36 00    -4.2520275   -1.5443451  949.9569  950.8258
2021 04 01 20 37 00    -4.2590540   -1.5477827  949.9590  950.8294
2021 04 01 20 38 00    -4.2657498   -1.5511933  949.9613  950.8308
2021 04 01 20 39 00    -4.2717581   -1.5542990  949.9633  950.8310
2021 04 01 20 40 00    -4.2775324   -1.5571960  949.9647  950.8336
2021 04 01 20 41 00    -4.2836894   -1.5602374  949.9662  950.8365
2021 04 01 20 42 00    -4.2902117   -1.5635155  949.9683  950.8412
2021 04 01 20 43 00    -4.2963968   -1.5666659  949.9706  950.8502
2021 04 01 20 44 00    -4.3020567   -1.5695189  949.9725  950.8609
2021 04 01 20 45 00    -4.3078110   -1.5723860  949.9744  950.8704
2021 04 01 20 46 00    -4.3138689   -1.5754006  949.9768  950.8754
2021 04 01 20 47 00    -4.3198433   -1.5783152  949.9793  950.8746
2021 04 01 20 48 00    -4.3254693   -1.5810667  949.9811  950.8728
2021 04 01 20 49 00    -4.3308557   -1.5838697  949.9826  950.8747
2021 04 01 20 50 00    -4.3364655   -1.5868092  949.9848  950.8812
2021 04 01 20 51 00    -4.3423087   -1.5896815  949.9874  950.8906
2021 04 01 20 52 00    -4.3477098   -1.5922741  949.9900  950.8996
2021 04 01 20 53 00    -4.3526955   -1.5947952  949.9927  950.9066
2021 04 01 20 54 00    -4.3579695   -1.5975720  949.9957  950.9137
2021 04 01 20 55 00    -4.3634713   -1.6004381  949.9986  950.9214
2021 04 01 20 56 00    -4.3686128   -1.6030421  950.0017  950.9270
2021 04 01 20 57 00    -4.3735097   -1.6054398  950.0048  950.9313
2021 04 01 20 58 00    -4.3786993   -1.6079367  950.0076  950.9382
2021 04 01 20 59 00    -4.3839057   -1.6105219  950.0107  950.9472
2021 04 01 21 00 00    -4.3886001   -1.6129232  950.0141  950.9577
2021 04 01 21 01 00    -4.3932062   -1.6151683  950.0172  950.9708
2021 04 01 21 02 00    -4.3981426   -1.6175125  950.0202  950.9798
2021 04 01 21 03 00    -4.4031048   -1.6199825  950.0232  950.9803
2021 04 01 21 04 00    -4.4078610   -1.6223738  950.0260  950.9824
2021 04 01 21 05 00    -4.4123980   -1.6246065  950.0292  950.9938
2021 04 01 21 06 00    -4.4167937   -1.6268476  950.0333  951.0056
2021 04 01 21 07 00    -4.4211873   -1.6291626  950.0377  951.0096
2021 04 01 21 08 00    -4.4256129   -1.6314661  950.0411  951.0138
2021 04 01 21 09 00    -4.4301223   -1.6337398  950.0437  951.0265
2021 04 01 21 10 00    -4.4345697   -1.6359096  950.0468  951.0390
2021 04 01 21 11 00    -4.4386303   -1.6378941  950.0506  951.0427
2021 04 01 21 12 00    -4.4424476   -1.6397830  950.0548  951.0445
2021 04 01 21 13 00    -4.4464355   -1.6417187  950.0586  951.0469
2021 04 01 21 14 00    -4.4507052   -1.6438318  950.0616  951.0439
2021 04 01 21 15 00    -4.4550460   -1.6460751  950.0645  951.0396
2021 04 01 21 16 00    -4.4591042   -1.6481451  950.0680  951.0371
2021 04 01 21 17 00    -4.4628276   -1.6499875  950.0713  951.0354
2021 04 01 21 18 00    -4.4665213   -1.6518650  950.0742  951.0410
2021 04 01 21 19 00    -4.4703366   -1.6538158  950.0773  951.0528
2021 04 01 21 20 00    -4.4742271   -1.6557172  950.0804  951.0596
2021 04 01 21 21 00    -4.4780471   -1.6575658  950.0830  951.0604
2021 04 01 21 22 00    -4.4815950   -1.6593545  950.0854  951.0622
2021 04 01 21 23 00    -4.4849929   -1.6610793  950.0881  951.0653
2021 04 01 21 24 00    -4.4884731   -1.6627632  950.0912  951.0642
2021 04 01 21 25 00    -4.4919096   -1.6643815  950.0942  951.0603
2021 04 01 21 26 00    -4.4952239   -1.6659997  950.0965  951.0613
2021 04 01 21 27 00    -4.4985097   -1.6676928  950.0987  951.0673
2021 04 01 21 28 00    -4.5017296   -1.6693985  950.1014  951.0705
2021 04 01 21 29 00    -4.5049687   -1.6711287  950.1045  951.0692
2021 04 01 21 30 00    -4.5082891   -1.6728576  950.1077  951.0673
2021 04 01 21 31 00    -4.5113892   -1.6743493  950.1104  951.0640
2021 04 01 21 32 00    -4.5141999   -1.6756223  950.1125  951.0590
2021 04 01 21 33 00    -4.5171263   -1.6770635  950.1142  951.0544
2021 04 01 21 34 00    -4.5202548   -1.6787165  950.1163  951.0491
2021 04 01 21 35 00    -4.5232183   -1.6801702  950.1183  951.0409
2021 04 01 21 36 00    -4.5259444   -1.6813920  950.1197  951.0325
2021 04 01 21 37 00    -4.5286547   -1.6827313  950.1211  951.0265
2021 04 01 21 38 00    -4.5314363   -1.6842040  950.1224  951.0225
2021 04 01 21 39 00    -4.5342879   -1.6856211  950.1230  951.0198
2021 04 01 21 40 00    -4.5370874   -1.6869249  950.1239  951.0188
2021 04 01 21 41 00    -4.5396381   -1.6881551  950.1257  951.0230
2021 04 01 21 42 00    -4.5419196   -1.6894389  950.1273  951.0320
2021 04 01 21 43 00    -4.5441076   -1.6907837  950.1282  951.0397
2021 04 01 21 44 00    -4.5463534   -1.6919904  950.1294  951.0450
2021 04 01 21 45 00    -4.5485865   -1.6930225  950.1311  951.0498
2021 04 01 21 46 00    -4.5507742   -1.6940738  950.1328  951.0528
2021 04 01 21 47 00    -4.5530365   -1.6951806  950.1341  951.0535
2021 04 01 21 48 00    -4.5553355   -1.6962594  950.1354  951.0532
2021 04 01 21 49 00    -4.5575557   -1.6974050  950.1370  951.0527
2021 04 01 21 50 00    -4.5596225   -1.6986052  950.1389  951.0508
2021 04 01 21 51 00    -4.5615114   -1.6995640  950.1409  951.0484
2021 04 01 21 52 00    -4.5633971   -1.7002963  950.1423  951.0482
2021 04 01 21 53 00    -4.5653541   -1.7012187  950.1430  951.0494
2021 04 01 21 54 00    -4.5671432   -1.7023692  950.1433  951.0501
2021 04 01 21 55 00    -4.5687354   -1.7033313  950.1443  951.0519
2021 04 01 21 56 00    -4.5703258   -1.7039491  950.1462  951.0550
2021 04 01 21 57 00    -4.5718583   -1.7045023  950.1479  951.0555
2021 04 01 21 58 00    -4.5733515   -1.7052648  950.1490  951.0542
2021 04 01 21 59 00    -4.5749285   -1.7061343  950.1501  951.0599
2021 04 01 22 00 00    -4.5763504   -1.7068317  950.1512  951.0738
2021 04 01 22 01 00    -4.5775512   -1.7074185  950.1525  951.0881
2021 04 01 22 02 00    -4.5788892   -1.7081183  950.1544  951.1013
2021 04 01 22 03 00    -4.5803556   -1.7088088  950.1570  951.1160
2021 04 01 22 04 00    -4.5815359   -1.7092466  950.1603  951.1275
2021 04 01 22 05 00    -4.5823709   -1.7095151  950.1635  951.1349
2021 04 01 22 06 00    -4.5832672   -1.7099614  950.1664  951.1466
2021 04 01 22 07 00    -4.5843962   -1.7107306  950.1695  951.1640
2021 04 01 22 08 00    -4.5854802   -1.7115086  950.1730  951.1805
2021 04 01 22 09 00    -4.5864060   -1.7119991  950.1763  951.1953
2021 04 01 22 10 00    -4.5872901   -1.7123271  950.1794  951.2119
2021 04 01 22 11 00    -4.5880548   -1.7126466  950.1830  951.2294
2021 04 01 22 12 00    -4.5886477   -1.7129401  950.1879  951.2447
2021 04 01 22 13 00    -4.5892812   -1.7133166  950.1936  951.2595
2021 04 01 22 14 00    -4.5900970   -1.7138537  950.1990  951.2767
2021 04 01 22 15 00    -4.5909184   -1.7143162  950.2036  951.2938
2021 04 01 22 16 00    -4.5914765   -1.7145149  950.2078  951.3095
2021 04 01 22 17 00    -4.5918288   -1.7146338  950.2123  951.3215
2021 04 01 22 18 00    -4.5922830   -1.7149077  950.2172  951.3242
2021 04 01 22 19 00    -4.5928967   -1.7152385  950.2219  951.3223
2021 04 01 22 20 00    -4.5935172   -1.7154566  950.2261  951.3269
2021 04 01 22 21 00    -4.5941239   -1.7156698  950.2306  951.3364
2021 04 01 22 22 00    -4.5946873   -1.7159725  950.2361  951.3449
2021 04 01 22 23 00    -4.5950646   -1.7162570  950.2412  951.3553
2021 04 01 22 24 00    -4.5952546   -1.7164397  950.2454  951.3677
2021 04 01 22 25 00    -4.5954353   -1.7165241  950.2499  951.3784
2021 04 01 22 26 00    -4.5956836   -1.7165722  950.2558  951.3896
2021 04 01 22 27 00    -4.5958238   -1.7166193  950.2622  951.3977
2021 04 01 22 28 00    -4.5958271   -1.7166084  950.2676  951.3968
2021 04 01 22 29 00    -4.5960161   -1.7165765  950.2719  951.3931
2021 04 01 22 30 00    -4.5963928   -1.7166412  950.2764  951.3915
2021 04 01 22 31 00    -4.5965537   -1.7167517  950.2810  951.3870
2021 04 01 22 32 00    -4.5965062   -1.7167969  950.2848  951.3806
2021 04 01 22 33 00    -4.5965962   -1.7168143  950.2879  951.3777
2021 04 01 22 34 00    -4.5968328   -1.7168760  950.2915  951.3760
2021 04 01 22 35 00    -4.5969845   -1.7169611  950.2956  951.3691
2021 04 01 22 36 00    -4.5969353   -1.7169975  950.2994  951.3596
2021 04 01 22 37 00    -4.5967575   -1.7169741  950.3026  951.3561
2021 04 01 22 38 00    -4.5965754   -1.7169337  950.3057  951.3584
2021 04 01 22 39 00    -4.5963251   -1.7168223  950.3086  951.3600
2021 04 01 22 40 00    -4.5959859   -1.7165969  950.3111  951.3590
2021 04 01 22 41 00    -4.5957984   -1.7164049  950.3133  951.3568
2021 04 01 22 42 00    -4.5957529   -1.7163367  950.3159  951.3533
2021 04 01 22 43 00    -4.5955100   -1.7162462  950.3190  951.3456
2021 04 01 22 44 00    -4.5950618   -1.7160181  950.3218  951.3354
2021 04 01 22 45 00    -4.5946772   -1.7157301  950.3236  951.3286
2021 04 01 22 46 00    -4.5943257   -1.7154975  950.3249  951.3267
2021 04 01 22 47 00    -4.5938006   -1.7153307  950.3261  951.3283
2021 04 01 22 48 00    -4.5931839   -1.7151734  950.3279  951.3343
2021 04 01 22 49 00    -4.5927248   -1.7149867  950.3300  951.3408
2021 04 01 22 50 00    -4.5924278   -1.7147331  950.3320  951.3389
2021 04 01 22 51 00    -4.5920982   -1.7144578  950.3334  951.3264
2021 04 01 22 52 00    -4.5916074   -1.7142793  950.3346  951.3092
2021 04 01 22 53 00    -4.5910115   -1.7140897  950.3365  951.2918
2021 04 01 22 54 00    -4.5903869   -1.7137018  950.3383  951.2754
2021 04 01 22 55 00    -4.5896334   -1.7132404  950.3391  951.2640
2021 04 01 22 56 00    -4.5888275   -1.7129110  950.3387  951.2570
2021 04 01 22 57 00    -4.5882205   -1.7126828  950.3382  951.2501
2021 04 01 22 58 00    -4.5876378   -1.7123913  950.3385  951.2464
2021 04 01 22 59 00    -4.5868117   -1.7119259  950.3390  951.2472
2021 04 01 23 00 00    -4.5859702   -1.7113732  950.3395  951.2450
2021 04 01 23 01 00    -4.5853308   -1.7109542  950.3400  951.2347
2021 04 01 23 02 00    -4.5846455   -1.7106832  950.3399  951.2230
2021 04 01 23 03 00    -4.5837817   -1.7104137  950.3389  951.2210
2021 04 01 23 04 00    -4.5829457   -1.7100963  950.3384  951.2249
2021 04 01 23 05 00    -4.5820235   -1.7096136  950.3389  951.2213
2021 04 01 23 06 00    -4.5808673   -1.7089463  950.3393  951.2136
2021 04 01 23 07 00    -4.5797899   -1.7083804  950.3393  951.2143
2021 04 01 23 08 00    -4.5788770   -1.7079836  950.3397  951.2206
2021 04 01 23 09 00    -4.5779626   -1.7075420  950.3398  951.2221
2021 04 01 23 10 00    -4.5769956   -1.7069745  950.3388  951.2154
2021 04 01 23 11 00    -4.5757594   -1.7063343  950.3373  951.2030
2021 04 01 23 12 00    -4.5743008   -1.7057633  950.3361  951.1924
2021 04 01 23 13 00    -4.5731108   -1.7053111  950.3359  951.1893
2021 04 01 23 14 00    -4.5722024   -1.7047792  950.3369  951.1893
2021 04 01 23 15 00    -4.5711002   -1.7040571  950.3375  951.1861
2021 04 01 23 16 00    -4.5697868   -1.7033448  950.3361  951.1816
2021 04 01 23 17 00    -4.5686617   -1.7028721  950.3335  951.1782
2021 04 01 23 18 00    -4.5677125   -1.7025381  950.3313  951.1736
2021 04 01 23 19 00    -4.5665581   -1.7020572  950.3303  951.1672
2021 04 01 23 20 00    -4.5651420   -1.7013778  950.3295  951.1612
2021 04 01 23 21 00    -4.5637862   -1.7006534  950.3285  951.1565
2021 04 01 23 22 00    -4.5626347   -1.6999582  950.3269  951.1504
2021 04 01 23 23 00    -4.5614665   -1.6992537  950.3253  951.1407
2021 04 01 23 24 00    -4.5601115   -1.6985406  950.3237  951.1301
2021 04 01 23 25 00    -4.5586863   -1.6978759  950.3220  951.1217
2021 04 01 23 26 00    -4.5573813   -1.6972828  950.3200  951.1137
2021 04 01 23 27 00    -4.5561973   -1.6967423  950.3176  951.1055
2021 04 01 23 28 00    -4.5549798   -1.6962017  950.3152  951.0988
2021 04 01 23 29 00    -4.5537003   -1.6955927  950.3125  951.0919
2021 04 01 23 30 00    -4.5522653   -1.6948116  950.3094  951.0825
2021 04 01 23 31 00    -4.5506332   -1.6938684  950.3068  951.0727
2021 04 01 23 32 00    -4.5492942   -1.6930851  950.3044  951.0663
2021 04 01 23 33 00    -4.5481772   -1.6925340  950.3016  951.0622
2021 04 01 23 34 00    -4.5464963   -1.6917727  950.2988  951.0558
2021 04 01 23 35 00    -4.5445830   -1.6908021  950.2963  951.0447
2021 04 01 23 36 00    -4.5432242   -1.6900847  950.2935  951.0302
2021 04 01 23 37 00    -4.5420141   -1.6894770  950.2900  951.0148
2021 04 01 23 38 00    -4.5404873   -1.6886494  950.2858  951.0031
2021 04 01 23 39 00    -4.5390701   -1.6878710  950.2813  950.9963
2021 04 01 23 40 00    -4.5379942   -1.6873049  950.2773  950.9867
2021 04 01 23 41 00    -4.5367726   -1.6866723  950.2735  950.9699
2021 04 01 23 42 00    -4.5350718   -1.6858587  950.2692  950.9556
2021 04 01 23 43 00    -4.5333900   -1.6851019  950.2641  950.9470
2021 04 01 23 44 00    -4.5322205   -1.6845819  950.2591  950.9354
2021 04 01 23 45 00    -4.5310661   -1.6840722  950.2550  950.9226
2021 04 01 23 46 00    -4.5294105   -1.6833134  950.2515  950.9167
2021 04 01 23 47 00    -4.5275747   -1.6823912  950.2477  950.9135
2021 04 01 23 48 00    -4.5258790   -1.6814869  950.2430  950.9054
2021 04 01 23 49 00    -4.5244343   -1.6807607  950.2381  950.8930
2021 04 01 23 50 00    -4.5232851   -1.6802602  950.2334  950.8785
2021 04 01 23 51 00    -4.5219515   -1.6796756  950.2290  950.8626
2021 04 01 23 52 00    -4.5202496   -1.6787527  950.2247  950.8511
2021 04 01 23 53 00    -4.5187525   -1.6778003  950.2206  950.8492
2021 04 01 23 54 00    -4.5173361   -1.6770875  950.2164  950.8547
2021 04 01 23 55 00    -4.5154096   -1.6763021  950.2125  950.8617
2021 04 01 23 56 00    -4.5133845   -1.6752849  950.2093  950.8663
2021 04 01 23 57 00    -4.5118918   -1.6744165  950.2061  950.8672
2021 04 01 23 58 00    -4.5106404   -1.6738496  950.2026  950.8642
2021 04 01 23 59 00    -4.5090921   -1.6732131  950.1991  950.8573
