[TSF-file]     v01.0

[TIMEFORMAT]   DATETIME
[INCREMENT]    60
[CHANNELS]
    BF:SG056:G1-F60 
    BF:SG056:G2-F60 
    BF:SG056:Br1-F60
    BF:SG056:Br2-F60
[UNITS]
    Volt
    Volt
    mbar
    mbar
[UNDETVAL]                      9999.999
[PHASE_LAG_1_DEG_CPD]           0.0402
[PHASE_LAG_1_DEG_CPD_ERROR]     0.0002
[N_LATITUDE_DEG]                48.3294
[N_LATITUDE_DEG_ERROR]          0.0001
[E_LONGITUDE_DEG]               008.3284
[E_LONGITUDE_DEG_ERROR]         0.0001
[HEIGHT_M_1]                    589.20
[HEIGHT_M_1_ERROR]              0.01
[GRAVITY_CAL_1_UGAL_V]          -40.1100
[GRAVITY_CAL_1_UGAL_V_ERROR]    0.0300
[PRESSURE_CAL_MBAR_V]           1.0000
[PRESSURE_CAL_MBAR_V_ERROR]     0.0001
[AUTHOR]                        Thomas Forbriger@kit.edu
[PHASE_LAG_2_DEG_CPD]           0.0402
[PHASE_LAG_2_DEG_CPD_ERROR]     0.0002
[HEIGHT_M_2]                    589.40
[HEIGHT_M_2_ERROR]              0.01
[GRAVITY_CAL_2_UGAL_V]          -80.0699
[GRAVITY_CAL_2_UGAL_V_ERROR]    0.0600
[PRESSURE_ADMIT_HPA_NMS2]       -3.4000
[PRESSURE_MEAN_HPA]             0980.0
[COMMENT]                           
software upgrade and FitPC2 replacement on 29. July 2019



Date           Time     G1-F60        G2-F60        Br1-F60       Br2-F60      
[DATA]
2021 04 26 00 00 00    -3.2668232   -1.0591197  949.2532  949.3870
2021 04 26 00 01 00    -3.2746578   -1.0629758  949.2474  949.3985
2021 04 26 00 02 00    -3.2835450   -1.0674123  949.2419  949.4307
2021 04 26 00 03 00    -3.2927035   -1.0720204  949.2369  949.4499
2021 04 26 00 04 00    -3.3014804   -1.0765015  949.2324  949.4473
2021 04 26 00 05 00    -3.3111588   -1.0813694  949.2281  949.4559
2021 04 26 00 06 00    -3.3208357   -1.0861345  949.2234  949.4751
2021 04 26 00 07 00    -3.3292151   -1.0903174  949.2185  949.4661
2021 04 26 00 08 00    -3.3377804   -1.0946862  949.2140  949.4397
2021 04 26 00 09 00    -3.3478962   -1.0997862  949.2097  949.4333
2021 04 26 00 10 00    -3.3592470   -1.1054749  949.2051  949.4400
2021 04 26 00 11 00    -3.3694533   -1.1106126  949.2003  949.4455
2021 04 26 00 12 00    -3.3765727   -1.1141661  949.1957  949.4530
2021 04 26 00 13 00    -3.3850723   -1.1183871  949.1917  949.4536
2021 04 26 00 14 00    -3.3977895   -1.1247191  949.1877  949.4482
2021 04 26 00 15 00    -3.4086436   -1.1300915  949.1837  949.4505
2021 04 26 00 16 00    -3.4162381   -1.1339070  949.1794  949.4475
2021 04 26 00 17 00    -3.4261354   -1.1390313  949.1746  949.4291
2021 04 26 00 18 00    -3.4380268   -1.1451302  949.1700  949.4193
2021 04 26 00 19 00    -3.4482096   -1.1501458  949.1658  949.4210
2021 04 26 00 20 00    -3.4576323   -1.1546522  949.1616  949.4154
2021 04 26 00 21 00    -3.4682475   -1.1599149  949.1573  949.4147
2021 04 26 00 22 00    -3.4788467   -1.1653916  949.1533  949.4289
2021 04 26 00 23 00    -3.4886916   -1.1704388  949.1492  949.4358
2021 04 26 00 24 00    -3.4989481   -1.1755241  949.1450  949.4295
2021 04 26 00 25 00    -3.5097673   -1.1809289  949.1420  949.4337
2021 04 26 00 26 00    -3.5205753   -1.1863761  949.1403  949.4515
2021 04 26 00 27 00    -3.5313179   -1.1916871  949.1380  949.4504
2021 04 26 00 28 00    -3.5420504   -1.1970012  949.1340  949.4186
2021 04 26 00 29 00    -3.5528599   -1.2024651  949.1297  949.3935
2021 04 26 00 30 00    -3.5638557   -1.2079808  949.1265  949.3969
2021 04 26 00 31 00    -3.5750799   -1.2135764  949.1234  949.4033
2021 04 26 00 32 00    -3.5862345   -1.2192746  949.1191  949.3903
2021 04 26 00 33 00    -3.5970531   -1.2247788  949.1144  949.3691
2021 04 26 00 34 00    -3.6079108   -1.2300670  949.1103  949.3646
2021 04 26 00 35 00    -3.6189441   -1.2354662  949.1064  949.3812
2021 04 26 00 36 00    -3.6301025   -1.2411678  949.1022  949.4016
2021 04 26 00 37 00    -3.6416403   -1.2470620  949.0986  949.4098
2021 04 26 00 38 00    -3.6530982   -1.2527541  949.0956  949.3932
2021 04 26 00 39 00    -3.6641958   -1.2582710  949.0916  949.3582
2021 04 26 00 40 00    -3.6756597   -1.2640964  949.0867  949.3384
2021 04 26 00 41 00    -3.6874960   -1.2701410  949.0822  949.3419
2021 04 26 00 42 00    -3.6992408   -1.2761011  949.0783  949.3317
2021 04 26 00 43 00    -3.7109013   -1.2819657  949.0742  949.2981
2021 04 26 00 44 00    -3.7223821   -1.2876073  949.0694  949.2774
2021 04 26 00 45 00    -3.7336980   -1.2931188  949.0643  949.2791
2021 04 26 00 46 00    -3.7451600   -1.2988771  949.0593  949.2749
2021 04 26 00 47 00    -3.7571325   -1.3049854  949.0544  949.2614
2021 04 26 00 48 00    -3.7694584   -1.3111396  949.0498  949.2573
2021 04 26 00 49 00    -3.7813320   -1.3169591  949.0455  949.2537
2021 04 26 00 50 00    -3.7927804   -1.3226343  949.0403  949.2307
2021 04 26 00 51 00    -3.8045296   -1.3285928  949.0344  949.2056
2021 04 26 00 52 00    -3.8166476   -1.3347217  949.0289  949.2032
2021 04 26 00 53 00    -3.8289504   -1.3407910  949.0237  949.2061
2021 04 26 00 54 00    -3.8411014   -1.3467791  949.0184  949.2000
2021 04 26 00 55 00    -3.8528377   -1.3527193  949.0127  949.2004
2021 04 26 00 56 00    -3.8645510   -1.3586491  949.0072  949.2066
2021 04 26 00 57 00    -3.8763579   -1.3645092  949.0025  949.2107
2021 04 26 00 58 00    -3.8883109   -1.3704729  948.9986  949.2209
2021 04 26 00 59 00    -3.9006609   -1.3767104  948.9947  949.2385
2021 04 26 01 00 00    -3.9128655   -1.3828638  948.9905  949.2558
2021 04 26 01 01 00    -3.9247523   -1.3888445  948.9864  949.2615
2021 04 26 01 02 00    -3.9368444   -1.3949021  948.9820  949.2488
2021 04 26 01 03 00    -3.9488383   -1.4008800  948.9779  949.2382
2021 04 26 01 04 00    -3.9606697   -1.4068504  948.9749  949.2510
2021 04 26 01 05 00    -3.9729655   -1.4131106  948.9726  949.2722
2021 04 26 01 06 00    -3.9855434   -1.4194220  948.9697  949.2863
2021 04 26 01 07 00    -3.9978267   -1.4255127  948.9666  949.2963
2021 04 26 01 08 00    -4.0095507   -1.4312933  948.9639  949.3044
2021 04 26 01 09 00    -4.0210225   -1.4368714  948.9618  949.3146
2021 04 26 01 10 00    -4.0333494   -1.4429557  948.9596  949.3245
2021 04 26 01 11 00    -4.0464443   -1.4496239  948.9575  949.3277
2021 04 26 01 12 00    -4.0586364   -1.4558247  948.9558  949.3373
2021 04 26 01 13 00    -4.0703207   -1.4616691  948.9545  949.3568
2021 04 26 01 14 00    -4.0833184   -1.4681689  948.9528  949.3586
2021 04 26 01 15 00    -4.0964916   -1.4747288  948.9509  949.3366
2021 04 26 01 16 00    -4.1082096   -1.4805753  948.9490  949.3225
2021 04 26 01 17 00    -4.1201249   -1.4865591  948.9467  949.3246
2021 04 26 01 18 00    -4.1334266   -1.4932085  948.9437  949.3209
2021 04 26 01 19 00    -4.1464867   -1.4998158  948.9406  949.3035
2021 04 26 01 20 00    -4.1583854   -1.5058863  948.9376  949.2797
2021 04 26 01 21 00    -4.1702163   -1.5117749  948.9342  949.2565
2021 04 26 01 22 00    -4.1828782   -1.5180252  948.9306  949.2444
2021 04 26 01 23 00    -4.1959752   -1.5245478  948.9275  949.2464
2021 04 26 01 24 00    -4.2086237   -1.5308797  948.9240  949.2435
2021 04 26 01 25 00    -4.2207560   -1.5370386  948.9193  949.2136
2021 04 26 01 26 00    -4.2331965   -1.5433789  948.9140  949.1653
2021 04 26 01 27 00    -4.2463226   -1.5499411  948.9087  949.1302
2021 04 26 01 28 00    -4.2594299   -1.5563988  948.9040  949.1214
2021 04 26 01 29 00    -4.2717961   -1.5625920  948.8994  949.1270
2021 04 26 01 30 00    -4.2840475   -1.5688804  948.8942  949.1318
2021 04 26 01 31 00    -4.2969923   -1.5753976  948.8889  949.1228
2021 04 26 01 32 00    -4.3097813   -1.5816549  948.8841  949.0982
2021 04 26 01 33 00    -4.3219471   -1.5877112  948.8789  949.0741
2021 04 26 01 34 00    -4.3345322   -1.5941172  948.8733  949.0629
2021 04 26 01 35 00    -4.3474778   -1.6006198  948.8682  949.0604
2021 04 26 01 36 00    -4.3597987   -1.6067172  948.8639  949.0586
2021 04 26 01 37 00    -4.3717918   -1.6126803  948.8596  949.0546
2021 04 26 01 38 00    -4.3842458   -1.6189439  948.8544  949.0595
2021 04 26 01 39 00    -4.3968995   -1.6253373  948.8490  949.0823
2021 04 26 01 40 00    -4.4093119   -1.6315593  948.8443  949.1007
2021 04 26 01 41 00    -4.4217649   -1.6377260  948.8400  949.0905
2021 04 26 01 42 00    -4.4344944   -1.6440407  948.8352  949.0703
2021 04 26 01 43 00    -4.4472995   -1.6504705  948.8305  949.0606
2021 04 26 01 44 00    -4.4596764   -1.6566960  948.8265  949.0482
2021 04 26 01 45 00    -4.4714702   -1.6626161  948.8226  949.0309
2021 04 26 01 46 00    -4.4834477   -1.6687346  948.8180  949.0200
2021 04 26 01 47 00    -4.4957676   -1.6750936  948.8124  949.0127
2021 04 26 01 48 00    -4.5078693   -1.6811913  948.8066  949.0175
2021 04 26 01 49 00    -4.5201117   -1.6871642  948.8012  949.0415
2021 04 26 01 50 00    -4.5325180   -1.6932242  948.7958  949.0584
2021 04 26 01 51 00    -4.5444902   -1.6992346  948.7912  949.0561
2021 04 26 01 52 00    -4.5565214   -1.7053529  948.7879  949.0504
2021 04 26 01 53 00    -4.5689710   -1.7116015  948.7843  949.0355
2021 04 26 01 54 00    -4.5811512   -1.7176738  948.7792  949.0063
2021 04 26 01 55 00    -4.5931087   -1.7236441  948.7736  948.9854
2021 04 26 01 56 00    -4.6054964   -1.7298309  948.7684  948.9769
2021 04 26 01 57 00    -4.6178773   -1.7361130  948.7633  948.9650
2021 04 26 01 58 00    -4.6296900   -1.7421492  948.7579  948.9518
2021 04 26 01 59 00    -4.6414731   -1.7479763  948.7525  948.9424
2021 04 26 02 00 00    -4.6535900   -1.7538465  948.7473  948.9317
2021 04 26 02 01 00    -4.6657868   -1.7598684  948.7422  948.9218
2021 04 26 02 02 00    -4.6779641   -1.7659534  948.7373  948.9178
2021 04 26 02 03 00    -4.6898845   -1.7718255  948.7324  948.9154
2021 04 26 02 04 00    -4.7013926   -1.7774937  948.7268  948.9083
2021 04 26 02 05 00    -4.7129335   -1.7833762  948.7208  948.8972
2021 04 26 02 06 00    -4.7247524   -1.7895175  948.7152  948.8816
2021 04 26 02 07 00    -4.7367104   -1.7955992  948.7098  948.8536
2021 04 26 02 08 00    -4.7487499   -1.8015577  948.7040  948.8213
2021 04 26 02 09 00    -4.7607428   -1.8074981  948.6974  948.8057
2021 04 26 02 10 00    -4.7724867   -1.8134168  948.6905  948.8012
2021 04 26 02 11 00    -4.7838463   -1.8191766  948.6838  948.7927
2021 04 26 02 12 00    -4.7948962   -1.8246918  948.6782  948.7849
2021 04 26 02 13 00    -4.8061424   -1.8302500  948.6728  948.7753
2021 04 26 02 14 00    -4.8179144   -1.8361975  948.6666  948.7592
2021 04 26 02 15 00    -4.8295770   -1.8421602  948.6599  948.7500
2021 04 26 02 16 00    -4.8405879   -1.8476084  948.6537  948.7537
2021 04 26 02 17 00    -4.8514762   -1.8529128  948.6479  948.7613
2021 04 26 02 18 00    -4.8624463   -1.8584803  948.6423  948.7703
2021 04 26 02 19 00    -4.8730058   -1.8639403  948.6373  948.7781
2021 04 26 02 20 00    -4.8836110   -1.8692448  948.6324  948.7795
2021 04 26 02 21 00    -4.8952776   -1.8749801  948.6272  948.7771
2021 04 26 02 22 00    -4.9073727   -1.8809920  948.6218  948.7736
2021 04 26 02 23 00    -4.9180999   -1.8863707  948.6162  948.7717
2021 04 26 02 24 00    -4.9276558   -1.8912109  948.6108  948.7757
2021 04 26 02 25 00    -4.9379506   -1.8964300  948.6060  948.7747
2021 04 26 02 26 00    -4.9491976   -1.9019799  948.6016  948.7572
2021 04 26 02 27 00    -4.9603023   -1.9073754  948.5964  948.7339
2021 04 26 02 28 00    -4.9711025   -1.9127747  948.5902  948.7201
2021 04 26 02 29 00    -4.9816698   -1.9181383  948.5840  948.7131
2021 04 26 02 30 00    -4.9916793   -1.9231347  948.5784  948.7049
2021 04 26 02 31 00    -5.0013428   -1.9279921  948.5732  948.7026
2021 04 26 02 32 00    -5.0115396   -1.9331880  948.5680  948.7096
2021 04 26 02 33 00    -5.0226307   -1.9387652  948.5623  948.7074
2021 04 26 02 34 00    -5.0335486   -1.9442238  948.5561  948.6885
2021 04 26 02 35 00    -5.0433969   -1.9491512  948.5500  948.6680
2021 04 26 02 36 00    -5.0529801   -1.9539122  948.5442  948.6520
2021 04 26 02 37 00    -5.0632044   -1.9590780  948.5385  948.6390
2021 04 26 02 38 00    -5.0736354   -1.9644285  948.5329  948.6334
2021 04 26 02 39 00    -5.0833485   -1.9692842  948.5272  948.6358
2021 04 26 02 40 00    -5.0926144   -1.9738188  948.5211  948.6372
2021 04 26 02 41 00    -5.1023038   -1.9786471  948.5146  948.6284
2021 04 26 02 42 00    -5.1122705   -1.9836066  948.5083  948.6154
2021 04 26 02 43 00    -5.1222384   -1.9884884  948.5027  948.6126
2021 04 26 02 44 00    -5.1318985   -1.9932588  948.4976  948.6096
2021 04 26 02 45 00    -5.1411191   -1.9978847  948.4921  948.5833
2021 04 26 02 46 00    -5.1503707   -2.0025941  948.4858  948.5463
2021 04 26 02 47 00    -5.1595560   -2.0073244  948.4791  948.5254
2021 04 26 02 48 00    -5.1694988   -2.0123484  948.4720  948.5180
2021 04 26 02 49 00    -5.1798869   -2.0174449  948.4645  948.5025
2021 04 26 02 50 00    -5.1876825   -2.0212267  948.4567  948.4679
2021 04 26 02 51 00    -5.1948775   -2.0248805  948.4487  948.4276
2021 04 26 02 52 00    -5.2056178   -2.0304517  948.4408  948.4041
2021 04 26 02 53 00    -5.2161257   -2.0358106  948.4331  948.3978
2021 04 26 02 54 00    -5.2227828   -2.0391537  948.4254  948.3906
2021 04 26 02 55 00    -5.2298882   -2.0427320  948.4177  948.3810
2021 04 26 02 56 00    -5.2399450   -2.0476948  948.4104  948.3798
2021 04 26 02 57 00    -5.2494309   -2.0523638  948.4032  948.3817
2021 04 26 02 58 00    -5.2567395   -2.0560724  948.3952  948.3771
2021 04 26 02 59 00    -5.2642831   -2.0598956  948.3869  948.3705
2021 04 26 03 00 00    -5.2731487   -2.0643262  948.3793  948.3668
2021 04 26 03 01 00    -5.2816012   -2.0685983  948.3723  948.3608
2021 04 26 03 02 00    -5.2888798   -2.0723577  948.3655  948.3443
2021 04 26 03 03 00    -5.2965261   -2.0762673  948.3589  948.3235
2021 04 26 03 04 00    -5.3048459   -2.0803452  948.3525  948.3119
2021 04 26 03 05 00    -5.3126032   -2.0840646  948.3455  948.3018
2021 04 26 03 06 00    -5.3201593   -2.0877802  948.3379  948.2780
2021 04 26 03 07 00    -5.3280733   -2.0917584  948.3301  948.2445
2021 04 26 03 08 00    -5.3358270   -2.0956680  948.3218  948.2160
2021 04 26 03 09 00    -5.3435260   -2.0995287  948.3130  948.1996
2021 04 26 03 10 00    -5.3507569   -2.1031335  948.3040  948.1899
2021 04 26 03 11 00    -5.3569391   -2.1062159  948.2956  948.1913
2021 04 26 03 12 00    -5.3634975   -2.1094812  948.2881  948.2092
2021 04 26 03 13 00    -5.3710901   -2.1132715  948.2812  948.2183
2021 04 26 03 14 00    -5.3780909   -2.1168363  948.2743  948.2104
2021 04 26 03 15 00    -5.3838731   -2.1198463  948.2671  948.2164
2021 04 26 03 16 00    -5.3897347   -2.1227928  948.2597  948.2335
2021 04 26 03 17 00    -5.3967196   -2.1261319  948.2528  948.2275
2021 04 26 03 18 00    -5.4040907   -2.1296774  948.2463  948.2018
2021 04 26 03 19 00    -5.4103529   -2.1328084  948.2394  948.1832
2021 04 26 03 20 00    -5.4157249   -2.1355383  948.2315  948.1721
2021 04 26 03 21 00    -5.4217220   -2.1385340  948.2232  948.1581
2021 04 26 03 22 00    -5.4283912   -2.1418525  948.2154  948.1407
2021 04 26 03 23 00    -5.4344966   -2.1449233  948.2081  948.1188
2021 04 26 03 24 00    -5.4398962   -2.1476565  948.2012  948.0996
2021 04 26 03 25 00    -5.4454900   -2.1505071  948.1950  948.0992
2021 04 26 03 26 00    -5.4513352   -2.1534976  948.1887  948.1085
2021 04 26 03 27 00    -5.4567812   -2.1561738  948.1812  948.1051
2021 04 26 03 28 00    -5.4620134   -2.1586103  948.1727  948.0948
2021 04 26 03 29 00    -5.4674265   -2.1612220  948.1647  948.0901
2021 04 26 03 30 00    -5.4725672   -2.1638632  948.1574  948.0821
2021 04 26 03 31 00    -5.4773571   -2.1663418  948.1500  948.0651
2021 04 26 03 32 00    -5.4822879   -2.1688854  948.1426  948.0518
2021 04 26 03 33 00    -5.4870840   -2.1713958  948.1353  948.0443
2021 04 26 03 34 00    -5.4915765   -2.1736514  948.1282  948.0306
2021 04 26 03 35 00    -5.4962090   -2.1758586  948.1211  948.0198
2021 04 26 03 36 00    -5.5006906   -2.1780549  948.1138  948.0269
2021 04 26 03 37 00    -5.5047252   -2.1801486  948.1066  948.0351
2021 04 26 03 38 00    -5.5087662   -2.1822298  948.1000  948.0287
2021 04 26 03 39 00    -5.5128901   -2.1842358  948.0937  948.0200
2021 04 26 03 40 00    -5.5167847   -2.1861092  948.0870  948.0225
2021 04 26 03 41 00    -5.5204427   -2.1879606  948.0806  948.0357
2021 04 26 03 42 00    -5.5240309   -2.1898199  948.0749  948.0515
2021 04 26 03 43 00    -5.5276214   -2.1916384  948.0692  948.0559
2021 04 26 03 44 00    -5.5312053   -2.1934095  948.0631  948.0461
2021 04 26 03 45 00    -5.5346010   -2.1950931  948.0570  948.0427
2021 04 26 03 46 00    -5.5377199   -2.1966993  948.0520  948.0587
2021 04 26 03 47 00    -5.5408461   -2.1983310  948.0474  948.0804
2021 04 26 03 48 00    -5.5438692   -2.1998453  948.0420  948.0911
2021 04 26 03 49 00    -5.5464359   -2.2010782  948.0361  948.0905
2021 04 26 03 50 00    -5.5489295   -2.2022413  948.0308  948.0903
2021 04 26 03 51 00    -5.5516374   -2.2035008  948.0261  948.0917
2021 04 26 03 52 00    -5.5541479   -2.2047650  948.0217  948.0820
2021 04 26 03 53 00    -5.5563993   -2.2059990  948.0175  948.0670
2021 04 26 03 54 00    -5.5586166   -2.2071807  948.0131  948.0736
2021 04 26 03 55 00    -5.5606329   -2.2081825  948.0087  948.1019
2021 04 26 03 56 00    -5.5625345   -2.2090454  948.0043  948.1174
2021 04 26 03 57 00    -5.5646100   -2.2099680  947.9996  948.1016
2021 04 26 03 58 00    -5.5665887   -2.2109687  947.9946  948.0734
2021 04 26 03 59 00    -5.5683824   -2.2120239  947.9892  948.0524
2021 04 26 04 00 00    -5.5702352   -2.2131357  947.9832  948.0386
2021 04 26 04 01 00    -5.5718104   -2.2140306  947.9772  948.0262
2021 04 26 04 02 00    -5.5729538   -2.2145487  947.9719  948.0139
2021 04 26 04 03 00    -5.5741483   -2.2150055  947.9675  948.0049
2021 04 26 04 04 00    -5.5753003   -2.2155270  947.9629  948.0040
2021 04 26 04 05 00    -5.5759334   -2.2158788  947.9577  948.0166
2021 04 26 04 06 00    -5.5763154   -2.2161332  947.9524  948.0433
2021 04 26 04 07 00    -5.5769340   -2.2165137  947.9476  948.0639
2021 04 26 04 08 00    -5.5775820   -2.2168012  947.9435  948.0583
2021 04 26 04 09 00    -5.5779337   -2.2168121  947.9394  948.0403
2021 04 26 04 10 00    -5.5782367   -2.2168884  947.9348  948.0321
2021 04 26 04 11 00    -5.5786528   -2.2171691  947.9302  948.0319
2021 04 26 04 12 00    -5.5788101   -2.2172997  947.9264  948.0277
2021 04 26 04 13 00    -5.5785418   -2.2171667  947.9220  948.0218
2021 04 26 04 14 00    -5.5781517   -2.2169697  947.9169  948.0284
2021 04 26 04 15 00    -5.5777340   -2.2167274  947.9124  948.0481
2021 04 26 04 16 00    -5.5770320   -2.2163360  947.9087  948.0660
2021 04 26 04 17 00    -5.5760122   -2.2158356  947.9052  948.0773
2021 04 26 04 18 00    -5.5750400   -2.2153855  947.9019  948.0890
2021 04 26 04 19 00    -5.5742402   -2.2149712  947.8987  948.1014
2021 04 26 04 20 00    -5.5733155   -2.2144210  947.8956  948.1103
2021 04 26 04 21 00    -5.5722237   -2.2138480  947.8928  948.1180
2021 04 26 04 22 00    -5.5709738   -2.2133378  947.8903  948.1293
2021 04 26 04 23 00    -5.5694291   -2.2126706  947.8878  948.1412
2021 04 26 04 24 00    -5.5677324   -2.2118407  947.8851  948.1428
2021 04 26 04 25 00    -5.5659653   -2.2109531  947.8826  948.1324
2021 04 26 04 26 00    -5.5641859   -2.2099905  947.8801  948.1185
2021 04 26 04 27 00    -5.5625065   -2.2090289  947.8774  948.1084
2021 04 26 04 28 00    -5.5606150   -2.2081073  947.8745  948.1059
2021 04 26 04 29 00    -5.5583386   -2.2070801  947.8713  948.1058
2021 04 26 04 30 00    -5.5560319   -2.2058331  947.8677  948.1041
2021 04 26 04 31 00    -5.5538713   -2.2045430  947.8646  948.1086
2021 04 26 04 32 00    -5.5514847   -2.2033521  947.8624  948.1183
2021 04 26 04 33 00    -5.5484851   -2.2020084  947.8602  948.1194
2021 04 26 04 34 00    -5.5452295   -2.2004607  947.8577  948.1127
2021 04 26 04 35 00    -5.5421981   -2.1989710  947.8552  948.1109
2021 04 26 04 36 00    -5.5391632   -2.1975059  947.8522  948.1121
2021 04 26 04 37 00    -5.5360352   -2.1960013  947.8486  948.1102
2021 04 26 04 38 00    -5.5330092   -2.1945139  947.8457  948.1164
2021 04 26 04 39 00    -5.5296600   -2.1927732  947.8440  948.1356
2021 04 26 04 40 00    -5.5255961   -2.1905888  947.8424  948.1524
2021 04 26 04 41 00    -5.5213327   -2.1883884  947.8404  948.1619
2021 04 26 04 42 00    -5.5173973   -2.1865158  947.8388  948.1737
2021 04 26 04 43 00    -5.5136075   -2.1846805  947.8373  948.1853
2021 04 26 04 44 00    -5.5096188   -2.1826303  947.8351  948.1900
2021 04 26 04 45 00    -5.5052547   -2.1804437  947.8324  948.1925
2021 04 26 04 46 00    -5.5006213   -2.1782135  947.8303  948.1944
2021 04 26 04 47 00    -5.4960393   -2.1760144  947.8289  948.1900
2021 04 26 04 48 00    -5.4913181   -2.1736745  947.8279  948.1804
2021 04 26 04 49 00    -5.4862131   -2.1710484  947.8266  948.1708
2021 04 26 04 50 00    -5.4813336   -2.1685228  947.8248  948.1653
2021 04 26 04 51 00    -5.4768572   -2.1662479  947.8227  948.1715
2021 04 26 04 52 00    -5.4718474   -2.1637664  947.8206  948.1881
2021 04 26 04 53 00    -5.4659888   -2.1608530  947.8188  948.2001
2021 04 26 04 54 00    -5.4599957   -2.1577695  947.8177  948.2073
2021 04 26 04 55 00    -5.4542332   -2.1548545  947.8170  948.2203
2021 04 26 04 56 00    -5.4485554   -2.1521730  947.8161  948.2391
2021 04 26 04 57 00    -5.4428603   -2.1494382  947.8154  948.2639
2021 04 26 04 58 00    -5.4369015   -2.1464269  947.8160  948.2936
2021 04 26 04 59 00    -5.4304664   -2.1432644  947.8176  948.3160
2021 04 26 05 00 00    -5.4238033   -2.1400734  947.8190  948.3230
2021 04 26 05 01 00    -5.4172071   -2.1367774  947.8198  948.3163
2021 04 26 05 02 00    -5.4108470   -2.1334810  947.8204  948.3056
2021 04 26 05 03 00    -5.4048334   -2.1303892  947.8208  948.3017
2021 04 26 05 04 00    -5.3987174   -2.1272087  947.8209  948.3009
2021 04 26 05 05 00    -5.3919279   -2.1236558  947.8203  948.2932
2021 04 26 05 06 00    -5.3846290   -2.1200432  947.8195  948.2826
2021 04 26 05 07 00    -5.3772883   -2.1165162  947.8188  948.2834
2021 04 26 05 08 00    -5.3700953   -2.1129306  947.8186  948.2979
2021 04 26 05 09 00    -5.3629345   -2.1093427  947.8186  948.3093
2021 04 26 05 10 00    -5.3556467   -2.1057406  947.8188  948.3033
2021 04 26 05 11 00    -5.3482092   -2.1019996  947.8191  948.2900
2021 04 26 05 12 00    -5.3404913   -2.0980960  947.8190  948.2826
2021 04 26 05 13 00    -5.3324402   -2.0940823  947.8183  948.2676
2021 04 26 05 14 00    -5.3244386   -2.0900583  947.8171  948.2434
2021 04 26 05 15 00    -5.3167636   -2.0860690  947.8158  948.2395
2021 04 26 05 16 00    -5.3090614   -2.0821106  947.8142  948.2489
2021 04 26 05 17 00    -5.3007634   -2.0780367  947.8122  948.2370
2021 04 26 05 18 00    -5.2919157   -2.0736485  947.8100  948.2191
2021 04 26 05 19 00    -5.2832698   -2.0692621  947.8081  948.2223
2021 04 26 05 20 00    -5.2750282   -2.0652152  947.8065  948.2319
2021 04 26 05 21 00    -5.2663819   -2.0610301  947.8052  948.2320
2021 04 26 05 22 00    -5.2571072   -2.0563572  947.8040  948.2301
2021 04 26 05 23 00    -5.2478243   -2.0516026  947.8029  948.2361
2021 04 26 05 24 00    -5.2385739   -2.0469723  947.8019  948.2513
2021 04 26 05 25 00    -5.2291873   -2.0423720  947.8003  948.2566
2021 04 26 05 26 00    -5.2199431   -2.0378215  947.7980  948.2361
2021 04 26 05 27 00    -5.2107745   -2.0331628  947.7963  948.2121
2021 04 26 05 28 00    -5.2012235   -2.0282160  947.7954  948.2089
2021 04 26 05 29 00    -5.1912097   -2.0231232  947.7947  948.2181
2021 04 26 05 30 00    -5.1812000   -2.0181628  947.7934  948.2203
2021 04 26 05 31 00    -5.1715489   -2.0134362  947.7908  948.2114
2021 04 26 05 32 00    -5.1618078   -2.0086394  947.7880  948.2045
2021 04 26 05 33 00    -5.1514952   -2.0034557  947.7859  948.2035
2021 04 26 05 34 00    -5.1409859   -1.9981033  947.7841  948.1959
2021 04 26 05 35 00    -5.1306634   -1.9928919  947.7816  948.1802
2021 04 26 05 36 00    -5.1203240   -1.9877145  947.7786  948.1688
2021 04 26 05 37 00    -5.1097312   -1.9824155  947.7760  948.1681
2021 04 26 05 38 00    -5.0988405   -1.9770620  947.7742  948.1721
2021 04 26 05 39 00    -5.0877072   -1.9716133  947.7723  948.1758
2021 04 26 05 40 00    -5.0765893   -1.9659891  947.7699  948.1824
2021 04 26 05 41 00    -5.0656946   -1.9603609  947.7677  948.1867
2021 04 26 05 42 00    -5.0546477   -1.9547565  947.7662  948.1798
2021 04 26 05 43 00    -5.0430099   -1.9490482  947.7643  948.1726
2021 04 26 05 44 00    -5.0311152   -1.9433078  947.7621  948.1771
2021 04 26 05 45 00    -5.0196083   -1.9375858  947.7604  948.1834
2021 04 26 05 46 00    -5.0085578   -1.9318469  947.7588  948.1837
2021 04 26 05 47 00    -4.9971134   -1.9259454  947.7566  948.1868
2021 04 26 05 48 00    -4.9845557   -1.9196927  947.7543  948.1996
2021 04 26 05 49 00    -4.9715969   -1.9132829  947.7525  948.2173
2021 04 26 05 50 00    -4.9592687   -1.9071002  947.7513  948.2290
2021 04 26 05 51 00    -4.9476246   -1.9012772  947.7503  948.2252
2021 04 26 05 52 00    -4.9359945   -1.8954912  947.7488  948.2127
2021 04 26 05 53 00    -4.9232798   -1.8891003  947.7470  948.2101
2021 04 26 05 54 00    -4.9095251   -1.8822282  947.7456  948.2171
2021 04 26 05 55 00    -4.8966627   -1.8758745  947.7441  948.2183
2021 04 26 05 56 00    -4.8850133   -1.8700180  947.7422  948.2157
2021 04 26 05 57 00    -4.8723610   -1.8635563  947.7402  948.2205
2021 04 26 05 58 00    -4.8585714   -1.8565898  947.7391  948.2298
2021 04 26 05 59 00    -4.8457182   -1.8501627  947.7392  948.2331
2021 04 26 06 00 00    -4.8334964   -1.8440722  947.7398  948.2268
2021 04 26 06 01 00    -4.8201868   -1.8374676  947.7393  948.2179
2021 04 26 06 02 00    -4.8062761   -1.8305509  947.7377  948.2149
2021 04 26 06 03 00    -4.7928679   -1.8238316  947.7360  948.2218
2021 04 26 06 04 00    -4.7795094   -1.8171216  947.7348  948.2368
2021 04 26 06 05 00    -4.7657300   -1.8102262  947.7337  948.2471
2021 04 26 06 06 00    -4.7519167   -1.8033360  947.7328  948.2379
2021 04 26 06 07 00    -4.7382602   -1.7965182  947.7317  948.2134
2021 04 26 06 08 00    -4.7245075   -1.7896235  947.7298  948.1891
2021 04 26 06 09 00    -4.7104727   -1.7825459  947.7274  948.1783
2021 04 26 06 10 00    -4.6963451   -1.7754276  947.7249  948.1901
2021 04 26 06 11 00    -4.6822723   -1.7684084  947.7231  948.2107
2021 04 26 06 12 00    -4.6678989   -1.7612463  947.7219  948.2118
2021 04 26 06 13 00    -4.6532007   -1.7538756  947.7208  948.1953
2021 04 26 06 14 00    -4.6386430   -1.7465498  947.7193  948.1897
2021 04 26 06 15 00    -4.6242233   -1.7392417  947.7178  948.1999
2021 04 26 06 16 00    -4.6097191   -1.7319160  947.7170  948.2091
2021 04 26 06 17 00    -4.5951278   -1.7246316  947.7167  948.2159
2021 04 26 06 18 00    -4.5804316   -1.7172609  947.7159  948.2258
2021 04 26 06 19 00    -4.5655946   -1.7098324  947.7150  948.2310
2021 04 26 06 20 00    -4.5505860   -1.7024141  947.7142  948.2278
2021 04 26 06 21 00    -4.5354447   -1.6948276  947.7132  948.2207
2021 04 26 06 22 00    -4.5202362   -1.6870741  947.7118  948.2123
2021 04 26 06 23 00    -4.5047809   -1.6793314  947.7101  948.2108
2021 04 26 06 24 00    -4.4890546   -1.6716150  947.7086  948.2236
2021 04 26 06 25 00    -4.4735883   -1.6639788  947.7078  948.2368
2021 04 26 06 26 00    -4.4585864   -1.6564427  947.7073  948.2310
2021 04 26 06 27 00    -4.4433582   -1.6487011  947.7065  948.2164
2021 04 26 06 28 00    -4.4275206   -1.6406433  947.7053  948.2145
2021 04 26 06 29 00    -4.4116775   -1.6326677  947.7039  948.2225
2021 04 26 06 30 00    -4.3960791   -1.6248934  947.7028  948.2310
2021 04 26 06 31 00    -4.3801924   -1.6169496  947.7018  948.2362
2021 04 26 06 32 00    -4.3640165   -1.6088068  947.7005  948.2305
2021 04 26 06 33 00    -4.3480580   -1.6008153  947.6992  948.2207
2021 04 26 06 34 00    -4.3322829   -1.5930069  947.6979  948.2226
2021 04 26 06 35 00    -4.3162307   -1.5850453  947.6965  948.2315
2021 04 26 06 36 00    -4.2997826   -1.5767474  947.6955  948.2349
2021 04 26 06 37 00    -4.2833531   -1.5684012  947.6950  948.2299
2021 04 26 06 38 00    -4.2671652   -1.5603356  947.6942  948.2185
2021 04 26 06 39 00    -4.2509234   -1.5523086  947.6927  948.2058
2021 04 26 06 40 00    -4.2344812   -1.5439857  947.6908  948.2008
2021 04 26 06 41 00    -4.2179739   -1.5356355  947.6888  948.2067
2021 04 26 06 42 00    -4.2014091   -1.5274711  947.6867  948.2087
2021 04 26 06 43 00    -4.1846638   -1.5191409  947.6851  948.1971
2021 04 26 06 44 00    -4.1677177   -1.5105120  947.6842  948.1866
2021 04 26 06 45 00    -4.1508397   -1.5019688  947.6829  948.1839
2021 04 26 06 46 00    -4.1342169   -1.4936787  947.6813  948.1810
2021 04 26 06 47 00    -4.1175531   -1.4853632  947.6800  948.1812
2021 04 26 06 48 00    -4.1006738   -1.4769219  947.6785  948.1789
2021 04 26 06 49 00    -4.0836921   -1.4684591  947.6761  948.1599
2021 04 26 06 50 00    -4.0665833   -1.4599062  947.6730  948.1399
2021 04 26 06 51 00    -4.0494998   -1.4513605  947.6706  948.1394
2021 04 26 06 52 00    -4.0326309   -1.4429917  947.6691  948.1423
2021 04 26 06 53 00    -4.0157832   -1.4346083  947.6670  948.1247
2021 04 26 06 54 00    -3.9986683   -1.4260053  947.6637  948.0893
2021 04 26 06 55 00    -3.9811580   -1.4172077  947.6599  948.0615
2021 04 26 06 56 00    -3.9635874   -1.4084625  947.6568  948.0628
2021 04 26 06 57 00    -3.9463402   -1.3999645  947.6542  948.0829
2021 04 26 06 58 00    -3.9290844   -1.3913698  947.6514  948.0932
2021 04 26 06 59 00    -3.9115114   -1.3823934  947.6484  948.0883
2021 04 26 07 00 00    -3.8937259   -1.3733088  947.6457  948.0853
2021 04 26 07 01 00    -3.8758387   -1.3643438  947.6436  948.0905
2021 04 26 07 02 00    -3.8580828   -1.3554510  947.6416  948.0945
2021 04 26 07 03 00    -3.8404473   -1.3465254  947.6393  948.0974
2021 04 26 07 04 00    -3.8227288   -1.3376257  947.6369  948.1071
2021 04 26 07 05 00    -3.8050252   -1.3288727  947.6350  948.1127
2021 04 26 07 06 00    -3.7873696   -1.3200938  947.6330  948.0983
2021 04 26 07 07 00    -3.7696461   -1.3111741  947.6306  948.0738
2021 04 26 07 08 00    -3.7518204   -1.3022735  947.6279  948.0603
2021 04 26 07 09 00    -3.7338486   -1.2933511  947.6252  948.0630
2021 04 26 07 10 00    -3.7157050   -1.2842380  947.6222  948.0647
2021 04 26 07 11 00    -3.6975018   -1.2750038  947.6190  948.0529
2021 04 26 07 12 00    -3.6794086   -1.2658613  947.6159  948.0393
2021 04 26 07 13 00    -3.6614630   -1.2569659  947.6127  948.0307
2021 04 26 07 14 00    -3.6436197   -1.2481797  947.6094  948.0212
2021 04 26 07 15 00    -3.6258305   -1.2391795  947.6060  948.0088
2021 04 26 07 16 00    -3.6078938   -1.2299769  947.6026  947.9913
2021 04 26 07 17 00    -3.5896280   -1.2208056  947.5988  947.9723
2021 04 26 07 18 00    -3.5712711   -1.2117277  947.5944  947.9646
2021 04 26 07 19 00    -3.5531676   -1.2027392  947.5896  947.9623
2021 04 26 07 20 00    -3.5352054   -1.1937412  947.5849  947.9462
2021 04 26 07 21 00    -3.5170857   -1.1845443  947.5804  947.9202
2021 04 26 07 22 00    -3.4988608   -1.1753015  947.5759  947.9071
2021 04 26 07 23 00    -3.4806466   -1.1662659  947.5714  947.9067
2021 04 26 07 24 00    -3.4622122   -1.1572187  947.5668  947.9012
2021 04 26 07 25 00    -3.4436225   -1.1480338  947.5625  947.8906
2021 04 26 07 26 00    -3.4253875   -1.1389708  947.5586  947.8837
2021 04 26 07 27 00    -3.4073826   -1.1299265  947.5548  947.8774
2021 04 26 07 28 00    -3.3890801   -1.1206346  947.5507  947.8682
2021 04 26 07 29 00    -3.3705078   -1.1112628  947.5464  947.8645
2021 04 26 07 30 00    -3.3518882   -1.1019647  947.5417  947.8780
2021 04 26 07 31 00    -3.3333178   -1.0926709  947.5371  947.8918
2021 04 26 07 32 00    -3.3148916   -1.0834581  947.5326  947.8792
2021 04 26 07 33 00    -3.2965396   -1.0743645  947.5279  947.8601
2021 04 26 07 34 00    -3.2780842   -1.0651515  947.5236  947.8654
2021 04 26 07 35 00    -3.2594791   -1.0557154  947.5203  947.8776
2021 04 26 07 36 00    -3.2408331   -1.0462523  947.5168  947.8673
2021 04 26 07 37 00    -3.2222406   -1.0369085  947.5124  947.8477
2021 04 26 07 38 00    -3.2037376   -1.0276938  947.5079  947.8455
2021 04 26 07 39 00    -3.1853571   -1.0185700  947.5038  947.8484
2021 04 26 07 40 00    -3.1670049   -1.0094712  947.4998  947.8345
2021 04 26 07 41 00    -3.1486249   -1.0003907  947.4953  947.8196
2021 04 26 07 42 00    -3.1302088   -0.9912394  947.4908  947.8228
2021 04 26 07 43 00    -3.1115532   -0.9818300  947.4864  947.8305
2021 04 26 07 44 00    -3.0927754   -0.9723111  947.4820  947.8247
2021 04 26 07 45 00    -3.0742026   -0.9629503  947.4777  947.8134
2021 04 26 07 46 00    -3.0556297   -0.9536227  947.4741  947.8127
2021 04 26 07 47 00    -3.0369541   -0.9442331  947.4712  947.8223
2021 04 26 07 48 00    -3.0184147   -0.9349526  947.4684  947.8283
2021 04 26 07 49 00    -2.9998192   -0.9257567  947.4655  947.8272
2021 04 26 07 50 00    -2.9811146   -0.9164751  947.4626  947.8286
2021 04 26 07 51 00    -2.9626719   -0.9071028  947.4596  947.8306
2021 04 26 07 52 00    -2.9444098   -0.8977637  947.4565  947.8282
2021 04 26 07 53 00    -2.9261288   -0.8885822  947.4534  947.8286
2021 04 26 07 54 00    -2.9078206   -0.8794683  947.4508  947.8289
2021 04 26 07 55 00    -2.8893201   -0.8702341  947.4479  947.8212
2021 04 26 07 56 00    -2.8707698   -0.8609816  947.4443  947.8101
2021 04 26 07 57 00    -2.8525116   -0.8519201  947.4407  947.8006
2021 04 26 07 58 00    -2.8343952   -0.8429596  947.4373  947.7950
2021 04 26 07 59 00    -2.8160914   -0.8337674  947.4341  947.7931
2021 04 26 08 00 00    -2.7976433   -0.8242794  947.4304  947.7900
2021 04 26 08 01 00    -2.7792977   -0.8148673  947.4261  947.7824
2021 04 26 08 02 00    -2.7610684   -0.8057013  947.4218  947.7665
2021 04 26 08 03 00    -2.7428597   -0.7966020  947.4178  947.7444
2021 04 26 08 04 00    -2.7247817   -0.7875718  947.4138  947.7311
2021 04 26 08 05 00    -2.7067889   -0.7786634  947.4097  947.7297
2021 04 26 08 06 00    -2.6885578   -0.7696662  947.4054  947.7225
2021 04 26 08 07 00    -2.6701989   -0.7605037  947.4007  947.7017
2021 04 26 08 08 00    -2.6521384   -0.7514198  947.3958  947.6870
2021 04 26 08 09 00    -2.6341650   -0.7424387  947.3913  947.6952
2021 04 26 08 10 00    -2.6158679   -0.7333123  947.3881  947.7233
2021 04 26 08 11 00    -2.5975797   -0.7241193  947.3854  947.7631
2021 04 26 08 12 00    -2.5796697   -0.7151394  947.3824  947.7952
2021 04 26 08 13 00    -2.5618810   -0.7062981  947.3794  947.7943
2021 04 26 08 14 00    -2.5439633   -0.6973943  947.3767  947.7668
2021 04 26 08 15 00    -2.5259541   -0.6884165  947.3743  947.7434
2021 04 26 08 16 00    -2.5079447   -0.6793430  947.3719  947.7429
2021 04 26 08 17 00    -2.4901100   -0.6702818  947.3693  947.7651
2021 04 26 08 18 00    -2.4725265   -0.6614716  947.3667  947.7839
2021 04 26 08 19 00    -2.4549691   -0.6527863  947.3638  947.7689
2021 04 26 08 20 00    -2.4372385   -0.6439212  947.3607  947.7332
2021 04 26 08 21 00    -2.4193580   -0.6348738  947.3573  947.7088
2021 04 26 08 22 00    -2.4015935   -0.6259310  947.3536  947.6989
2021 04 26 08 23 00    -2.3842821   -0.6172892  947.3496  947.6906
2021 04 26 08 24 00    -2.3671898   -0.6087166  947.3458  947.6774
2021 04 26 08 25 00    -2.3497743   -0.5999847  947.3427  947.6656
2021 04 26 08 26 00    -2.3322106   -0.5913115  947.3402  947.6660
2021 04 26 08 27 00    -2.3149621   -0.5828018  947.3369  947.6635
2021 04 26 08 28 00    -2.2977420   -0.5741291  947.3326  947.6379
2021 04 26 08 29 00    -2.2803013   -0.5652832  947.3281  947.6172
2021 04 26 08 30 00    -2.2631380   -0.5566632  947.3236  947.6220
2021 04 26 08 31 00    -2.2462613   -0.5481886  947.3188  947.6136
2021 04 26 08 32 00    -2.2290625   -0.5394858  947.3139  947.5861
2021 04 26 08 33 00    -2.2117340   -0.5307517  947.3095  947.5874
2021 04 26 08 34 00    -2.1949328   -0.5223726  947.3053  947.6103
2021 04 26 08 35 00    -2.1784380   -0.5141405  947.3007  947.6096
2021 04 26 08 36 00    -2.1615748   -0.5056683  947.2960  947.5918
2021 04 26 08 37 00    -2.1443923   -0.4970813  947.2919  947.5814
2021 04 26 08 38 00    -2.1274415   -0.4887151  947.2887  947.5751
2021 04 26 08 39 00    -2.1109585   -0.4806151  947.2860  947.5716
2021 04 26 08 40 00    -2.0948014   -0.4726192  947.2831  947.5737
2021 04 26 08 41 00    -2.0785084   -0.4644585  947.2792  947.5719
2021 04 26 08 42 00    -2.0617323   -0.4560263  947.2744  947.5634
2021 04 26 08 43 00    -2.0449838   -0.4476589  947.2693  947.5484
2021 04 26 08 44 00    -2.0287908   -0.4395112  947.2642  947.5134
2021 04 26 08 45 00    -2.0128363   -0.4313945  947.2588  947.4650
2021 04 26 08 46 00    -1.9968125   -0.4233880  947.2532  947.4410
2021 04 26 08 47 00    -1.9807580   -0.4154888  947.2479  947.4453
2021 04 26 08 48 00    -1.9646912   -0.4074144  947.2423  947.4375
2021 04 26 08 49 00    -1.9487191   -0.3992628  947.2362  947.4080
2021 04 26 08 50 00    -1.9328832   -0.3912784  947.2302  947.3920
2021 04 26 08 51 00    -1.9169942   -0.3833322  947.2248  947.4083
2021 04 26 08 52 00    -1.9010177   -0.3753199  947.2197  947.4337
2021 04 26 08 53 00    -1.8852130   -0.3673850  947.2149  947.4386
2021 04 26 08 54 00    -1.8697919   -0.3596361  947.2105  947.4292
2021 04 26 08 55 00    -1.8546039   -0.3520125  947.2059  947.4259
2021 04 26 08 56 00    -1.8392084   -0.3443421  947.2009  947.4241
2021 04 26 08 57 00    -1.8234592   -0.3365606  947.1957  947.4152
2021 04 26 08 58 00    -1.8079034   -0.3288491  947.1902  947.4034
2021 04 26 08 59 00    -1.7930026   -0.3213488  947.1843  947.3920
2021 04 26 09 00 00    -1.7781456   -0.3137859  947.1787  947.3931
2021 04 26 09 01 00    -1.7625998   -0.3059099  947.1742  947.4177
2021 04 26 09 02 00    -1.7470162   -0.2981304  947.1702  947.4473
2021 04 26 09 03 00    -1.7322275   -0.2908016  947.1662  947.4637
2021 04 26 09 04 00    -1.7175993   -0.2835083  947.1625  947.4705
2021 04 26 09 05 00    -1.7024686   -0.2759301  947.1596  947.4785
2021 04 26 09 06 00    -1.6874326   -0.2684104  947.1575  947.4952
2021 04 26 09 07 00    -1.6729490   -0.2611855  947.1557  947.5140
2021 04 26 09 08 00    -1.6585617   -0.2539782  947.1537  947.5238
2021 04 26 09 09 00    -1.6438702   -0.2465612  947.1520  947.5258
2021 04 26 09 10 00    -1.6291324   -0.2391313  947.1505  947.5235
2021 04 26 09 11 00    -1.6148810   -0.2319934  947.1485  947.5187
2021 04 26 09 12 00    -1.6010791   -0.2251075  947.1461  947.5173
2021 04 26 09 13 00    -1.5871179   -0.2181294  947.1442  947.5288
2021 04 26 09 14 00    -1.5729373   -0.2109767  947.1428  947.5623
2021 04 26 09 15 00    -1.5589796   -0.2039368  947.1421  947.6027
2021 04 26 09 16 00    -1.5451135   -0.1970615  947.1420  947.6156
2021 04 26 09 17 00    -1.5311412   -0.1902165  947.1420  947.6008
2021 04 26 09 18 00    -1.5175158   -0.1835272  947.1416  947.5906
2021 04 26 09 19 00    -1.5043535   -0.1769330  947.1413  947.6090
2021 04 26 09 20 00    -1.4911070   -0.1701047  947.1412  947.6564
2021 04 26 09 21 00    -1.4776409   -0.1632016  947.1413  947.6986
2021 04 26 09 22 00    -1.4642941   -0.1565936  947.1411  947.7066
2021 04 26 09 23 00    -1.4511720   -0.1501498  947.1408  947.7005
2021 04 26 09 24 00    -1.4382895   -0.1436741  947.1409  947.6911
2021 04 26 09 25 00    -1.4256358   -0.1372809  947.1412  947.6657
2021 04 26 09 26 00    -1.4129506   -0.1310153  947.1412  947.6528
2021 04 26 09 27 00    -1.4001767   -0.1247361  947.1411  947.6788
2021 04 26 09 28 00    -1.3875731   -0.1183531  947.1413  947.7000
2021 04 26 09 29 00    -1.3752437   -0.1120198  947.1413  947.6787
2021 04 26 09 30 00    -1.3630601   -0.1059363  947.1408  947.6449
2021 04 26 09 31 00    -1.3508304   -0.0999884  947.1402  947.6342
2021 04 26 09 32 00    -1.3385589   -0.0940060  947.1398  947.6507
2021 04 26 09 33 00    -1.3265234   -0.0880220  947.1398  947.6788
2021 04 26 09 34 00    -1.3148244   -0.0820473  947.1402  947.6948
2021 04 26 09 35 00    -1.3032513   -0.0760962  947.1407  947.6961
2021 04 26 09 36 00    -1.2917082   -0.0702659  947.1412  947.6939
2021 04 26 09 37 00    -1.2801972   -0.0645455  947.1415  947.6866
2021 04 26 09 38 00    -1.2687257   -0.0588550  947.1416  947.6787
2021 04 26 09 39 00    -1.2574459   -0.0532038  947.1419  947.6857
2021 04 26 09 40 00    -1.2463747   -0.0476105  947.1424  947.6932
2021 04 26 09 41 00    -1.2354106   -0.0420950  947.1422  947.6690
2021 04 26 09 42 00    -1.2246041   -0.0367421  947.1413  947.6311
2021 04 26 09 43 00    -1.2138760   -0.0314890  947.1406  947.6279
2021 04 26 09 44 00    -1.2031204   -0.0261856  947.1400  947.6439
2021 04 26 09 45 00    -1.1925755   -0.0209030  947.1384  947.6246
2021 04 26 09 46 00    -1.1823161   -0.0156405  947.1369  947.5797
2021 04 26 09 47 00    -1.1720357   -0.0102941  947.1365  947.5599
2021 04 26 09 48 00    -1.1617750   -0.0050798  947.1360  947.5683
2021 04 26 09 49 00    -1.1518406   -0.0001388  947.1337  947.5720
2021 04 26 09 50 00    -1.1421489    0.0047058  947.1301  947.5657
2021 04 26 09 51 00    -1.1324760    0.0094927  947.1269  947.5582
2021 04 26 09 52 00    -1.1227771    0.0142443  947.1248  947.5386
2021 04 26 09 53 00    -1.1131019    0.0190604  947.1226  947.5091
2021 04 26 09 54 00    -1.1036061    0.0238053  947.1195  947.4858
2021 04 26 09 55 00    -1.0943490    0.0283914  947.1154  947.4602
2021 04 26 09 56 00    -1.0852044    0.0329763  947.1112  947.4395
2021 04 26 09 57 00    -1.0761679    0.0376014  947.1078  947.4601
2021 04 26 09 58 00    -1.0673183    0.0421780  947.1051  947.4965
2021 04 26 09 59 00    -1.0585877    0.0466391  947.1025  947.4863
2021 04 26 10 00 00    -1.0499659    0.0509094  947.0993  947.4493
2021 04 26 10 01 00    -1.0415411    0.0550548  947.0954  947.4332
2021 04 26 10 02 00    -1.0332180    0.0592698  947.0916  947.4234
2021 04 26 10 03 00    -1.0248920    0.0635482  947.0880  947.4076
2021 04 26 10 04 00    -1.0166618    0.0677131  947.0842  947.4145
2021 04 26 10 05 00    -1.0085378    0.0717287  947.0804  947.4483
2021 04 26 10 06 00    -1.0004455    0.0756762  947.0773  947.4659
2021 04 26 10 07 00    -0.9926224    0.0795279  947.0742  947.4425
2021 04 26 10 08 00    -0.9852999    0.0832101  947.0709  947.4230
2021 04 26 10 09 00    -0.9781769    0.0868134  947.0678  947.4455
2021 04 26 10 10 00    -0.9709405    0.0904568  947.0651  947.4624
2021 04 26 10 11 00    -0.9637433    0.0940250  947.0623  947.4312
2021 04 26 10 12 00    -0.9567241    0.0974317  947.0587  947.3861
2021 04 26 10 13 00    -0.9497020    0.1008982  947.0545  947.3578
2021 04 26 10 14 00    -0.9426459    0.1044931  947.0502  947.3482
2021 04 26 10 15 00    -0.9359118    0.1079605  947.0465  947.3620
2021 04 26 10 16 00    -0.9295898    0.1112270  947.0432  947.3776
2021 04 26 10 17 00    -0.9233301    0.1143940  947.0396  947.3760
2021 04 26 10 18 00    -0.9170355    0.1174766  947.0357  947.3765
2021 04 26 10 19 00    -0.9108706    0.1204942  947.0319  947.3747
2021 04 26 10 20 00    -0.9048552    0.1234455  947.0281  947.3448
2021 04 26 10 21 00    -0.8989920    0.1262546  947.0237  947.2957
2021 04 26 10 22 00    -0.8933697    0.1289665  947.0184  947.2657
2021 04 26 10 23 00    -0.8880366    0.1317173  947.0137  947.2917
2021 04 26 10 24 00    -0.8828117    0.1344894  947.0101  947.3525
2021 04 26 10 25 00    -0.8773833    0.1372462  947.0060  947.3607
2021 04 26 10 26 00    -0.8719911    0.1399318  947.0002  947.2855
2021 04 26 10 27 00    -0.8671899    0.1423321  946.9942  947.2030
2021 04 26 10 28 00    -0.8627147    0.1445244  946.9885  947.1670
2021 04 26 10 29 00    -0.8579617    0.1468436  946.9827  947.1609
2021 04 26 10 30 00    -0.8531799    0.1492381  946.9767  947.1810
2021 04 26 10 31 00    -0.8488817    0.1514385  946.9708  947.2206
2021 04 26 10 32 00    -0.8448660    0.1534601  946.9649  947.2368
2021 04 26 10 33 00    -0.8407378    0.1554868  946.9597  947.2231
2021 04 26 10 34 00    -0.8366439    0.1575607  946.9554  947.2057
2021 04 26 10 35 00    -0.8328866    0.1595849  946.9509  947.1735
2021 04 26 10 36 00    -0.8293856    0.1614332  946.9454  947.1131
2021 04 26 10 37 00    -0.8259321    0.1630492  946.9391  947.0684
2021 04 26 10 38 00    -0.8225028    0.1645903  946.9328  947.0735
2021 04 26 10 39 00    -0.8192000    0.1661706  946.9265  947.0749
2021 04 26 10 40 00    -0.8161971    0.1676406  946.9195  947.0282
2021 04 26 10 41 00    -0.8134336    0.1690342  946.9121  946.9915
2021 04 26 10 42 00    -0.8106002    0.1705623  946.9056  947.0058
2021 04 26 10 43 00    -0.8077390    0.1720868  946.8995  947.0163
2021 04 26 10 44 00    -0.8051076    0.1733562  946.8924  946.9832
2021 04 26 10 45 00    -0.8026623    0.1744790  946.8846  946.9410
2021 04 26 10 46 00    -0.8003322    0.1756891  946.8766  946.9263
2021 04 26 10 47 00    -0.7983269    0.1768870  946.8692  946.9226
2021 04 26 10 48 00    -0.7966351    0.1778628  946.8627  946.9007
2021 04 26 10 49 00    -0.7947879    0.1787185  946.8566  946.8857
2021 04 26 10 50 00    -0.7927742    0.1795404  946.8504  946.9303
2021 04 26 10 51 00    -0.7911449    0.1802133  946.8440  947.0183
2021 04 26 10 52 00    -0.7899582    0.1807193  946.8376  947.0615
2021 04 26 10 53 00    -0.7888281    0.1811965  946.8309  947.0144
2021 04 26 10 54 00    -0.7876594    0.1818686  946.8238  946.9306
2021 04 26 10 55 00    -0.7866734    0.1826787  946.8168  946.8718
2021 04 26 10 56 00    -0.7859806    0.1831693  946.8101  946.8374
2021 04 26 10 57 00    -0.7854124    0.1832685  946.8039  946.8242
2021 04 26 10 58 00    -0.7848681    0.1834129  946.7976  946.8438
2021 04 26 10 59 00    -0.7843680    0.1837515  946.7905  946.8646
2021 04 26 11 00 00    -0.7838982    0.1840900  946.7831  946.8413
2021 04 26 11 01 00    -0.7836828    0.1842861  946.7758  946.7789
2021 04 26 11 02 00    -0.7839762    0.1842657  946.7683  946.7154
2021 04 26 11 03 00    -0.7845115    0.1840251  946.7600  946.6779
2021 04 26 11 04 00    -0.7848387    0.1837297  946.7510  946.6688
2021 04 26 11 05 00    -0.7850746    0.1835144  946.7424  946.6810
2021 04 26 11 06 00    -0.7856624    0.1832137  946.7349  946.6999
2021 04 26 11 07 00    -0.7866014    0.1826480  946.7276  946.6987
2021 04 26 11 08 00    -0.7876571    0.1819567  946.7198  946.6725
2021 04 26 11 09 00    -0.7888116    0.1813477  946.7121  946.6471
2021 04 26 11 10 00    -0.7900861    0.1808293  946.7048  946.6403
2021 04 26 11 11 00    -0.7914912    0.1802471  946.6968  946.6410
2021 04 26 11 12 00    -0.7930957    0.1794504  946.6877  946.6262
2021 04 26 11 13 00    -0.7948898    0.1784969  946.6788  946.5959
2021 04 26 11 14 00    -0.7967197    0.1775399  946.6708  946.5789
2021 04 26 11 15 00    -0.7985654    0.1765527  946.6633  946.5849
2021 04 26 11 16 00    -0.8006814    0.1754393  946.6553  946.5756
2021 04 26 11 17 00    -0.8030681    0.1742700  946.6468  946.5289
2021 04 26 11 18 00    -0.8055261    0.1730991  946.6382  946.4862
2021 04 26 11 19 00    -0.8081724    0.1717866  946.6301  946.4801
2021 04 26 11 20 00    -0.8109672    0.1703534  946.6223  946.4776
2021 04 26 11 21 00    -0.8137059    0.1689926  946.6139  946.4414
2021 04 26 11 22 00    -0.8165973    0.1676003  946.6045  946.3922
2021 04 26 11 23 00    -0.8197284    0.1660094  946.5949  946.3754
2021 04 26 11 24 00    -0.8228408    0.1643745  946.5866  946.3979
2021 04 26 11 25 00    -0.8260650    0.1627658  946.5794  946.4295
2021 04 26 11 26 00    -0.8297757    0.1609549  946.5719  946.4357
2021 04 26 11 27 00    -0.8338781    0.1589088  946.5633  946.4021
2021 04 26 11 28 00    -0.8379207    0.1569265  946.5547  946.3542
2021 04 26 11 29 00    -0.8417005    0.1551178  946.5466  946.3260
2021 04 26 11 30 00    -0.8455307    0.1532209  946.5390  946.3160
2021 04 26 11 31 00    -0.8497737    0.1510634  946.5312  946.3114
2021 04 26 11 32 00    -0.8542608    0.1487953  946.5229  946.3077
2021 04 26 11 33 00    -0.8586898    0.1466028  946.5142  946.2963
2021 04 26 11 34 00    -0.8632695    0.1444382  946.5055  946.2742
2021 04 26 11 35 00    -0.8682943    0.1420186  946.4969  946.2505
2021 04 26 11 36 00    -0.8735356    0.1392367  946.4878  946.2295
2021 04 26 11 37 00    -0.8787486    0.1363821  946.4787  946.2037
2021 04 26 11 38 00    -0.8841123    0.1336597  946.4698  946.1659
2021 04 26 11 39 00    -0.8895252    0.1310566  946.4606  946.1254
2021 04 26 11 40 00    -0.8946104    0.1285708  946.4513  946.1090
2021 04 26 11 41 00    -0.8998161    0.1259100  946.4428  946.1180
2021 04 26 11 42 00    -0.9058213    0.1227465  946.4352  946.1234
2021 04 26 11 43 00    -0.9121880    0.1194354  946.4273  946.1272
2021 04 26 11 44 00    -0.9183021    0.1163888  946.4184  946.1454
2021 04 26 11 45 00    -0.9243180    0.1134329  946.4087  946.1539
2021 04 26 11 46 00    -0.9304177    0.1104060  946.3992  946.1402
2021 04 26 11 47 00    -0.9366759    0.1073471  946.3905  946.1377
2021 04 26 11 48 00    -0.9433170    0.1041310  946.3825  946.1488
2021 04 26 11 49 00    -0.9502929    0.1006182  946.3743  946.1264
2021 04 26 11 50 00    -0.9572246    0.0970213  946.3650  946.0850
2021 04 26 11 51 00    -0.9640485    0.0936087  946.3551  946.0923
2021 04 26 11 52 00    -0.9711402    0.0902035  946.3457  946.1180
2021 04 26 11 53 00    -0.9784977    0.0865980  946.3372  946.0821
2021 04 26 11 54 00    -0.9857829    0.0828963  946.3288  946.0195
2021 04 26 11 55 00    -0.9931499    0.0791339  946.3201  945.9982
2021 04 26 11 56 00    -1.0008471    0.0752563  946.3109  945.9983
2021 04 26 11 57 00    -1.0087878    0.0712615  946.3015  945.9866
2021 04 26 11 58 00    -1.0169807    0.0671548  946.2927  945.9709
2021 04 26 11 59 00    -1.0253401    0.0630371  946.2844  945.9543
2021 04 26 12 00 00    -1.0335341    0.0590008  946.2754  945.9322
2021 04 26 12 01 00    -1.0416259    0.0549027  946.2655  945.9053
2021 04 26 12 02 00    -1.0500380    0.0505915  946.2554  945.8605
2021 04 26 12 03 00    -1.0587836    0.0461983  946.2459  945.8030
2021 04 26 12 04 00    -1.0675438    0.0418810  946.2367  945.7763
2021 04 26 12 05 00    -1.0763282    0.0375520  946.2274  945.8009
2021 04 26 12 06 00    -1.0853899    0.0330095  946.2180  945.8458
2021 04 26 12 07 00    -1.0947167    0.0282228  946.2089  945.8539
2021 04 26 12 08 00    -1.1040240    0.0234831  946.1995  945.7982
2021 04 26 12 09 00    -1.1132323    0.0189583  946.1900  945.7393
2021 04 26 12 10 00    -1.1226220    0.0143408  946.1808  945.7471
2021 04 26 12 11 00    -1.1323101    0.0094447  946.1720  945.7861
2021 04 26 12 12 00    -1.1420716    0.0045099  946.1630  945.7889
2021 04 26 12 13 00    -1.1517926   -0.0003259  946.1539  945.7655
2021 04 26 12 14 00    -1.1616054   -0.0052184  946.1452  945.7452
2021 04 26 12 15 00    -1.1716837   -0.0102470  946.1370  945.7223
2021 04 26 12 16 00    -1.1820019   -0.0152746  946.1290  945.7005
2021 04 26 12 17 00    -1.1923857   -0.0203179  946.1207  945.6968
2021 04 26 12 18 00    -1.2029129   -0.0256208  946.1120  945.6988
2021 04 26 12 19 00    -1.2136926   -0.0311766  946.1026  945.6721
2021 04 26 12 20 00    -1.2245007   -0.0366995  946.0927  945.6089
2021 04 26 12 21 00    -1.2351936   -0.0420907  946.0830  945.5384
2021 04 26 12 22 00    -1.2459790   -0.0475031  946.0733  945.4990
2021 04 26 12 23 00    -1.2571140   -0.0530948  946.0630  945.5037
2021 04 26 12 24 00    -1.2685390   -0.0588570  946.0526  945.5352
2021 04 26 12 25 00    -1.2799076   -0.0645425  946.0433  945.5664
2021 04 26 12 26 00    -1.2911446   -0.0700360  946.0351  945.5758
2021 04 26 12 27 00    -1.3025379   -0.0756361  946.0264  945.5636
2021 04 26 12 28 00    -1.3141593   -0.0814858  946.0169  945.5414
2021 04 26 12 29 00    -1.3258785   -0.0873128  946.0072  945.5062
2021 04 26 12 30 00    -1.3376892   -0.0930539  945.9980  945.4631
2021 04 26 12 31 00    -1.3495573   -0.0989581  945.9890  945.4378
2021 04 26 12 32 00    -1.3614867   -0.1050723  945.9798  945.4381
2021 04 26 12 33 00    -1.3736678   -0.1112833  945.9701  945.4519
2021 04 26 12 34 00    -1.3861106   -0.1175688  945.9605  945.4651
2021 04 26 12 35 00    -1.3985418   -0.1238123  945.9513  945.4514
2021 04 26 12 36 00    -1.4109109   -0.1299301  945.9418  945.4143
2021 04 26 12 37 00    -1.4235118   -0.1361617  945.9318  945.3960
2021 04 26 12 38 00    -1.4364336   -0.1426747  945.9216  945.3889
2021 04 26 12 39 00    -1.4494243   -0.1492924  945.9118  945.3556
2021 04 26 12 40 00    -1.4623533   -0.1558188  945.9025  945.3209
2021 04 26 12 41 00    -1.4752892   -0.1622340  945.8937  945.3272
2021 04 26 12 42 00    -1.4882642   -0.1686444  945.8850  945.3639
2021 04 26 12 43 00    -1.5013522   -0.1752438  945.8765  945.3925
2021 04 26 12 44 00    -1.5147073   -0.1820871  945.8682  945.3857
2021 04 26 12 45 00    -1.5282649   -0.1889125  945.8596  945.3489
2021 04 26 12 46 00    -1.5417939   -0.1956022  945.8506  945.3173
2021 04 26 12 47 00    -1.5553022   -0.2023717  945.8413  945.3079
2021 04 26 12 48 00    -1.5689243   -0.2092622  945.8324  945.2995
2021 04 26 12 49 00    -1.5826889   -0.2161640  945.8238  945.2711
2021 04 26 12 50 00    -1.5966785   -0.2231257  945.8151  945.2203
2021 04 26 12 51 00    -1.6108790   -0.2302085  945.8058  945.1714
2021 04 26 12 52 00    -1.6250125   -0.2373421  945.7965  945.1613
2021 04 26 12 53 00    -1.6389908   -0.2444338  945.7875  945.1772
2021 04 26 12 54 00    -1.6531215   -0.2515334  945.7786  945.1827
2021 04 26 12 55 00    -1.6675291   -0.2587189  945.7697  945.1827
2021 04 26 12 56 00    -1.6820074   -0.2659599  945.7613  945.1834
2021 04 26 12 57 00    -1.6966320   -0.2733225  945.7532  945.1677
2021 04 26 12 58 00    -1.7115514   -0.2808112  945.7447  945.1437
2021 04 26 12 59 00    -1.7264694   -0.2881721  945.7353  945.1355
2021 04 26 13 00 00    -1.7411772   -0.2953785  945.7258  945.1368
2021 04 26 13 01 00    -1.7558691   -0.3027127  945.7166  945.1197
2021 04 26 13 02 00    -1.7707436   -0.3102794  945.7073  945.0785
2021 04 26 13 03 00    -1.7858210   -0.3179463  945.6975  945.0467
2021 04 26 13 04 00    -1.8009570   -0.3254982  945.6876  945.0493
2021 04 26 13 05 00    -1.8160325   -0.3328764  945.6789  945.0638
2021 04 26 13 06 00    -1.8311564   -0.3403764  945.6710  945.0660
2021 04 26 13 07 00    -1.8464730   -0.3481768  945.6629  945.0624
2021 04 26 13 08 00    -1.8619969   -0.3560428  945.6546  945.0586
2021 04 26 13 09 00    -1.8776575   -0.3638384  945.6469  945.0452
2021 04 26 13 10 00    -1.8933718   -0.3717092  945.6390  945.0119
2021 04 26 13 11 00    -1.9091511   -0.3796828  945.6302  944.9629
2021 04 26 13 12 00    -1.9249972   -0.3875997  945.6216  944.9207
2021 04 26 13 13 00    -1.9407538   -0.3954046  945.6135  944.9126
2021 04 26 13 14 00    -1.9564456   -0.4032384  945.6048  944.9382
2021 04 26 13 15 00    -1.9724490   -0.4112691  945.5955  944.9561
2021 04 26 13 16 00    -1.9887562   -0.4193634  945.5870  944.9312
2021 04 26 13 17 00    -2.0049367   -0.4273089  945.5790  944.8868
2021 04 26 13 18 00    -2.0211286   -0.4353953  945.5697  944.8659
2021 04 26 13 19 00    -2.0376910   -0.4438569  945.5591  944.8616
2021 04 26 13 20 00    -2.0543372   -0.4523102  945.5491  944.8407
2021 04 26 13 21 00    -2.0707708   -0.4604657  945.5399  944.8056
2021 04 26 13 22 00    -2.0872334   -0.4685453  945.5309  944.7736
2021 04 26 13 23 00    -2.1038809   -0.4768440  945.5218  944.7410
2021 04 26 13 24 00    -2.1204678   -0.4852804  945.5126  944.7028
2021 04 26 13 25 00    -2.1369450   -0.4936168  945.5029  944.6664
2021 04 26 13 26 00    -2.1536364   -0.5019759  945.4929  944.6414
2021 04 26 13 27 00    -2.1706792   -0.5105534  945.4832  944.6296
2021 04 26 13 28 00    -2.1878549   -0.5191995  945.4734  944.6194
2021 04 26 13 29 00    -2.2048203   -0.5276895  945.4634  944.6049
2021 04 26 13 30 00    -2.2215112   -0.5360470  945.4533  944.6052
2021 04 26 13 31 00    -2.2383621   -0.5444738  945.4435  944.6233
2021 04 26 13 32 00    -2.2556373   -0.5530540  945.4344  944.6212
2021 04 26 13 33 00    -2.2729962   -0.5616737  945.4256  944.5831
2021 04 26 13 34 00    -2.2901925   -0.5702912  945.4163  944.5366
2021 04 26 13 35 00    -2.3074702   -0.5790019  945.4064  944.4990
2021 04 26 13 36 00    -2.3249315   -0.5877582  945.3967  944.4710
2021 04 26 13 37 00    -2.3422955   -0.5964692  945.3877  944.4521
2021 04 26 13 38 00    -2.3595308   -0.6051835  945.3783  944.4349
2021 04 26 13 39 00    -2.3769701   -0.6138789  945.3678  944.4153
2021 04 26 13 40 00    -2.3947350   -0.6226178  945.3572  944.3979
2021 04 26 13 41 00    -2.4125500   -0.6315708  945.3469  944.3816
2021 04 26 13 42 00    -2.4301582   -0.6405334  945.3367  944.3620
2021 04 26 13 43 00    -2.4476618   -0.6492521  945.3266  944.3541
2021 04 26 13 44 00    -2.4652444   -0.6579410  945.3170  944.3770
2021 04 26 13 45 00    -2.4828873   -0.6668193  945.3077  944.4105
2021 04 26 13 46 00    -2.5005892   -0.6758070  945.2984  944.4199
2021 04 26 13 47 00    -2.5183838   -0.6848181  945.2896  944.4029
2021 04 26 13 48 00    -2.5362042   -0.6938046  945.2813  944.3694
2021 04 26 13 49 00    -2.5540096   -0.7026593  945.2725  944.3273
2021 04 26 13 50 00    -2.5718544   -0.7114238  945.2625  944.2952
2021 04 26 13 51 00    -2.5898661   -0.7203727  945.2525  944.2815
2021 04 26 13 52 00    -2.6080120   -0.7295194  945.2435  944.2811
2021 04 26 13 53 00    -2.6260718   -0.7385615  945.2350  944.2918
2021 04 26 13 54 00    -2.6440906   -0.7475320  945.2256  944.2776
2021 04 26 13 55 00    -2.6622781   -0.7566953  945.2152  944.2130
2021 04 26 13 56 00    -2.6806026   -0.7660004  945.2048  944.1697
2021 04 26 13 57 00    -2.6989019   -0.7752035  945.1944  944.1807
2021 04 26 13 58 00    -2.7171230   -0.7842584  945.1837  944.1611
2021 04 26 13 59 00    -2.7353538   -0.7933316  945.1726  944.0934
2021 04 26 14 00 00    -2.7536940   -0.8025003  945.1617  944.0538
2021 04 26 14 01 00    -2.7721396   -0.8117295  945.1513  944.0532
2021 04 26 14 02 00    -2.7905468   -0.8210220  945.1411  944.0450
2021 04 26 14 03 00    -2.8087662   -0.8302802  945.1307  944.0236
2021 04 26 14 04 00    -2.8268845   -0.8393600  945.1199  944.0095
2021 04 26 14 05 00    -2.8450876   -0.8483723  945.1086  943.9905
2021 04 26 14 06 00    -2.8633841   -0.8575481  945.0979  943.9633
2021 04 26 14 07 00    -2.8816625   -0.8667969  945.0882  943.9613
2021 04 26 14 08 00    -2.8998899   -0.8758608  945.0785  943.9815
2021 04 26 14 09 00    -2.9182524   -0.8848992  945.0682  943.9846
2021 04 26 14 10 00    -2.9368516   -0.8942133  945.0571  943.9687
2021 04 26 14 11 00    -2.9554125   -0.9036387  945.0458  943.9602
2021 04 26 14 12 00    -2.9737347   -0.9128649  945.0354  943.9656
2021 04 26 14 13 00    -2.9919517   -0.9218845  945.0259  943.9715
2021 04 26 14 14 00    -3.0102381   -0.9309159  945.0163  943.9805
2021 04 26 14 15 00    -3.0286419   -0.9401115  945.0064  943.9972
2021 04 26 14 16 00    -3.0470858   -0.9493865  944.9965  943.9963
2021 04 26 14 17 00    -3.0654933   -0.9586509  944.9861  943.9621
2021 04 26 14 18 00    -3.0838589   -0.9679072  944.9755  943.9206
2021 04 26 14 19 00    -3.1022512   -0.9771405  944.9651  943.9000
2021 04 26 14 20 00    -3.1207872   -0.9864306  944.9550  943.9059
2021 04 26 14 21 00    -3.1393555   -0.9957975  944.9456  943.9296
2021 04 26 14 22 00    -3.1577411   -1.0050550  944.9369  943.9372
2021 04 26 14 23 00    -3.1759979   -1.0141427  944.9273  943.9056
2021 04 26 14 24 00    -3.1943090   -1.0232382  944.9163  943.8782
2021 04 26 14 25 00    -3.2127921   -1.0324855  944.9049  943.8740
2021 04 26 14 26 00    -3.2313663   -1.0418020  944.8947  943.8441
2021 04 26 14 27 00    -3.2498370   -1.0510365  944.8856  943.8017
2021 04 26 14 28 00    -3.2681736   -1.0602289  944.8763  943.7985
2021 04 26 14 29 00    -3.2864311   -1.0694232  944.8664  943.8211
2021 04 26 14 30 00    -3.3047289   -1.0785625  944.8566  943.8367
2021 04 26 14 31 00    -3.3232221   -1.0877638  944.8475  943.8229
2021 04 26 14 32 00    -3.3418853   -1.0971661  944.8380  943.7834
2021 04 26 14 33 00    -3.3605371   -1.1066256  944.8278  943.7606
2021 04 26 14 34 00    -3.3789551   -1.1158607  944.8176  943.7638
2021 04 26 14 35 00    -3.3971779   -1.1248486  944.8080  943.7661
2021 04 26 14 36 00    -3.4155530   -1.1339297  944.7983  943.7627
2021 04 26 14 37 00    -3.4340361   -1.1432309  944.7885  943.7506
2021 04 26 14 38 00    -3.4523003   -1.1525434  944.7789  943.7199
2021 04 26 14 39 00    -3.4704862   -1.1618235  944.7693  943.6848
2021 04 26 14 40 00    -3.4887466   -1.1709890  944.7594  943.6740
2021 04 26 14 41 00    -3.5069251   -1.1799133  944.7495  943.6998
2021 04 26 14 42 00    -3.5251208   -1.1888997  944.7400  943.7413
2021 04 26 14 43 00    -3.5434321   -1.1981528  944.7310  943.7642
2021 04 26 14 44 00    -3.5616893   -1.2074072  944.7218  943.7611
2021 04 26 14 45 00    -3.5799613   -1.2165553  944.7121  943.7348
2021 04 26 14 46 00    -3.5983384   -1.2256821  944.7027  943.6750
2021 04 26 14 47 00    -3.6165635   -1.2347139  944.6935  943.6084
2021 04 26 14 48 00    -3.6345180   -1.2436034  944.6842  943.5826
2021 04 26 14 49 00    -3.6523848   -1.2524964  944.6748  943.5937
2021 04 26 14 50 00    -3.6702677   -1.2615599  944.6654  943.6054
2021 04 26 14 51 00    -3.6881580   -1.2707159  944.6559  943.5996
2021 04 26 14 52 00    -3.7060946   -1.2797359  944.6462  943.5846
2021 04 26 14 53 00    -3.7240740   -1.2886433  944.6366  943.5747
2021 04 26 14 54 00    -3.7419915   -1.2976287  944.6273  943.5743
2021 04 26 14 55 00    -3.7598492   -1.3066753  944.6182  943.5824
2021 04 26 14 56 00    -3.7776870   -1.3156450  944.6091  943.5841
2021 04 26 14 57 00    -3.7953800   -1.3245058  944.6001  943.5681
2021 04 26 14 58 00    -3.8129556   -1.3333264  944.5911  943.5568
2021 04 26 14 59 00    -3.8305937   -1.3422149  944.5822  943.5728
2021 04 26 15 00 00    -3.8483546   -1.3511930  944.5738  943.6061
2021 04 26 15 01 00    -3.8662577   -1.3600923  944.5656  943.6285
2021 04 26 15 02 00    -3.8839928   -1.3687362  944.5571  943.6188
2021 04 26 15 03 00    -3.9012352   -1.3772369  944.5482  943.5933
2021 04 26 15 04 00    -3.9184185   -1.3859116  944.5394  943.5855
2021 04 26 15 05 00    -3.9359635   -1.3948002  944.5310  943.5888
2021 04 26 15 06 00    -3.9535852   -1.4036117  944.5224  943.5779
2021 04 26 15 07 00    -3.9709641   -1.4122637  944.5138  943.5578
2021 04 26 15 08 00    -3.9881550   -1.4209587  944.5056  943.5336
2021 04 26 15 09 00    -4.0053733   -1.4297746  944.4976  943.4969
2021 04 26 15 10 00    -4.0226931   -1.4385683  944.4892  943.4611
2021 04 26 15 11 00    -4.0399966   -1.4471620  944.4804  943.4576
2021 04 26 15 12 00    -4.0572313   -1.4556292  944.4717  943.4959
2021 04 26 15 13 00    -4.0744278   -1.4641646  944.4632  943.5297
2021 04 26 15 14 00    -4.0915203   -1.4726684  944.4537  943.4978
2021 04 26 15 15 00    -4.1084583   -1.4811008  944.4436  943.4259
2021 04 26 15 16 00    -4.1253457   -1.4896892  944.4341  943.3885
2021 04 26 15 17 00    -4.1422332   -1.4982881  944.4256  943.3928
2021 04 26 15 18 00    -4.1589798   -1.5065445  944.4174  943.4050
2021 04 26 15 19 00    -4.1755588   -1.5146595  944.4092  943.4085
2021 04 26 15 20 00    -4.1922101   -1.5230025  944.4006  943.3935
2021 04 26 15 21 00    -4.2090311   -1.5314246  944.3914  943.3581
2021 04 26 15 22 00    -4.2257337   -1.5396790  944.3823  943.3151
2021 04 26 15 23 00    -4.2420612   -1.5478863  944.3738  943.2830
2021 04 26 15 24 00    -4.2582555   -1.5561811  944.3655  943.2709
2021 04 26 15 25 00    -4.2747151   -1.5644838  944.3571  943.2795
2021 04 26 15 26 00    -4.2912890   -1.5727241  944.3484  943.3129
2021 04 26 15 27 00    -4.3075191   -1.5808730  944.3395  943.3500
2021 04 26 15 28 00    -4.3234206   -1.5888862  944.3304  943.3360
2021 04 26 15 29 00    -4.3393924   -1.5968478  944.3218  943.2802
2021 04 26 15 30 00    -4.3555325   -1.6048674  944.3136  943.2602
2021 04 26 15 31 00    -4.3716222   -1.6129114  944.3053  943.2849
2021 04 26 15 32 00    -4.3876346   -1.6209895  944.2968  943.2985
2021 04 26 15 33 00    -4.4036087   -1.6291112  944.2879  943.2737
2021 04 26 15 34 00    -4.4193522   -1.6370327  944.2785  943.2305
2021 04 26 15 35 00    -4.4348784   -1.6446225  944.2696  943.2092
2021 04 26 15 36 00    -4.4504492   -1.6522293  944.2614  943.2172
2021 04 26 15 37 00    -4.4659479   -1.6600810  944.2533  943.2333
2021 04 26 15 38 00    -4.4811715   -1.6678929  944.2449  943.2498
2021 04 26 15 39 00    -4.4963189   -1.6754384  944.2371  943.2567
2021 04 26 15 40 00    -4.5114909   -1.6828695  944.2298  943.2438
2021 04 26 15 41 00    -4.5266231   -1.6904517  944.2221  943.2243
2021 04 26 15 42 00    -4.5417801   -1.6981740  944.2133  943.2144
2021 04 26 15 43 00    -4.5568738   -1.7057226  944.2044  943.2186
2021 04 26 15 44 00    -4.5717445   -1.7130421  944.1968  943.2251
2021 04 26 15 45 00    -4.5864406   -1.7203626  944.1895  943.2083
2021 04 26 15 46 00    -4.6011556   -1.7277299  944.1812  943.1805
2021 04 26 15 47 00    -4.6160553   -1.7351001  944.1729  943.1879
2021 04 26 15 48 00    -4.6309169   -1.7424392  944.1649  943.2253
2021 04 26 15 49 00    -4.6453871   -1.7496903  944.1566  943.2422
2021 04 26 15 50 00    -4.6595887   -1.7569134  944.1486  943.2283
2021 04 26 15 51 00    -4.6738496   -1.7641704  944.1409  943.2116
2021 04 26 15 52 00    -4.6882465   -1.7713878  944.1327  943.2000
2021 04 26 15 53 00    -4.7025564   -1.7784871  944.1243  943.1941
2021 04 26 15 54 00    -4.7165841   -1.7855239  944.1165  943.2050
2021 04 26 15 55 00    -4.7304738   -1.7925422  944.1089  943.2171
2021 04 26 15 56 00    -4.7443602   -1.7994162  944.1013  943.2033
2021 04 26 15 57 00    -4.7581911   -1.8062025  944.0940  943.1799
2021 04 26 15 58 00    -4.7719757   -1.8131896  944.0868  943.1792
2021 04 26 15 59 00    -4.7856975   -1.8202854  944.0793  943.1895
2021 04 26 16 00 00    -4.7992679   -1.8271414  944.0721  943.1719
2021 04 26 16 01 00    -4.8127553   -1.8338463  944.0652  943.1208
2021 04 26 16 02 00    -4.8262442   -1.8406717  944.0581  943.0806
2021 04 26 16 03 00    -4.8396137   -1.8474934  944.0508  943.0898
2021 04 26 16 04 00    -4.8527913   -1.8540797  944.0433  943.1134
2021 04 26 16 05 00    -4.8658223   -1.8604878  944.0354  943.0920
2021 04 26 16 06 00    -4.8787546   -1.8669215  944.0270  943.0473
2021 04 26 16 07 00    -4.8916714   -1.8734280  944.0188  943.0366
2021 04 26 16 08 00    -4.9045169   -1.8798490  944.0107  943.0507
2021 04 26 16 09 00    -4.9171666   -1.8860983  944.0026  943.0588
2021 04 26 16 10 00    -4.9296961   -1.8922808  943.9948  943.0702
2021 04 26 16 11 00    -4.9422267   -1.8986031  943.9874  943.0756
2021 04 26 16 12 00    -4.9547224   -1.9050800  943.9801  943.0427
2021 04 26 16 13 00    -4.9670850   -1.9113450  943.9724  942.9947
2021 04 26 16 14 00    -4.9793577   -1.9172998  943.9646  942.9786
2021 04 26 16 15 00    -4.9916092   -1.9233663  943.9569  942.9839
2021 04 26 16 16 00    -5.0036667   -1.9295951  943.9485  942.9749
2021 04 26 16 17 00    -5.0153837   -1.9355249  943.9402  942.9592
2021 04 26 16 18 00    -5.0269833   -1.9410787  943.9332  942.9703
2021 04 26 16 19 00    -5.0386779   -1.9466896  943.9265  942.9995
2021 04 26 16 20 00    -5.0503533   -1.9526233  943.9188  943.0066
2021 04 26 16 21 00    -5.0619155   -1.9586939  943.9109  942.9844
2021 04 26 16 22 00    -5.0733219   -1.9645445  943.9038  942.9599
2021 04 26 16 23 00    -5.0844132   -1.9700435  943.8969  942.9525
2021 04 26 16 24 00    -5.0952308   -1.9753176  943.8896  942.9601
2021 04 26 16 25 00    -5.1060457   -1.9805742  943.8820  942.9710
2021 04 26 16 26 00    -5.1169756   -1.9860269  943.8746  942.9717
2021 04 26 16 27 00    -5.1279263   -1.9916342  943.8675  942.9540
2021 04 26 16 28 00    -5.1386946   -1.9970513  943.8604  942.9295
2021 04 26 16 29 00    -5.1492122   -2.0022035  943.8525  942.9189
2021 04 26 16 30 00    -5.1597309   -2.0074049  943.8446  942.9183
2021 04 26 16 31 00    -5.1702569   -2.0126895  943.8377  942.9151
2021 04 26 16 32 00    -5.1804992   -2.0177815  943.8311  942.9160
2021 04 26 16 33 00    -5.1905760   -2.0227494  943.8237  942.9148
2021 04 26 16 34 00    -5.2006998   -2.0278819  943.8157  942.8890
2021 04 26 16 35 00    -5.2106939   -2.0330524  943.8082  942.8536
2021 04 26 16 36 00    -5.2204575   -2.0379788  943.8016  942.8445
2021 04 26 16 37 00    -5.2301986   -2.0428193  943.7952  942.8529
2021 04 26 16 38 00    -5.2399606   -2.0477333  943.7879  942.8477
2021 04 26 16 39 00    -5.2494700   -2.0524837  943.7803  942.8317
2021 04 26 16 40 00    -5.2586396   -2.0569819  943.7729  942.8273
2021 04 26 16 41 00    -5.2677204   -2.0614113  943.7658  942.8351
2021 04 26 16 42 00    -5.2769174   -2.0659177  943.7591  942.8398
2021 04 26 16 43 00    -5.2861333   -2.0705967  943.7528  942.8370
2021 04 26 16 44 00    -5.2951289   -2.0753198  943.7463  942.8305
2021 04 26 16 45 00    -5.3038834   -2.0798054  943.7392  942.8140
2021 04 26 16 46 00    -5.3125565   -2.0840683  943.7314  942.7817
2021 04 26 16 47 00    -5.3211984   -2.0883086  943.7231  942.7610
2021 04 26 16 48 00    -5.3297154   -2.0925480  943.7152  942.7822
2021 04 26 16 49 00    -5.3380004   -2.0967074  943.7081  942.8179
2021 04 26 16 50 00    -5.3460596   -2.1007668  943.7010  942.8173
2021 04 26 16 51 00    -5.3540264   -2.1047372  943.6934  942.7782
2021 04 26 16 52 00    -5.3619880   -2.1086787  943.6858  942.7394
2021 04 26 16 53 00    -5.3698830   -2.1126440  943.6788  942.7307
2021 04 26 16 54 00    -5.3776956   -2.1165689  943.6720  942.7482
2021 04 26 16 55 00    -5.3854636   -2.1204206  943.6645  942.7551
2021 04 26 16 56 00    -5.3930681   -2.1242202  943.6564  942.7233
2021 04 26 16 57 00    -5.4003980   -2.1279211  943.6484  942.6878
2021 04 26 16 58 00    -5.4075475   -2.1315609  943.6409  942.6837
2021 04 26 16 59 00    -5.4146393   -2.1352299  943.6340  942.6817
2021 04 26 17 00 00    -5.4216588   -2.1388404  943.6270  942.6735
2021 04 26 17 01 00    -5.4285557   -2.1422991  943.6191  942.6812
2021 04 26 17 02 00    -5.4353425   -2.1456828  943.6110  942.6802
2021 04 26 17 03 00    -5.4420711   -2.1490515  943.6038  942.6514
2021 04 26 17 04 00    -5.4487730   -2.1523731  943.5973  942.6258
2021 04 26 17 05 00    -5.4552855   -2.1556084  943.5907  942.6266
2021 04 26 17 06 00    -5.4614294   -2.1587451  943.5831  942.6344
2021 04 26 17 07 00    -5.4673823   -2.1617943  943.5744  942.6180
2021 04 26 17 08 00    -5.4733664   -2.1647444  943.5658  942.5833
2021 04 26 17 09 00    -5.4794044   -2.1676685  943.5580  942.5657
2021 04 26 17 10 00    -5.4854654   -2.1706667  943.5507  942.5702
2021 04 26 17 11 00    -5.4912997   -2.1735178  943.5434  942.5714
2021 04 26 17 12 00    -5.4966920   -2.1760393  943.5359  942.5678
2021 04 26 17 13 00    -5.5018624   -2.1785694  943.5284  942.5738
2021 04 26 17 14 00    -5.5070091   -2.1813590  943.5210  942.5891
2021 04 26 17 15 00    -5.5120772   -2.1841438  943.5137  942.6091
2021 04 26 17 16 00    -5.5170917   -2.1866948  943.5069  942.6215
2021 04 26 17 17 00    -5.5220059   -2.1890755  943.5007  942.6107
2021 04 26 17 18 00    -5.5267206   -2.1913864  943.4942  942.5923
2021 04 26 17 19 00    -5.5314229   -2.1937068  943.4873  942.5947
2021 04 26 17 20 00    -5.5361029   -2.1960185  943.4807  942.6047
2021 04 26 17 21 00    -5.5404553   -2.1982035  943.4742  942.5903
2021 04 26 17 22 00    -5.5446132   -2.2003035  943.4671  942.5677
2021 04 26 17 23 00    -5.5488648   -2.2024087  943.4600  942.5739
2021 04 26 17 24 00    -5.5530707   -2.2044388  943.4538  942.5902
2021 04 26 17 25 00    -5.5570028   -2.2063093  943.4479  942.5822
2021 04 26 17 26 00    -5.5606592   -2.2080794  943.4411  942.5641
2021 04 26 17 27 00    -5.5642202   -2.2099181  943.4337  942.5609
2021 04 26 17 28 00    -5.5678250   -2.2118125  943.4267  942.5667
2021 04 26 17 29 00    -5.5713480   -2.2135177  943.4201  942.5674
2021 04 26 17 30 00    -5.5746097   -2.2150599  943.4134  942.5701
2021 04 26 17 31 00    -5.5776308   -2.2166583  943.4070  942.5861
2021 04 26 17 32 00    -5.5805135   -2.2182324  943.4013  942.6046
2021 04 26 17 33 00    -5.5832388   -2.2195841  943.3956  942.6164
2021 04 26 17 34 00    -5.5858388   -2.2208027  943.3895  942.6240
2021 04 26 17 35 00    -5.5885883   -2.2221649  943.3833  942.6136
2021 04 26 17 36 00    -5.5914584   -2.2236051  943.3770  942.5780
2021 04 26 17 37 00    -5.5939576   -2.2247921  943.3703  942.5518
2021 04 26 17 38 00    -5.5959823   -2.2257936  943.3639  942.5623
2021 04 26 17 39 00    -5.5979738   -2.2268687  943.3582  942.5889
2021 04 26 17 40 00    -5.6001236   -2.2279586  943.3528  942.6054
2021 04 26 17 41 00    -5.6021737   -2.2289454  943.3472  942.6101
2021 04 26 17 42 00    -5.6039829   -2.2298272  943.3412  942.6079
2021 04 26 17 43 00    -5.6056151   -2.2305938  943.3355  942.6102
2021 04 26 17 44 00    -5.6070560   -2.2313028  943.3308  942.6292
2021 04 26 17 45 00    -5.6083652   -2.2320343  943.3266  942.6481
2021 04 26 17 46 00    -5.6096855   -2.2327636  943.3217  942.6501
2021 04 26 17 47 00    -5.6109869   -2.2334275  943.3160  942.6556
2021 04 26 17 48 00    -5.6121220   -2.2339723  943.3107  942.6682
2021 04 26 17 49 00    -5.6130301   -2.2344304  943.3063  942.6625
2021 04 26 17 50 00    -5.6137668   -2.2348926  943.3018  942.6475
2021 04 26 17 51 00    -5.6144220   -2.2352838  943.2966  942.6488
2021 04 26 17 52 00    -5.6150633   -2.2355316  943.2906  942.6553
2021 04 26 17 53 00    -5.6156915   -2.2358305  943.2847  942.6470
2021 04 26 17 54 00    -5.6162295   -2.2362048  943.2803  942.6334
2021 04 26 17 55 00    -5.6165177   -2.2362977  943.2767  942.6361
2021 04 26 17 56 00    -5.6165032   -2.2360917  943.2720  942.6510
2021 04 26 17 57 00    -5.6163850   -2.2360217  943.2661  942.6522
2021 04 26 17 58 00    -5.6163255   -2.2361896  943.2606  942.6400
2021 04 26 17 59 00    -5.6161985   -2.2362490  943.2558  942.6395
2021 04 26 18 00 00    -5.6157246   -2.2359440  943.2512  942.6518
2021 04 26 18 01 00    -5.6149413   -2.2354084  943.2470  942.6606
2021 04 26 18 02 00    -5.6142386   -2.2349866  943.2435  942.6629
2021 04 26 18 03 00    -5.6136835   -2.2347906  943.2399  942.6681
2021 04 26 18 04 00    -5.6129859   -2.2345676  943.2355  942.6829
2021 04 26 18 05 00    -5.6120814   -2.2341152  943.2308  942.6967
2021 04 26 18 06 00    -5.6110740   -2.2335649  943.2261  942.6995
2021 04 26 18 07 00    -5.6098668   -2.2329863  943.2215  942.7031
2021 04 26 18 08 00    -5.6083004   -2.2321866  943.2175  942.7198
2021 04 26 18 09 00    -5.6065341   -2.2311777  943.2143  942.7431
2021 04 26 18 10 00    -5.6049227   -2.2302831  943.2114  942.7609
2021 04 26 18 11 00    -5.6034331   -2.2296101  943.2086  942.7744
2021 04 26 18 12 00    -5.6017109   -2.2288931  943.2061  942.7886
2021 04 26 18 13 00    -5.5997804   -2.2279822  943.2036  942.7919
2021 04 26 18 14 00    -5.5978897   -2.2269616  943.2006  942.7835
2021 04 26 18 15 00    -5.5959478   -2.2258968  943.1972  942.7816
2021 04 26 18 16 00    -5.5938614   -2.2248726  943.1943  942.7843
2021 04 26 18 17 00    -5.5916708   -2.2238028  943.1915  942.7827
2021 04 26 18 18 00    -5.5892403   -2.2224994  943.1884  942.7840
2021 04 26 18 19 00    -5.5865700   -2.2211380  943.1855  942.7872
2021 04 26 18 20 00    -5.5838649   -2.2198757  943.1825  942.7887
2021 04 26 18 21 00    -5.5811670   -2.2185559  943.1791  942.7989
2021 04 26 18 22 00    -5.5783965   -2.2171410  943.1761  942.8243
2021 04 26 18 23 00    -5.5754122   -2.2156882  943.1744  942.8540
2021 04 26 18 24 00    -5.5720996   -2.2140923  943.1735  942.8686
2021 04 26 18 25 00    -5.5686955   -2.2123465  943.1717  942.8628
2021 04 26 18 26 00    -5.5655015   -2.2106876  943.1688  942.8562
2021 04 26 18 27 00    -5.5622959   -2.2091266  943.1660  942.8617
2021 04 26 18 28 00    -5.5588162   -2.2074173  943.1638  942.8680
2021 04 26 18 29 00    -5.5552337   -2.2055537  943.1616  942.8692
2021 04 26 18 30 00    -5.5516027   -2.2036643  943.1592  942.8763
2021 04 26 18 31 00    -5.5477425   -2.2017195  943.1571  942.8900
2021 04 26 18 32 00    -5.5436671   -2.1996763  943.1553  942.8958
2021 04 26 18 33 00    -5.5395657   -2.1976361  943.1538  942.8934
2021 04 26 18 34 00    -5.5354649   -2.1956659  943.1522  942.8982
2021 04 26 18 35 00    -5.5312507   -2.1936402  943.1506  942.9110
2021 04 26 18 36 00    -5.5270171   -2.1914790  943.1488  942.9205
2021 04 26 18 37 00    -5.5228343   -2.1892699  943.1471  942.9251
2021 04 26 18 38 00    -5.5184254   -2.1870668  943.1455  942.9323
2021 04 26 18 39 00    -5.5136171   -2.1847764  943.1439  942.9448
2021 04 26 18 40 00    -5.5086532   -2.1823056  943.1423  942.9523
2021 04 26 18 41 00    -5.5037857   -2.1797948  943.1407  942.9508
2021 04 26 18 42 00    -5.4988984   -2.1773925  943.1393  942.9574
2021 04 26 18 43 00    -5.4938118   -2.1749452  943.1382  942.9733
2021 04 26 18 44 00    -5.4886616   -2.1723475  943.1371  942.9765
2021 04 26 18 45 00    -5.4835639   -2.1697260  943.1358  942.9696
2021 04 26 18 46 00    -5.4783232   -2.1671077  943.1345  942.9772
2021 04 26 18 47 00    -5.4728395   -2.1644131  943.1332  942.9976
2021 04 26 18 48 00    -5.4672948   -2.1616176  943.1318  943.0148
2021 04 26 18 49 00    -5.4617390   -2.1586979  943.1307  943.0337
2021 04 26 18 50 00    -5.4560323   -2.1556890  943.1301  943.0569
2021 04 26 18 51 00    -5.4501652   -2.1527496  943.1295  943.0655
2021 04 26 18 52 00    -5.4441796   -2.1499555  943.1290  943.0637
2021 04 26 18 53 00    -5.4380678   -2.1471334  943.1290  943.0804
2021 04 26 18 54 00    -5.4319466   -2.1440971  943.1293  943.1064
2021 04 26 18 55 00    -5.4259185   -2.1409556  943.1291  943.1019
2021 04 26 18 56 00    -5.4198702   -2.1378856  943.1277  943.0698
2021 04 26 18 57 00    -5.4137291   -2.1348377  943.1259  943.0522
2021 04 26 18 58 00    -5.4075190   -2.1316891  943.1248  943.0662
2021 04 26 18 59 00    -5.4010969   -2.1283450  943.1245  943.0899
2021 04 26 19 00 00    -5.3944347   -2.1248330  943.1245  943.0973
2021 04 26 19 01 00    -5.3878515   -2.1214430  943.1240  943.0892
2021 04 26 19 02 00    -5.3814153   -2.1183288  943.1231  943.0856
2021 04 26 19 03 00    -5.3747788   -2.1151718  943.1224  943.0912
2021 04 26 19 04 00    -5.3678644   -2.1117100  943.1217  943.0954
2021 04 26 19 05 00    -5.3609063   -2.1081264  943.1207  943.1051
2021 04 26 19 06 00    -5.3538917   -2.1046381  943.1202  943.1285
2021 04 26 19 07 00    -5.3466970   -2.1011903  943.1201  943.1349
2021 04 26 19 08 00    -5.3394736   -2.0976203  943.1199  943.1154
2021 04 26 19 09 00    -5.3322996   -2.0938788  943.1194  943.1175
2021 04 26 19 10 00    -5.3249989   -2.0901449  943.1188  943.1410
2021 04 26 19 11 00    -5.3175635   -2.0865622  943.1187  943.1403
2021 04 26 19 12 00    -5.3100901   -2.0829163  943.1189  943.1279
2021 04 26 19 13 00    -5.3025998   -2.0791001  943.1186  943.1284
2021 04 26 19 14 00    -5.2951447   -2.0753416  943.1177  943.1196
2021 04 26 19 15 00    -5.2876121   -2.0716401  943.1164  943.1017
2021 04 26 19 16 00    -5.2798647   -2.0678571  943.1154  943.1040
2021 04 26 19 17 00    -5.2720415   -2.0639739  943.1148  943.1156
2021 04 26 19 18 00    -5.2641913   -2.0599219  943.1142  943.1150
2021 04 26 19 19 00    -5.2562471   -2.0558662  943.1136  943.1142
2021 04 26 19 20 00    -5.2483529   -2.0520412  943.1130  943.1220
2021 04 26 19 21 00    -5.2405152   -2.0481564  943.1122  943.1208
2021 04 26 19 22 00    -5.2324824   -2.0439896  943.1111  943.0946
2021 04 26 19 23 00    -5.2242143   -2.0398333  943.1102  943.0670
2021 04 26 19 24 00    -5.2158459   -2.0357303  943.1095  943.0756
2021 04 26 19 25 00    -5.2074060   -2.0314259  943.1082  943.1069
2021 04 26 19 26 00    -5.1989050   -2.0270355  943.1063  943.1238
2021 04 26 19 27 00    -5.1902789   -2.0227604  943.1046  943.1349
2021 04 26 19 28 00    -5.1814064   -2.0184678  943.1042  943.1552
2021 04 26 19 29 00    -5.1725050   -2.0140549  943.1050  943.1641
2021 04 26 19 30 00    -5.1638959   -2.0096145  943.1058  943.1601
2021 04 26 19 31 00    -5.1554690   -2.0052506  943.1057  943.1677
2021 04 26 19 32 00    -5.1468692   -2.0009500  943.1051  943.1795
2021 04 26 19 33 00    -5.1379450   -1.9965767  943.1046  943.1802
2021 04 26 19 34 00    -5.1288684   -1.9920931  943.1042  943.1852
2021 04 26 19 35 00    -5.1197489   -1.9875354  943.1041  943.2037
2021 04 26 19 36 00    -5.1105118   -1.9829218  943.1043  943.2212
2021 04 26 19 37 00    -5.1013494   -1.9783871  943.1040  943.2246
2021 04 26 19 38 00    -5.0924450   -1.9739228  943.1035  943.2172
2021 04 26 19 39 00    -5.0834387   -1.9692999  943.1030  943.2121
2021 04 26 19 40 00    -5.0741630   -1.9646176  943.1026  943.2124
2021 04 26 19 41 00    -5.0650005   -1.9601350  943.1027  943.2118
2021 04 26 19 42 00    -5.0558290   -1.9555939  943.1031  943.2135
2021 04 26 19 43 00    -5.0462630   -1.9507119  943.1028  943.2198
2021 04 26 19 44 00    -5.0367007   -1.9458360  943.1021  943.2218
2021 04 26 19 45 00    -5.0274842   -1.9412194  943.1022  943.2189
2021 04 26 19 46 00    -5.0182578   -1.9366262  943.1026  943.2201
2021 04 26 19 47 00    -5.0088080   -1.9319426  943.1025  943.2166
2021 04 26 19 48 00    -4.9992326   -1.9271887  943.1016  943.1928
2021 04 26 19 49 00    -4.9896409   -1.9223564  943.0999  943.1646
2021 04 26 19 50 00    -4.9802039   -1.9176243  943.0984  943.1558
2021 04 26 19 51 00    -4.9708503   -1.9130330  943.0971  943.1585
2021 04 26 19 52 00    -4.9611877   -1.9082501  943.0955  943.1539
2021 04 26 19 53 00    -4.9511807   -1.9031515  943.0937  943.1438
2021 04 26 19 54 00    -4.9412387   -1.8980639  943.0923  943.1452
2021 04 26 19 55 00    -4.9314590   -1.8932080  943.0916  943.1673
2021 04 26 19 56 00    -4.9215289   -1.8883497  943.0911  943.1928
2021 04 26 19 57 00    -4.9114141   -1.8832649  943.0901  943.1972
2021 04 26 19 58 00    -4.9014364   -1.8781923  943.0884  943.1850
2021 04 26 19 59 00    -4.8916489   -1.8733187  943.0868  943.1771
2021 04 26 20 00 00    -4.8818027   -1.8683682  943.0856  943.1749
2021 04 26 20 01 00    -4.8717900   -1.8631551  943.0849  943.1768
2021 04 26 20 02 00    -4.8615984   -1.8578049  943.0846  943.1903
2021 04 26 20 03 00    -4.8512836   -1.8524967  943.0841  943.1976
2021 04 26 20 04 00    -4.8411075   -1.8474867  943.0829  943.1818
2021 04 26 20 05 00    -4.8311481   -1.8427521  943.0812  943.1762
2021 04 26 20 06 00    -4.8210582   -1.8377790  943.0797  943.2028
2021 04 26 20 07 00    -4.8107255   -1.8324954  943.0788  943.2167
2021 04 26 20 08 00    -4.8005774   -1.8274734  943.0783  943.1898
2021 04 26 20 09 00    -4.7906516   -1.8227358  943.0778  943.1662
2021 04 26 20 10 00    -4.7804425   -1.8177422  943.0767  943.1802
2021 04 26 20 11 00    -4.7699581   -1.8124168  943.0751  943.2006
2021 04 26 20 12 00    -4.7596949   -1.8071701  943.0737  943.1886
2021 04 26 20 13 00    -4.7497675   -1.8022316  943.0727  943.1609
2021 04 26 20 14 00    -4.7397447   -1.7972576  943.0716  943.1571
2021 04 26 20 15 00    -4.7293365   -1.7919414  943.0700  943.1695
2021 04 26 20 16 00    -4.7188835   -1.7866600  943.0685  943.1599
2021 04 26 20 17 00    -4.7087098   -1.7816695  943.0667  943.1292
2021 04 26 20 18 00    -4.6985580   -1.7765771  943.0641  943.1086
2021 04 26 20 19 00    -4.6881480   -1.7712007  943.0614  943.1011
2021 04 26 20 20 00    -4.6776757   -1.7659444  943.0593  943.0921
2021 04 26 20 21 00    -4.6674195   -1.7610012  943.0570  943.0788
2021 04 26 20 22 00    -4.6573669   -1.7560572  943.0541  943.0633
2021 04 26 20 23 00    -4.6473306   -1.7509332  943.0508  943.0530
2021 04 26 20 24 00    -4.6370594   -1.7456919  943.0475  943.0486
2021 04 26 20 25 00    -4.6264741   -1.7403954  943.0446  943.0413
2021 04 26 20 26 00    -4.6158396   -1.7351469  943.0421  943.0472
2021 04 26 20 27 00    -4.6053475   -1.7299332  943.0399  943.0769
2021 04 26 20 28 00    -4.5948839   -1.7246775  943.0375  943.0879
2021 04 26 20 29 00    -4.5844158   -1.7194335  943.0350  943.0644
2021 04 26 20 30 00    -4.5739709   -1.7141504  943.0322  943.0530
2021 04 26 20 31 00    -4.5634730   -1.7087660  943.0295  943.0538
2021 04 26 20 32 00    -4.5530698   -1.7034749  943.0268  943.0294
2021 04 26 20 33 00    -4.5428963   -1.6983800  943.0238  943.0076
2021 04 26 20 34 00    -4.5326817   -1.6933348  943.0207  943.0178
2021 04 26 20 35 00    -4.5222005   -1.6882112  943.0177  943.0176
2021 04 26 20 36 00    -4.5116301   -1.6830040  943.0142  942.9893
2021 04 26 20 37 00    -4.5012216   -1.6778183  943.0102  942.9804
2021 04 26 20 38 00    -4.4909251   -1.6726544  943.0065  942.9975
2021 04 26 20 39 00    -4.4806519   -1.6674063  943.0030  942.9931
2021 04 26 20 40 00    -4.4704863   -1.6621830  942.9993  942.9656
2021 04 26 20 41 00    -4.4603133   -1.6571145  942.9950  942.9572
2021 04 26 20 42 00    -4.4499181   -1.6520618  942.9908  942.9646
2021 04 26 20 43 00    -4.4393918   -1.6468786  942.9871  942.9542
2021 04 26 20 44 00    -4.4289585   -1.6416404  942.9838  942.9352
2021 04 26 20 45 00    -4.4186239   -1.6364429  942.9805  942.9399
2021 04 26 20 46 00    -4.4082394   -1.6311827  942.9775  942.9669
2021 04 26 20 47 00    -4.3978575   -1.6258484  942.9745  942.9816
2021 04 26 20 48 00    -4.3876513   -1.6207304  942.9713  942.9651
2021 04 26 20 49 00    -4.3774983   -1.6158539  942.9679  942.9419
2021 04 26 20 50 00    -4.3671919   -1.6108322  942.9642  942.9376
2021 04 26 20 51 00    -4.3569164   -1.6056021  942.9605  942.9411
2021 04 26 20 52 00    -4.3468678   -1.6004503  942.9573  942.9383
2021 04 26 20 53 00    -4.3367825   -1.5953290  942.9542  942.9293
2021 04 26 20 54 00    -4.3264816   -1.5900448  942.9501  942.9123
2021 04 26 20 55 00    -4.3162795   -1.5848812  942.9454  942.9024
2021 04 26 20 56 00    -4.3063289   -1.5800575  942.9417  942.9176
2021 04 26 20 57 00    -4.2963316   -1.5751688  942.9388  942.9315
2021 04 26 20 58 00    -4.2862193   -1.5700278  942.9353  942.9218
2021 04 26 20 59 00    -4.2761887   -1.5648850  942.9317  942.9175
2021 04 26 21 00 00    -4.2661587   -1.5597224  942.9288  942.9346
2021 04 26 21 01 00    -4.2560758   -1.5546001  942.9261  942.9416
2021 04 26 21 02 00    -4.2461911   -1.5498023  942.9228  942.9190
2021 04 26 21 03 00    -4.2365339   -1.5451104  942.9193  942.8915
2021 04 26 21 04 00    -4.2268326   -1.5401491  942.9156  942.8825
2021 04 26 21 05 00    -4.2170455   -1.5351269  942.9115  942.8804
2021 04 26 21 06 00    -4.2073514   -1.5303481  942.9076  942.8711
2021 04 26 21 07 00    -4.1977459   -1.5256593  942.9043  942.8545
2021 04 26 21 08 00    -4.1881016   -1.5208485  942.9006  942.8258
2021 04 26 21 09 00    -4.1784396   -1.5160323  942.8958  942.8015
2021 04 26 21 10 00    -4.1689229   -1.5113809  942.8905  942.8131
2021 04 26 21 11 00    -4.1595870   -1.5067515  942.8857  942.8279
2021 04 26 21 12 00    -4.1501399   -1.5018896  942.8816  942.7994
2021 04 26 21 13 00    -4.1404076   -1.4968915  942.8773  942.7587
2021 04 26 21 14 00    -4.1307819   -1.4920927  942.8725  942.7411
2021 04 26 21 15 00    -4.1215921   -1.4875797  942.8678  942.7362
2021 04 26 21 16 00    -4.1125670   -1.4831610  942.8635  942.7311
2021 04 26 21 17 00    -4.1034231   -1.4786870  942.8586  942.7169
2021 04 26 21 18 00    -4.0941662   -1.4740279  942.8532  942.6997
2021 04 26 21 19 00    -4.0848356   -1.4691185  942.8480  942.6951
2021 04 26 21 20 00    -4.0756305   -1.4643766  942.8435  942.6887
2021 04 26 21 21 00    -4.0666630   -1.4601379  942.8391  942.6628
2021 04 26 21 22 00    -4.0576573   -1.4558811  942.8338  942.6369
2021 04 26 21 23 00    -4.0486262   -1.4512750  942.8279  942.6316
2021 04 26 21 24 00    -4.0397891   -1.4467308  942.8219  942.6342
2021 04 26 21 25 00    -4.0308865   -1.4423354  942.8163  942.6279
2021 04 26 21 26 00    -4.0218995   -1.4378949  942.8106  942.6151
2021 04 26 21 27 00    -4.0132027   -1.4334461  942.8052  942.6021
2021 04 26 21 28 00    -4.0046294   -1.4290388  942.8002  942.5899
2021 04 26 21 29 00    -3.9958757   -1.4247016  942.7947  942.5807
2021 04 26 21 30 00    -3.9870727   -1.4203347  942.7886  942.5738
2021 04 26 21 31 00    -3.9783851   -1.4158452  942.7826  942.5639
2021 04 26 21 32 00    -3.9698418   -1.4114420  942.7770  942.5556
2021 04 26 21 33 00    -3.9613686   -1.4072259  942.7713  942.5596
2021 04 26 21 34 00    -3.9528344   -1.4030213  942.7657  942.5667
2021 04 26 21 35 00    -3.9442987   -1.3988069  942.7607  942.5623
2021 04 26 21 36 00    -3.9359538   -1.3947438  942.7554  942.5582
2021 04 26 21 37 00    -3.9277322   -1.3907828  942.7494  942.5717
2021 04 26 21 38 00    -3.9193760   -1.3866147  942.7440  942.5978
2021 04 26 21 39 00    -3.9109010   -1.3821473  942.7400  942.6222
2021 04 26 21 40 00    -3.9025183   -1.3777067  942.7368  942.6344
2021 04 26 21 41 00    -3.8943143   -1.3735878  942.7330  942.6336
2021 04 26 21 42 00    -3.8863229   -1.3697249  942.7284  942.6287
2021 04 26 21 43 00    -3.8784783   -1.3658545  942.7239  942.6203
2021 04 26 21 44 00    -3.8705731   -1.3618629  942.7195  942.6064
2021 04 26 21 45 00    -3.8626795   -1.3578918  942.7149  942.5987
2021 04 26 21 46 00    -3.8550930   -1.3540625  942.7103  942.5995
2021 04 26 21 47 00    -3.8476876   -1.3503551  942.7062  942.5959
2021 04 26 21 48 00    -3.8401952   -1.3467080  942.7018  942.5879
2021 04 26 21 49 00    -3.8327307   -1.3430107  942.6961  942.5708
2021 04 26 21 50 00    -3.8253426   -1.3392355  942.6902  942.5281
2021 04 26 21 51 00    -3.8179474   -1.3355106  942.6854  942.4834
2021 04 26 21 52 00    -3.8106703   -1.3319035  942.6809  942.4791
2021 04 26 21 53 00    -3.8036311   -1.3284205  942.6757  942.5013
2021 04 26 21 54 00    -3.7967356   -1.3250386  942.6701  942.5040
2021 04 26 21 55 00    -3.7897217   -1.3215563  942.6648  942.4825
2021 04 26 21 56 00    -3.7825340   -1.3179002  942.6602  942.4685
2021 04 26 21 57 00    -3.7754915   -1.3143355  942.6559  942.4729
2021 04 26 21 58 00    -3.7687091   -1.3109368  942.6513  942.4723
2021 04 26 21 59 00    -3.7619480   -1.3075122  942.6458  942.4560
2021 04 26 22 00 00    -3.7551623   -1.3040855  942.6397  942.4453
2021 04 26 22 01 00    -3.7485378   -1.3007793  942.6345  942.4548
2021 04 26 22 02 00    -3.7420028   -1.2975175  942.6304  942.4727
2021 04 26 22 03 00    -3.7353801   -1.2941828  942.6262  942.4809
2021 04 26 22 04 00    -3.7288228   -1.2908028  942.6208  942.4748
2021 04 26 22 05 00    -3.7224747   -1.2875022  942.6148  942.4659
2021 04 26 22 06 00    -3.7162433   -1.2843135  942.6095  942.4637
2021 04 26 22 07 00    -3.7100560   -1.2811366  942.6052  942.4650
2021 04 26 22 08 00    -3.7039025   -1.2780096  942.6016  942.4667
2021 04 26 22 09 00    -3.6978180   -1.2750823  942.5980  942.4719
2021 04 26 22 10 00    -3.6918414   -1.2722392  942.5933  942.4777
2021 04 26 22 11 00    -3.6859685   -1.2693069  942.5879  942.4739
2021 04 26 22 12 00    -3.6802251   -1.2663969  942.5829  942.4619
2021 04 26 22 13 00    -3.6746125   -1.2636110  942.5783  942.4551
2021 04 26 22 14 00    -3.6690529   -1.2608747  942.5739  942.4539
2021 04 26 22 15 00    -3.6635572   -1.2581371  942.5701  942.4445
2021 04 26 22 16 00    -3.6582182   -1.2554441  942.5665  942.4262
2021 04 26 22 17 00    -3.6529896   -1.2528410  942.5623  942.4154
2021 04 26 22 18 00    -3.6477660   -1.2502733  942.5571  942.4157
2021 04 26 22 19 00    -3.6426078   -1.2477263  942.5512  942.4100
2021 04 26 22 20 00    -3.6376722   -1.2452724  942.5454  942.3995
2021 04 26 22 21 00    -3.6328609   -1.2428490  942.5405  942.4015
2021 04 26 22 22 00    -3.6278525   -1.2403526  942.5364  942.4053
2021 04 26 22 23 00    -3.6227764   -1.2378675  942.5321  942.3914
2021 04 26 22 24 00    -3.6180372   -1.2354785  942.5269  942.3722
2021 04 26 22 25 00    -3.6135367   -1.2331657  942.5215  942.3643
2021 04 26 22 26 00    -3.6090892   -1.2309698  942.5164  942.3665
2021 04 26 22 27 00    -3.6045572   -1.2287403  942.5116  942.3782
2021 04 26 22 28 00    -3.5997744   -1.2262830  942.5069  942.3897
2021 04 26 22 29 00    -3.5953149   -1.2239419  942.5022  942.3798
2021 04 26 22 30 00    -3.5915278   -1.2219600  942.4974  942.3576
2021 04 26 22 31 00    -3.5876244   -1.2200047  942.4927  942.3571
2021 04 26 22 32 00    -3.5832462   -1.2178677  942.4881  942.3742
2021 04 26 22 33 00    -3.5790246   -1.2157576  942.4837  942.3771
2021 04 26 22 34 00    -3.5753512   -1.2139377  942.4795  942.3662
2021 04 26 22 35 00    -3.5719255   -1.2122761  942.4754  942.3589
2021 04 26 22 36 00    -3.5683873   -1.2104555  942.4712  942.3519
2021 04 26 22 37 00    -3.5647977   -1.2085866  942.4663  942.3365
2021 04 26 22 38 00    -3.5613962   -1.2069464  942.4608  942.3193
2021 04 26 22 39 00    -3.5580760   -1.2054233  942.4556  942.3145
2021 04 26 22 40 00    -3.5546398   -1.2037770  942.4509  942.3226
2021 04 26 22 41 00    -3.5513564   -1.2020552  942.4465  942.3250
2021 04 26 22 42 00    -3.5484450   -1.2004674  942.4418  942.3110
2021 04 26 22 43 00    -3.5456472   -1.1990818  942.4370  942.2937
2021 04 26 22 44 00    -3.5428207   -1.1977630  942.4325  942.2914
2021 04 26 22 45 00    -3.5401209   -1.1964221  942.4285  942.2961
2021 04 26 22 46 00    -3.5375458   -1.1951461  942.4242  942.2807
2021 04 26 22 47 00    -3.5350849   -1.1940184  942.4188  942.2514
2021 04 26 22 48 00    -3.5328496   -1.1929920  942.4126  942.2374
2021 04 26 22 49 00    -3.5306105   -1.1918652  942.4069  942.2333
2021 04 26 22 50 00    -3.5281944   -1.1905197  942.4019  942.2238
2021 04 26 22 51 00    -3.5258784   -1.1891807  942.3969  942.2180
2021 04 26 22 52 00    -3.5237192   -1.1881156  942.3917  942.2131
2021 04 26 22 53 00    -3.5216547   -1.1872788  942.3859  942.1934
2021 04 26 22 54 00    -3.5198794   -1.1864489  942.3797  942.1733
2021 04 26 22 55 00    -3.5183213   -1.1855584  942.3740  942.1723
2021 04 26 22 56 00    -3.5167400   -1.1847078  942.3686  942.1718
2021 04 26 22 57 00    -3.5151402   -1.1838918  942.3628  942.1556
2021 04 26 22 58 00    -3.5135247   -1.1830753  942.3571  942.1387
2021 04 26 22 59 00    -3.5119740   -1.1823398  942.3517  942.1350
2021 04 26 23 00 00    -3.5106612   -1.1816661  942.3461  942.1387
2021 04 26 23 01 00    -3.5095159   -1.1809913  942.3402  942.1345
2021 04 26 23 02 00    -3.5084679   -1.1804242  942.3346  942.1205
2021 04 26 23 03 00    -3.5075597   -1.1800340  942.3295  942.1170
2021 04 26 23 04 00    -3.5066953   -1.1797066  942.3245  942.1266
2021 04 26 23 05 00    -3.5058554   -1.1793599  942.3190  942.1214
2021 04 26 23 06 00    -3.5052446   -1.1790416  942.3128  942.0919
2021 04 26 23 07 00    -3.5048996   -1.1788328  942.3061  942.0610
2021 04 26 23 08 00    -3.5045329   -1.1786899  942.2995  942.0457
2021 04 26 23 09 00    -3.5040158   -1.1784618  942.2932  942.0411
2021 04 26 23 10 00    -3.5036145   -1.1782377  942.2873  942.0356
2021 04 26 23 11 00    -3.5034793   -1.1782644  942.2816  942.0224
2021 04 26 23 12 00    -3.5034575   -1.1784311  942.2756  942.0064
2021 04 26 23 13 00    -3.5035297   -1.1784698  942.2694  941.9966
2021 04 26 23 14 00    -3.5037923   -1.1784972  942.2635  941.9890
2021 04 26 23 15 00    -3.5041603   -1.1786802  942.2578  941.9710
2021 04 26 23 16 00    -3.5045664   -1.1788797  942.2515  941.9475
2021 04 26 23 17 00    -3.5050568   -1.1790493  942.2444  941.9348
2021 04 26 23 18 00    -3.5055612   -1.1792630  942.2372  941.9344
2021 04 26 23 19 00    -3.5060506   -1.1794903  942.2305  941.9367
2021 04 26 23 20 00    -3.5066922   -1.1797608  942.2242  941.9352
2021 04 26 23 21 00    -3.5075095   -1.1801386  942.2184  941.9307
2021 04 26 23 22 00    -3.5083508   -1.1805685  942.2127  941.9295
2021 04 26 23 23 00    -3.5092581   -1.1809775  942.2067  941.9307
2021 04 26 23 24 00    -3.5103054   -1.1814170  942.2004  941.9253
2021 04 26 23 25 00    -3.5114305   -1.1819883  942.1941  941.9119
2021 04 26 23 26 00    -3.5128033   -1.1827055  942.1885  941.8980
2021 04 26 23 27 00    -3.5145580   -1.1835798  942.1833  941.8865
2021 04 26 23 28 00    -3.5163123   -1.1845567  942.1778  941.8744
2021 04 26 23 29 00    -3.5177877   -1.1854226  942.1715  941.8647
2021 04 26 23 30 00    -3.5193130   -1.1861749  942.1645  941.8610
2021 04 26 23 31 00    -3.5211613   -1.1869971  942.1572  941.8542
2021 04 26 23 32 00    -3.5231522   -1.1878714  942.1505  941.8396
2021 04 26 23 33 00    -3.5251878   -1.1888350  942.1446  941.8313
2021 04 26 23 34 00    -3.5274239   -1.1900760  942.1386  941.8320
2021 04 26 23 35 00    -3.5298423   -1.1914798  942.1323  941.8281
2021 04 26 23 36 00    -3.5321815   -1.1926885  942.1260  941.8204
2021 04 26 23 37 00    -3.5343969   -1.1936588  942.1201  941.8132
2021 04 26 23 38 00    -3.5367823   -1.1947214  942.1141  941.7965
2021 04 26 23 39 00    -3.5394851   -1.1960738  942.1077  941.7758
2021 04 26 23 40 00    -3.5423724   -1.1975972  942.1011  941.7692
2021 04 26 23 41 00    -3.5453158   -1.1991740  942.0945  941.7609
2021 04 26 23 42 00    -3.5482927   -1.2008068  942.0879  941.7280
2021 04 26 23 43 00    -3.5513681   -1.2023866  942.0808  941.6923
2021 04 26 23 44 00    -3.5545615   -1.2037688  942.0730  941.6745
2021 04 26 23 45 00    -3.5577467   -1.2051125  942.0651  941.6630
2021 04 26 23 46 00    -3.5608558   -1.2066855  942.0575  941.6529
2021 04 26 23 47 00    -3.5640667   -1.2084893  942.0506  941.6458
2021 04 26 23 48 00    -3.5675940   -1.2103738  942.0442  941.6335
2021 04 26 23 49 00    -3.5714267   -1.2122754  942.0378  941.6200
2021 04 26 23 50 00    -3.5754080   -1.2142170  942.0309  941.6146
2021 04 26 23 51 00    -3.5793797   -1.2161978  942.0236  941.6085
2021 04 26 23 52 00    -3.5832862   -1.2181767  942.0160  941.5948
2021 04 26 23 53 00    -3.5872240   -1.2201736  942.0084  941.5815
2021 04 26 23 54 00    -3.5913142   -1.2222697  942.0013  941.5727
2021 04 26 23 55 00    -3.5955801   -1.2244536  941.9944  941.5669
2021 04 26 23 56 00    -3.5999153   -1.2266321  941.9873  941.5573
2021 04 26 23 57 00    -3.6041991   -1.2287741  941.9798  941.5385
2021 04 26 23 58 00    -3.6084778   -1.2308974  941.9725  941.5224
2021 04 26 23 59 00    -3.6129304   -1.2330398  941.9657  941.5190
