[TSF-file]     v01.0

[TIMEFORMAT]   DATETIME
[INCREMENT]    60
[CHANNELS]
    BF:SG056:G1-F60 
    BF:SG056:G2-F60 
    BF:SG056:Br1-F60
    BF:SG056:Br2-F60
[UNITS]
    Volt
    Volt
    mbar
    mbar
[UNDETVAL]                      9999.999
[PHASE_LAG_1_DEG_CPD]           0.0402
[PHASE_LAG_1_DEG_CPD_ERROR]     0.0002
[N_LATITUDE_DEG]                48.3294
[N_LATITUDE_DEG_ERROR]          0.0001
[E_LONGITUDE_DEG]               008.3284
[E_LONGITUDE_DEG_ERROR]         0.0001
[HEIGHT_M_1]                    589.20
[HEIGHT_M_1_ERROR]              0.01
[GRAVITY_CAL_1_UGAL_V]          -40.1100
[GRAVITY_CAL_1_UGAL_V_ERROR]    0.0300
[PRESSURE_CAL_MBAR_V]           1.0000
[PRESSURE_CAL_MBAR_V_ERROR]     0.0001
[AUTHOR]                        Thomas Forbriger@kit.edu
[PHASE_LAG_2_DEG_CPD]           0.0402
[PHASE_LAG_2_DEG_CPD_ERROR]     0.0002
[HEIGHT_M_2]                    589.40
[HEIGHT_M_2_ERROR]              0.01
[GRAVITY_CAL_2_UGAL_V]          -80.0699
[GRAVITY_CAL_2_UGAL_V_ERROR]    0.0600
[PRESSURE_ADMIT_HPA_NMS2]       -3.4000
[PRESSURE_MEAN_HPA]             0980.0
[COMMENT]                           
software upgrade and FitPC2 replacement on 29. July 2019



Date           Time     G1-F60        G2-F60        Br1-F60       Br2-F60      
[DATA]
2021 04 14 00 00 00    -3.3641178   -1.1036366  958.3329  958.9931
2021 04 14 00 01 00    -3.3632239   -1.1030978  958.3292  958.9841
2021 04 14 00 02 00    -3.3625027   -1.1027692  958.3248  958.9706
2021 04 14 00 03 00    -3.3618477   -1.1025438  958.3205  958.9605
2021 04 14 00 04 00    -3.3613003   -1.1023168  958.3169  958.9564
2021 04 14 00 05 00    -3.3608639   -1.1021409  958.3134  958.9506
2021 04 14 00 06 00    -3.3603859   -1.1018915  958.3094  958.9417
2021 04 14 00 07 00    -3.3597476   -1.1014873  958.3055  958.9367
2021 04 14 00 08 00    -3.3591797   -1.1012118  958.3017  958.9360
2021 04 14 00 09 00    -3.3589955   -1.1011879  958.2979  958.9305
2021 04 14 00 10 00    -3.3590163   -1.1011911  958.2944  958.9181
2021 04 14 00 11 00    -3.3589359   -1.1011394  958.2912  958.9103
2021 04 14 00 12 00    -3.3588190   -1.1011162  958.2881  958.9072
2021 04 14 00 13 00    -3.3587439   -1.1010765  958.2851  958.8986
2021 04 14 00 14 00    -3.3587212   -1.1009920  958.2821  958.8911
2021 04 14 00 15 00    -3.3589099   -1.1010248  958.2786  958.8940
2021 04 14 00 16 00    -3.3592119   -1.1011765  958.2747  958.8975
2021 04 14 00 17 00    -3.3593460   -1.1012608  958.2712  958.8926
2021 04 14 00 18 00    -3.3595221   -1.1013897  958.2679  958.8813
2021 04 14 00 19 00    -3.3600367   -1.1017407  958.2642  958.8693
2021 04 14 00 20 00    -3.3606396   -1.1020858  958.2604  958.8605
2021 04 14 00 21 00    -3.3611122   -1.1022419  958.2570  958.8518
2021 04 14 00 22 00    -3.3616473   -1.1024240  958.2536  958.8435
2021 04 14 00 23 00    -3.3623540   -1.1027660  958.2499  958.8424
2021 04 14 00 24 00    -3.3631875   -1.1031397  958.2465  958.8437
2021 04 14 00 25 00    -3.3640977   -1.1035210  958.2429  958.8397
2021 04 14 00 26 00    -3.3649652   -1.1039915  958.2395  958.8376
2021 04 14 00 27 00    -3.3658691   -1.1045221  958.2373  958.8381
2021 04 14 00 28 00    -3.3670179   -1.1050607  958.2356  958.8340
2021 04 14 00 29 00    -3.3682686   -1.1055821  958.2327  958.8305
2021 04 14 00 30 00    -3.3693427   -1.1060668  958.2285  958.8296
2021 04 14 00 31 00    -3.3703776   -1.1066375  958.2244  958.8229
2021 04 14 00 32 00    -3.3717399   -1.1073966  958.2207  958.8117
2021 04 14 00 33 00    -3.3733280   -1.1081591  958.2173  958.8039
2021 04 14 00 34 00    -3.3747417   -1.1088257  958.2141  958.7970
2021 04 14 00 35 00    -3.3761301   -1.1096396  958.2109  958.7849
2021 04 14 00 36 00    -3.3779044   -1.1106966  958.2075  958.7765
2021 04 14 00 37 00    -3.3798699   -1.1117396  958.2039  958.7790
2021 04 14 00 38 00    -3.3815887   -1.1125530  958.2003  958.7763
2021 04 14 00 39 00    -3.3831385   -1.1132199  958.1966  958.7617
2021 04 14 00 40 00    -3.3848742   -1.1140125  958.1927  958.7528
2021 04 14 00 41 00    -3.3868882   -1.1150530  958.1890  958.7500
2021 04 14 00 42 00    -3.3890189   -1.1161437  958.1856  958.7374
2021 04 14 00 43 00    -3.3911645   -1.1170915  958.1824  958.7210
2021 04 14 00 44 00    -3.3933506   -1.1180848  958.1791  958.7173
2021 04 14 00 45 00    -3.3955829   -1.1193704  958.1755  958.7197
2021 04 14 00 46 00    -3.3978894   -1.1207284  958.1719  958.7150
2021 04 14 00 47 00    -3.4003423   -1.1219335  958.1682  958.7074
2021 04 14 00 48 00    -3.4028803   -1.1231692  958.1643  958.7046
2021 04 14 00 49 00    -3.4053373   -1.1244530  958.1604  958.6980
2021 04 14 00 50 00    -3.4077464   -1.1256042  958.1571  958.6807
2021 04 14 00 51 00    -3.4103173   -1.1267518  958.1541  958.6697
2021 04 14 00 52 00    -3.4131219   -1.1281254  958.1506  958.6699
2021 04 14 00 53 00    -3.4160976   -1.1296761  958.1461  958.6587
2021 04 14 00 54 00    -3.4190869   -1.1312167  958.1412  958.6354
2021 04 14 00 55 00    -3.4219532   -1.1327129  958.1369  958.6202
2021 04 14 00 56 00    -3.4248505   -1.1342300  958.1335  958.6142
2021 04 14 00 57 00    -3.4279144   -1.1357246  958.1294  958.6061
2021 04 14 00 58 00    -3.4310447   -1.1372235  958.1242  958.5931
2021 04 14 00 59 00    -3.4342737   -1.1389245  958.1191  958.5799
2021 04 14 01 00 00    -3.4376155   -1.1407317  958.1148  958.5691
2021 04 14 01 01 00    -3.4409076   -1.1423150  958.1102  958.5551
2021 04 14 01 02 00    -3.4441930   -1.1437991  958.1049  958.5345
2021 04 14 01 03 00    -3.4476216   -1.1455110  958.0995  958.5151
2021 04 14 01 04 00    -3.4511916   -1.1473252  958.0946  958.5031
2021 04 14 01 05 00    -3.4548480   -1.1490574  958.0903  958.4981
2021 04 14 01 06 00    -3.4585659   -1.1509091  958.0860  958.4968
2021 04 14 01 07 00    -3.4623768   -1.1529751  958.0816  958.4924
2021 04 14 01 08 00    -3.4662287   -1.1549253  958.0772  958.4859
2021 04 14 01 09 00    -3.4699607   -1.1566432  958.0728  958.4830
2021 04 14 01 10 00    -3.4736208   -1.1584834  958.0681  958.4776
2021 04 14 01 11 00    -3.4774339   -1.1605333  958.0628  958.4672
2021 04 14 01 12 00    -3.4814322   -1.1625260  958.0574  958.4591
2021 04 14 01 13 00    -3.4855077   -1.1644342  958.0526  958.4501
2021 04 14 01 14 00    -3.4896310   -1.1664069  958.0483  958.4400
2021 04 14 01 15 00    -3.4937798   -1.1685082  958.0440  958.4367
2021 04 14 01 16 00    -3.4978968   -1.1706865  958.0397  958.4329
2021 04 14 01 17 00    -3.5020216   -1.1728240  958.0357  958.4231
2021 04 14 01 18 00    -3.5063152   -1.1749424  958.0315  958.4141
2021 04 14 01 19 00    -3.5108300   -1.1771491  958.0270  958.4069
2021 04 14 01 20 00    -3.5154015   -1.1794471  958.0226  958.4004
2021 04 14 01 21 00    -3.5198894   -1.1817566  958.0181  958.3939
2021 04 14 01 22 00    -3.5243032   -1.1839713  958.0132  958.3857
2021 04 14 01 23 00    -3.5287371   -1.1861466  958.0082  958.3799
2021 04 14 01 24 00    -3.5333314   -1.1884925  958.0035  958.3761
2021 04 14 01 25 00    -3.5381477   -1.1909786  957.9992  958.3693
2021 04 14 01 26 00    -3.5430544   -1.1933692  957.9949  958.3576
2021 04 14 01 27 00    -3.5478751   -1.1956197  957.9902  958.3463
2021 04 14 01 28 00    -3.5526445   -1.1978880  957.9850  958.3444
2021 04 14 01 29 00    -3.5575136   -1.2003319  957.9804  958.3433
2021 04 14 01 30 00    -3.5625197   -1.2029657  957.9763  958.3343
2021 04 14 01 31 00    -3.5675994   -1.2056068  957.9723  958.3331
2021 04 14 01 32 00    -3.5726909   -1.2081389  957.9683  958.3418
2021 04 14 01 33 00    -3.5778330   -1.2107250  957.9648  958.3424
2021 04 14 01 34 00    -3.5830084   -1.2134534  957.9614  958.3391
2021 04 14 01 35 00    -3.5880940   -1.2161246  957.9578  958.3445
2021 04 14 01 36 00    -3.5931838   -1.2186402  957.9544  958.3545
2021 04 14 01 37 00    -3.5984171   -1.2211158  957.9507  958.3588
2021 04 14 01 38 00    -3.6037217   -1.2236360  957.9467  958.3526
2021 04 14 01 39 00    -3.6090757   -1.2262670  957.9432  958.3456
2021 04 14 01 40 00    -3.6145247   -1.2290419  957.9398  958.3454
2021 04 14 01 41 00    -3.6200181   -1.2318487  957.9361  958.3396
2021 04 14 01 42 00    -3.6255282   -1.2346030  957.9325  958.3280
2021 04 14 01 43 00    -3.6311201   -1.2373919  957.9297  958.3250
2021 04 14 01 44 00    -3.6367985   -1.2402850  957.9271  958.3252
2021 04 14 01 45 00    -3.6424956   -1.2432245  957.9240  958.3219
2021 04 14 01 46 00    -3.6481863   -1.2461644  957.9205  958.3241
2021 04 14 01 47 00    -3.6538590   -1.2490938  957.9180  958.3293
2021 04 14 01 48 00    -3.6596292   -1.2520181  957.9159  958.3270
2021 04 14 01 49 00    -3.6656357   -1.2549791  957.9131  958.3222
2021 04 14 01 50 00    -3.6716195   -1.2579047  957.9095  958.3232
2021 04 14 01 51 00    -3.6774017   -1.2607098  957.9062  958.3261
2021 04 14 01 52 00    -3.6833512   -1.2635815  957.9032  958.3251
2021 04 14 01 53 00    -3.6895649   -1.2666789  957.9005  958.3212
2021 04 14 01 54 00    -3.6957043   -1.2698274  957.8983  958.3136
2021 04 14 01 55 00    -3.7017608   -1.2728969  957.8962  958.3016
2021 04 14 01 56 00    -3.7079055   -1.2759825  957.8939  958.2949
2021 04 14 01 57 00    -3.7141372   -1.2791260  957.8910  958.2951
2021 04 14 01 58 00    -3.7203771   -1.2822780  957.8877  958.2867
2021 04 14 01 59 00    -3.7265962   -1.2854405  957.8844  958.2663
2021 04 14 02 00 00    -3.7329496   -1.2886706  957.8814  958.2516
2021 04 14 02 01 00    -3.7394197   -1.2919336  957.8779  958.2468
2021 04 14 02 02 00    -3.7458031   -1.2951347  957.8738  958.2408
2021 04 14 02 03 00    -3.7522703   -1.2983313  957.8700  958.2338
2021 04 14 02 04 00    -3.7588930   -1.3015821  957.8667  958.2275
2021 04 14 02 05 00    -3.7653836   -1.3048424  957.8636  958.2175
2021 04 14 02 06 00    -3.7718680   -1.3081518  957.8604  958.2073
2021 04 14 02 07 00    -3.7786182   -1.3115045  957.8571  958.2003
2021 04 14 02 08 00    -3.7853941   -1.3148001  957.8537  958.1929
2021 04 14 02 09 00    -3.7919658   -1.3180763  957.8503  958.1834
2021 04 14 02 10 00    -3.7985305   -1.3213891  957.8471  958.1737
2021 04 14 02 11 00    -3.8052543   -1.3247162  957.8431  958.1650
2021 04 14 02 12 00    -3.8121025   -1.3281348  957.8380  958.1517
2021 04 14 02 13 00    -3.8190164   -1.3316275  957.8329  958.1347
2021 04 14 02 14 00    -3.8258702   -1.3350459  957.8287  958.1254
2021 04 14 02 15 00    -3.8326470   -1.3384753  957.8249  958.1221
2021 04 14 02 16 00    -3.8394474   -1.3419549  957.8209  958.1112
2021 04 14 02 17 00    -3.8462718   -1.3453192  957.8171  958.0950
2021 04 14 02 18 00    -3.8531960   -1.3487014  957.8134  958.0881
2021 04 14 02 19 00    -3.8602781   -1.3523047  957.8095  958.0893
2021 04 14 02 20 00    -3.8673038   -1.3559474  957.8049  958.0867
2021 04 14 02 21 00    -3.8741168   -1.3594345  957.8000  958.0828
2021 04 14 02 22 00    -3.8809126   -1.3628210  957.7956  958.0814
2021 04 14 02 23 00    -3.8879636   -1.3662373  957.7916  958.0746
2021 04 14 02 24 00    -3.8951980   -1.3698050  957.7876  958.0627
2021 04 14 02 25 00    -3.9023093   -1.3735039  957.7835  958.0578
2021 04 14 02 26 00    -3.9092340   -1.3770930  957.7796  958.0609
2021 04 14 02 27 00    -3.9161764   -1.3804668  957.7758  958.0615
2021 04 14 02 28 00    -3.9232810   -1.3838654  957.7721  958.0596
2021 04 14 02 29 00    -3.9304895   -1.3874794  957.7683  958.0619
2021 04 14 02 30 00    -3.9376930   -1.3912132  957.7643  958.0658
2021 04 14 02 31 00    -3.9448756   -1.3948712  957.7602  958.0663
2021 04 14 02 32 00    -3.9520402   -1.3983788  957.7564  958.0646
2021 04 14 02 33 00    -3.9591875   -1.4018846  957.7533  958.0631
2021 04 14 02 34 00    -3.9663429   -1.4055021  957.7503  958.0596
2021 04 14 02 35 00    -3.9735409   -1.4091133  957.7470  958.0518
2021 04 14 02 36 00    -3.9808308   -1.4126829  957.7436  958.0422
2021 04 14 02 37 00    -3.9881660   -1.4162965  957.7406  958.0317
2021 04 14 02 38 00    -3.9954398   -1.4199376  957.7373  958.0223
2021 04 14 02 39 00    -4.0027087   -1.4236419  957.7332  958.0187
2021 04 14 02 40 00    -4.0100772   -1.4274657  957.7289  958.0152
2021 04 14 02 41 00    -4.0174839   -1.4312783  957.7253  958.0030
2021 04 14 02 42 00    -4.0248038   -1.4349087  957.7217  957.9878
2021 04 14 02 43 00    -4.0321056   -1.4384005  957.7178  957.9753
2021 04 14 02 44 00    -4.0396118   -1.4420426  957.7136  957.9646
2021 04 14 02 45 00    -4.0472585   -1.4459539  957.7094  957.9596
2021 04 14 02 46 00    -4.0547343   -1.4498189  957.7051  957.9603
2021 04 14 02 47 00    -4.0619740   -1.4534296  957.7006  957.9575
2021 04 14 02 48 00    -4.0691350   -1.4569746  957.6960  957.9507
2021 04 14 02 49 00    -4.0763745   -1.4605725  957.6914  957.9461
2021 04 14 02 50 00    -4.0837844   -1.4641746  957.6877  957.9393
2021 04 14 02 51 00    -4.0913239   -1.4678734  957.6846  957.9235
2021 04 14 02 52 00    -4.0989494   -1.4717698  957.6807  957.9039
2021 04 14 02 53 00    -4.1065985   -1.4757153  957.6758  957.8896
2021 04 14 02 54 00    -4.1140861   -1.4795310  957.6710  957.8795
2021 04 14 02 55 00    -4.1214372   -1.4832192  957.6664  957.8686
2021 04 14 02 56 00    -4.1289341   -1.4868942  957.6617  957.8578
2021 04 14 02 57 00    -4.1365556   -1.4907052  957.6567  957.8490
2021 04 14 02 58 00    -4.1439828   -1.4945830  957.6516  957.8432
2021 04 14 02 59 00    -4.1511987   -1.4982575  957.6467  957.8425
2021 04 14 03 00 00    -4.1584195   -1.5017437  957.6419  957.8454
2021 04 14 03 01 00    -4.1656857   -1.5053051  957.6373  957.8486
2021 04 14 03 02 00    -4.1729397   -1.5089720  957.6331  957.8537
2021 04 14 03 03 00    -4.1802165   -1.5126181  957.6290  957.8587
2021 04 14 03 04 00    -4.1876063   -1.5162910  957.6248  957.8600
2021 04 14 03 05 00    -4.1950502   -1.5200632  957.6208  957.8592
2021 04 14 03 06 00    -4.2024329   -1.5238669  957.6168  957.8587
2021 04 14 03 07 00    -4.2098220   -1.5276038  957.6130  957.8583
2021 04 14 03 08 00    -4.2172256   -1.5312535  957.6097  957.8594
2021 04 14 03 09 00    -4.2245176   -1.5349179  957.6064  957.8632
2021 04 14 03 10 00    -4.2317606   -1.5386214  957.6022  957.8647
2021 04 14 03 11 00    -4.2391040   -1.5422572  957.5977  957.8607
2021 04 14 03 12 00    -4.2464936   -1.5458989  957.5940  957.8542
2021 04 14 03 13 00    -4.2538048   -1.5496632  957.5910  957.8478
2021 04 14 03 14 00    -4.2610054   -1.5533420  957.5879  957.8443
2021 04 14 03 15 00    -4.2681055   -1.5567331  957.5840  957.8461
2021 04 14 03 16 00    -4.2752167   -1.5600842  957.5797  957.8488
2021 04 14 03 17 00    -4.2824734   -1.5637209  957.5760  957.8492
2021 04 14 03 18 00    -4.2897606   -1.5675069  957.5729  957.8507
2021 04 14 03 19 00    -4.2969015   -1.5711235  957.5694  957.8525
2021 04 14 03 20 00    -4.3039835   -1.5746312  957.5654  957.8507
2021 04 14 03 21 00    -4.3111045   -1.5782522  957.5615  957.8475
2021 04 14 03 22 00    -4.3182579   -1.5819355  957.5576  957.8461
2021 04 14 03 23 00    -4.3255497   -1.5855841  957.5539  957.8460
2021 04 14 03 24 00    -4.3328909   -1.5891655  957.5507  957.8452
2021 04 14 03 25 00    -4.3399846   -1.5925911  957.5478  957.8409
2021 04 14 03 26 00    -4.3469392   -1.5959783  957.5443  957.8337
2021 04 14 03 27 00    -4.3540445   -1.5995803  957.5408  957.8249
2021 04 14 03 28 00    -4.3612298   -1.6033253  957.5382  957.8108
2021 04 14 03 29 00    -4.3683502   -1.6069564  957.5358  957.7911
2021 04 14 03 30 00    -4.3754459   -1.6104732  957.5324  957.7734
2021 04 14 03 31 00    -4.3824836   -1.6139881  957.5283  957.7630
2021 04 14 03 32 00    -4.3893812   -1.6174651  957.5243  957.7568
2021 04 14 03 33 00    -4.3962925   -1.6209190  957.5202  957.7491
2021 04 14 03 34 00    -4.4033416   -1.6244195  957.5155  957.7389
2021 04 14 03 35 00    -4.4103527   -1.6279257  957.5108  957.7317
2021 04 14 03 36 00    -4.4171633   -1.6313843  957.5067  957.7306
2021 04 14 03 37 00    -4.4238444   -1.6347581  957.5030  957.7309
2021 04 14 03 38 00    -4.4305480   -1.6380698  957.4989  957.7298
2021 04 14 03 39 00    -4.4372796   -1.6414310  957.4943  957.7311
2021 04 14 03 40 00    -4.4439690   -1.6448280  957.4898  957.7352
2021 04 14 03 41 00    -4.4506163   -1.6481231  957.4864  957.7368
2021 04 14 03 42 00    -4.4572542   -1.6513598  957.4837  957.7348
2021 04 14 03 43 00    -4.4639608   -1.6547282  957.4806  957.7318
2021 04 14 03 44 00    -4.4706883   -1.6581770  957.4765  957.7276
2021 04 14 03 45 00    -4.4772503   -1.6615014  957.4720  957.7208
2021 04 14 03 46 00    -4.4837088   -1.6647274  957.4682  957.7141
2021 04 14 03 47 00    -4.4902320   -1.6679895  957.4650  957.7099
2021 04 14 03 48 00    -4.4967661   -1.6713093  957.4618  957.7057
2021 04 14 03 49 00    -4.5032267   -1.6746224  957.4582  957.6986
2021 04 14 03 50 00    -4.5096080   -1.6778148  957.4541  957.6910
2021 04 14 03 51 00    -4.5159159   -1.6809004  957.4500  957.6876
2021 04 14 03 52 00    -4.5222062   -1.6840643  957.4460  957.6885
2021 04 14 03 53 00    -4.5285152   -1.6872642  957.4418  957.6848
2021 04 14 03 54 00    -4.5348000   -1.6902320  957.4380  957.6744
2021 04 14 03 55 00    -4.5409956   -1.6930596  957.4348  957.6669
2021 04 14 03 56 00    -4.5470679   -1.6960895  957.4317  957.6629
2021 04 14 03 57 00    -4.5531930   -1.6993649  957.4276  957.6584
2021 04 14 03 58 00    -4.5594896   -1.7026547  957.4232  957.6621
2021 04 14 03 59 00    -4.5655868   -1.7056971  957.4199  957.6741
2021 04 14 04 00 00    -4.5713390   -1.7085500  957.4175  957.6791
2021 04 14 04 01 00    -4.5771837   -1.7115380  957.4143  957.6760
2021 04 14 04 02 00    -4.5831996   -1.7146108  957.4100  957.6750
2021 04 14 04 03 00    -4.5890638   -1.7175147  957.4057  957.6752
2021 04 14 04 04 00    -4.5947490   -1.7203120  957.4019  957.6737
2021 04 14 04 05 00    -4.6003623   -1.7231303  957.3986  957.6715
2021 04 14 04 06 00    -4.6059181   -1.7259914  957.3956  957.6691
2021 04 14 04 07 00    -4.6114693   -1.7288331  957.3926  957.6709
2021 04 14 04 08 00    -4.6170139   -1.7315083  957.3897  957.6803
2021 04 14 04 09 00    -4.6224787   -1.7340613  957.3872  957.6884
2021 04 14 04 10 00    -4.6278246   -1.7366704  957.3844  957.6863
2021 04 14 04 11 00    -4.6331381   -1.7394173  957.3808  957.6837
2021 04 14 04 12 00    -4.6385799   -1.7422857  957.3774  957.6894
2021 04 14 04 13 00    -4.6440499   -1.7450606  957.3747  957.6953
2021 04 14 04 14 00    -4.6493137   -1.7475732  957.3720  957.6960
2021 04 14 04 15 00    -4.6544150   -1.7499812  957.3690  957.6927
2021 04 14 04 16 00    -4.6595513   -1.7525185  957.3660  957.6863
2021 04 14 04 17 00    -4.6647769   -1.7552308  957.3632  957.6815
2021 04 14 04 18 00    -4.6699447   -1.7579305  957.3607  957.6788
2021 04 14 04 19 00    -4.6749152   -1.7604810  957.3584  957.6734
2021 04 14 04 20 00    -4.6797265   -1.7629384  957.3561  957.6680
2021 04 14 04 21 00    -4.6844932   -1.7652855  957.3535  957.6672
2021 04 14 04 22 00    -4.6893201   -1.7675920  957.3507  957.6713
2021 04 14 04 23 00    -4.6942059   -1.7700743  957.3475  957.6775
2021 04 14 04 24 00    -4.6990164   -1.7726072  957.3440  957.6812
2021 04 14 04 25 00    -4.7036608   -1.7748837  957.3410  957.6801
2021 04 14 04 26 00    -4.7081396   -1.7769672  957.3386  957.6718
2021 04 14 04 27 00    -4.7125147   -1.7791389  957.3364  957.6582
2021 04 14 04 28 00    -4.7169418   -1.7815071  957.3335  957.6516
2021 04 14 04 29 00    -4.7214793   -1.7839379  957.3301  957.6544
2021 04 14 04 30 00    -4.7258844   -1.7861472  957.3273  957.6569
2021 04 14 04 31 00    -4.7300115   -1.7880653  957.3248  957.6569
2021 04 14 04 32 00    -4.7340939   -1.7900280  957.3219  957.6565
2021 04 14 04 33 00    -4.7382263   -1.7921621  957.3187  957.6579
2021 04 14 04 34 00    -4.7423509   -1.7942176  957.3160  957.6616
2021 04 14 04 35 00    -4.7465562   -1.7962227  957.3136  957.6603
2021 04 14 04 36 00    -4.7506641   -1.7983058  957.3109  957.6512
2021 04 14 04 37 00    -4.7544894   -1.8002917  957.3079  957.6405
2021 04 14 04 38 00    -4.7582684   -1.8021667  957.3055  957.6293
2021 04 14 04 39 00    -4.7620348   -1.8040830  957.3033  957.6177
2021 04 14 04 40 00    -4.7656803   -1.8059275  957.3001  957.6107
2021 04 14 04 41 00    -4.7693736   -1.8076315  957.2961  957.6075
2021 04 14 04 42 00    -4.7730713   -1.8093864  957.2923  957.6038
2021 04 14 04 43 00    -4.7764950   -1.8112035  957.2896  957.6059
2021 04 14 04 44 00    -4.7796644   -1.8128866  957.2877  957.6204
2021 04 14 04 45 00    -4.7828205   -1.8144586  957.2855  957.6379
2021 04 14 04 46 00    -4.7859932   -1.8160614  957.2826  957.6487
2021 04 14 04 47 00    -4.7890200   -1.8176532  957.2797  957.6573
2021 04 14 04 48 00    -4.7919376   -1.8191343  957.2777  957.6686
2021 04 14 04 49 00    -4.7949184   -1.8205160  957.2762  957.6772
2021 04 14 04 50 00    -4.7979863   -1.8219444  957.2747  957.6806
2021 04 14 04 51 00    -4.8009726   -1.8234640  957.2728  957.6843
2021 04 14 04 52 00    -4.8036400   -1.8248374  957.2709  957.6902
2021 04 14 04 53 00    -4.8061328   -1.8260336  957.2693  957.6926
2021 04 14 04 54 00    -4.8087934   -1.8273109  957.2678  957.6893
2021 04 14 04 55 00    -4.8114806   -1.8286770  957.2659  957.6877
2021 04 14 04 56 00    -4.8139832   -1.8300568  957.2635  957.6938
2021 04 14 04 57 00    -4.8164801   -1.8314993  957.2611  957.7026
2021 04 14 04 58 00    -4.8189971   -1.8328522  957.2597  957.7075
2021 04 14 04 59 00    -4.8212453   -1.8339423  957.2589  957.7092
2021 04 14 05 00 00    -4.8231567   -1.8348577  957.2576  957.7106
2021 04 14 05 01 00    -4.8250242   -1.8357042  957.2557  957.7140
2021 04 14 05 02 00    -4.8270415   -1.8365681  957.2543  957.7227
2021 04 14 05 03 00    -4.8290709   -1.8375503  957.2536  957.7308
2021 04 14 05 04 00    -4.8309034   -1.8385304  957.2527  957.7299
2021 04 14 05 05 00    -4.8325288   -1.8393979  957.2514  957.7301
2021 04 14 05 06 00    -4.8341286   -1.8403387  957.2506  957.7427
2021 04 14 05 07 00    -4.8357736   -1.8413893  957.2503  957.7572
2021 04 14 05 08 00    -4.8373322   -1.8422494  957.2495  957.7634
2021 04 14 05 09 00    -4.8387124   -1.8427806  957.2476  957.7657
2021 04 14 05 10 00    -4.8399229   -1.8432046  957.2459  957.7692
2021 04 14 05 11 00    -4.8410386   -1.8436926  957.2451  957.7762
2021 04 14 05 12 00    -4.8421573   -1.8441386  957.2445  957.7877
2021 04 14 05 13 00    -4.8432145   -1.8445302  957.2437  957.7995
2021 04 14 05 14 00    -4.8440755   -1.8450317  957.2432  957.8035
2021 04 14 05 15 00    -4.8448984   -1.8456258  957.2433  957.7998
2021 04 14 05 16 00    -4.8458450   -1.8461841  957.2431  957.7980
2021 04 14 05 17 00    -4.8466476   -1.8466395  957.2425  957.8004
2021 04 14 05 18 00    -4.8471820   -1.8468972  957.2417  957.8002
2021 04 14 05 19 00    -4.8477863   -1.8470305  957.2413  957.7958
2021 04 14 05 20 00    -4.8485126   -1.8473242  957.2416  957.7941
2021 04 14 05 21 00    -4.8489326   -1.8477187  957.2418  957.8035
2021 04 14 05 22 00    -4.8490151   -1.8479129  957.2412  957.8202
2021 04 14 05 23 00    -4.8492777   -1.8480123  957.2407  957.8301
2021 04 14 05 24 00    -4.8496508   -1.8481056  957.2409  957.8317
2021 04 14 05 25 00    -4.8495436   -1.8479466  957.2406  957.8348
2021 04 14 05 26 00    -4.8491770   -1.8477123  957.2399  957.8462
2021 04 14 05 27 00    -4.8490880   -1.8477499  957.2395  957.8643
2021 04 14 05 28 00    -4.8489967   -1.8477874  957.2399  957.8765
2021 04 14 05 29 00    -4.8485532   -1.8475791  957.2406  957.8757
2021 04 14 05 30 00    -4.8480685   -1.8473509  957.2411  957.8746
2021 04 14 05 31 00    -4.8477779   -1.8471256  957.2412  957.8814
2021 04 14 05 32 00    -4.8473448   -1.8467531  957.2417  957.8861
2021 04 14 05 33 00    -4.8466070   -1.8464300  957.2428  957.8830
2021 04 14 05 34 00    -4.8458779   -1.8462902  957.2438  957.8804
2021 04 14 05 35 00    -4.8451868   -1.8460170  957.2440  957.8829
2021 04 14 05 36 00    -4.8443174   -1.8454384  957.2439  957.8871
2021 04 14 05 37 00    -4.8433195   -1.8448015  957.2436  957.8926
2021 04 14 05 38 00    -4.8422149   -1.8442655  957.2435  957.9007
2021 04 14 05 39 00    -4.8409770   -1.8437744  957.2437  957.9077
2021 04 14 05 40 00    -4.8397388   -1.8432509  957.2440  957.9101
2021 04 14 05 41 00    -4.8384858   -1.8426364  957.2440  957.9068
2021 04 14 05 42 00    -4.8370415   -1.8418880  957.2434  957.9003
2021 04 14 05 43 00    -4.8353801   -1.8409777  957.2428  957.8979
2021 04 14 05 44 00    -4.8337104   -1.8399963  957.2429  957.9040
2021 04 14 05 45 00    -4.8321506   -1.8391070  957.2434  957.9123
2021 04 14 05 46 00    -4.8304525   -1.8382809  957.2440  957.9166
2021 04 14 05 47 00    -4.8284073   -1.8373227  957.2448  957.9194
2021 04 14 05 48 00    -4.8261531   -1.8362129  957.2451  957.9212
2021 04 14 05 49 00    -4.8239497   -1.8351654  957.2448  957.9156
2021 04 14 05 50 00    -4.8219363   -1.8342827  957.2446  957.9049
2021 04 14 05 51 00    -4.8199527   -1.8334261  957.2449  957.9049
2021 04 14 05 52 00    -4.8176618   -1.8323335  957.2455  957.9201
2021 04 14 05 53 00    -4.8149645   -1.8308782  957.2455  957.9340
2021 04 14 05 54 00    -4.8121093   -1.8293251  957.2448  957.9391
2021 04 14 05 55 00    -4.8093268   -1.8279018  957.2437  957.9466
2021 04 14 05 56 00    -4.8066094   -1.8264990  957.2424  957.9610
2021 04 14 05 57 00    -4.8038721   -1.8250756  957.2412  957.9753
2021 04 14 05 58 00    -4.8009618   -1.8236490  957.2407  957.9868
2021 04 14 05 59 00    -4.7977836   -1.8221666  957.2410  957.9983
2021 04 14 06 00 00    -4.7944958   -1.8206195  957.2414  958.0091
2021 04 14 06 01 00    -4.7911378   -1.8189368  957.2414  958.0188
2021 04 14 06 02 00    -4.7875668   -1.8170834  957.2410  958.0325
2021 04 14 06 03 00    -4.7838248   -1.8151741  957.2412  958.0515
2021 04 14 06 04 00    -4.7800685   -1.8132986  957.2426  958.0666
2021 04 14 06 05 00    -4.7764085   -1.8114966  957.2441  958.0747
2021 04 14 06 06 00    -4.7728241   -1.8097684  957.2452  958.0846
2021 04 14 06 07 00    -4.7691273   -1.8079716  957.2468  958.0985
2021 04 14 06 08 00    -4.7651893   -1.8059142  957.2489  958.1080
2021 04 14 06 09 00    -4.7611342   -1.8037060  957.2503  958.1107
2021 04 14 06 10 00    -4.7570862   -1.8016396  957.2510  958.1110
2021 04 14 06 11 00    -4.7529205   -1.7996588  957.2518  958.1073
2021 04 14 06 12 00    -4.7485752   -1.7975362  957.2532  958.0984
2021 04 14 06 13 00    -4.7441946   -1.7952943  957.2550  958.0922
2021 04 14 06 14 00    -4.7397947   -1.7930159  957.2563  958.0942
2021 04 14 06 15 00    -4.7352551   -1.7907006  957.2559  958.0965
2021 04 14 06 16 00    -4.7306088   -1.7884249  957.2551  958.0916
2021 04 14 06 17 00    -4.7259976   -1.7862296  957.2558  958.0844
2021 04 14 06 18 00    -4.7214062   -1.7839876  957.2575  958.0818
2021 04 14 06 19 00    -4.7166500   -1.7815946  957.2587  958.0819
2021 04 14 06 20 00    -4.7116210   -1.7790187  957.2591  958.0818
2021 04 14 06 21 00    -4.7063853   -1.7762812  957.2593  958.0836
2021 04 14 06 22 00    -4.7010333   -1.7735310  957.2593  958.0883
2021 04 14 06 23 00    -4.6956473   -1.7708991  957.2593  958.0924
2021 04 14 06 24 00    -4.6902720   -1.7683191  957.2596  958.0946
2021 04 14 06 25 00    -4.6847956   -1.7655813  957.2606  958.1003
2021 04 14 06 26 00    -4.6791428   -1.7626497  957.2620  958.1104
2021 04 14 06 27 00    -4.6734102   -1.7597936  957.2633  958.1193
2021 04 14 06 28 00    -4.6676026   -1.7570159  957.2646  958.1266
2021 04 14 06 29 00    -4.6616350   -1.7539284  957.2661  958.1346
2021 04 14 06 30 00    -4.6555540   -1.7506053  957.2673  958.1376
2021 04 14 06 31 00    -4.6494385   -1.7475444  957.2681  958.1307
2021 04 14 06 32 00    -4.6433522   -1.7447206  957.2691  958.1214
2021 04 14 06 33 00    -4.6372399   -1.7417050  957.2699  958.1179
2021 04 14 06 34 00    -4.6308283   -1.7384147  957.2703  958.1167
2021 04 14 06 35 00    -4.6241316   -1.7350768  957.2705  958.1156
2021 04 14 06 36 00    -4.6175354   -1.7318214  957.2708  958.1185
2021 04 14 06 37 00    -4.6110673   -1.7285435  957.2717  958.1235
2021 04 14 06 38 00    -4.6044252   -1.7251033  957.2733  958.1282
2021 04 14 06 39 00    -4.5976232   -1.7216308  957.2753  958.1354
2021 04 14 06 40 00    -4.5908072   -1.7182994  957.2771  958.1420
2021 04 14 06 41 00    -4.5838553   -1.7149335  957.2784  958.1418
2021 04 14 06 42 00    -4.5766814   -1.7113349  957.2792  958.1376
2021 04 14 06 43 00    -4.5694504   -1.7076497  957.2797  958.1362
2021 04 14 06 44 00    -4.5622215   -1.7039768  957.2800  958.1375
2021 04 14 06 45 00    -4.5548591   -1.7002325  957.2807  958.1368
2021 04 14 06 46 00    -4.5474235   -1.6965335  957.2820  958.1336
2021 04 14 06 47 00    -4.5400081   -1.6929725  957.2834  958.1344
2021 04 14 06 48 00    -4.5324709   -1.6893409  957.2846  958.1381
2021 04 14 06 49 00    -4.5248071   -1.6854928  957.2853  958.1348
2021 04 14 06 50 00    -4.5170626   -1.6815071  957.2857  958.1259
2021 04 14 06 51 00    -4.5091288   -1.6774814  957.2863  958.1231
2021 04 14 06 52 00    -4.5011014   -1.6734342  957.2871  958.1272
2021 04 14 06 53 00    -4.4930893   -1.6693499  957.2875  958.1303
2021 04 14 06 54 00    -4.4849182   -1.6652364  957.2875  958.1297
2021 04 14 06 55 00    -4.4766087   -1.6611331  957.2876  958.1259
2021 04 14 06 56 00    -4.4683961   -1.6570244  957.2878  958.1175
2021 04 14 06 57 00    -4.4601543   -1.6528513  957.2882  958.1062
2021 04 14 06 58 00    -4.4516573   -1.6486647  957.2877  958.0974
2021 04 14 06 59 00    -4.4430325   -1.6444536  957.2860  958.0929
2021 04 14 07 00 00    -4.4343844   -1.6400609  957.2841  958.0906
2021 04 14 07 01 00    -4.4256200   -1.6355229  957.2835  958.0917
2021 04 14 07 02 00    -4.4167558   -1.6310111  957.2840  958.1006
2021 04 14 07 03 00    -4.4078632   -1.6265657  957.2845  958.1136
2021 04 14 07 04 00    -4.3988822   -1.6221274  957.2846  958.1153
2021 04 14 07 05 00    -4.3897593   -1.6175758  957.2843  958.0981
2021 04 14 07 06 00    -4.3805653   -1.6129089  957.2832  958.0766
2021 04 14 07 07 00    -4.3714309   -1.6083529  957.2819  958.0637
2021 04 14 07 08 00    -4.3623173   -1.6039390  957.2809  958.0528
2021 04 14 07 09 00    -4.3529878   -1.5993735  957.2798  958.0394
2021 04 14 07 10 00    -4.3434563   -1.5945567  957.2781  958.0318
2021 04 14 07 11 00    -4.3339077   -1.5896857  957.2765  958.0328
2021 04 14 07 12 00    -4.3242808   -1.5848664  957.2752  958.0319
2021 04 14 07 13 00    -4.3145052   -1.5799933  957.2734  958.0215
2021 04 14 07 14 00    -4.3046831   -1.5750116  957.2710  958.0113
2021 04 14 07 15 00    -4.2948652   -1.5700829  957.2690  958.0117
2021 04 14 07 16 00    -4.2849191   -1.5651631  957.2677  958.0139
2021 04 14 07 17 00    -4.2747730   -1.5600050  957.2662  958.0045
2021 04 14 07 18 00    -4.2646482   -1.5548384  957.2636  957.9870
2021 04 14 07 19 00    -4.2546541   -1.5499464  957.2610  957.9723
2021 04 14 07 20 00    -4.2445623   -1.5449938  957.2591  957.9628
2021 04 14 07 21 00    -4.2342336   -1.5397260  957.2574  957.9569
2021 04 14 07 22 00    -4.2237898   -1.5344124  957.2552  957.9547
2021 04 14 07 23 00    -4.2133337   -1.5292677  957.2530  957.9501
2021 04 14 07 24 00    -4.2027482   -1.5241427  957.2504  957.9368
2021 04 14 07 25 00    -4.1920099   -1.5188329  957.2471  957.9220
2021 04 14 07 26 00    -4.1813209   -1.5133627  957.2432  957.9151
2021 04 14 07 27 00    -4.1706162   -1.5078592  957.2397  957.9110
2021 04 14 07 28 00    -4.1597138   -1.5023898  957.2376  957.9055
2021 04 14 07 29 00    -4.1486886   -1.4969803  957.2365  957.9072
2021 04 14 07 30 00    -4.1375334   -1.4915486  957.2351  957.9169
2021 04 14 07 31 00    -4.1262467   -1.4859221  957.2326  957.9246
2021 04 14 07 32 00    -4.1149832   -1.4801247  957.2295  957.9259
2021 04 14 07 33 00    -4.1037028   -1.4743856  957.2267  957.9223
2021 04 14 07 34 00    -4.0923057   -1.4687073  957.2245  957.9150
2021 04 14 07 35 00    -4.0807826   -1.4629032  957.2224  957.9052
2021 04 14 07 36 00    -4.0691635   -1.4570495  957.2202  957.8962
2021 04 14 07 37 00    -4.0575928   -1.4512768  957.2182  957.8918
2021 04 14 07 38 00    -4.0460402   -1.4454794  957.2159  957.8896
2021 04 14 07 39 00    -4.0343363   -1.4396228  957.2130  957.8878
2021 04 14 07 40 00    -4.0225970   -1.4338044  957.2101  957.8897
2021 04 14 07 41 00    -4.0108820   -1.4279786  957.2081  957.8898
2021 04 14 07 42 00    -3.9989302   -1.4219827  957.2060  957.8826
2021 04 14 07 43 00    -3.9867120   -1.4158247  957.2030  957.8762
2021 04 14 07 44 00    -3.9744790   -1.4097330  957.1998  957.8762
2021 04 14 07 45 00    -3.9623244   -1.4037876  957.1975  957.8802
2021 04 14 07 46 00    -3.9502180   -1.3977823  957.1957  957.8877
2021 04 14 07 47 00    -3.9380583   -1.3916223  957.1939  957.8911
2021 04 14 07 48 00    -3.9257333   -1.3854302  957.1918  957.8781
2021 04 14 07 49 00    -3.9133753   -1.3792310  957.1895  957.8547
2021 04 14 07 50 00    -3.9011069   -1.3729662  957.1872  957.8409
2021 04 14 07 51 00    -3.8887111   -1.3666632  957.1849  957.8417
2021 04 14 07 52 00    -3.8759341   -1.3603015  957.1827  957.8480
2021 04 14 07 53 00    -3.8629472   -1.3538433  957.1811  957.8534
2021 04 14 07 54 00    -3.8502319   -1.3474977  957.1791  957.8517
2021 04 14 07 55 00    -3.8377960   -1.3413451  957.1761  957.8407
2021 04 14 07 56 00    -3.8251181   -1.3350264  957.1728  957.8290
2021 04 14 07 57 00    -3.8121524   -1.3284912  957.1699  957.8199
2021 04 14 07 58 00    -3.7993460   -1.3221086  957.1667  957.8076
2021 04 14 07 59 00    -3.7866760   -1.3157808  957.1628  957.7929
2021 04 14 08 00 00    -3.7737326   -1.3091089  957.1593  957.7828
2021 04 14 08 01 00    -3.7604209   -1.3021610  957.1571  957.7777
2021 04 14 08 02 00    -3.7469578   -1.2953257  957.1557  957.7789
2021 04 14 08 03 00    -3.7336000   -1.2887968  957.1535  957.7905
2021 04 14 08 04 00    -3.7204202   -1.2823876  957.1504  957.8048
2021 04 14 08 05 00    -3.7072053   -1.2757564  957.1470  957.8087
2021 04 14 08 06 00    -3.6937663   -1.2689107  957.1441  957.8013
2021 04 14 08 07 00    -3.6801612   -1.2621777  957.1421  957.7986
2021 04 14 08 08 00    -3.6665814   -1.2556086  957.1406  957.8126
2021 04 14 08 09 00    -3.6531674   -1.2489645  957.1390  957.8310
2021 04 14 08 10 00    -3.6397543   -1.2421514  957.1371  957.8343
2021 04 14 08 11 00    -3.6260354   -1.2352226  957.1352  957.8228
2021 04 14 08 12 00    -3.6121468   -1.2282863  957.1333  957.8052
2021 04 14 08 13 00    -3.5984297   -1.2214413  957.1310  957.7869
2021 04 14 08 14 00    -3.5847856   -1.2145826  957.1291  957.7796
2021 04 14 08 15 00    -3.5709904   -1.2076128  957.1284  957.7905
2021 04 14 08 16 00    -3.5570740   -1.2006047  957.1275  957.8035
2021 04 14 08 17 00    -3.5431347   -1.1935504  957.1251  957.8002
2021 04 14 08 18 00    -3.5292859   -1.1864873  957.1220  957.7830
2021 04 14 08 19 00    -3.5155145   -1.1795759  957.1197  957.7638
2021 04 14 08 20 00    -3.5015365   -1.1727228  957.1178  957.7517
2021 04 14 08 21 00    -3.4872874   -1.1656752  957.1151  957.7495
2021 04 14 08 22 00    -3.4731366   -1.1585045  957.1117  957.7518
2021 04 14 08 23 00    -3.4591618   -1.1514747  957.1088  957.7485
2021 04 14 08 24 00    -3.4450711   -1.1445674  957.1066  957.7388
2021 04 14 08 25 00    -3.4308545   -1.1375200  957.1047  957.7338
2021 04 14 08 26 00    -3.4166171   -1.1302350  957.1027  957.7330
2021 04 14 08 27 00    -3.4023227   -1.1229496  957.1003  957.7299
2021 04 14 08 28 00    -3.3880015   -1.1158795  957.0970  957.7324
2021 04 14 08 29 00    -3.3736868   -1.1089001  957.0936  957.7335
2021 04 14 08 30 00    -3.3593815   -1.1017945  957.0905  957.7111
2021 04 14 08 31 00    -3.3450836   -1.0945543  957.0873  957.6782
2021 04 14 08 32 00    -3.3306621   -1.0872823  957.0837  957.6616
2021 04 14 08 33 00    -3.3160565   -1.0799929  957.0798  957.6546
2021 04 14 08 34 00    -3.3014280   -1.0726883  957.0757  957.6387
2021 04 14 08 35 00    -3.2868724   -1.0654082  957.0716  957.6203
2021 04 14 08 36 00    -3.2722976   -1.0580931  957.0687  957.6201
2021 04 14 08 37 00    -3.2575809   -1.0506682  957.0665  957.6356
2021 04 14 08 38 00    -3.2427893   -1.0432238  957.0635  957.6376
2021 04 14 08 39 00    -3.2281134   -1.0358740  957.0591  957.6147
2021 04 14 08 40 00    -3.2134642   -1.0285408  957.0542  957.5933
2021 04 14 08 41 00    -3.1986704   -1.0211353  957.0497  957.5929
2021 04 14 08 42 00    -3.1838483   -1.0137489  957.0462  957.5928
2021 04 14 08 43 00    -3.1690707   -1.0063876  957.0435  957.5834
2021 04 14 08 44 00    -3.1542709   -0.9988983  957.0410  957.5892
2021 04 14 08 45 00    -3.1394844   -0.9913385  957.0383  957.6034
2021 04 14 08 46 00    -3.1246477   -0.9838937  957.0354  957.5975
2021 04 14 08 47 00    -3.1096026   -0.9765186  957.0326  957.5876
2021 04 14 08 48 00    -3.0945303   -0.9691319  957.0303  957.5967
2021 04 14 08 49 00    -3.0796893   -0.9617156  957.0277  957.6075
2021 04 14 08 50 00    -3.0649257   -0.9542222  957.0246  957.6019
2021 04 14 08 51 00    -3.0501159   -0.9467617  957.0223  957.5873
2021 04 14 08 52 00    -3.0353059   -0.9393828  957.0207  957.5716
2021 04 14 08 53 00    -3.0203020   -0.9318931  957.0183  957.5559
2021 04 14 08 54 00    -3.0051436   -0.9243025  957.0137  957.5432
2021 04 14 08 55 00    -2.9902080   -0.9168083  957.0079  957.5345
2021 04 14 08 56 00    -2.9753661   -0.9093509  957.0029  957.5268
2021 04 14 08 57 00    -2.9602925   -0.9017881  956.9990  957.5126
2021 04 14 08 58 00    -2.9451642   -0.8942226  956.9949  957.4902
2021 04 14 08 59 00    -2.9301474   -0.8867563  956.9906  957.4789
2021 04 14 09 00 00    -2.9151512   -0.8792787  956.9868  957.4868
2021 04 14 09 01 00    -2.9001130   -0.8716444  956.9827  957.4848
2021 04 14 09 02 00    -2.8849121   -0.8638463  956.9774  957.4550
2021 04 14 09 03 00    -2.8696014   -0.8560655  956.9721  957.4216
2021 04 14 09 04 00    -2.8545114   -0.8485222  956.9671  957.4052
2021 04 14 09 05 00    -2.8396439   -0.8411835  956.9618  957.3965
2021 04 14 09 06 00    -2.8247302   -0.8337881  956.9565  957.3953
2021 04 14 09 07 00    -2.8097257   -0.8262363  956.9520  957.4104
2021 04 14 09 08 00    -2.7946169   -0.8186746  956.9481  957.4250
2021 04 14 09 09 00    -2.7793375   -0.8111408  956.9439  957.4269
2021 04 14 09 10 00    -2.7639464   -0.8034930  956.9397  957.4323
2021 04 14 09 11 00    -2.7485669   -0.7957421  956.9364  957.4442
2021 04 14 09 12 00    -2.7333003   -0.7880591  956.9337  957.4553
2021 04 14 09 13 00    -2.7181550   -0.7804305  956.9307  957.4769
2021 04 14 09 14 00    -2.7031373   -0.7728106  956.9272  957.4931
2021 04 14 09 15 00    -2.6882250   -0.7652949  956.9240  957.4680
2021 04 14 09 16 00    -2.6731482   -0.7577625  956.9204  957.4224
2021 04 14 09 17 00    -2.6577703   -0.7501002  956.9158  957.3960
2021 04 14 09 18 00    -2.6424077   -0.7424957  956.9105  957.3798
2021 04 14 09 19 00    -2.6272556   -0.7349510  956.9057  957.3608
2021 04 14 09 20 00    -2.6121222   -0.7273400  956.9011  957.3564
2021 04 14 09 21 00    -2.5969366   -0.7197610  956.8966  957.3738
2021 04 14 09 22 00    -2.5818137   -0.7122612  956.8927  957.3876
2021 04 14 09 23 00    -2.5666968   -0.7047501  956.8894  957.3760
2021 04 14 09 24 00    -2.5515289   -0.6971355  956.8859  957.3527
2021 04 14 09 25 00    -2.5364340   -0.6894002  956.8815  957.3398
2021 04 14 09 26 00    -2.5214401   -0.6817373  956.8764  957.3349
2021 04 14 09 27 00    -2.5064474   -0.6742781  956.8717  957.3285
2021 04 14 09 28 00    -2.4914443   -0.6668439  956.8676  957.3212
2021 04 14 09 29 00    -2.4764567   -0.6593384  956.8636  957.3062
2021 04 14 09 30 00    -2.4614546   -0.6518525  956.8589  957.2724
2021 04 14 09 31 00    -2.4465158   -0.6443972  956.8539  957.2350
2021 04 14 09 32 00    -2.4317190   -0.6369551  956.8490  957.2204
2021 04 14 09 33 00    -2.4168523   -0.6294749  956.8445  957.2286
2021 04 14 09 34 00    -2.4018145   -0.6219663  956.8401  957.2475
2021 04 14 09 35 00    -2.3868642   -0.6145801  956.8361  957.2645
2021 04 14 09 36 00    -2.3720796   -0.6072463  956.8321  957.2675
2021 04 14 09 37 00    -2.3573114   -0.5997981  956.8279  957.2637
2021 04 14 09 38 00    -2.3425543   -0.5923781  956.8237  957.2712
2021 04 14 09 39 00    -2.3278578   -0.5851192  956.8190  957.2861
2021 04 14 09 40 00    -2.3131871   -0.5778483  956.8140  957.2903
2021 04 14 09 41 00    -2.2985282   -0.5704572  956.8091  957.2824
2021 04 14 09 42 00    -2.2838838   -0.5630631  956.8049  957.2661
2021 04 14 09 43 00    -2.2691450   -0.5556544  956.8004  957.2399
2021 04 14 09 44 00    -2.2542757   -0.5481493  956.7952  957.2213
2021 04 14 09 45 00    -2.2394964   -0.5407195  956.7898  957.2215
2021 04 14 09 46 00    -2.2248677   -0.5334619  956.7851  957.2185
2021 04 14 09 47 00    -2.2102018   -0.5261523  956.7808  957.2074
2021 04 14 09 48 00    -2.1955510   -0.5187285  956.7759  957.2109
2021 04 14 09 49 00    -2.1809901   -0.5113586  956.7704  957.2223
2021 04 14 09 50 00    -2.1664085   -0.5040663  956.7650  957.2150
2021 04 14 09 51 00    -2.1518338   -0.4968347  956.7604  957.2103
2021 04 14 09 52 00    -2.1372356   -0.4896354  956.7567  957.2421
2021 04 14 09 53 00    -2.1225684   -0.4823847  956.7540  957.2801
2021 04 14 09 54 00    -2.1080169   -0.4751219  956.7514  957.2852
2021 04 14 09 55 00    -2.0936364   -0.4678938  956.7486  957.2745
2021 04 14 09 56 00    -2.0793919   -0.4607236  956.7458  957.2751
2021 04 14 09 57 00    -2.0652924   -0.4535957  956.7429  957.2744
2021 04 14 09 58 00    -2.0511562   -0.4463891  956.7403  957.2500
2021 04 14 09 59 00    -2.0368967   -0.4391895  956.7381  957.2267
2021 04 14 10 00 00    -2.0227219   -0.4321581  956.7348  957.2417
2021 04 14 10 01 00    -2.0086587   -0.4251410  956.7305  957.2673
2021 04 14 10 02 00    -1.9945240   -0.4179976  956.7260  957.2491
2021 04 14 10 03 00    -1.9804147   -0.4109249  956.7223  957.1979
2021 04 14 10 04 00    -1.9664974   -0.4040830  956.7189  957.1684
2021 04 14 10 05 00    -1.9526111   -0.3972592  956.7150  957.1652
2021 04 14 10 06 00    -1.9386285   -0.3902323  956.7107  957.1525
2021 04 14 10 07 00    -1.9246957   -0.3831311  956.7068  957.1383
2021 04 14 10 08 00    -1.9108528   -0.3761227  956.7037  957.1580
2021 04 14 10 09 00    -1.8969977   -0.3691654  956.7006  957.2002
2021 04 14 10 10 00    -1.8832346   -0.3622586  956.6969  957.2214
2021 04 14 10 11 00    -1.8696467   -0.3554929  956.6938  957.2105
2021 04 14 10 12 00    -1.8560564   -0.3488532  956.6916  957.1921
2021 04 14 10 13 00    -1.8424492   -0.3422503  956.6891  957.1848
2021 04 14 10 14 00    -1.8289809   -0.3355416  956.6863  957.1835
2021 04 14 10 15 00    -1.8155465   -0.3285939  956.6841  957.1777
2021 04 14 10 16 00    -1.8020562   -0.3215868  956.6818  957.1696
2021 04 14 10 17 00    -1.7886608   -0.3148741  956.6781  957.1613
2021 04 14 10 18 00    -1.7753885   -0.3084299  956.6740  957.1536
2021 04 14 10 19 00    -1.7621948   -0.3019484  956.6711  957.1527
2021 04 14 10 20 00    -1.7491036   -0.2953770  956.6689  957.1520
2021 04 14 10 21 00    -1.7360651   -0.2888261  956.6661  957.1415
2021 04 14 10 22 00    -1.7230546   -0.2822628  956.6622  957.1289
2021 04 14 10 23 00    -1.7101242   -0.2756650  956.6584  957.1199
2021 04 14 10 24 00    -1.6972508   -0.2691261  956.6555  957.1107
2021 04 14 10 25 00    -1.6843924   -0.2627087  956.6524  957.0998
2021 04 14 10 26 00    -1.6715855   -0.2563885  956.6485  957.0877
2021 04 14 10 27 00    -1.6588992   -0.2501197  956.6448  957.0773
2021 04 14 10 28 00    -1.6464277   -0.2438906  956.6414  957.0709
2021 04 14 10 29 00    -1.6340641   -0.2376393  956.6372  957.0630
2021 04 14 10 30 00    -1.6215550   -0.2313218  956.6323  957.0484
2021 04 14 10 31 00    -1.6090305   -0.2250705  956.6282  957.0295
2021 04 14 10 32 00    -1.5967475   -0.2189469  956.6249  957.0100
2021 04 14 10 33 00    -1.5846079   -0.2128436  956.6208  956.9928
2021 04 14 10 34 00    -1.5724621   -0.2067429  956.6155  956.9794
2021 04 14 10 35 00    -1.5603776   -0.2007025  956.6097  956.9644
2021 04 14 10 36 00    -1.5484232   -0.1947502  956.6041  956.9414
2021 04 14 10 37 00    -1.5365007   -0.1888540  956.5985  956.9145
2021 04 14 10 38 00    -1.5245844   -0.1829281  956.5926  956.8970
2021 04 14 10 39 00    -1.5127297   -0.1769601  956.5863  956.8952
2021 04 14 10 40 00    -1.5009182   -0.1709842  956.5799  956.8887
2021 04 14 10 41 00    -1.4892569   -0.1650469  956.5738  956.8568
2021 04 14 10 42 00    -1.4777690   -0.1592394  956.5673  956.8216
2021 04 14 10 43 00    -1.4662103   -0.1535280  956.5608  956.8197
2021 04 14 10 44 00    -1.4545177   -0.1478022  956.5552  956.8546
2021 04 14 10 45 00    -1.4428265   -0.1420299  956.5508  956.9010
2021 04 14 10 46 00    -1.4311386   -0.1361388  956.5464  956.9300
2021 04 14 10 47 00    -1.4194852   -0.1301676  956.5421  956.9291
2021 04 14 10 48 00    -1.4080754   -0.1244178  956.5385  956.9123
2021 04 14 10 49 00    -1.3969597   -0.1190243  956.5351  956.9044
2021 04 14 10 50 00    -1.3858980   -0.1136533  956.5314  956.9093
2021 04 14 10 51 00    -1.3747251   -0.1079599  956.5271  956.9118
2021 04 14 10 52 00    -1.3635416   -0.1021192  956.5226  956.9068
2021 04 14 10 53 00    -1.3525397   -0.0965294  956.5181  956.9041
2021 04 14 10 54 00    -1.3418225   -0.0912323  956.5139  956.9062
2021 04 14 10 55 00    -1.3313046   -0.0860117  956.5098  956.9059
2021 04 14 10 56 00    -1.3207630   -0.0807606  956.5060  956.8988
2021 04 14 10 57 00    -1.3101424   -0.0754739  956.5024  956.8866
2021 04 14 10 58 00    -1.2995803   -0.0701635  956.4988  956.8741
2021 04 14 10 59 00    -1.2891306   -0.0649204  956.4946  956.8684
2021 04 14 11 00 00    -1.2788584   -0.0598328  956.4904  956.8694
2021 04 14 11 01 00    -1.2687356   -0.0548099  956.4870  956.8700
2021 04 14 11 02 00    -1.2585263   -0.0497233  956.4838  956.8724
2021 04 14 11 03 00    -1.2483827   -0.0446620  956.4798  956.8787
2021 04 14 11 04 00    -1.2386797   -0.0397519  956.4757  956.8765
2021 04 14 11 05 00    -1.2291202   -0.0348719  956.4721  956.8621
2021 04 14 11 06 00    -1.2192017   -0.0298330  956.4692  956.8508
2021 04 14 11 07 00    -1.2092340   -0.0247452  956.4664  956.8458
2021 04 14 11 08 00    -1.1996948   -0.0198863  956.4631  956.8344
2021 04 14 11 09 00    -1.1903678   -0.0152844  956.4590  956.8192
2021 04 14 11 10 00    -1.1810029   -0.0107878  956.4546  956.8135
2021 04 14 11 11 00    -1.1716964   -0.0062507  956.4505  956.8264
2021 04 14 11 12 00    -1.1625127   -0.0016085  956.4470  956.8561
2021 04 14 11 13 00    -1.1534089    0.0030251  956.4439  956.8781
2021 04 14 11 14 00    -1.1443286    0.0075595  956.4405  956.8754
2021 04 14 11 15 00    -1.1353773    0.0119765  956.4369  956.8622
2021 04 14 11 16 00    -1.1266347    0.0162985  956.4338  956.8460
2021 04 14 11 17 00    -1.1179581    0.0206530  956.4306  956.8279
2021 04 14 11 18 00    -1.1092886    0.0250482  956.4270  956.8183
2021 04 14 11 19 00    -1.1006428    0.0294235  956.4232  956.8131
2021 04 14 11 20 00    -1.0920762    0.0337597  956.4198  956.8032
2021 04 14 11 21 00    -1.0837239    0.0379598  956.4167  956.8001
2021 04 14 11 22 00    -1.0754835    0.0420234  956.4133  956.8032
2021 04 14 11 23 00    -1.0671984    0.0460334  956.4093  956.7887
2021 04 14 11 24 00    -1.0590458    0.0500323  956.4052  956.7610
2021 04 14 11 25 00    -1.0511723    0.0540930  956.4017  956.7527
2021 04 14 11 26 00    -1.0434861    0.0581159  956.3990  956.7706
2021 04 14 11 27 00    -1.0358630    0.0619581  956.3960  956.7840
2021 04 14 11 28 00    -1.0281475    0.0658034  956.3921  956.7721
2021 04 14 11 29 00    -1.0204510    0.0697189  956.3879  956.7491
2021 04 14 11 30 00    -1.0130883    0.0734552  956.3835  956.7346
2021 04 14 11 31 00    -1.0059532    0.0770180  956.3789  956.7351
2021 04 14 11 32 00    -0.9988244    0.0805846  956.3749  956.7514
2021 04 14 11 33 00    -0.9917388    0.0840992  956.3717  956.7699
2021 04 14 11 34 00    -0.9847451    0.0874687  956.3691  956.7652
2021 04 14 11 35 00    -0.9778752    0.0907985  956.3658  956.7395
2021 04 14 11 36 00    -0.9710453    0.0942483  956.3611  956.7254
2021 04 14 11 37 00    -0.9641786    0.0977265  956.3561  956.7317
2021 04 14 11 38 00    -0.9574747    0.1010196  956.3523  956.7414
2021 04 14 11 39 00    -0.9510193    0.1042303  956.3493  956.7473
2021 04 14 11 40 00    -0.9445532    0.1075759  956.3463  956.7476
2021 04 14 11 41 00    -0.9379210    0.1109602  956.3430  956.7473
2021 04 14 11 42 00    -0.9314274    0.1141309  956.3401  956.7582
2021 04 14 11 43 00    -0.9254081    0.1170738  956.3375  956.7754
2021 04 14 11 44 00    -0.9196187    0.1200139  956.3344  956.7808
2021 04 14 11 45 00    -0.9136740    0.1230160  956.3309  956.7656
2021 04 14 11 46 00    -0.9076960    0.1260001  956.3279  956.7447
2021 04 14 11 47 00    -0.9019981    0.1289624  956.3249  956.7389
2021 04 14 11 48 00    -0.8965734    0.1317964  956.3217  956.7364
2021 04 14 11 49 00    -0.8911825    0.1344266  956.3189  956.7155
2021 04 14 11 50 00    -0.8857865    0.1369889  956.3169  956.6944
2021 04 14 11 51 00    -0.8805695    0.1395464  956.3146  956.6909
2021 04 14 11 52 00    -0.8755160    0.1420714  956.3114  956.6865
2021 04 14 11 53 00    -0.8704974    0.1445529  956.3075  956.6837
2021 04 14 11 54 00    -0.8655665    0.1469922  956.3037  956.7000
2021 04 14 11 55 00    -0.8607322    0.1494464  956.3007  956.7119
2021 04 14 11 56 00    -0.8559869    0.1518666  956.2983  956.7029
2021 04 14 11 57 00    -0.8513804    0.1541978  956.2956  956.6945
2021 04 14 11 58 00    -0.8468213    0.1565766  956.2923  956.6949
2021 04 14 11 59 00    -0.8423786    0.1588732  956.2884  956.6942
2021 04 14 12 00 00    -0.8382850    0.1607512  956.2848  956.6847
2021 04 14 12 01 00    -0.8343768    0.1624923  956.2817  956.6662
2021 04 14 12 02 00    -0.8303059    0.1645856  956.2786  956.6559
2021 04 14 12 03 00    -0.8261652    0.1668140  956.2751  956.6603
2021 04 14 12 04 00    -0.8222634    0.1688357  956.2720  956.6676
2021 04 14 12 05 00    -0.8185763    0.1707488  956.2700  956.6777
2021 04 14 12 06 00    -0.8149974    0.1725357  956.2685  956.6874
2021 04 14 12 07 00    -0.8116142    0.1740887  956.2664  956.6734
2021 04 14 12 08 00    -0.8083531    0.1756707  956.2633  956.6351
2021 04 14 12 09 00    -0.8050772    0.1774177  956.2597  956.6155
2021 04 14 12 10 00    -0.8019400    0.1790464  956.2568  956.6362
2021 04 14 12 11 00    -0.7990502    0.1804727  956.2551  956.6612
2021 04 14 12 12 00    -0.7962365    0.1818503  956.2536  956.6606
2021 04 14 12 13 00    -0.7933867    0.1831867  956.2511  956.6513
2021 04 14 12 14 00    -0.7906072    0.1845010  956.2480  956.6506
2021 04 14 12 15 00    -0.7879670    0.1858999  956.2453  956.6526
2021 04 14 12 16 00    -0.7854759    0.1873276  956.2432  956.6643
2021 04 14 12 17 00    -0.7832372    0.1885819  956.2415  956.6953
2021 04 14 12 18 00    -0.7811280    0.1896471  956.2399  956.7184
2021 04 14 12 19 00    -0.7789226    0.1906720  956.2378  956.7029
2021 04 14 12 20 00    -0.7768306    0.1916201  956.2353  956.6657
2021 04 14 12 21 00    -0.7750091    0.1924572  956.2328  956.6449
2021 04 14 12 22 00    -0.7732645    0.1933317  956.2306  956.6474
2021 04 14 12 23 00    -0.7716394    0.1941764  956.2283  956.6528
2021 04 14 12 24 00    -0.7701864    0.1948593  956.2254  956.6480
2021 04 14 12 25 00    -0.7687039    0.1955479  956.2227  956.6320
2021 04 14 12 26 00    -0.7673522    0.1962375  956.2212  956.6149
2021 04 14 12 27 00    -0.7663528    0.1967249  956.2204  956.6196
2021 04 14 12 28 00    -0.7653296    0.1971755  956.2187  956.6489
2021 04 14 12 29 00    -0.7641204    0.1977520  956.2157  956.6802
2021 04 14 12 30 00    -0.7632173    0.1982411  956.2128  956.7038
2021 04 14 12 31 00    -0.7627604    0.1985473  956.2105  956.7192
2021 04 14 12 32 00    -0.7623672    0.1987724  956.2087  956.7190
2021 04 14 12 33 00    -0.7618571    0.1989328  956.2069  956.6955
2021 04 14 12 34 00    -0.7613152    0.1990755  956.2050  956.6601
2021 04 14 12 35 00    -0.7609586    0.1992789  956.2036  956.6494
2021 04 14 12 36 00    -0.7609412    0.1994283  956.2026  956.6686
2021 04 14 12 37 00    -0.7610996    0.1993720  956.2018  956.6827
2021 04 14 12 38 00    -0.7612663    0.1991884  956.2009  956.6851
2021 04 14 12 39 00    -0.7614496    0.1990401  956.1998  956.6886
2021 04 14 12 40 00    -0.7616692    0.1989833  956.1982  956.6847
2021 04 14 12 41 00    -0.7620336    0.1988636  956.1961  956.6711
2021 04 14 12 42 00    -0.7626337    0.1984846  956.1936  956.6627
2021 04 14 12 43 00    -0.7633701    0.1980699  956.1912  956.6630
2021 04 14 12 44 00    -0.7641981    0.1978547  956.1892  956.6630
2021 04 14 12 45 00    -0.7652152    0.1975205  956.1883  956.6627
2021 04 14 12 46 00    -0.7664125    0.1968842  956.1886  956.6701
2021 04 14 12 47 00    -0.7676909    0.1961870  956.1885  956.6784
2021 04 14 12 48 00    -0.7690371    0.1954596  956.1874  956.6756
2021 04 14 12 49 00    -0.7704747    0.1946162  956.1858  956.6709
2021 04 14 12 50 00    -0.7720061    0.1937450  956.1841  956.6771
2021 04 14 12 51 00    -0.7735995    0.1929297  956.1825  956.6916
2021 04 14 12 52 00    -0.7752615    0.1921599  956.1807  956.7033
2021 04 14 12 53 00    -0.7771793    0.1912715  956.1785  956.6928
2021 04 14 12 54 00    -0.7793543    0.1902360  956.1764  956.6587
2021 04 14 12 55 00    -0.7814511    0.1892721  956.1754  956.6322
2021 04 14 12 56 00    -0.7835054    0.1882350  956.1750  956.6376
2021 04 14 12 57 00    -0.7858441    0.1868824  956.1741  956.6592
2021 04 14 12 58 00    -0.7883728    0.1854659  956.1721  956.6593
2021 04 14 12 59 00    -0.7908422    0.1842251  956.1696  956.6332
2021 04 14 13 00 00    -0.7932894    0.1830995  956.1672  956.6163
2021 04 14 13 01 00    -0.7959528    0.1818940  956.1644  956.6180
2021 04 14 13 02 00    -0.7989918    0.1803985  956.1611  956.6109
2021 04 14 13 03 00    -0.8022114    0.1787349  956.1583  956.5943
2021 04 14 13 04 00    -0.8053460    0.1771634  956.1560  956.5992
2021 04 14 13 05 00    -0.8084992    0.1755684  956.1538  956.6253
2021 04 14 13 06 00    -0.8118690    0.1738063  956.1519  956.6377
2021 04 14 13 07 00    -0.8153847    0.1720920  956.1504  956.6279
2021 04 14 13 08 00    -0.8189061    0.1705052  956.1484  956.6135
2021 04 14 13 09 00    -0.8224267    0.1687595  956.1457  956.5978
2021 04 14 13 10 00    -0.8260779    0.1667750  956.1424  956.5764
2021 04 14 13 11 00    -0.8300164    0.1647771  956.1393  956.5548
2021 04 14 13 12 00    -0.8341935    0.1627987  956.1363  956.5348
2021 04 14 13 13 00    -0.8384566    0.1607038  956.1337  956.5138
2021 04 14 13 14 00    -0.8427756    0.1584811  956.1311  956.5030
2021 04 14 13 15 00    -0.8472114    0.1561938  956.1278  956.5083
2021 04 14 13 16 00    -0.8517968    0.1538837  956.1239  956.5108
2021 04 14 13 17 00    -0.8564094    0.1516067  956.1205  956.4989
2021 04 14 13 18 00    -0.8609990    0.1493744  956.1177  956.4813
2021 04 14 13 19 00    -0.8657497    0.1470670  956.1152  956.4692
2021 04 14 13 20 00    -0.8707243    0.1445613  956.1124  956.4691
2021 04 14 13 21 00    -0.8758675    0.1419065  956.1092  956.4679
2021 04 14 13 22 00    -0.8811322    0.1392630  956.1058  956.4459
2021 04 14 13 23 00    -0.8863920    0.1366915  956.1022  956.4231
2021 04 14 13 24 00    -0.8916432    0.1341266  956.0983  956.4299
2021 04 14 13 25 00    -0.8969976    0.1314783  956.0945  956.4516
2021 04 14 13 26 00    -0.9025106    0.1286758  956.0912  956.4633
2021 04 14 13 27 00    -0.9082048    0.1257764  956.0880  956.4649
2021 04 14 13 28 00    -0.9139410    0.1229140  956.0842  956.4513
2021 04 14 13 29 00    -0.9196395    0.1200544  956.0807  956.4272
2021 04 14 13 30 00    -0.9255707    0.1170496  956.0781  956.4199
2021 04 14 13 31 00    -0.9318002    0.1139354  956.0756  956.4242
2021 04 14 13 32 00    -0.9380663    0.1108560  956.0724  956.4118
2021 04 14 13 33 00    -0.9443927    0.1076887  956.0688  956.3913
2021 04 14 13 34 00    -0.9508843    0.1042666  956.0653  956.3802
2021 04 14 13 35 00    -0.9574136    0.1008488  956.0616  956.3655
2021 04 14 13 36 00    -0.9639797    0.0976895  956.0579  956.3412
2021 04 14 13 37 00    -0.9706666    0.0945804  956.0546  956.3239
2021 04 14 13 38 00    -0.9774801    0.0912468  956.0512  956.3172
2021 04 14 13 39 00    -0.9845263    0.0876261  956.0474  956.3147
2021 04 14 13 40 00    -0.9918055    0.0838486  956.0436  956.3221
2021 04 14 13 41 00    -0.9990410    0.0802031  956.0402  956.3324
2021 04 14 13 42 00    -1.0061473    0.0767569  956.0363  956.3211
2021 04 14 13 43 00    -1.0133790    0.0732399  956.0318  956.2898
2021 04 14 13 44 00    -1.0208077    0.0694568  956.0274  956.2687
2021 04 14 13 45 00    -1.0283958    0.0654175  956.0235  956.2633
2021 04 14 13 46 00    -1.0362184    0.0613635  956.0196  956.2575
2021 04 14 13 47 00    -1.0440504    0.0575842  956.0153  956.2539
2021 04 14 13 48 00    -1.0517510    0.0539117  956.0110  956.2512
2021 04 14 13 49 00    -1.0596000    0.0500286  956.0064  956.2251
2021 04 14 13 50 00    -1.0676171    0.0459745  956.0011  956.1789
2021 04 14 13 51 00    -1.0756758    0.0418978  955.9956  956.1466
2021 04 14 13 52 00    -1.0839260    0.0378100  955.9905  956.1423
2021 04 14 13 53 00    -1.0923957    0.0336219  955.9852  956.1499
2021 04 14 13 54 00    -1.1008708    0.0293469  955.9792  956.1440
2021 04 14 13 55 00    -1.1092907    0.0250812  955.9729  956.1235
2021 04 14 13 56 00    -1.1177893    0.0207707  955.9668  956.1152
2021 04 14 13 57 00    -1.1264345    0.0164056  955.9614  956.1277
2021 04 14 13 58 00    -1.1351652    0.0121112  955.9570  956.1533
2021 04 14 13 59 00    -1.1438769    0.0078787  955.9530  956.1870
2021 04 14 14 00 00    -1.1526382    0.0035219  955.9485  956.2009
2021 04 14 14 01 00    -1.1616427   -0.0010592  955.9435  956.1710
2021 04 14 14 02 00    -1.1708088   -0.0056796  955.9388  956.1277
2021 04 14 14 03 00    -1.1799625   -0.0102277  955.9344  956.1152
2021 04 14 14 04 00    -1.1892087   -0.0149045  955.9300  956.1292
2021 04 14 14 05 00    -1.1986564   -0.0197394  955.9252  956.1377
2021 04 14 14 06 00    -1.2081574   -0.0244374  955.9199  956.1280
2021 04 14 14 07 00    -1.2176148   -0.0289850  955.9145  956.1069
2021 04 14 14 08 00    -1.2272262   -0.0337507  955.9095  956.0895
2021 04 14 14 09 00    -1.2370701   -0.0387290  955.9056  956.0889
2021 04 14 14 10 00    -1.2469219   -0.0436374  955.9025  956.0987
2021 04 14 14 11 00    -1.2567201   -0.0485949  955.9002  956.0941
2021 04 14 14 12 00    -1.2666998   -0.0537243  955.8996  956.0609
2021 04 14 14 13 00    -1.2769715   -0.0588459  955.8965  956.0221
2021 04 14 14 14 00    -1.2872597   -0.0639077  955.8856  956.0126
2021 04 14 14 15 00    -1.2973841   -0.0690135  955.8832  956.0248
2021 04 14 14 16 00    -1.3076468   -0.0742188  955.9109  956.0192
2021 04 14 14 17 00    -1.3181689   -0.0795015  955.9423  955.9904
2021 04 14 14 18 00    -1.3285834   -0.0847257  955.9360  955.9824
2021 04 14 14 19 00    -1.3388594   -0.0898495  955.9035  956.0125
2021 04 14 14 20 00    -1.3493941   -0.0950995  955.8767  956.0329
2021 04 14 14 21 00    -1.3601674   -0.1005428  955.8593  956.0211
2021 04 14 14 22 00    -1.3709045   -0.1059762  955.8446  956.0140
2021 04 14 14 23 00    -1.3817404   -0.1114271  955.8319  956.0216
2021 04 14 14 24 00    -1.3928240   -0.1169860  955.8213  956.0201
2021 04 14 14 25 00    -1.4038852   -0.1224120  955.8121  956.0036
2021 04 14 14 26 00    -1.4147915   -0.1276713  955.8044  955.9728
2021 04 14 14 27 00    -1.4258434   -0.1332219  955.7986  955.9394
2021 04 14 14 28 00    -1.4371403   -0.1391485  955.7933  955.9317
2021 04 14 14 29 00    -1.4484178   -0.1449042  955.7874  955.9503
2021 04 14 14 30 00    -1.4596847   -0.1503254  955.7809  955.9691
2021 04 14 14 31 00    -1.4711863   -0.1558985  955.7749  955.9772
2021 04 14 14 32 00    -1.4828448   -0.1618497  955.7704  955.9758
2021 04 14 14 33 00    -1.4944107   -0.1678399  955.7663  955.9667
2021 04 14 14 34 00    -1.5058800   -0.1736062  955.7617  955.9563
2021 04 14 14 35 00    -1.5174218   -0.1792856  955.7571  955.9462
2021 04 14 14 36 00    -1.5291230   -0.1850915  955.7534  955.9364
2021 04 14 14 37 00    -1.5409701   -0.1910748  955.7497  955.9303
2021 04 14 14 38 00    -1.5529564   -0.1971579  955.7461  955.9254
2021 04 14 14 39 00    -1.5649896   -0.2032285  955.7430  955.9164
2021 04 14 14 40 00    -1.5769132   -0.2092186  955.7351  955.9067
2021 04 14 14 41 00    -1.5888025   -0.2151442  955.7284  955.9038
2021 04 14 14 42 00    -1.6008693   -0.2211068  955.7539  955.9123
2021 04 14 14 43 00    -1.6130911   -0.2271783  955.8087  955.9343
2021 04 14 14 44 00    -1.6252881   -0.2333086  955.8273  955.9579
2021 04 14 14 45 00    -1.6374430   -0.2394082  955.7874  955.9599
2021 04 14 14 46 00    -1.6497193   -0.2455333  955.7435  955.9464
2021 04 14 14 47 00    -1.6621546   -0.2517993  955.7249  955.9445
2021 04 14 14 48 00    -1.6746210   -0.2581217  955.7143  955.9521
2021 04 14 14 49 00    -1.6871500   -0.2644207  955.7017  955.9551
2021 04 14 14 50 00    -1.6997961   -0.2707470  955.6897  955.9521
2021 04 14 14 51 00    -1.7124531   -0.2770843  955.6798  955.9423
2021 04 14 14 52 00    -1.7251958   -0.2834575  955.6718  955.9373
2021 04 14 14 53 00    -1.7380827   -0.2899278  955.6650  955.9463
2021 04 14 14 54 00    -1.7508616   -0.2963692  955.6591  955.9502
2021 04 14 14 55 00    -1.7635250   -0.3026972  955.6545  955.9330
2021 04 14 14 56 00    -1.7764053   -0.3091100  955.6503  955.9137
2021 04 14 14 57 00    -1.7895172   -0.3156939  955.6459  955.9141
2021 04 14 14 58 00    -1.8025742   -0.3223036  955.6421  955.9199
2021 04 14 14 59 00    -1.8155682   -0.3289358  955.6394  955.9135
2021 04 14 15 00 00    -1.8286448   -0.3355638  955.6370  955.9194
2021 04 14 15 01 00    -1.8417079   -0.3420418  955.6337  955.9531
2021 04 14 15 02 00    -1.8547108   -0.3484798  955.6301  955.9731
2021 04 14 15 03 00    -1.8677823   -0.3550188  955.6274  955.9577
2021 04 14 15 04 00    -1.8809069   -0.3615218  955.6253  955.9491
2021 04 14 15 05 00    -1.8940502   -0.3679681  955.6229  955.9670
2021 04 14 15 06 00    -1.9073177   -0.3745404  955.6203  955.9798
2021 04 14 15 07 00    -1.9206990   -0.3812834  955.6177  955.9703
2021 04 14 15 08 00    -1.9340682   -0.3880982  955.6156  955.9453
2021 04 14 15 09 00    -1.9474484   -0.3948677  955.6142  955.9234
2021 04 14 15 10 00    -1.9609047   -0.4015401  955.6131  955.9345
2021 04 14 15 11 00    -1.9743840   -0.4081698  955.6121  955.9804
2021 04 14 15 12 00    -1.9878982   -0.4148276  955.6107  956.0184
2021 04 14 15 13 00    -2.0015114   -0.4216019  955.6090  956.0161
2021 04 14 15 14 00    -2.0151935   -0.4285530  955.6075  955.9986
2021 04 14 15 15 00    -2.0289622   -0.4355972  955.6059  956.0020
2021 04 14 15 16 00    -2.0428503   -0.4425904  955.6043  956.0124
2021 04 14 15 17 00    -2.0566868   -0.4494505  955.6030  956.0099
2021 04 14 15 18 00    -2.0704340   -0.4563092  955.6022  956.0103
2021 04 14 15 19 00    -2.0843632   -0.4633579  955.6011  956.0135
2021 04 14 15 20 00    -2.0984318   -0.4704410  955.5991  955.9973
2021 04 14 15 21 00    -2.1123687   -0.4773957  955.5966  955.9736
2021 04 14 15 22 00    -2.1262966   -0.4843848  955.5948  955.9725
2021 04 14 15 23 00    -2.1404112   -0.4914672  955.5938  955.9914
2021 04 14 15 24 00    -2.1545836   -0.4985085  955.5929  956.0080
2021 04 14 15 25 00    -2.1686273   -0.5054679  955.5921  956.0159
2021 04 14 15 26 00    -2.1825224   -0.5123859  955.5910  956.0212
2021 04 14 15 27 00    -2.1965000   -0.5193927  955.5896  956.0257
2021 04 14 15 28 00    -2.2108044   -0.5266497  955.5886  956.0282
2021 04 14 15 29 00    -2.2251864   -0.5339793  955.5880  956.0282
2021 04 14 15 30 00    -2.2393290   -0.5410986  955.5872  956.0242
2021 04 14 15 31 00    -2.2534266   -0.5481292  955.5862  956.0233
2021 04 14 15 32 00    -2.2676939   -0.5552390  955.5850  956.0341
2021 04 14 15 33 00    -2.2820353   -0.5623651  955.5837  956.0462
2021 04 14 15 34 00    -2.2963041   -0.5694877  955.5829  956.0418
2021 04 14 15 35 00    -2.3105397   -0.5766437  955.5819  956.0190
2021 04 14 15 36 00    -2.3248917   -0.5838033  955.5801  955.9900
2021 04 14 15 37 00    -2.3392662   -0.5909414  955.5782  955.9752
2021 04 14 15 38 00    -2.3534809   -0.5980838  955.5769  955.9842
2021 04 14 15 39 00    -2.3676428   -0.6052285  955.5764  955.9982
2021 04 14 15 40 00    -2.3819395   -0.6123571  955.5756  955.9997
2021 04 14 15 41 00    -2.3963776   -0.6194929  955.5739  955.9980
2021 04 14 15 42 00    -2.4109128   -0.6267467  955.5720  956.0030
2021 04 14 15 43 00    -2.4254721   -0.6341851  955.5704  956.0103
2021 04 14 15 44 00    -2.4398476   -0.6415440  955.5692  956.0184
2021 04 14 15 45 00    -2.4540660   -0.6486161  955.5684  956.0269
2021 04 14 15 46 00    -2.4683912   -0.6556580  955.5677  956.0289
2021 04 14 15 47 00    -2.4828246   -0.6629019  955.5668  956.0247
2021 04 14 15 48 00    -2.4973709   -0.6702742  955.5659  956.0251
2021 04 14 15 49 00    -2.5120175   -0.6775692  955.5647  956.0336
2021 04 14 15 50 00    -2.5264155   -0.6846804  955.5630  956.0405
2021 04 14 15 51 00    -2.5405684   -0.6917738  955.5616  956.0410
2021 04 14 15 52 00    -2.5549429   -0.6990249  955.5611  956.0428
2021 04 14 15 53 00    -2.5696072   -0.7063781  955.5606  956.0490
2021 04 14 15 54 00    -2.5842175   -0.7136453  955.5601  956.0509
2021 04 14 15 55 00    -2.5985944   -0.7207892  955.5596  956.0517
2021 04 14 15 56 00    -2.6128540   -0.7279899  955.5590  956.0697
2021 04 14 15 57 00    -2.6272075   -0.7352465  955.5586  956.0984
2021 04 14 15 58 00    -2.6417017   -0.7424395  955.5582  956.1119
2021 04 14 15 59 00    -2.6561933   -0.7496386  955.5578  956.1118
2021 04 14 16 00 00    -2.6705853   -0.7568730  955.5574  956.1082
2021 04 14 16 01 00    -2.6849756   -0.7641226  955.5580  956.0980
2021 04 14 16 02 00    -2.6995089   -0.7714110  955.5594  956.1015
2021 04 14 16 03 00    -2.7140924   -0.7786341  955.5603  956.1430
2021 04 14 16 04 00    -2.7284863   -0.7857437  955.5597  956.1941
2021 04 14 16 05 00    -2.7427111   -0.7929236  955.5582  956.2177
2021 04 14 16 06 00    -2.7570587   -0.8002788  955.5573  956.2166
2021 04 14 16 07 00    -2.7716420   -0.8076577  955.5575  956.1921
2021 04 14 16 08 00    -2.7862666   -0.8149074  955.5578  956.1551
2021 04 14 16 09 00    -2.8007860   -0.8221071  955.5572  956.1503
2021 04 14 16 10 00    -2.8152950   -0.8294403  955.5561  956.1754
2021 04 14 16 11 00    -2.8298693   -0.8368503  955.5557  956.1752
2021 04 14 16 12 00    -2.8443429   -0.8440741  955.5560  956.1501
2021 04 14 16 13 00    -2.8586722   -0.8511422  955.5566  956.1497
2021 04 14 16 14 00    -2.8730675   -0.8583188  955.5575  956.1730
2021 04 14 16 15 00    -2.8875037   -0.8655513  955.5579  956.1793
2021 04 14 16 16 00    -2.9018420   -0.8726757  955.5569  956.1626
2021 04 14 16 17 00    -2.9161837   -0.8798124  955.5552  956.1467
2021 04 14 16 18 00    -2.9305532   -0.8870599  955.5543  956.1417
2021 04 14 16 19 00    -2.9449161   -0.8943264  955.5542  956.1324
2021 04 14 16 20 00    -2.9593815   -0.9015731  955.5539  956.1080
2021 04 14 16 21 00    -2.9738684   -0.9088018  955.5530  956.0883
2021 04 14 16 22 00    -2.9882153   -0.9159645  955.5518  956.0900
2021 04 14 16 23 00    -3.0025000   -0.9231035  955.5501  956.0984
2021 04 14 16 24 00    -3.0167868   -0.9302925  955.5488  956.0957
2021 04 14 16 25 00    -3.0309873   -0.9374507  955.5486  956.0855
2021 04 14 16 26 00    -3.0450729   -0.9444875  955.5487  956.0778
2021 04 14 16 27 00    -3.0592124   -0.9514768  955.5477  956.0741
2021 04 14 16 28 00    -3.0735289   -0.9585451  955.5458  956.0687
2021 04 14 16 29 00    -3.0878896   -0.9657169  955.5439  956.0619
2021 04 14 16 30 00    -3.1021724   -0.9729270  955.5424  956.0632
2021 04 14 16 31 00    -3.1162924   -0.9800634  955.5411  956.0705
2021 04 14 16 32 00    -3.1301254   -0.9870242  955.5398  956.0703
2021 04 14 16 33 00    -3.1438555   -0.9939003  955.5391  956.0611
2021 04 14 16 34 00    -3.1578557   -1.0009342  955.5383  956.0523
2021 04 14 16 35 00    -3.1720990   -1.0080994  955.5370  956.0447
2021 04 14 16 36 00    -3.1862326   -1.0151167  955.5353  956.0339
2021 04 14 16 37 00    -3.2002007   -1.0220185  955.5331  956.0228
2021 04 14 16 38 00    -3.2141629   -1.0289837  955.5303  956.0159
2021 04 14 16 39 00    -3.2279105   -1.0358519  955.5276  956.0072
2021 04 14 16 40 00    -3.2413655   -1.0426111  955.5256  955.9926
2021 04 14 16 41 00    -3.2551461   -1.0496068  955.5244  955.9824
2021 04 14 16 42 00    -3.2693822   -1.0567859  955.5228  955.9839
2021 04 14 16 43 00    -3.2832380   -1.0637181  955.5202  955.9883
2021 04 14 16 44 00    -3.2965739   -1.0703813  955.5175  955.9872
2021 04 14 16 45 00    -3.3100990   -1.0770990  955.5157  955.9851
2021 04 14 16 46 00    -3.3238027   -1.0839130  955.5144  955.9898
2021 04 14 16 47 00    -3.3372319   -1.0906389  955.5127  956.0030
2021 04 14 16 48 00    -3.3505514   -1.0973154  955.5103  956.0200
2021 04 14 16 49 00    -3.3640733   -1.1040731  955.5082  956.0341
2021 04 14 16 50 00    -3.3776717   -1.1108851  955.5071  956.0377
2021 04 14 16 51 00    -3.3911387   -1.1176796  955.5065  956.0315
2021 04 14 16 52 00    -3.4044494   -1.1243529  955.5051  956.0277
2021 04 14 16 53 00    -3.4176446   -1.1309104  955.5029  956.0302
2021 04 14 16 54 00    -3.4308296   -1.1375273  955.5014  956.0275
2021 04 14 16 55 00    -3.4440740   -1.1441724  955.5006  956.0132
2021 04 14 16 56 00    -3.4572376   -1.1507197  955.4998  955.9936
2021 04 14 16 57 00    -3.4702546   -1.1573027  955.4987  955.9841
2021 04 14 16 58 00    -3.4833579   -1.1640124  955.4972  955.9992
2021 04 14 16 59 00    -3.4966026   -1.1706735  955.4954  956.0231
2021 04 14 17 00 00    -3.5096905   -1.1772070  955.4938  956.0220
2021 04 14 17 01 00    -3.5225815   -1.1837362  955.4928  956.0015
2021 04 14 17 02 00    -3.5355241   -1.1902371  955.4920  955.9909
2021 04 14 17 03 00    -3.5484853   -1.1965783  955.4911  955.9909
2021 04 14 17 04 00    -3.5612702   -1.2028500  955.4897  955.9908
2021 04 14 17 05 00    -3.5739195   -1.2092466  955.4879  955.9932
2021 04 14 17 06 00    -3.5865894   -1.2157133  955.4860  955.9971
2021 04 14 17 07 00    -3.5992847   -1.2220334  955.4844  955.9994
2021 04 14 17 08 00    -3.6119137   -1.2282384  955.4829  956.0078
2021 04 14 17 09 00    -3.6244614   -1.2345259  955.4812  956.0207
2021 04 14 17 10 00    -3.6368797   -1.2408268  955.4795  956.0237
2021 04 14 17 11 00    -3.6491392   -1.2469481  955.4781  956.0161
2021 04 14 17 12 00    -3.6613808   -1.2529899  955.4770  956.0119
2021 04 14 17 13 00    -3.6737024   -1.2591440  955.4758  956.0186
2021 04 14 17 14 00    -3.6860152   -1.2652700  955.4749  956.0284
2021 04 14 17 15 00    -3.6981407   -1.2712453  955.4740  956.0289
2021 04 14 17 16 00    -3.7101081   -1.2773369  955.4726  956.0229
2021 04 14 17 17 00    -3.7221387   -1.2835869  955.4715  956.0210
2021 04 14 17 18 00    -3.7342315   -1.2896625  955.4713  956.0257
2021 04 14 17 19 00    -3.7462620   -1.2955441  955.4714  956.0356
2021 04 14 17 20 00    -3.7582082   -1.3014723  955.4708  956.0497
2021 04 14 17 21 00    -3.7700582   -1.3075123  955.4700  956.0632
2021 04 14 17 22 00    -3.7817886   -1.3135139  955.4701  956.0728
2021 04 14 17 23 00    -3.7933913   -1.3193046  955.4708  956.0815
2021 04 14 17 24 00    -3.8049468   -1.3250030  955.4707  956.0903
2021 04 14 17 25 00    -3.8165999   -1.3308632  955.4702  956.0939
2021 04 14 17 26 00    -3.8282869   -1.3367755  955.4698  956.0916
2021 04 14 17 27 00    -3.8397577   -1.3424750  955.4699  956.0904
2021 04 14 17 28 00    -3.8510288   -1.3481009  955.4696  956.0915
2021 04 14 17 29 00    -3.8623699   -1.3538754  955.4685  956.0901
2021 04 14 17 30 00    -3.8738206   -1.3595980  955.4674  956.0896
2021 04 14 17 31 00    -3.8851358   -1.3650817  955.4675  956.0963
2021 04 14 17 32 00    -3.8961969   -1.3705251  955.4685  956.1054
2021 04 14 17 33 00    -3.9071826   -1.3761205  955.4691  956.1063
2021 04 14 17 34 00    -3.9182432   -1.3817922  955.4694  956.0988
2021 04 14 17 35 00    -3.9292948   -1.3873793  955.4695  956.0905
2021 04 14 17 36 00    -3.9402407   -1.3928384  955.4687  956.0846
2021 04 14 17 37 00    -3.9511268   -1.3982674  955.4674  956.0797
2021 04 14 17 38 00    -3.9619693   -1.4036970  955.4665  956.0775
2021 04 14 17 39 00    -3.9727048   -1.4090482  955.4660  956.0803
2021 04 14 17 40 00    -3.9833507   -1.4143581  955.4657  956.0871
2021 04 14 17 41 00    -3.9939222   -1.4196709  955.4660  956.0977
2021 04 14 17 42 00    -4.0043644   -1.4248900  955.4667  956.1108
2021 04 14 17 43 00    -4.0146861   -1.4300047  955.4670  956.1202
2021 04 14 17 44 00    -4.0249598   -1.4351515  955.4667  956.1226
2021 04 14 17 45 00    -4.0352020   -1.4403582  955.4670  956.1234
2021 04 14 17 46 00    -4.0453757   -1.4454568  955.4678  956.1263
2021 04 14 17 47 00    -4.0555423   -1.4504014  955.4678  956.1258
2021 04 14 17 48 00    -4.0657759   -1.4554449  955.4675  956.1196
2021 04 14 17 49 00    -4.0759338   -1.4607271  955.4678  956.1153
2021 04 14 17 50 00    -4.0858317   -1.4659521  955.4676  956.1155
2021 04 14 17 51 00    -4.0955723   -1.4708475  955.4668  956.1152
2021 04 14 17 52 00    -4.1053315   -1.4755762  955.4664  956.1142
2021 04 14 17 53 00    -4.1149975   -1.4803249  955.4663  956.1163
2021 04 14 17 54 00    -4.1244802   -1.4850498  955.4660  956.1218
2021 04 14 17 55 00    -4.1338967   -1.4897081  955.4660  956.1273
2021 04 14 17 56 00    -4.1432836   -1.4942983  955.4664  956.1312
2021 04 14 17 57 00    -4.1526356   -1.4989049  955.4662  956.1358
2021 04 14 17 58 00    -4.1619313   -1.5036515  955.4652  956.1428
2021 04 14 17 59 00    -4.1711387   -1.5083897  955.4650  956.1514
2021 04 14 18 00 00    -4.1803255   -1.5128882  955.4667  956.1613
2021 04 14 18 01 00    -4.1894119   -1.5172807  955.4686  956.1729
2021 04 14 18 02 00    -4.1982308   -1.5217695  955.4695  956.1839
2021 04 14 18 03 00    -4.2069476   -1.5262682  955.4701  956.1919
2021 04 14 18 04 00    -4.2157764   -1.5306976  955.4712  956.1979
2021 04 14 18 05 00    -4.2245743   -1.5351175  955.4721  956.2041
2021 04 14 18 06 00    -4.2332315   -1.5395108  955.4724  956.2096
2021 04 14 18 07 00    -4.2418352   -1.5438134  955.4726  956.2134
2021 04 14 18 08 00    -4.2503747   -1.5480882  955.4728  956.2172
2021 04 14 18 09 00    -4.2588729   -1.5524020  955.4735  956.2213
2021 04 14 18 10 00    -4.2673106   -1.5566294  955.4749  956.2239
2021 04 14 18 11 00    -4.2755214   -1.5606922  955.4760  956.2258
2021 04 14 18 12 00    -4.2836189   -1.5647559  955.4764  956.2296
2021 04 14 18 13 00    -4.2917694   -1.5688771  955.4774  956.2354
2021 04 14 18 14 00    -4.2998116   -1.5729148  955.4793  956.2426
2021 04 14 18 15 00    -4.3076760   -1.5768805  955.4809  956.2514
2021 04 14 18 16 00    -4.3155117   -1.5808739  955.4818  956.2591
2021 04 14 18 17 00    -4.3233880   -1.5848355  955.4827  956.2616
2021 04 14 18 18 00    -4.3312171   -1.5886432  955.4839  956.2586
2021 04 14 18 19 00    -4.3388773   -1.5923166  955.4851  956.2559
2021 04 14 18 20 00    -4.3463633   -1.5960308  955.4859  956.2579
2021 04 14 18 21 00    -4.3537081   -1.5997639  955.4865  956.2639
2021 04 14 18 22 00    -4.3609261   -1.6032725  955.4868  956.2714
2021 04 14 18 23 00    -4.3682240   -1.6067804  955.4875  956.2787
2021 04 14 18 24 00    -4.3757043   -1.6106767  955.4889  956.2851
2021 04 14 18 25 00    -4.3829427   -1.6145263  955.4906  956.2910
2021 04 14 18 26 00    -4.3897125   -1.6178517  955.4916  956.2956
2021 04 14 18 27 00    -4.3964602   -1.6210779  955.4920  956.2989
2021 04 14 18 28 00    -4.4034273   -1.6246093  955.4933  956.3017
2021 04 14 18 29 00    -4.4102999   -1.6281744  955.4962  956.3052
2021 04 14 18 30 00    -4.4169049   -1.6314740  955.4990  956.3130
2021 04 14 18 31 00    -4.4233994   -1.6346144  955.5004  956.3252
2021 04 14 18 32 00    -4.4298171   -1.6377503  955.5009  956.3359
2021 04 14 18 33 00    -4.4361035   -1.6408780  955.5017  956.3437
2021 04 14 18 34 00    -4.4424393   -1.6440727  955.5038  956.3516
2021 04 14 18 35 00    -4.4488777   -1.6473675  955.5066  956.3618
2021 04 14 18 36 00    -4.4551169   -1.6506196  955.5089  956.3764
2021 04 14 18 37 00    -4.4610938   -1.6537021  955.5106  956.3914
2021 04 14 18 38 00    -4.4670628   -1.6565955  955.5127  956.3974
2021 04 14 18 39 00    -4.4730973   -1.6595273  955.5153  956.3964
2021 04 14 18 40 00    -4.4790192   -1.6625821  955.5179  956.3998
2021 04 14 18 41 00    -4.4846436   -1.6653895  955.5206  956.4110
2021 04 14 18 42 00    -4.4901339   -1.6680002  955.5235  956.4243
2021 04 14 18 43 00    -4.4957448   -1.6708414  955.5260  956.4369
2021 04 14 18 44 00    -4.5012534   -1.6737061  955.5281  956.4508
2021 04 14 18 45 00    -4.5065274   -1.6762955  955.5306  956.4653
2021 04 14 18 46 00    -4.5118657   -1.6789106  955.5335  956.4759
2021 04 14 18 47 00    -4.5171758   -1.6816324  955.5367  956.4815
2021 04 14 18 48 00    -4.5221292   -1.6840915  955.5401  956.4869
2021 04 14 18 49 00    -4.5269355   -1.6863661  955.5434  956.4929
2021 04 14 18 50 00    -4.5319222   -1.6888754  955.5470  956.4967
2021 04 14 18 51 00    -4.5370265   -1.6916094  955.5507  956.5033
2021 04 14 18 52 00    -4.5420256   -1.6942321  955.5534  956.5186
2021 04 14 18 53 00    -4.5468091   -1.6965827  955.5555  956.5331
2021 04 14 18 54 00    -4.5514296   -1.6987905  955.5585  956.5347
2021 04 14 18 55 00    -4.5560105   -1.7010274  955.5618  956.5295
2021 04 14 18 56 00    -4.5606037   -1.7033205  955.5647  956.5309
2021 04 14 18 57 00    -4.5650165   -1.7055735  955.5669  956.5362
2021 04 14 18 58 00    -4.5691475   -1.7077000  955.5689  956.5370
2021 04 14 18 59 00    -4.5733434   -1.7097657  955.5709  956.5385
2021 04 14 19 00 00    -4.5776780   -1.7118408  955.5734  956.5482
2021 04 14 19 01 00    -4.5817866   -1.7138595  955.5766  956.5607
2021 04 14 19 02 00    -4.5857179   -1.7157896  955.5798  956.5668
2021 04 14 19 03 00    -4.5896123   -1.7176439  955.5827  956.5675
2021 04 14 19 04 00    -4.5932483   -1.7194194  955.5855  956.5698
2021 04 14 19 05 00    -4.5967414   -1.7212375  955.5883  956.5755
2021 04 14 19 06 00    -4.6004111   -1.7232105  955.5907  956.5814
2021 04 14 19 07 00    -4.6040297   -1.7251233  955.5926  956.5855
2021 04 14 19 08 00    -4.6073205   -1.7267480  955.5944  956.5914
2021 04 14 19 09 00    -4.6106050   -1.7283515  955.5968  956.6038
2021 04 14 19 10 00    -4.6141213   -1.7301963  955.6000  956.6201
2021 04 14 19 11 00    -4.6174902   -1.7319820  955.6033  956.6342
2021 04 14 19 12 00    -4.6204219   -1.7334433  955.6059  956.6471
2021 04 14 19 13 00    -4.6231480   -1.7347947  955.6082  956.6608
2021 04 14 19 14 00    -4.6259694   -1.7362299  955.6109  956.6717
2021 04 14 19 15 00    -4.6289031   -1.7376380  955.6143  956.6786
2021 04 14 19 16 00    -4.6318078   -1.7390096  955.6179  956.6860
2021 04 14 19 17 00    -4.6345519   -1.7404271  955.6210  956.6959
2021 04 14 19 18 00    -4.6370620   -1.7417142  955.6235  956.7056
2021 04 14 19 19 00    -4.6394511   -1.7428498  955.6261  956.7144
2021 04 14 19 20 00    -4.6418629   -1.7440798  955.6296  956.7236
2021 04 14 19 21 00    -4.6441699   -1.7453391  955.6335  956.7352
2021 04 14 19 22 00    -4.6462710   -1.7464197  955.6371  956.7504
2021 04 14 19 23 00    -4.6483971   -1.7474069  955.6405  956.7664
2021 04 14 19 24 00    -4.6506285   -1.7484838  955.6437  956.7797
2021 04 14 19 25 00    -4.6526520   -1.7495880  955.6471  956.7920
2021 04 14 19 26 00    -4.6544285   -1.7505241  955.6512  956.8060
2021 04 14 19 27 00    -4.6562508   -1.7513547  955.6555  956.8200
2021 04 14 19 28 00    -4.6580535   -1.7521940  955.6592  956.8306
2021 04 14 19 29 00    -4.6596508   -1.7529432  955.6625  956.8366
2021 04 14 19 30 00    -4.6611893   -1.7536623  955.6662  956.8392
2021 04 14 19 31 00    -4.6627492   -1.7544556  955.6702  956.8388
2021 04 14 19 32 00    -4.6642364   -1.7551813  955.6742  956.8364
2021 04 14 19 33 00    -4.6657140   -1.7558484  955.6776  956.8338
2021 04 14 19 34 00    -4.6672213   -1.7566182  955.6805  956.8317
2021 04 14 19 35 00    -4.6685073   -1.7573899  955.6831  956.8312
2021 04 14 19 36 00    -4.6694857   -1.7580077  955.6858  956.8329
2021 04 14 19 37 00    -4.6704890   -1.7585229  955.6889  956.8362
2021 04 14 19 38 00    -4.6715741   -1.7589481  955.6918  956.8411
2021 04 14 19 39 00    -4.6724237   -1.7592669  955.6947  956.8495
2021 04 14 19 40 00    -4.6731013   -1.7596442  955.6980  956.8601
2021 04 14 19 41 00    -4.6739050   -1.7601639  955.7013  956.8674
2021 04 14 19 42 00    -4.6747842   -1.7606651  955.7038  956.8674
2021 04 14 19 43 00    -4.6754773   -1.7609902  955.7064  956.8630
2021 04 14 19 44 00    -4.6758460   -1.7611036  955.7096  956.8606
2021 04 14 19 45 00    -4.6761156   -1.7611632  955.7127  956.8638
2021 04 14 19 46 00    -4.6765894   -1.7613929  955.7150  956.8691
2021 04 14 19 47 00    -4.6770467   -1.7617118  955.7173  956.8695
2021 04 14 19 48 00    -4.6772218   -1.7618862  955.7202  956.8647
2021 04 14 19 49 00    -4.6773196   -1.7618778  955.7229  956.8610
2021 04 14 19 50 00    -4.6774427   -1.7617978  955.7254  956.8586
2021 04 14 19 51 00    -4.6774668   -1.7617749  955.7280  956.8544
2021 04 14 19 52 00    -4.6774046   -1.7618375  955.7300  956.8503
2021 04 14 19 53 00    -4.6772779   -1.7618757  955.7310  956.8507
2021 04 14 19 54 00    -4.6770084   -1.7617676  955.7319  956.8549
2021 04 14 19 55 00    -4.6765625   -1.7615232  955.7341  956.8587
2021 04 14 19 56 00    -4.6760844   -1.7612535  955.7368  956.8607
2021 04 14 19 57 00    -4.6757971   -1.7610482  955.7389  956.8619
2021 04 14 19 58 00    -4.6755468   -1.7608844  955.7407  956.8620
2021 04 14 19 59 00    -4.6749605   -1.7606064  955.7424  956.8611
2021 04 14 20 00 00    -4.6741517   -1.7602051  955.7439  956.8601
2021 04 14 20 01 00    -4.6734163   -1.7598195  955.7458  956.8567
2021 04 14 20 02 00    -4.6726721   -1.7594290  955.7481  956.8505
2021 04 14 20 03 00    -4.6718477   -1.7590503  955.7494  956.8460
2021 04 14 20 04 00    -4.6710251   -1.7587152  955.7497  956.8449
2021 04 14 20 05 00    -4.6700431   -1.7582073  955.7504  956.8450
2021 04 14 20 06 00    -4.6688031   -1.7575038  955.7519  956.8448
2021 04 14 20 07 00    -4.6675948   -1.7568774  955.7537  956.8424
2021 04 14 20 08 00    -4.6665243   -1.7563263  955.7546  956.8361
2021 04 14 20 09 00    -4.6653458   -1.7556742  955.7548  956.8300
2021 04 14 20 10 00    -4.6639027   -1.7549817  955.7556  956.8294
2021 04 14 20 11 00    -4.6623075   -1.7543466  955.7570  956.8323
2021 04 14 20 12 00    -4.6608277   -1.7536777  955.7582  956.8353
2021 04 14 20 13 00    -4.6594984   -1.7529326  955.7592  956.8390
2021 04 14 20 14 00    -4.6580508   -1.7521927  955.7609  956.8431
2021 04 14 20 15 00    -4.6563454   -1.7514120  955.7623  956.8446
2021 04 14 20 16 00    -4.6544716   -1.7505065  955.7625  956.8410
2021 04 14 20 17 00    -4.6525242   -1.7495635  955.7625  956.8322
2021 04 14 20 18 00    -4.6506045   -1.7486714  955.7637  956.8198
2021 04 14 20 19 00    -4.6488014   -1.7477617  955.7651  956.8053
2021 04 14 20 20 00    -4.6469883   -1.7467568  955.7653  956.7894
2021 04 14 20 21 00    -4.6450122   -1.7456913  955.7645  956.7755
2021 04 14 20 22 00    -4.6429603   -1.7445970  955.7634  956.7671
2021 04 14 20 23 00    -4.6408842   -1.7434786  955.7620  956.7618
2021 04 14 20 24 00    -4.6386921   -1.7423955  955.7605  956.7565
2021 04 14 20 25 00    -4.6364167   -1.7413478  955.7597  956.7526
2021 04 14 20 26 00    -4.6341256   -1.7402378  955.7598  956.7516
2021 04 14 20 27 00    -4.6317488   -1.7390703  955.7600  956.7519
2021 04 14 20 28 00    -4.6292336   -1.7378703  955.7600  956.7513
2021 04 14 20 29 00    -4.6266042   -1.7365156  955.7596  956.7496
2021 04 14 20 30 00    -4.6239230   -1.7350578  955.7588  956.7484
2021 04 14 20 31 00    -4.6212551   -1.7337264  955.7581  956.7492
2021 04 14 20 32 00    -4.6186146   -1.7324993  955.7581  956.7513
2021 04 14 20 33 00    -4.6159520   -1.7311880  955.7580  956.7527
2021 04 14 20 34 00    -4.6131555   -1.7297233  955.7575  956.7517
2021 04 14 20 35 00    -4.6102697   -1.7282271  955.7570  956.7475
2021 04 14 20 36 00    -4.6074076   -1.7268269  955.7567  956.7399
2021 04 14 20 37 00    -4.6044297   -1.7254278  955.7564  956.7304
2021 04 14 20 38 00    -4.6013540   -1.7239580  955.7561  956.7192
2021 04 14 20 39 00    -4.5984497   -1.7224985  955.7557  956.7051
2021 04 14 20 40 00    -4.5955929   -1.7210088  955.7543  956.6911
2021 04 14 20 41 00    -4.5924676   -1.7194017  955.7520  956.6823
2021 04 14 20 42 00    -4.5891135   -1.7177084  955.7500  956.6772
2021 04 14 20 43 00    -4.5857092   -1.7159715  955.7490  956.6713
2021 04 14 20 44 00    -4.5823097   -1.7142369  955.7484  956.6659
2021 04 14 20 45 00    -4.5789052   -1.7125193  955.7470  956.6631
2021 04 14 20 46 00    -4.5754669   -1.7107608  955.7442  956.6624
2021 04 14 20 47 00    -4.5719077   -1.7089339  955.7414  956.6633
2021 04 14 20 48 00    -4.5682285   -1.7070975  955.7402  956.6646
2021 04 14 20 49 00    -4.5646623   -1.7053377  955.7396  956.6644
2021 04 14 20 50 00    -4.5612207   -1.7035706  955.7389  956.6633
2021 04 14 20 51 00    -4.5575806   -1.7016696  955.7381  956.6631
2021 04 14 20 52 00    -4.5537594   -1.6998163  955.7372  956.6629
2021 04 14 20 53 00    -4.5500171   -1.6981121  955.7354  956.6589
2021 04 14 20 54 00    -4.5461945   -1.6962499  955.7333  956.6460
2021 04 14 20 55 00    -4.5421432   -1.6941877  955.7319  956.6254
2021 04 14 20 56 00    -4.5382420   -1.6922665  955.7309  956.6073
2021 04 14 20 57 00    -4.5346002   -1.6904927  955.7289  956.5997
2021 04 14 20 58 00    -4.5307560   -1.6885586  955.7261  956.5968
2021 04 14 20 59 00    -4.5265929   -1.6863666  955.7235  956.5929
2021 04 14 21 00 00    -4.5223748   -1.6841457  955.7213  956.5938
2021 04 14 21 01 00    -4.5181658   -1.6820834  955.7187  956.6014
2021 04 14 21 02 00    -4.5140054   -1.6800882  955.7161  956.6074
2021 04 14 21 03 00    -4.5099179   -1.6780816  955.7147  956.6105
2021 04 14 21 04 00    -4.5057513   -1.6760466  955.7140  956.6156
2021 04 14 21 05 00    -4.5014222   -1.6738507  955.7136  956.6219
2021 04 14 21 06 00    -4.4969964   -1.6715067  955.7135  956.6266
2021 04 14 21 07 00    -4.4926320   -1.6692816  955.7137  956.6305
2021 04 14 21 08 00    -4.4883019   -1.6671783  955.7135  956.6324
2021 04 14 21 09 00    -4.4837129   -1.6648746  955.7129  956.6307
2021 04 14 21 10 00    -4.4789326   -1.6624266  955.7117  956.6282
2021 04 14 21 11 00    -4.4743237   -1.6601797  955.7108  956.6272
2021 04 14 21 12 00    -4.4698830   -1.6580688  955.7105  956.6275
2021 04 14 21 13 00    -4.4654342   -1.6558451  955.7103  956.6279
2021 04 14 21 14 00    -4.4609106   -1.6535139  955.7092  956.6255
2021 04 14 21 15 00    -4.4561889   -1.6510893  955.7075  956.6200
2021 04 14 21 16 00    -4.4512909   -1.6485743  955.7061  956.6155
2021 04 14 21 17 00    -4.4465163   -1.6461661  955.7053  956.6122
2021 04 14 21 18 00    -4.4419165   -1.6439198  955.7045  956.6062
2021 04 14 21 19 00    -4.4372072   -1.6416525  955.7036  956.5968
2021 04 14 21 20 00    -4.4323648   -1.6393206  955.7033  956.5877
2021 04 14 21 21 00    -4.4275510   -1.6369474  955.7031  956.5855
2021 04 14 21 22 00    -4.4227044   -1.6344593  955.7018  956.5903
2021 04 14 21 23 00    -4.4178140   -1.6319116  955.6997  956.5883
2021 04 14 21 24 00    -4.4130707   -1.6295151  955.6979  956.5728
2021 04 14 21 25 00    -4.4083874   -1.6272232  955.6965  956.5579
2021 04 14 21 26 00    -4.4034347   -1.6247364  955.6949  956.5537
2021 04 14 21 27 00    -4.3983001   -1.6221079  955.6935  956.5529
2021 04 14 21 28 00    -4.3933152   -1.6196473  955.6923  956.5519
2021 04 14 21 29 00    -4.3884332   -1.6173130  955.6909  956.5522
2021 04 14 21 30 00    -4.3834280   -1.6148476  955.6893  956.5507
2021 04 14 21 31 00    -4.3783204   -1.6122375  955.6883  956.5465
2021 04 14 21 32 00    -4.3731721   -1.6096488  955.6873  956.5425
2021 04 14 21 33 00    -4.3678965   -1.6070471  955.6858  956.5405
2021 04 14 21 34 00    -4.3626293   -1.6043212  955.6844  956.5385
2021 04 14 21 35 00    -4.3575836   -1.6016505  955.6833  956.5328
2021 04 14 21 36 00    -4.3525904   -1.5992035  955.6820  956.5281
2021 04 14 21 37 00    -4.3474889   -1.5968244  955.6799  956.5308
2021 04 14 21 38 00    -4.3423794   -1.5943129  955.6776  956.5334
2021 04 14 21 39 00    -4.3371921   -1.5915912  955.6761  956.5277
2021 04 14 21 40 00    -4.3317648   -1.5887353  955.6754  956.5210
2021 04 14 21 41 00    -4.3263127   -1.5859968  955.6745  956.5186
2021 04 14 21 42 00    -4.3210773   -1.5833976  955.6728  956.5141
2021 04 14 21 43 00    -4.3159013   -1.5807445  955.6713  956.5058
2021 04 14 21 44 00    -4.3106699   -1.5781362  955.6703  956.4993
2021 04 14 21 45 00    -4.3054509   -1.5756186  955.6690  956.4954
2021 04 14 21 46 00    -4.3001804   -1.5729654  955.6670  956.4933
2021 04 14 21 47 00    -4.2947489   -1.5702169  955.6649  956.4932
2021 04 14 21 48 00    -4.2892380   -1.5675492  955.6632  956.4927
2021 04 14 21 49 00    -4.2838516   -1.5649238  955.6621  956.4937
2021 04 14 21 50 00    -4.2785361   -1.5622519  955.6613  956.4997
2021 04 14 21 51 00    -4.2731140   -1.5594960  955.6600  956.5048
2021 04 14 21 52 00    -4.2677036   -1.5566953  955.6583  956.5056
2021 04 14 21 53 00    -4.2623446   -1.5539400  955.6571  956.5074
2021 04 14 21 54 00    -4.2568562   -1.5512500  955.6566  956.5079
2021 04 14 21 55 00    -4.2513042   -1.5485704  955.6561  956.4980
2021 04 14 21 56 00    -4.2459184   -1.5458763  955.6549  956.4806
2021 04 14 21 57 00    -4.2407050   -1.5432059  955.6527  956.4653
2021 04 14 21 58 00    -4.2354252   -1.5405445  955.6504  956.4548
2021 04 14 21 59 00    -4.2299852   -1.5378183  955.6486  956.4496
2021 04 14 22 00 00    -4.2245845   -1.5350697  955.6472  956.4542
2021 04 14 22 01 00    -4.2192292   -1.5323755  955.6458  956.4648
2021 04 14 22 02 00    -4.2137332   -1.5296406  955.6447  956.4690
2021 04 14 22 03 00    -4.2082152   -1.5268273  955.6434  956.4647
2021 04 14 22 04 00    -4.2028501   -1.5240702  955.6419  956.4609
2021 04 14 22 05 00    -4.1975372   -1.5213557  955.6402  956.4609
2021 04 14 22 06 00    -4.1921792   -1.5186176  955.6385  956.4593
2021 04 14 22 07 00    -4.1867890   -1.5159244  955.6367  956.4523
2021 04 14 22 08 00    -4.1813175   -1.5132378  955.6350  956.4411
2021 04 14 22 09 00    -4.1757112   -1.5104982  955.6336  956.4295
2021 04 14 22 10 00    -4.1701083   -1.5077924  955.6322  956.4238
2021 04 14 22 11 00    -4.1647113   -1.5051089  955.6307  956.4268
2021 04 14 22 12 00    -4.1594499   -1.5023529  955.6293  956.4343
2021 04 14 22 13 00    -4.1540600   -1.4995760  955.6278  956.4408
2021 04 14 22 14 00    -4.1485425   -1.4969026  955.6261  956.4434
2021 04 14 22 15 00    -4.1431380   -1.4943205  955.6250  956.4400
2021 04 14 22 16 00    -4.1378290   -1.4916664  955.6245  956.4311
2021 04 14 22 17 00    -4.1324779   -1.4888941  955.6236  956.4214
2021 04 14 22 18 00    -4.1271560   -1.4861720  955.6218  956.4160
2021 04 14 22 19 00    -4.1218361   -1.4835445  955.6197  956.4150
2021 04 14 22 20 00    -4.1164414   -1.4808515  955.6178  956.4133
2021 04 14 22 21 00    -4.1111159   -1.4781046  955.6158  956.4070
2021 04 14 22 22 00    -4.1058323   -1.4754351  955.6138  956.3983
2021 04 14 22 23 00    -4.1003728   -1.4727798  955.6120  956.3948
2021 04 14 22 24 00    -4.0948429   -1.4701276  955.6104  956.4007
2021 04 14 22 25 00    -4.0894689   -1.4675538  955.6087  956.4107
2021 04 14 22 26 00    -4.0841989   -1.4649102  955.6069  956.4180
2021 04 14 22 27 00    -4.0789396   -1.4621578  955.6055  956.4241
2021 04 14 22 28 00    -4.0736713   -1.4594708  955.6050  956.4340
2021 04 14 22 29 00    -4.0683747   -1.4567968  955.6050  956.4441
2021 04 14 22 30 00    -4.0630694   -1.4540578  955.6048  956.4475
2021 04 14 22 31 00    -4.0577078   -1.4514271  955.6042  956.4439
2021 04 14 22 32 00    -4.0523342   -1.4489595  955.6034  956.4395
2021 04 14 22 33 00    -4.0471485   -1.4464351  955.6028  956.4382
2021 04 14 22 34 00    -4.0420618   -1.4437336  955.6019  956.4384
2021 04 14 22 35 00    -4.0368451   -1.4410349  955.6008  956.4383
2021 04 14 22 36 00    -4.0316041   -1.4384606  955.5998  956.4384
2021 04 14 22 37 00    -4.0264270   -1.4357964  955.5992  956.4405
2021 04 14 22 38 00    -4.0211538   -1.4329783  955.5988  956.4427
2021 04 14 22 39 00    -4.0158508   -1.4303479  955.5987  956.4422
2021 04 14 22 40 00    -4.0107584   -1.4279875  955.5989  956.4392
2021 04 14 22 41 00    -4.0058748   -1.4256363  955.5985  956.4344
2021 04 14 22 42 00    -4.0010774   -1.4232566  955.5975  956.4275
2021 04 14 22 43 00    -3.9961986   -1.4208444  955.5964  956.4201
2021 04 14 22 44 00    -3.9911353   -1.4182934  955.5958  956.4180
2021 04 14 22 45 00    -3.9861516   -1.4157347  955.5953  956.4246
2021 04 14 22 46 00    -3.9813684   -1.4132544  955.5943  956.4350
2021 04 14 22 47 00    -3.9764263   -1.4106751  955.5929  956.4433
2021 04 14 22 48 00    -3.9712653   -1.4080141  955.5916  956.4477
2021 04 14 22 49 00    -3.9662272   -1.4054865  955.5911  956.4475
2021 04 14 22 50 00    -3.9613734   -1.4030928  955.5909  956.4448
2021 04 14 22 51 00    -3.9565874   -1.4007852  955.5901  956.4425
2021 04 14 22 52 00    -3.9518814   -1.3985692  955.5887  956.4386
2021 04 14 22 53 00    -3.9472011   -1.3962409  955.5876  956.4311
2021 04 14 22 54 00    -3.9424922   -1.3937210  955.5874  956.4246
2021 04 14 22 55 00    -3.9378411   -1.3913162  955.5873  956.4223
2021 04 14 22 56 00    -3.9332057   -1.3891561  955.5867  956.4203
2021 04 14 22 57 00    -3.9284758   -1.3869365  955.5859  956.4158
2021 04 14 22 58 00    -3.9237646   -1.3845044  955.5848  956.4118
2021 04 14 22 59 00    -3.9191697   -1.3821470  955.5832  956.4114
2021 04 14 23 00 00    -3.9146163   -1.3799749  955.5815  956.4137
2021 04 14 23 01 00    -3.9100726   -1.3776516  955.5801  956.4158
2021 04 14 23 02 00    -3.9055480   -1.3751281  955.5791  956.4168
2021 04 14 23 03 00    -3.9010530   -1.3728229  955.5784  956.4151
2021 04 14 23 04 00    -3.8966334   -1.3708027  955.5781  956.4080
2021 04 14 23 05 00    -3.8923032   -1.3687666  955.5783  956.3986
2021 04 14 23 06 00    -3.8880274   -1.3666676  955.5782  956.3944
2021 04 14 23 07 00    -3.8837951   -1.3645462  955.5767  956.3959
2021 04 14 23 08 00    -3.8795923   -1.3623696  955.5744  956.3954
2021 04 14 23 09 00    -3.8752868   -1.3601703  955.5727  956.3926
2021 04 14 23 10 00    -3.8708280   -1.3579336  955.5719  956.3951
2021 04 14 23 11 00    -3.8664065   -1.3556550  955.5713  956.4048
2021 04 14 23 12 00    -3.8621640   -1.3534392  955.5708  956.4132
2021 04 14 23 13 00    -3.8580863   -1.3513832  955.5701  956.4138
2021 04 14 23 14 00    -3.8541007   -1.3493880  955.5690  956.4113
2021 04 14 23 15 00    -3.8501007   -1.3472754  955.5678  956.4137
2021 04 14 23 16 00    -3.8460446   -1.3451921  955.5664  956.4192
2021 04 14 23 17 00    -3.8419755   -1.3433337  955.5656  956.4219
2021 04 14 23 18 00    -3.8379832   -1.3415014  955.5658  956.4216
2021 04 14 23 19 00    -3.8341246   -1.3395190  955.5661  956.4195
2021 04 14 23 20 00    -3.8303118   -1.3375101  955.5654  956.4147
2021 04 14 23 21 00    -3.8264993   -1.3356225  955.5645  956.4086
2021 04 14 23 22 00    -3.8228137   -1.3339191  955.5644  956.4055
2021 04 14 23 23 00    -3.8192705   -1.3322954  955.5645  956.4067
2021 04 14 23 24 00    -3.8156994   -1.3305281  955.5640  956.4098
2021 04 14 23 25 00    -3.8120307   -1.3286166  955.5630  956.4121
2021 04 14 23 26 00    -3.8083407   -1.3266899  955.5624  956.4135
2021 04 14 23 27 00    -3.8047153   -1.3247723  955.5622  956.4138
2021 04 14 23 28 00    -3.8012733   -1.3229913  955.5619  956.4115
2021 04 14 23 29 00    -3.7980152   -1.3214375  955.5612  956.4067
2021 04 14 23 30 00    -3.7947347   -1.3198696  955.5602  956.4004
2021 04 14 23 31 00    -3.7913392   -1.3181119  955.5594  956.3935
2021 04 14 23 32 00    -3.7878732   -1.3163034  955.5582  956.3857
2021 04 14 23 33 00    -3.7844066   -1.3145732  955.5562  956.3773
2021 04 14 23 34 00    -3.7811565   -1.3129274  955.5542  956.3711
2021 04 14 23 35 00    -3.7781874   -1.3113456  955.5530  956.3699
2021 04 14 23 36 00    -3.7752141   -1.3098343  955.5522  956.3716
2021 04 14 23 37 00    -3.7720953   -1.3083977  955.5509  956.3717
2021 04 14 23 38 00    -3.7689581   -1.3068970  955.5487  956.3683
2021 04 14 23 39 00    -3.7658888   -1.3052786  955.5466  956.3629
2021 04 14 23 40 00    -3.7629632   -1.3037941  955.5452  956.3571
2021 04 14 23 41 00    -3.7601624   -1.3024743  955.5441  956.3500
2021 04 14 23 42 00    -3.7573536   -1.3010720  955.5428  956.3409
2021 04 14 23 43 00    -3.7546459   -1.2996989  955.5412  956.3321
2021 04 14 23 44 00    -3.7520860   -1.2985049  955.5393  956.3246
2021 04 14 23 45 00    -3.7493976   -1.2972019  955.5374  956.3161
2021 04 14 23 46 00    -3.7466298   -1.2956907  955.5354  956.3076
2021 04 14 23 47 00    -3.7440711   -1.2942938  955.5329  956.3020
2021 04 14 23 48 00    -3.7415801   -1.2930723  955.5301  956.2986
2021 04 14 23 49 00    -3.7389675   -1.2918073  955.5277  956.2940
2021 04 14 23 50 00    -3.7364662   -1.2905471  955.5262  956.2880
2021 04 14 23 51 00    -3.7342103   -1.2894269  955.5250  956.2827
2021 04 14 23 52 00    -3.7319143   -1.2883240  955.5230  956.2782
2021 04 14 23 53 00    -3.7294791   -1.2871601  955.5201  956.2720
2021 04 14 23 54 00    -3.7272182   -1.2860303  955.5170  956.2608
2021 04 14 23 55 00    -3.7251875   -1.2849468  955.5141  956.2441
2021 04 14 23 56 00    -3.7231125   -1.2839128  955.5114  956.2280
2021 04 14 23 57 00    -3.7209862   -1.2829824  955.5088  956.2190
2021 04 14 23 58 00    -3.7189546   -1.2820316  955.5061  956.2157
2021 04 14 23 59 00    -3.7170081   -1.2809189  955.5031  956.2120
