[TSF-file]     v01.0

[TIMEFORMAT]   DATETIME
[INCREMENT]    60
[CHANNELS]
    BF:SG056:G1-F60 
    BF:SG056:G2-F60 
    BF:SG056:Br1-F60
    BF:SG056:Br2-F60
[UNITS]
    Volt
    Volt
    mbar
    mbar
[UNDETVAL]                      9999.999
[PHASE_LAG_1_DEG_CPD]           0.0402
[PHASE_LAG_1_DEG_CPD_ERROR]     0.0002
[N_LATITUDE_DEG]                48.3294
[N_LATITUDE_DEG_ERROR]          0.0001
[E_LONGITUDE_DEG]               008.3284
[E_LONGITUDE_DEG_ERROR]         0.0001
[HEIGHT_M_1]                    589.20
[HEIGHT_M_1_ERROR]              0.01
[GRAVITY_CAL_1_UGAL_V]          -40.1100
[GRAVITY_CAL_1_UGAL_V_ERROR]    0.0300
[PRESSURE_CAL_MBAR_V]           1.0000
[PRESSURE_CAL_MBAR_V_ERROR]     0.0001
[AUTHOR]                        Thomas Forbriger@kit.edu
[PHASE_LAG_2_DEG_CPD]           0.0402
[PHASE_LAG_2_DEG_CPD_ERROR]     0.0002
[HEIGHT_M_2]                    589.40
[HEIGHT_M_2_ERROR]              0.01
[GRAVITY_CAL_2_UGAL_V]          -80.0699
[GRAVITY_CAL_2_UGAL_V_ERROR]    0.0600
[PRESSURE_ADMIT_HPA_NMS2]       -3.4000
[PRESSURE_MEAN_HPA]             0980.0
[COMMENT]                           
software upgrade and FitPC2 replacement on 29. July 2019



Date           Time     G1-F60        G2-F60        Br1-F60       Br2-F60      
[DATA]
2021 04 07 00 00 00    -3.0248494   -0.9318063  942.8209  943.9308
2021 04 07 00 01 00    -3.0377164   -0.9383034  942.8234  943.9091
2021 04 07 00 02 00    -3.0502810   -0.9446830  942.8258  943.9056
2021 04 07 00 03 00    -3.0630246   -0.9510259  942.8286  943.9129
2021 04 07 00 04 00    -3.0760096   -0.9573893  942.8314  943.9138
2021 04 07 00 05 00    -3.0888834   -0.9638270  942.8338  943.9208
2021 04 07 00 06 00    -3.1017063   -0.9703507  942.8363  943.9471
2021 04 07 00 07 00    -3.1146045   -0.9768656  942.8392  943.9633
2021 04 07 00 08 00    -3.1274321   -0.9832689  942.8423  943.9475
2021 04 07 00 09 00    -3.1401747   -0.9896035  942.8458  943.9311
2021 04 07 00 10 00    -3.1529322   -0.9959734  942.8490  943.9405
2021 04 07 00 11 00    -3.1657316   -1.0024455  942.8515  943.9586
2021 04 07 00 12 00    -3.1786165   -1.0090726  942.8537  943.9666
2021 04 07 00 13 00    -3.1915745   -1.0157387  942.8565  943.9726
2021 04 07 00 14 00    -3.2044694   -1.0221625  942.8599  943.9869
2021 04 07 00 15 00    -3.2172727   -1.0283868  942.8632  943.9949
2021 04 07 00 16 00    -3.2301101   -1.0347761  942.8660  943.9875
2021 04 07 00 17 00    -3.2429823   -1.0412921  942.8687  943.9871
2021 04 07 00 18 00    -3.2557975   -1.0476088  942.8716  943.9990
2021 04 07 00 19 00    -3.2686329   -1.0538682  942.8743  943.9961
2021 04 07 00 20 00    -3.2815683   -1.0603304  942.8762  943.9807
2021 04 07 00 21 00    -3.2944839   -1.0668615  942.8782  943.9804
2021 04 07 00 22 00    -3.3072865   -1.0733620  942.8814  943.9917
2021 04 07 00 23 00    -3.3200625   -1.0798872  942.8849  943.9984
2021 04 07 00 24 00    -3.3329348   -1.0864255  942.8877  944.0051
2021 04 07 00 25 00    -3.3459337   -1.0929693  942.8896  944.0121
2021 04 07 00 26 00    -3.3590303   -1.0994947  942.8913  944.0112
2021 04 07 00 27 00    -3.3721345   -1.1059666  942.8934  944.0071
2021 04 07 00 28 00    -3.3850756   -1.1124048  942.8959  944.0003
2021 04 07 00 29 00    -3.3978260   -1.1187999  942.8981  943.9851
2021 04 07 00 30 00    -3.4105550   -1.1251807  942.8997  943.9673
2021 04 07 00 31 00    -3.4233454   -1.1316254  942.9015  943.9575
2021 04 07 00 32 00    -3.4361325   -1.1380304  942.9031  943.9625
2021 04 07 00 33 00    -3.4488510   -1.1442900  942.9041  943.9834
2021 04 07 00 34 00    -3.4615470   -1.1505896  942.9052  944.0081
2021 04 07 00 35 00    -3.4743257   -1.1570756  942.9070  944.0206
2021 04 07 00 36 00    -3.4870919   -1.1635442  942.9090  944.0198
2021 04 07 00 37 00    -3.4996766   -1.1697916  942.9111  944.0177
2021 04 07 00 38 00    -3.5121883   -1.1759630  942.9138  944.0195
2021 04 07 00 39 00    -3.5247866   -1.1822646  942.9170  944.0231
2021 04 07 00 40 00    -3.5374348   -1.1886873  942.9201  944.0333
2021 04 07 00 41 00    -3.5500175   -1.1951178  942.9229  944.0560
2021 04 07 00 42 00    -3.5624210   -1.2013751  942.9259  944.0838
2021 04 07 00 43 00    -3.5747282   -1.2074588  942.9296  944.1030
2021 04 07 00 44 00    -3.5872081   -1.2136822  942.9335  944.1125
2021 04 07 00 45 00    -3.5998644   -1.2200535  942.9370  944.1201
2021 04 07 00 46 00    -3.6123889   -1.2262240  942.9401  944.1269
2021 04 07 00 47 00    -3.6246531   -1.2322035  942.9435  944.1326
2021 04 07 00 48 00    -3.6369722   -1.2383315  942.9474  944.1373
2021 04 07 00 49 00    -3.6496070   -1.2447476  942.9512  944.1292
2021 04 07 00 50 00    -3.6621913   -1.2511762  942.9542  944.1086
2021 04 07 00 51 00    -3.6744488   -1.2573330  942.9568  944.1046
2021 04 07 00 52 00    -3.6867953   -1.2634002  942.9596  944.1222
2021 04 07 00 53 00    -3.6993496   -1.2695643  942.9628  944.1303
2021 04 07 00 54 00    -3.7117526   -1.2757337  942.9660  944.1263
2021 04 07 00 55 00    -3.7240446   -1.2819132  942.9685  944.1281
2021 04 07 00 56 00    -3.7363624   -1.2881593  942.9703  944.1349
2021 04 07 00 57 00    -3.7486069   -1.2944379  942.9722  944.1461
2021 04 07 00 58 00    -3.7608514   -1.3006102  942.9751  944.1529
2021 04 07 00 59 00    -3.7731869   -1.3066343  942.9783  944.1348
2021 04 07 01 00 00    -3.7854967   -1.3127622  942.9809  944.1130
2021 04 07 01 01 00    -3.7976743   -1.3190428  942.9828  944.1190
2021 04 07 01 02 00    -3.8097751   -1.3252246  942.9847  944.1331
2021 04 07 01 03 00    -3.8219448   -1.3312644  942.9866  944.1316
2021 04 07 01 04 00    -3.8341448   -1.3372570  942.9886  944.1197
2021 04 07 01 05 00    -3.8462637   -1.3432723  942.9910  944.1065
2021 04 07 01 06 00    -3.8583636   -1.3493485  942.9932  944.1037
2021 04 07 01 07 00    -3.8704164   -1.3553988  942.9948  944.1137
2021 04 07 01 08 00    -3.8823204   -1.3613894  942.9969  944.1193
2021 04 07 01 09 00    -3.8941690   -1.3674006  942.9997  944.1102
2021 04 07 01 10 00    -3.9060930   -1.3734129  943.0015  944.0988
2021 04 07 01 11 00    -3.9180068   -1.3793311  943.0019  944.0987
2021 04 07 01 12 00    -3.9297657   -1.3851815  943.0023  944.1081
2021 04 07 01 13 00    -3.9414240   -1.3910520  943.0036  944.1184
2021 04 07 01 14 00    -3.9530361   -1.3968796  943.0056  944.1254
2021 04 07 01 15 00    -3.9645567   -1.4025957  943.0079  944.1320
2021 04 07 01 16 00    -3.9760749   -1.4083645  943.0103  944.1462
2021 04 07 01 17 00    -3.9876879   -1.4143622  943.0131  944.1619
2021 04 07 01 18 00    -3.9992998   -1.4204231  943.0166  944.1613
2021 04 07 01 19 00    -4.0107894   -1.4261348  943.0200  944.1550
2021 04 07 01 20 00    -4.0221564   -1.4314463  943.0226  944.1734
2021 04 07 01 21 00    -4.0335292   -1.4368363  943.0254  944.2039
2021 04 07 01 22 00    -4.0450047   -1.4425490  943.0287  944.2119
2021 04 07 01 23 00    -4.0564021   -1.4483357  943.0321  944.2017
2021 04 07 01 24 00    -4.0675440   -1.4540160  943.0354  944.1932
2021 04 07 01 25 00    -4.0786350   -1.4596442  943.0380  944.1965
2021 04 07 01 26 00    -4.0898764   -1.4653163  943.0402  944.2118
2021 04 07 01 27 00    -4.1011384   -1.4710215  943.0427  944.2245
2021 04 07 01 28 00    -4.1123124   -1.4766452  943.0457  944.2301
2021 04 07 01 29 00    -4.1233702   -1.4821334  943.0489  944.2382
2021 04 07 01 30 00    -4.1342475   -1.4875458  943.0520  944.2495
2021 04 07 01 31 00    -4.1451723   -1.4930571  943.0553  944.2556
2021 04 07 01 32 00    -4.1563196   -1.4987192  943.0591  944.2497
2021 04 07 01 33 00    -4.1672839   -1.5042358  943.0630  944.2368
2021 04 07 01 34 00    -4.1778961   -1.5094787  943.0660  944.2295
2021 04 07 01 35 00    -4.1886124   -1.5147613  943.0681  944.2316
2021 04 07 01 36 00    -4.1995197   -1.5202194  943.0703  944.2333
2021 04 07 01 37 00    -4.2102525   -1.5256267  943.0729  944.2291
2021 04 07 01 38 00    -4.2207772   -1.5309266  943.0753  944.2304
2021 04 07 01 39 00    -4.2313116   -1.5362981  943.0769  944.2385
2021 04 07 01 40 00    -4.2419628   -1.5417255  943.0782  944.2473
2021 04 07 01 41 00    -4.2526003   -1.5470141  943.0799  944.2681
2021 04 07 01 42 00    -4.2629231   -1.5521109  943.0831  944.2939
2021 04 07 01 43 00    -4.2729714   -1.5570961  943.0879  944.3015
2021 04 07 01 44 00    -4.2831334   -1.5620743  943.0928  944.3049
2021 04 07 01 45 00    -4.2934657   -1.5671314  943.0966  944.3238
2021 04 07 01 46 00    -4.3036955   -1.5722235  943.1000  944.3508
2021 04 07 01 47 00    -4.3138305   -1.5773390  943.1044  944.3845
2021 04 07 01 48 00    -4.3240197   -1.5825976  943.1096  944.4172
2021 04 07 01 49 00    -4.3341294   -1.5878742  943.1148  944.4247
2021 04 07 01 50 00    -4.3440759   -1.5928874  943.1197  944.4096
2021 04 07 01 51 00    -4.3539659   -1.5976839  943.1243  944.3999
2021 04 07 01 52 00    -4.3638311   -1.6025140  943.1283  944.3993
2021 04 07 01 53 00    -4.3736150   -1.6074417  943.1317  944.4004
2021 04 07 01 54 00    -4.3832428   -1.6123497  943.1357  944.4095
2021 04 07 01 55 00    -4.3928016   -1.6172133  943.1404  944.4085
2021 04 07 01 56 00    -4.4023905   -1.6220775  943.1451  944.3842
2021 04 07 01 57 00    -4.4119293   -1.6268933  943.1492  944.3797
2021 04 07 01 58 00    -4.4215621   -1.6316832  943.1532  944.4160
2021 04 07 01 59 00    -4.4314010   -1.6365194  943.1572  944.4502
2021 04 07 02 00 00    -4.4410593   -1.6413236  943.1609  944.4516
2021 04 07 02 01 00    -4.4502950   -1.6459828  943.1643  944.4274
2021 04 07 02 02 00    -4.4593801   -1.6505305  943.1678  944.4054
2021 04 07 02 03 00    -4.4685955   -1.6551113  943.1712  944.4146
2021 04 07 02 04 00    -4.4778610   -1.6597167  943.1742  944.4350
2021 04 07 02 05 00    -4.4869573   -1.6642135  943.1774  944.4292
2021 04 07 02 06 00    -4.4959949   -1.6687236  943.1813  944.4216
2021 04 07 02 07 00    -4.5051130   -1.6733848  943.1855  944.4411
2021 04 07 02 08 00    -4.5140532   -1.6779398  943.1895  944.4627
2021 04 07 02 09 00    -4.5227566   -1.6822644  943.1935  944.4667
2021 04 07 02 10 00    -4.5315239   -1.6866578  943.1975  944.4668
2021 04 07 02 11 00    -4.5402783   -1.6911007  943.2013  944.4755
2021 04 07 02 12 00    -4.5487195   -1.6952643  943.2049  944.4843
2021 04 07 02 13 00    -4.5569498   -1.6992703  943.2088  944.4814
2021 04 07 02 14 00    -4.5652682   -1.7033764  943.2130  944.4819
2021 04 07 02 15 00    -4.5737403   -1.7075391  943.2174  944.5023
2021 04 07 02 16 00    -4.5821596   -1.7118170  943.2220  944.5255
2021 04 07 02 17 00    -4.5904459   -1.7162499  943.2266  944.5348
2021 04 07 02 18 00    -4.5987411   -1.7204790  943.2310  944.5383
2021 04 07 02 19 00    -4.6068904   -1.7242950  943.2356  944.5419
2021 04 07 02 20 00    -4.6147080   -1.7280630  943.2409  944.5506
2021 04 07 02 21 00    -4.6224751   -1.7320345  943.2467  944.5747
2021 04 07 02 22 00    -4.6304051   -1.7359599  943.2518  944.6064
2021 04 07 02 23 00    -4.6383795   -1.7397906  943.2555  944.6252
2021 04 07 02 24 00    -4.6463138   -1.7437993  943.2588  944.6276
2021 04 07 02 25 00    -4.6541474   -1.7478762  943.2639  944.6339
2021 04 07 02 26 00    -4.6617457   -1.7517019  943.2705  944.6578
2021 04 07 02 27 00    -4.6691194   -1.7553898  943.2768  944.6836
2021 04 07 02 28 00    -4.6764342   -1.7591639  943.2822  944.6936
2021 04 07 02 29 00    -4.6838330   -1.7629457  943.2874  944.6968
2021 04 07 02 30 00    -4.6913801   -1.7666915  943.2930  944.7066
2021 04 07 02 31 00    -4.6989188   -1.7704261  943.2986  944.7120
2021 04 07 02 32 00    -4.7062096   -1.7740384  943.3036  944.7022
2021 04 07 02 33 00    -4.7132672   -1.7775167  943.3080  944.6982
2021 04 07 02 34 00    -4.7202695   -1.7809894  943.3125  944.7191
2021 04 07 02 35 00    -4.7272450   -1.7844815  943.3182  944.7445
2021 04 07 02 36 00    -4.7340169   -1.7879208  943.3247  944.7557
2021 04 07 02 37 00    -4.7406001   -1.7913190  943.3309  944.7679
2021 04 07 02 38 00    -4.7472935   -1.7947452  943.3368  944.7912
2021 04 07 02 39 00    -4.7540951   -1.7980930  943.3432  944.8173
2021 04 07 02 40 00    -4.7606652   -1.8011932  943.3502  944.8383
2021 04 07 02 41 00    -4.7670094   -1.8042434  943.3571  944.8480
2021 04 07 02 42 00    -4.7734627   -1.8075894  943.3637  944.8514
2021 04 07 02 43 00    -4.7800058   -1.8110538  943.3701  944.8576
2021 04 07 02 44 00    -4.7863906   -1.8142401  943.3767  944.8629
2021 04 07 02 45 00    -4.7927078   -1.8172638  943.3836  944.8658
2021 04 07 02 46 00    -4.7990218   -1.8203983  943.3900  944.8703
2021 04 07 02 47 00    -4.8051555   -1.8235721  943.3955  944.8751
2021 04 07 02 48 00    -4.8111809   -1.8266302  943.4010  944.8846
2021 04 07 02 49 00    -4.8171959   -1.8295651  943.4071  944.9038
2021 04 07 02 50 00    -4.8230903   -1.8324826  943.4134  944.9203
2021 04 07 02 51 00    -4.8289017   -1.8354410  943.4197  944.9278
2021 04 07 02 52 00    -4.8347218   -1.8383727  943.4258  944.9352
2021 04 07 02 53 00    -4.8404950   -1.8412352  943.4318  944.9425
2021 04 07 02 54 00    -4.8460961   -1.8439876  943.4380  944.9465
2021 04 07 02 55 00    -4.8514863   -1.8466229  943.4449  944.9488
2021 04 07 02 56 00    -4.8568657   -1.8493148  943.4516  944.9435
2021 04 07 02 57 00    -4.8623815   -1.8521796  943.4575  944.9330
2021 04 07 02 58 00    -4.8678130   -1.8550554  943.4633  944.9372
2021 04 07 02 59 00    -4.8729587   -1.8577036  943.4694  944.9598
2021 04 07 03 00 00    -4.8779467   -1.8601014  943.4753  944.9809
2021 04 07 03 01 00    -4.8829424   -1.8624921  943.4813  944.9932
2021 04 07 03 02 00    -4.8879369   -1.8650763  943.4879  945.0080
2021 04 07 03 03 00    -4.8928804   -1.8677285  943.4944  945.0240
2021 04 07 03 04 00    -4.8978024   -1.8702093  943.5005  945.0286
2021 04 07 03 05 00    -4.9026336   -1.8724729  943.5070  945.0227
2021 04 07 03 06 00    -4.9072407   -1.8746580  943.5135  945.0279
2021 04 07 03 07 00    -4.9117705   -1.8769336  943.5195  945.0549
2021 04 07 03 08 00    -4.9163181   -1.8792438  943.5255  945.0784
2021 04 07 03 09 00    -4.9207142   -1.8814240  943.5320  945.0779
2021 04 07 03 10 00    -4.9250372   -1.8835923  943.5389  945.0717
2021 04 07 03 11 00    -4.9293448   -1.8857805  943.5457  945.0799
2021 04 07 03 12 00    -4.9333784   -1.8877684  943.5522  945.0995
2021 04 07 03 13 00    -4.9372363   -1.8896867  943.5577  945.1165
2021 04 07 03 14 00    -4.9412855   -1.8917604  943.5628  945.1259
2021 04 07 03 15 00    -4.9453636   -1.8937841  943.5689  945.1356
2021 04 07 03 16 00    -4.9490993   -1.8956233  943.5764  945.1503
2021 04 07 03 17 00    -4.9526733   -1.8974918  943.5840  945.1697
2021 04 07 03 18 00    -4.9563571   -1.8994261  943.5912  945.1938
2021 04 07 03 19 00    -4.9599985   -1.9012266  943.5984  945.2155
2021 04 07 03 20 00    -4.9634243   -1.9028626  943.6058  945.2341
2021 04 07 03 21 00    -4.9666250   -1.9044471  943.6133  945.2582
2021 04 07 03 22 00    -4.9697653   -1.9060947  943.6207  945.2820
2021 04 07 03 23 00    -4.9730243   -1.9078299  943.6280  945.2960
2021 04 07 03 24 00    -4.9762166   -1.9094667  943.6359  945.3069
2021 04 07 03 25 00    -4.9791382   -1.9108829  943.6443  945.3193
2021 04 07 03 26 00    -4.9820235   -1.9122975  943.6528  945.3261
2021 04 07 03 27 00    -4.9850690   -1.9138881  943.6609  945.3314
2021 04 07 03 28 00    -4.9879521   -1.9154003  943.6688  945.3461
2021 04 07 03 29 00    -4.9904869   -1.9165913  943.6762  945.3660
2021 04 07 03 30 00    -4.9930999   -1.9177205  943.6838  945.3884
2021 04 07 03 31 00    -4.9959018   -1.9190525  943.6920  945.4166
2021 04 07 03 32 00    -4.9984843   -1.9204202  943.7008  945.4417
2021 04 07 03 33 00    -5.0009139   -1.9217138  943.7097  945.4578
2021 04 07 03 34 00    -5.0034063   -1.9229872  943.7184  945.4709
2021 04 07 03 35 00    -5.0057026   -1.9241260  943.7275  945.4794
2021 04 07 03 36 00    -5.0077348   -1.9251220  943.7367  945.4827
2021 04 07 03 37 00    -5.0097591   -1.9261293  943.7455  945.4969
2021 04 07 03 38 00    -5.0118570   -1.9271389  943.7538  945.5258
2021 04 07 03 39 00    -5.0139468   -1.9281322  943.7620  945.5520
2021 04 07 03 40 00    -5.0158595   -1.9291123  943.7704  945.5705
2021 04 07 03 41 00    -5.0175364   -1.9299667  943.7793  945.5862
2021 04 07 03 42 00    -5.0192135   -1.9307437  943.7892  945.5987
2021 04 07 03 43 00    -5.0209923   -1.9315702  943.7990  945.6082
2021 04 07 03 44 00    -5.0225965   -1.9322914  943.8075  945.6151
2021 04 07 03 45 00    -5.0238473   -1.9328275  943.8152  945.6276
2021 04 07 03 46 00    -5.0249958   -1.9334516  943.8233  945.6515
2021 04 07 03 47 00    -5.0263479   -1.9342784  943.8324  945.6703
2021 04 07 03 48 00    -5.0277609   -1.9350627  943.8418  945.6754
2021 04 07 03 49 00    -5.0289552   -1.9356215  943.8509  945.6857
2021 04 07 03 50 00    -5.0300578   -1.9360786  943.8598  945.7043
2021 04 07 03 51 00    -5.0311929   -1.9366256  943.8688  945.7083
2021 04 07 03 52 00    -5.0321942   -1.9372160  943.8784  945.7024
2021 04 07 03 53 00    -5.0331141   -1.9377723  943.8884  945.7261
2021 04 07 03 54 00    -5.0340780   -1.9383436  943.8978  945.7806
2021 04 07 03 55 00    -5.0348843   -1.9388359  943.9070  945.8121
2021 04 07 03 56 00    -5.0354210   -1.9391161  943.9166  945.8016
2021 04 07 03 57 00    -5.0358590   -1.9392670  943.9262  945.7940
2021 04 07 03 58 00    -5.0362996   -1.9393783  943.9353  945.8127
2021 04 07 03 59 00    -5.0366735   -1.9394204  943.9440  945.8335
2021 04 07 04 00 00    -5.0369541   -1.9394802  943.9529  945.8440
2021 04 07 04 01 00    -5.0372109   -1.9396282  943.9619  945.8546
2021 04 07 04 02 00    -5.0373784   -1.9396667  943.9711  945.8626
2021 04 07 04 03 00    -5.0373941   -1.9395918  943.9805  945.8650
2021 04 07 04 04 00    -5.0374508   -1.9396827  943.9900  945.8805
2021 04 07 04 05 00    -5.0375700   -1.9399003  943.9996  945.9165
2021 04 07 04 06 00    -5.0374787   -1.9399648  944.0094  945.9586
2021 04 07 04 07 00    -5.0371472   -1.9397812  944.0193  945.9977
2021 04 07 04 08 00    -5.0367718   -1.9395079  944.0289  946.0295
2021 04 07 04 09 00    -5.0363667   -1.9393137  944.0381  946.0441
2021 04 07 04 10 00    -5.0358273   -1.9390686  944.0473  946.0427
2021 04 07 04 11 00    -5.0351959   -1.9386692  944.0576  946.0464
2021 04 07 04 12 00    -5.0345424   -1.9383163  944.0686  946.0721
2021 04 07 04 13 00    -5.0338049   -1.9380663  944.0793  946.1069
2021 04 07 04 14 00    -5.0329660   -1.9377737  944.0897  946.1410
2021 04 07 04 15 00    -5.0321300   -1.9374103  944.1003  946.1846
2021 04 07 04 16 00    -5.0313184   -1.9369699  944.1113  946.2114
2021 04 07 04 17 00    -5.0304371   -1.9364461  944.1224  946.2007
2021 04 07 04 18 00    -5.0295264   -1.9359399  944.1335  946.2066
2021 04 07 04 19 00    -5.0286365   -1.9354505  944.1444  946.2401
2021 04 07 04 20 00    -5.0275481   -1.9348224  944.1546  946.2411
2021 04 07 04 21 00    -5.0262055   -1.9340706  944.1644  946.2199
2021 04 07 04 22 00    -5.0248690   -1.9334266  944.1744  946.2345
2021 04 07 04 23 00    -5.0234926   -1.9328835  944.1850  946.2768
2021 04 07 04 24 00    -5.0218677   -1.9321697  944.1969  946.2979
2021 04 07 04 25 00    -5.0201456   -1.9312756  944.2095  946.2979
2021 04 07 04 26 00    -5.0185459   -1.9304269  944.2213  946.3188
2021 04 07 04 27 00    -5.0170518   -1.9297048  944.2323  946.3548
2021 04 07 04 28 00    -5.0154600   -1.9289607  944.2438  946.3697
2021 04 07 04 29 00    -5.0136203   -1.9279831  944.2558  946.3723
2021 04 07 04 30 00    -5.0117152   -1.9268817  944.2671  946.3803
2021 04 07 04 31 00    -5.0098432   -1.9259175  944.2778  946.3934
2021 04 07 04 32 00    -5.0078044   -1.9250054  944.2884  946.4264
2021 04 07 04 33 00    -5.0056693   -1.9240167  944.2991  946.4799
2021 04 07 04 34 00    -5.0036083   -1.9230209  944.3099  946.5133
2021 04 07 04 35 00    -5.0015510   -1.9220288  944.3210  946.5046
2021 04 07 04 36 00    -4.9994502   -1.9209906  944.3320  946.4790
2021 04 07 04 37 00    -4.9971902   -1.9198471  944.3431  946.4655
2021 04 07 04 38 00    -4.9947481   -1.9186076  944.3541  946.4688
2021 04 07 04 39 00    -4.9923946   -1.9174043  944.3651  946.4766
2021 04 07 04 40 00    -4.9900366   -1.9162030  944.3761  946.4799
2021 04 07 04 41 00    -4.9873180   -1.9147964  944.3868  946.4927
2021 04 07 04 42 00    -4.9844343   -1.9132840  944.3968  946.5300
2021 04 07 04 43 00    -4.9816910   -1.9119339  944.4065  946.5667
2021 04 07 04 44 00    -4.9789462   -1.9106694  944.4166  946.5778
2021 04 07 04 45 00    -4.9761569   -1.9093307  944.4279  946.5849
2021 04 07 04 46 00    -4.9733816   -1.9079023  944.4400  946.6075
2021 04 07 04 47 00    -4.9703887   -1.9063345  944.4519  946.6294
2021 04 07 04 48 00    -4.9671135   -1.9046686  944.4630  946.6420
2021 04 07 04 49 00    -4.9638205   -1.9030315  944.4741  946.6576
2021 04 07 04 50 00    -4.9605561   -1.9014103  944.4857  946.6819
2021 04 07 04 51 00    -4.9571303   -1.8996837  944.4972  946.7149
2021 04 07 04 52 00    -4.9535645   -1.8978294  944.5082  946.7565
2021 04 07 04 53 00    -4.9500512   -1.8959764  944.5194  946.8008
2021 04 07 04 54 00    -4.9465916   -1.8941999  944.5315  946.8406
2021 04 07 04 55 00    -4.9430744   -1.8924567  944.5443  946.8602
2021 04 07 04 56 00    -4.9394848   -1.8907363  944.5571  946.8512
2021 04 07 04 57 00    -4.9358387   -1.8890355  944.5693  946.8566
2021 04 07 04 58 00    -4.9321831   -1.8872715  944.5808  946.9134
2021 04 07 04 59 00    -4.9285100   -1.8853735  944.5929  946.9730
2021 04 07 05 00 00    -4.9247298   -1.8833811  944.6061  946.9853
2021 04 07 05 01 00    -4.9208505   -1.8813639  944.6197  946.9838
2021 04 07 05 02 00    -4.9168564   -1.8793265  944.6330  947.0060
2021 04 07 05 03 00    -4.9127061   -1.8773001  944.6458  947.0328
2021 04 07 05 04 00    -4.9085273   -1.8753114  944.6583  947.0400
2021 04 07 05 05 00    -4.9044519   -1.8732507  944.6710  947.0316
2021 04 07 05 06 00    -4.9004312   -1.8711202  944.6842  947.0225
2021 04 07 05 07 00    -4.8963544   -1.8691595  944.6974  947.0294
2021 04 07 05 08 00    -4.8921827   -1.8673393  944.7097  947.0588
2021 04 07 05 09 00    -4.8878859   -1.8652612  944.7216  947.0889
2021 04 07 05 10 00    -4.8834459   -1.8628323  944.7340  947.1026
2021 04 07 05 11 00    -4.8789739   -1.8604102  944.7470  947.1241
2021 04 07 05 12 00    -4.8745806   -1.8582024  944.7595  947.1636
2021 04 07 05 13 00    -4.8702035   -1.8560409  944.7714  947.1828
2021 04 07 05 14 00    -4.8657997   -1.8537902  944.7830  947.1762
2021 04 07 05 15 00    -4.8613186   -1.8514967  944.7950  947.1826
2021 04 07 05 16 00    -4.8565922   -1.8491605  944.8074  947.2009
2021 04 07 05 17 00    -4.8517861   -1.8468128  944.8196  947.1998
2021 04 07 05 18 00    -4.8471738   -1.8445429  944.8312  947.1873
2021 04 07 05 19 00    -4.8425422   -1.8422909  944.8425  947.1930
2021 04 07 05 20 00    -4.8377644   -1.8399922  944.8539  947.2141
2021 04 07 05 21 00    -4.8330534   -1.8376524  944.8651  947.2255
2021 04 07 05 22 00    -4.8283332   -1.8351805  944.8761  947.2240
2021 04 07 05 23 00    -4.8233642   -1.8325494  944.8873  947.2268
2021 04 07 05 24 00    -4.8181961   -1.8298571  944.8989  947.2448
2021 04 07 05 25 00    -4.8129939   -1.8271880  944.9112  947.2701
2021 04 07 05 26 00    -4.8077852   -1.8246210  944.9236  947.2854
2021 04 07 05 27 00    -4.8024949   -1.8220923  944.9357  947.2944
2021 04 07 05 28 00    -4.7971243   -1.8194532  944.9473  947.3190
2021 04 07 05 29 00    -4.7918228   -1.8167662  944.9587  947.3603
2021 04 07 05 30 00    -4.7866439   -1.8141788  944.9710  947.3999
2021 04 07 05 31 00    -4.7813719   -1.8116262  944.9846  947.4265
2021 04 07 05 32 00    -4.7758044   -1.8089188  944.9984  947.4457
2021 04 07 05 33 00    -4.7700643   -1.8060549  945.0119  947.4704
2021 04 07 05 34 00    -4.7643975   -1.8031965  945.0260  947.5015
2021 04 07 05 35 00    -4.7588604   -1.8003972  945.0403  947.5309
2021 04 07 05 36 00    -4.7533722   -1.7976247  945.0536  947.5595
2021 04 07 05 37 00    -4.7477313   -1.7948396  945.0666  947.5922
2021 04 07 05 38 00    -4.7418091   -1.7919668  945.0801  947.6306
2021 04 07 05 39 00    -4.7358545   -1.7890228  945.0947  947.6764
2021 04 07 05 40 00    -4.7300412   -1.7861007  945.1099  947.7241
2021 04 07 05 41 00    -4.7242269   -1.7832088  945.1255  947.7504
2021 04 07 05 42 00    -4.7184281   -1.7803408  945.1413  947.7465
2021 04 07 05 43 00    -4.7127341   -1.7774660  945.1571  947.7411
2021 04 07 05 44 00    -4.7069684   -1.7745063  945.1726  947.7544
2021 04 07 05 45 00    -4.7010214   -1.7715697  945.1874  947.7787
2021 04 07 05 46 00    -4.6950327   -1.7686899  945.2021  947.8084
2021 04 07 05 47 00    -4.6889616   -1.7655346  945.2171  947.8369
2021 04 07 05 48 00    -4.6826735   -1.7620910  945.2325  947.8547
2021 04 07 05 49 00    -4.6763354   -1.7588311  945.2486  947.8666
2021 04 07 05 50 00    -4.6700753   -1.7558383  945.2653  947.8916
2021 04 07 05 51 00    -4.6638707   -1.7527924  945.2815  947.9342
2021 04 07 05 52 00    -4.6578620   -1.7496605  945.2971  947.9668
2021 04 07 05 53 00    -4.6519557   -1.7466269  945.3129  947.9749
2021 04 07 05 54 00    -4.6457196   -1.7436467  945.3295  947.9817
2021 04 07 05 55 00    -4.6392168   -1.7405416  945.3462  947.9983
2021 04 07 05 56 00    -4.6329215   -1.7372940  945.3628  948.0198
2021 04 07 05 57 00    -4.6267973   -1.7340102  945.3790  948.0481
2021 04 07 05 58 00    -4.6205510   -1.7308437  945.3949  948.0692
2021 04 07 05 59 00    -4.6141838   -1.7278166  945.4111  948.0728
2021 04 07 06 00 00    -4.6077158   -1.7246729  945.4275  948.0718
2021 04 07 06 01 00    -4.6012753   -1.7213424  945.4431  948.0732
2021 04 07 06 02 00    -4.5950253   -1.7180779  945.4581  948.0789
2021 04 07 06 03 00    -4.5886942   -1.7149605  945.4729  948.0905
2021 04 07 06 04 00    -4.5820810   -1.7118524  945.4877  948.1043
2021 04 07 06 05 00    -4.5754331   -1.7086099  945.5029  948.1208
2021 04 07 06 06 00    -4.5689035   -1.7052488  945.5187  948.1377
2021 04 07 06 07 00    -4.5623599   -1.7019559  945.5345  948.1543
2021 04 07 06 08 00    -4.5557362   -1.6987330  945.5499  948.1836
2021 04 07 06 09 00    -4.5491432   -1.6954126  945.5652  948.2258
2021 04 07 06 10 00    -4.5425636   -1.6919988  945.5806  948.2637
2021 04 07 06 11 00    -4.5358690   -1.6886100  945.5964  948.2957
2021 04 07 06 12 00    -4.5290643   -1.6852638  945.6127  948.3245
2021 04 07 06 13 00    -4.5221731   -1.6818778  945.6292  948.3317
2021 04 07 06 14 00    -4.5153529   -1.6784647  945.6451  948.3200
2021 04 07 06 15 00    -4.5086972   -1.6750628  945.6602  948.3354
2021 04 07 06 16 00    -4.5018651   -1.6716019  945.6755  948.3932
2021 04 07 06 17 00    -4.4948718   -1.6681580  945.6919  948.4481
2021 04 07 06 18 00    -4.4880861   -1.6647740  945.7092  948.4709
2021 04 07 06 19 00    -4.4813464   -1.6612974  945.7261  948.4825
2021 04 07 06 20 00    -4.4745123   -1.6578314  945.7421  948.4959
2021 04 07 06 21 00    -4.4678107   -1.6545417  945.7576  948.4971
2021 04 07 06 22 00    -4.4611882   -1.6512931  945.7734  948.4871
2021 04 07 06 23 00    -4.4543858   -1.6479517  945.7894  948.4839
2021 04 07 06 24 00    -4.4474313   -1.6445139  945.8052  948.4899
2021 04 07 06 25 00    -4.4405284   -1.6409889  945.8207  948.4942
2021 04 07 06 26 00    -4.4337169   -1.6374581  945.8362  948.5066
2021 04 07 06 27 00    -4.4269856   -1.6340840  945.8520  948.5414
2021 04 07 06 28 00    -4.4202655   -1.6308104  945.8676  948.5666
2021 04 07 06 29 00    -4.4133191   -1.6274051  945.8825  948.5561
2021 04 07 06 30 00    -4.4061852   -1.6238626  945.8975  948.5543
2021 04 07 06 31 00    -4.3991254   -1.6202240  945.9129  948.5952
2021 04 07 06 32 00    -4.3920930   -1.6164809  945.9287  948.6361
2021 04 07 06 33 00    -4.3849936   -1.6128546  945.9452  948.6392
2021 04 07 06 34 00    -4.3779712   -1.6095016  945.9620  948.6352
2021 04 07 06 35 00    -4.3710721   -1.6062058  945.9779  948.6556
2021 04 07 06 36 00    -4.3641854   -1.6027732  945.9925  948.6850
2021 04 07 06 37 00    -4.3573072   -1.5993242  946.0072  948.6957
2021 04 07 06 38 00    -4.3504414   -1.5958872  946.0228  948.6821
2021 04 07 06 39 00    -4.3434389   -1.5922683  946.0383  948.6758
2021 04 07 06 40 00    -4.3362847   -1.5885735  946.0529  948.7058
2021 04 07 06 41 00    -4.3292242   -1.5851005  946.0671  948.7434
2021 04 07 06 42 00    -4.3223739   -1.5817650  946.0821  948.7544
2021 04 07 06 43 00    -4.3155303   -1.5782607  946.0977  948.7593
2021 04 07 06 44 00    -4.3084461   -1.5745726  946.1127  948.7766
2021 04 07 06 45 00    -4.3012384   -1.5709764  946.1273  948.7912
2021 04 07 06 46 00    -4.2942940   -1.5676110  946.1418  948.7970
2021 04 07 06 47 00    -4.2875894   -1.5643028  946.1563  948.7991
2021 04 07 06 48 00    -4.2807302   -1.5608637  946.1707  948.8016
2021 04 07 06 49 00    -4.2736839   -1.5573433  946.1849  948.8068
2021 04 07 06 50 00    -4.2666654   -1.5538787  946.1985  948.8072
2021 04 07 06 51 00    -4.2596427   -1.5504605  946.2117  948.8032
2021 04 07 06 52 00    -4.2525761   -1.5469447  946.2249  948.8206
2021 04 07 06 53 00    -4.2456315   -1.5433207  946.2387  948.8688
2021 04 07 06 54 00    -4.2388538   -1.5398140  946.2526  948.9045
2021 04 07 06 55 00    -4.2320899   -1.5364746  946.2661  948.8915
2021 04 07 06 56 00    -4.2252178   -1.5330792  946.2793  948.8612
2021 04 07 06 57 00    -4.2182115   -1.5295373  946.2927  948.8641
2021 04 07 06 58 00    -4.2112253   -1.5259708  946.3062  948.8930
2021 04 07 06 59 00    -4.2043949   -1.5225232  946.3191  948.9087
2021 04 07 07 00 00    -4.1974528   -1.5191162  946.3313  948.9072
2021 04 07 07 01 00    -4.1902048   -1.5155020  946.3434  948.9095
2021 04 07 07 02 00    -4.1830097   -1.5117501  946.3562  948.9290
2021 04 07 07 03 00    -4.1761511   -1.5082064  946.3696  948.9679
2021 04 07 07 04 00    -4.1693596   -1.5048921  946.3826  949.0087
2021 04 07 07 05 00    -4.1623356   -1.5015021  946.3955  949.0310
2021 04 07 07 06 00    -4.1552380   -1.4979403  946.4089  949.0455
2021 04 07 07 07 00    -4.1483195   -1.4944174  946.4229  949.0599
2021 04 07 07 08 00    -4.1414751   -1.4910421  946.4374  949.0600
2021 04 07 07 09 00    -4.1345465   -1.4876855  946.4515  949.0521
2021 04 07 07 10 00    -4.1277180   -1.4843215  946.4646  949.0493
2021 04 07 07 11 00    -4.1211722   -1.4809928  946.4769  949.0466
2021 04 07 07 12 00    -4.1146282   -1.4775534  946.4891  949.0491
2021 04 07 07 13 00    -4.1077993   -1.4740247  946.5019  949.0673
2021 04 07 07 14 00    -4.1009531   -1.4706524  946.5155  949.1023
2021 04 07 07 15 00    -4.0943290   -1.4673841  946.5296  949.1379
2021 04 07 07 16 00    -4.0876624   -1.4640186  946.5440  949.1422
2021 04 07 07 17 00    -4.0808065   -1.4606449  946.5587  949.1322
2021 04 07 07 18 00    -4.0740632   -1.4574335  946.5735  949.1526
2021 04 07 07 19 00    -4.0675484   -1.4542482  946.5879  949.1779
2021 04 07 07 20 00    -4.0608972   -1.4508265  946.6016  949.1725
2021 04 07 07 21 00    -4.0539984   -1.4472998  946.6147  949.1725
2021 04 07 07 22 00    -4.0472275   -1.4439742  946.6284  949.1974
2021 04 07 07 23 00    -4.0406891   -1.4407618  946.6431  949.2094
2021 04 07 07 24 00    -4.0340982   -1.4374211  946.6578  949.2092
2021 04 07 07 25 00    -4.0273226   -1.4339652  946.6716  949.2333
2021 04 07 07 26 00    -4.0205449   -1.4305957  946.6845  949.2636
2021 04 07 07 27 00    -4.0139707   -1.4273974  946.6983  949.2635
2021 04 07 07 28 00    -4.0074990   -1.4241617  946.7137  949.2531
2021 04 07 07 29 00    -4.0009223   -1.4207607  946.7288  949.2633
2021 04 07 07 30 00    -3.9942639   -1.4173163  946.7421  949.2757
2021 04 07 07 31 00    -3.9876925   -1.4139067  946.7545  949.2770
2021 04 07 07 32 00    -3.9813058   -1.4106190  946.7672  949.3011
2021 04 07 07 33 00    -3.9749885   -1.4075186  946.7802  949.3472
2021 04 07 07 34 00    -3.9686420   -1.4044880  946.7940  949.3623
2021 04 07 07 35 00    -3.9623660   -1.4014111  946.8089  949.3465
2021 04 07 07 36 00    -3.9560983   -1.3982480  946.8238  949.3431
2021 04 07 07 37 00    -3.9496903   -1.3949810  946.8374  949.3529
2021 04 07 07 38 00    -3.9433072   -1.3916996  946.8500  949.3519
2021 04 07 07 39 00    -3.9371221   -1.3885633  946.8622  949.3476
2021 04 07 07 40 00    -3.9309268   -1.3855266  946.8751  949.3756
2021 04 07 07 41 00    -3.9245609   -1.3824644  946.8883  949.4305
2021 04 07 07 42 00    -3.9183133   -1.3794641  946.9012  949.4552
2021 04 07 07 43 00    -3.9122716   -1.3764600  946.9141  949.4465
2021 04 07 07 44 00    -3.9060854   -1.3732716  946.9273  949.4519
2021 04 07 07 45 00    -3.8997977   -1.3700848  946.9404  949.4730
2021 04 07 07 46 00    -3.8937318   -1.3670684  946.9532  949.4824
2021 04 07 07 47 00    -3.8878022   -1.3640933  946.9666  949.4705
2021 04 07 07 48 00    -3.8818025   -1.3610668  946.9800  949.4576
2021 04 07 07 49 00    -3.8757354   -1.3579834  946.9925  949.4771
2021 04 07 07 50 00    -3.8697271   -1.3549477  947.0043  949.5223
2021 04 07 07 51 00    -3.8639169   -1.3520846  947.0165  949.5611
2021 04 07 07 52 00    -3.8581523   -1.3492155  947.0291  949.5849
2021 04 07 07 53 00    -3.8521700   -1.3461435  947.0416  949.5938
2021 04 07 07 54 00    -3.8461556   -1.3430622  947.0539  949.5899
2021 04 07 07 55 00    -3.8403987   -1.3402463  947.0660  949.5868
2021 04 07 07 56 00    -3.8347788   -1.3376253  947.0777  949.5908
2021 04 07 07 57 00    -3.8290956   -1.3349040  947.0894  949.5954
2021 04 07 07 58 00    -3.8233686   -1.3319801  947.1015  949.6011
2021 04 07 07 59 00    -3.8177337   -1.3289886  947.1141  949.6152
2021 04 07 08 00 00    -3.8121948   -1.3260237  947.1263  949.6461
2021 04 07 08 01 00    -3.8065351   -1.3230960  947.1376  949.7104
2021 04 07 08 02 00    -3.8007735   -1.3202995  947.1496  949.7888
2021 04 07 08 03 00    -3.7951784   -1.3176871  947.1637  949.8152
2021 04 07 08 04 00    -3.7896965   -1.3150488  947.1788  949.7864
2021 04 07 08 05 00    -3.7841843   -1.3122543  947.1930  949.7762
2021 04 07 08 06 00    -3.7787952   -1.3094994  947.2063  949.8036
2021 04 07 08 07 00    -3.7735858   -1.3068427  947.2196  949.8207
2021 04 07 08 08 00    -3.7683591   -1.3041618  947.2335  949.8005
2021 04 07 08 09 00    -3.7630655   -1.3015503  947.2475  949.7671
2021 04 07 08 10 00    -3.7578438   -1.2990266  947.2609  949.7697
2021 04 07 08 11 00    -3.7526068   -1.2963264  947.2734  949.8160
2021 04 07 08 12 00    -3.7472154   -1.2934945  947.2858  949.8570
2021 04 07 08 13 00    -3.7419888   -1.2909710  947.2987  949.8628
2021 04 07 08 14 00    -3.7371444   -1.2887574  947.3118  949.8541
2021 04 07 08 15 00    -3.7323512   -1.2863793  947.3245  949.8604
2021 04 07 08 16 00    -3.7274262   -1.2837712  947.3373  949.8871
2021 04 07 08 17 00    -3.7224615   -1.2811780  947.3507  949.9185
2021 04 07 08 18 00    -3.7174910   -1.2786438  947.3644  949.9354
2021 04 07 08 19 00    -3.7125911   -1.2762140  947.3775  949.9353
2021 04 07 08 20 00    -3.7078022   -1.2739240  947.3898  949.9328
2021 04 07 08 21 00    -3.7031443   -1.2716847  947.4018  949.9396
2021 04 07 08 22 00    -3.6986415   -1.2694151  947.4142  949.9504
2021 04 07 08 23 00    -3.6940857   -1.2670538  947.4268  949.9558
2021 04 07 08 24 00    -3.6893481   -1.2646288  947.4390  949.9678
2021 04 07 08 25 00    -3.6846315   -1.2622247  947.4511  950.0009
2021 04 07 08 26 00    -3.6800469   -1.2598763  947.4640  950.0409
2021 04 07 08 27 00    -3.6756072   -1.2576760  947.4770  950.0593
2021 04 07 08 28 00    -3.6713656   -1.2556500  947.4897  950.0558
2021 04 07 08 29 00    -3.6670893   -1.2535565  947.5020  950.0516
2021 04 07 08 30 00    -3.6626153   -1.2512465  947.5138  950.0473
2021 04 07 08 31 00    -3.6582880   -1.2489567  947.5254  950.0454
2021 04 07 08 32 00    -3.6542223   -1.2468791  947.5375  950.0698
2021 04 07 08 33 00    -3.6501033   -1.2448987  947.5507  950.1094
2021 04 07 08 34 00    -3.6459516   -1.2429327  947.5644  950.1264
2021 04 07 08 35 00    -3.6419454   -1.2409953  947.5773  950.1255
2021 04 07 08 36 00    -3.6379748   -1.2390176  947.5890  950.1345
2021 04 07 08 37 00    -3.6339620   -1.2369513  947.6009  950.1484
2021 04 07 08 38 00    -3.6299094   -1.2348487  947.6143  950.1536
2021 04 07 08 39 00    -3.6258600   -1.2328302  947.6281  950.1615
2021 04 07 08 40 00    -3.6219851   -1.2309708  947.6412  950.1749
2021 04 07 08 41 00    -3.6182684   -1.2291411  947.6533  950.1823
2021 04 07 08 42 00    -3.6144619   -1.2271781  947.6650  950.1921
2021 04 07 08 43 00    -3.6105783   -1.2251770  947.6768  950.2141
2021 04 07 08 44 00    -3.6069702   -1.2233456  947.6899  950.2321
2021 04 07 08 45 00    -3.6036488   -1.2216734  947.7040  950.2249
2021 04 07 08 46 00    -3.6002171   -1.2200138  947.7176  950.2035
2021 04 07 08 47 00    -3.5966284   -1.2183245  947.7300  950.2045
2021 04 07 08 48 00    -3.5931589   -1.2166864  947.7416  950.2255
2021 04 07 08 49 00    -3.5898824   -1.2151472  947.7527  950.2360
2021 04 07 08 50 00    -3.5866502   -1.2135356  947.7632  950.2452
2021 04 07 08 51 00    -3.5833738   -1.2117353  947.7735  950.2618
2021 04 07 08 52 00    -3.5801508   -1.2099641  947.7842  950.2650
2021 04 07 08 53 00    -3.5770651   -1.2083993  947.7951  950.2521
2021 04 07 08 54 00    -3.5741103   -1.2070128  947.8059  950.2327
2021 04 07 08 55 00    -3.5712527   -1.2057087  947.8168  950.2200
2021 04 07 08 56 00    -3.5683309   -1.2042109  947.8276  950.2315
2021 04 07 08 57 00    -3.5651856   -1.2023985  947.8382  950.2575
2021 04 07 08 58 00    -3.5620111   -1.2006772  947.8488  950.2814
2021 04 07 08 59 00    -3.5591447   -1.1993512  947.8594  950.3104
2021 04 07 09 00 00    -3.5564978   -1.1981726  947.8695  950.3381
2021 04 07 09 01 00    -3.5537268   -1.1968173  947.8794  950.3347
2021 04 07 09 02 00    -3.5508535   -1.1953208  947.8893  950.3090
2021 04 07 09 03 00    -3.5481516   -1.1939503  947.8992  950.3088
2021 04 07 09 04 00    -3.5456917   -1.1927966  947.9088  950.3341
2021 04 07 09 05 00    -3.5433374   -1.1916398  947.9192  950.3454
2021 04 07 09 06 00    -3.5408770   -1.1902957  947.9305  950.3426
2021 04 07 09 07 00    -3.5382690   -1.1889361  947.9413  950.3471
2021 04 07 09 08 00    -3.5357274   -1.1877742  947.9506  950.3523
2021 04 07 09 09 00    -3.5333221   -1.1866661  947.9597  950.3461
2021 04 07 09 10 00    -3.5309723   -1.1854603  947.9699  950.3465
2021 04 07 09 11 00    -3.5287418   -1.1843349  947.9807  950.3760
2021 04 07 09 12 00    -3.5266286   -1.1833231  947.9911  950.4196
2021 04 07 09 13 00    -3.5244575   -1.1821576  948.0012  950.4439
2021 04 07 09 14 00    -3.5221799   -1.1808827  948.0112  950.4392
2021 04 07 09 15 00    -3.5199367   -1.1797665  948.0215  950.4305
2021 04 07 09 16 00    -3.5178965   -1.1787863  948.0315  950.4459
2021 04 07 09 17 00    -3.5160292   -1.1777744  948.0416  950.4670
2021 04 07 09 18 00    -3.5140834   -1.1767042  948.0520  950.4642
2021 04 07 09 19 00    -3.5120432   -1.1757510  948.0624  950.4646
2021 04 07 09 20 00    -3.5101753   -1.1750229  948.0720  950.4940
2021 04 07 09 21 00    -3.5084966   -1.1743066  948.0813  950.5187
2021 04 07 09 22 00    -3.5068170   -1.1734218  948.0917  950.5112
2021 04 07 09 23 00    -3.5051332   -1.1725093  948.1025  950.5069
2021 04 07 09 24 00    -3.5035928   -1.1717474  948.1127  950.5378
2021 04 07 09 25 00    -3.5021958   -1.1710391  948.1227  950.5760
2021 04 07 09 26 00    -3.5006898   -1.1702004  948.1333  950.6005
2021 04 07 09 27 00    -3.4990327   -1.1693675  948.1442  950.6194
2021 04 07 09 28 00    -3.4975624   -1.1687670  948.1547  950.6214
2021 04 07 09 29 00    -3.4963353   -1.1682279  948.1647  950.6086
2021 04 07 09 30 00    -3.4950764   -1.1674810  948.1742  950.6055
2021 04 07 09 31 00    -3.4938500   -1.1667242  948.1835  950.6068
2021 04 07 09 32 00    -3.4929393   -1.1662992  948.1929  950.5998
2021 04 07 09 33 00    -3.4921982   -1.1660463  948.2026  950.5975
2021 04 07 09 34 00    -3.4912789   -1.1656318  948.2123  950.5969
2021 04 07 09 35 00    -3.4902806   -1.1650994  948.2215  950.5766
2021 04 07 09 36 00    -3.4894732   -1.1646225  948.2302  950.5679
2021 04 07 09 37 00    -3.4887839   -1.1642259  948.2388  950.6046
2021 04 07 09 38 00    -3.4880811   -1.1639225  948.2475  950.6206
2021 04 07 09 39 00    -3.4874475   -1.1637201  948.2553  950.5753
2021 04 07 09 40 00    -3.4869228   -1.1634529  948.2626  950.5426
2021 04 07 09 41 00    -3.4863995   -1.1630229  948.2710  950.5448
2021 04 07 09 42 00    -3.4858203   -1.1626704  948.2797  950.5362
2021 04 07 09 43 00    -3.4852034   -1.1624957  948.2875  950.5379
2021 04 07 09 44 00    -3.4845557   -1.1622780  948.2950  950.5801
2021 04 07 09 45 00    -3.4838966   -1.1619503  948.3034  950.6335
2021 04 07 09 46 00    -3.4832453   -1.1615853  948.3115  950.6639
2021 04 07 09 47 00    -3.4827687   -1.1613280  948.3196  950.6604
2021 04 07 09 48 00    -3.4826937   -1.1613682  948.3289  950.6544
2021 04 07 09 49 00    -3.4826784   -1.1614535  948.3392  950.6872
2021 04 07 09 50 00    -3.4822144   -1.1611840  948.3495  950.7394
2021 04 07 09 51 00    -3.4815624   -1.1607476  948.3597  950.7732
2021 04 07 09 52 00    -3.4812388   -1.1605207  948.3697  950.7821
2021 04 07 09 53 00    -3.4813095   -1.1605238  948.3791  950.7691
2021 04 07 09 54 00    -3.4815785   -1.1606548  948.3887  950.7539
2021 04 07 09 55 00    -3.4818257   -1.1608350  948.3988  950.7617
2021 04 07 09 56 00    -3.4819722   -1.1609412  948.4086  950.7822
2021 04 07 09 57 00    -3.4820915   -1.1609618  948.4173  950.7895
2021 04 07 09 58 00    -3.4821629   -1.1610070  948.4252  950.7915
2021 04 07 09 59 00    -3.4822036   -1.1611399  948.4335  950.8144
2021 04 07 10 00 00    -3.4825010   -1.1613664  948.4430  950.8399
2021 04 07 10 01 00    -3.4831457   -1.1615998  948.4535  950.8281
2021 04 07 10 02 00    -3.4838029   -1.1617571  948.4643  950.8032
2021 04 07 10 03 00    -3.4842636   -1.1619530  948.4763  950.8143
2021 04 07 10 04 00    -3.4846372   -1.1622838  948.4902  950.8423
2021 04 07 10 05 00    -3.4851332   -1.1626320  948.5049  950.8466
2021 04 07 10 06 00    -3.4859073   -1.1629811  948.5186  950.8447
2021 04 07 10 07 00    -3.4868235   -1.1634787  948.5313  950.8613
2021 04 07 10 08 00    -3.4876527   -1.1640028  948.5441  950.8656
2021 04 07 10 09 00    -3.4884455   -1.1642982  948.5570  950.8424
2021 04 07 10 10 00    -3.4892755   -1.1645132  948.5696  950.8323
2021 04 07 10 11 00    -3.4901141   -1.1649294  948.5816  950.8417
2021 04 07 10 12 00    -3.4909588   -1.1654371  948.5932  950.8354
2021 04 07 10 13 00    -3.4918469   -1.1658621  948.6045  950.8233
2021 04 07 10 14 00    -3.4929565   -1.1663822  948.6163  950.8387
2021 04 07 10 15 00    -3.4942826   -1.1671247  948.6289  950.8614
2021 04 07 10 16 00    -3.4955232   -1.1678203  948.6415  950.8532
2021 04 07 10 17 00    -3.4967293   -1.1683470  948.6529  950.8313
2021 04 07 10 18 00    -3.4981256   -1.1689978  948.6628  950.8316
2021 04 07 10 19 00    -3.4994953   -1.1698153  948.6727  950.8442
2021 04 07 10 20 00    -3.5006854   -1.1705138  948.6834  950.8457
2021 04 07 10 21 00    -3.5019880   -1.1710650  948.6947  950.8372
2021 04 07 10 22 00    -3.5035551   -1.1716855  948.7059  950.8278
2021 04 07 10 23 00    -3.5050884   -1.1724507  948.7159  950.8375
2021 04 07 10 24 00    -3.5063652   -1.1731834  948.7254  950.8803
2021 04 07 10 25 00    -3.5076792   -1.1738397  948.7358  950.9169
2021 04 07 10 26 00    -3.5093506   -1.1746614  948.7471  950.8977
2021 04 07 10 27 00    -3.5112140   -1.1756200  948.7579  950.8495
2021 04 07 10 28 00    -3.5129971   -1.1764605  948.7678  950.8342
2021 04 07 10 29 00    -3.5147447   -1.1772894  948.7768  950.8421
2021 04 07 10 30 00    -3.5166272   -1.1783285  948.7849  950.8245
2021 04 07 10 31 00    -3.5186155   -1.1794420  948.7924  950.8005
2021 04 07 10 32 00    -3.5204646   -1.1803869  948.8005  950.8246
2021 04 07 10 33 00    -3.5220935   -1.1812008  948.8093  950.8803
2021 04 07 10 34 00    -3.5238080   -1.1820672  948.8186  950.9008
2021 04 07 10 35 00    -3.5256954   -1.1829445  948.8285  950.8847
2021 04 07 10 36 00    -3.5275718   -1.1837852  948.8388  950.8935
2021 04 07 10 37 00    -3.5296637   -1.1848148  948.8488  950.9270
2021 04 07 10 38 00    -3.5319364   -1.1859801  948.8580  950.9284
2021 04 07 10 39 00    -3.5339144   -1.1870087  948.8664  950.9048
2021 04 07 10 40 00    -3.5358625   -1.1880536  948.8747  950.9072
2021 04 07 10 41 00    -3.5381682   -1.1892146  948.8833  950.9309
2021 04 07 10 42 00    -3.5404681   -1.1902283  948.8923  950.9386
2021 04 07 10 43 00    -3.5426116   -1.1910882  948.9019  950.9353
2021 04 07 10 44 00    -3.5449677   -1.1921412  948.9116  950.9435
2021 04 07 10 45 00    -3.5475088   -1.1935213  948.9191  950.9563
2021 04 07 10 46 00    -3.5499066   -1.1949590  948.9237  950.9568
2021 04 07 10 47 00    -3.5524098   -1.1963227  948.9273  950.9430
2021 04 07 10 48 00    -3.5552282   -1.1977187  948.9306  950.9210
2021 04 07 10 49 00    -3.5579863   -1.1990970  948.9333  950.8963
2021 04 07 10 50 00    -3.5606202   -1.2004084  948.9358  950.8788
2021 04 07 10 51 00    -3.5632335   -1.2016920  948.9385  950.8902
2021 04 07 10 52 00    -3.5658025   -1.2030144  948.9417  950.9340
2021 04 07 10 53 00    -3.5685247   -1.2044304  948.9464  950.9736
2021 04 07 10 54 00    -3.5713027   -1.2057786  948.9527  950.9801
2021 04 07 10 55 00    -3.5740517   -1.2070571  948.9581  950.9506
2021 04 07 10 56 00    -3.5771078   -1.2085321  948.9613  950.9010
2021 04 07 10 57 00    -3.5802141   -1.2100746  948.9638  950.8732
2021 04 07 10 58 00    -3.5829718   -1.2114420  948.9668  950.8807
2021 04 07 10 59 00    -3.5858647   -1.2128944  948.9701  950.8920
2021 04 07 11 00 00    -3.5890681   -1.2145856  948.9732  950.9087
2021 04 07 11 01 00    -3.5919962   -1.2161898  948.9764  950.9424
2021 04 07 11 02 00    -3.5946155   -1.2175299  948.9797  950.9434
2021 04 07 11 03 00    -3.5974224   -1.2187769  948.9831  950.8857
2021 04 07 11 04 00    -3.6006225   -1.2202128  948.9869  950.8350
2021 04 07 11 05 00    -3.6040226   -1.2219513  948.9905  950.8340
2021 04 07 11 06 00    -3.6073990   -1.2237568  948.9928  950.8410
2021 04 07 11 07 00    -3.6108304   -1.2254281  948.9932  950.8218
2021 04 07 11 08 00    -3.6141881   -1.2269594  948.9933  950.8006
2021 04 07 11 09 00    -3.6171697   -1.2284203  948.9949  950.8179
2021 04 07 11 10 00    -3.6199773   -1.2299212  948.9985  950.8748
2021 04 07 11 11 00    -3.6230762   -1.2315335  949.0035  950.9307
2021 04 07 11 12 00    -3.6268040   -1.2334299  949.0088  950.9485
2021 04 07 11 13 00    -3.6302317   -1.2352108  949.0130  950.9274
2021 04 07 11 14 00    -3.6324503   -1.2363339  949.0160  950.9015
2021 04 07 11 15 00    -3.6354435   -1.2377741  949.0185  950.9042
2021 04 07 11 16 00    -3.6399540   -1.2400192  949.0210  950.9375
2021 04 07 11 17 00    -3.6434596   -1.2418349  949.0242  950.9846
2021 04 07 11 18 00    -3.6459339   -1.2431212  949.0283  951.0266
2021 04 07 11 19 00    -3.6492563   -1.2447887  949.0326  951.0454
2021 04 07 11 20 00    -3.6529462   -1.2466408  949.0365  951.0340
2021 04 07 11 21 00    -3.6562475   -1.2482748  949.0406  951.0090
2021 04 07 11 22 00    -3.6596565   -1.2499514  949.0448  951.0066
2021 04 07 11 23 00    -3.6631960   -1.2517831  949.0489  951.0412
2021 04 07 11 24 00    -3.6668016   -1.2536890  949.0534  951.0726
2021 04 07 11 25 00    -3.6704584   -1.2555404  949.0583  951.0638
2021 04 07 11 26 00    -3.6737164   -1.2571439  949.0629  951.0377
2021 04 07 11 27 00    -3.6770919   -1.2588338  949.0671  951.0233
2021 04 07 11 28 00    -3.6812559   -1.2609325  949.0715  951.0164
2021 04 07 11 29 00    -3.6854336   -1.2630026  949.0759  951.0219
2021 04 07 11 30 00    -3.6891724   -1.2648519  949.0797  951.0493
2021 04 07 11 31 00    -3.6927534   -1.2666837  949.0842  951.0621
2021 04 07 11 32 00    -3.6961605   -1.2684197  949.0903  951.0333
2021 04 07 11 33 00    -3.6999777   -1.2702781  949.0959  951.0188
2021 04 07 11 34 00    -3.7043448   -1.2724283  949.0995  951.0519
2021 04 07 11 35 00    -3.7079962   -1.2743284  949.1025  951.0793
2021 04 07 11 36 00    -3.7111478   -1.2759763  949.1066  951.0810
2021 04 07 11 37 00    -3.7152062   -1.2779545  949.1119  951.0771
2021 04 07 11 38 00    -3.7194931   -1.2799952  949.1181  951.0563
2021 04 07 11 39 00    -3.7229370   -1.2816552  949.1243  951.0342
2021 04 07 11 40 00    -3.7263873   -1.2833726  949.1291  951.0469
2021 04 07 11 41 00    -3.7305682   -1.2855355  949.1324  951.0623
2021 04 07 11 42 00    -3.7348917   -1.2877929  949.1355  951.0363
2021 04 07 11 43 00    -3.7388363   -1.2897767  949.1396  951.0056
2021 04 07 11 44 00    -3.7426546   -1.2916275  949.1440  951.0192
2021 04 07 11 45 00    -3.7467254   -1.2936304  949.1477  951.0401
2021 04 07 11 46 00    -3.7509156   -1.2957628  949.1502  951.0114
2021 04 07 11 47 00    -3.7549366   -1.2978081  949.1516  950.9733
2021 04 07 11 48 00    -3.7588830   -1.2997875  949.1530  950.9917
2021 04 07 11 49 00    -3.7628843   -1.3018003  949.1555  951.0405
2021 04 07 11 50 00    -3.7667891   -1.3036789  949.1589  951.0554
2021 04 07 11 51 00    -3.7706213   -1.3054455  949.1630  951.0297
2021 04 07 11 52 00    -3.7746624   -1.3074537  949.1681  951.0185
2021 04 07 11 53 00    -3.7788849   -1.3097359  949.1734  951.0435
2021 04 07 11 54 00    -3.7830195   -1.3119446  949.1776  951.0456
2021 04 07 11 55 00    -3.7870204   -1.3138751  949.1801  951.0007
2021 04 07 11 56 00    -3.7910023   -1.3156708  949.1820  950.9519
2021 04 07 11 57 00    -3.7950787   -1.3176317  949.1840  950.9289
2021 04 07 11 58 00    -3.7992527   -1.3198301  949.1857  950.9326
2021 04 07 11 59 00    -3.8033861   -1.3220558  949.1868  950.9410
2021 04 07 12 00 00    -3.8074649   -1.3241538  949.1873  950.9505
2021 04 07 12 01 00    -3.8115743   -1.3261170  949.1877  950.9862
2021 04 07 12 02 00    -3.8156270   -1.3280317  949.1899  951.0112
2021 04 07 12 03 00    -3.8196027   -1.3300386  949.1940  950.9720
2021 04 07 12 04 00    -3.8237043   -1.3321467  949.1978  950.9235
2021 04 07 12 05 00    -3.8279001   -1.3342814  949.2001  950.9439
2021 04 07 12 06 00    -3.8319482   -1.3364457  949.2025  950.9938
2021 04 07 12 07 00    -3.8358210   -1.3385566  949.2060  950.9873
2021 04 07 12 08 00    -3.8396198   -1.3404837  949.2103  950.9442
2021 04 07 12 09 00    -3.8434606   -1.3423281  949.2143  950.9345
2021 04 07 12 10 00    -3.8474830   -1.3442548  949.2179  950.9521
2021 04 07 12 11 00    -3.8516501   -1.3462725  949.2209  950.9633
2021 04 07 12 12 00    -3.8557230   -1.3483542  949.2228  950.9653
2021 04 07 12 13 00    -3.8596072   -1.3503957  949.2235  950.9565
2021 04 07 12 14 00    -3.8634904   -1.3522695  949.2246  950.9375
2021 04 07 12 15 00    -3.8674904   -1.3541130  949.2264  950.9340
2021 04 07 12 16 00    -3.8715094   -1.3561278  949.2285  950.9580
2021 04 07 12 17 00    -3.8754869   -1.3582315  949.2305  950.9697
2021 04 07 12 18 00    -3.8794016   -1.3602191  949.2331  950.9545
2021 04 07 12 19 00    -3.8831937   -1.3620375  949.2365  950.9635
2021 04 07 12 20 00    -3.8869390   -1.3638559  949.2401  951.0060
2021 04 07 12 21 00    -3.8908534   -1.3658834  949.2443  951.0329
2021 04 07 12 22 00    -3.8949699   -1.3679982  949.2493  951.0500
2021 04 07 12 23 00    -3.8990075   -1.3699377  949.2539  951.1014
2021 04 07 12 24 00    -3.9027295   -1.3717687  949.2574  951.1756
2021 04 07 12 25 00    -3.9062828   -1.3736068  949.2616  951.2213
2021 04 07 12 26 00    -3.9099636   -1.3753928  949.2678  951.2167
2021 04 07 12 27 00    -3.9137535   -1.3771823  949.2748  951.1994
2021 04 07 12 28 00    -3.9175279   -1.3791075  949.2818  951.2169
2021 04 07 12 29 00    -3.9213484   -1.3811133  949.2890  951.2545
2021 04 07 12 30 00    -3.9251393   -1.3830231  949.2963  951.2654
2021 04 07 12 31 00    -3.9289027   -1.3849337  949.3041  951.2375
2021 04 07 12 32 00    -3.9328050   -1.3869939  949.3121  951.1884
2021 04 07 12 33 00    -3.9367440   -1.3889776  949.3191  951.1718
2021 04 07 12 34 00    -3.9407256   -1.3908470  949.3246  951.2298
2021 04 07 12 35 00    -3.9447373   -1.3927876  949.3300  951.2714
2021 04 07 12 36 00    -3.9483707   -1.3946295  949.3362  951.2191
2021 04 07 12 37 00    -3.9517060   -1.3963076  949.3425  951.1847
2021 04 07 12 38 00    -3.9552715   -1.3980599  949.3482  951.2391
2021 04 07 12 39 00    -3.9590742   -1.3999298  949.3536  951.2858
2021 04 07 12 40 00    -3.9628732   -1.4018305  949.3595  951.2596
2021 04 07 12 41 00    -3.9666099   -1.4036863  949.3665  951.2022
2021 04 07 12 42 00    -3.9703099   -1.4054614  949.3730  951.1938
2021 04 07 12 43 00    -3.9739848   -1.4072375  949.3783  951.2549
2021 04 07 12 44 00    -3.9776075   -1.4091284  949.3830  951.2909
2021 04 07 12 45 00    -3.9812955   -1.4111335  949.3882  951.2249
2021 04 07 12 46 00    -3.9851298   -1.4130497  949.3937  951.1439
2021 04 07 12 47 00    -3.9888808   -1.4147925  949.3990  951.1611
2021 04 07 12 48 00    -3.9923556   -1.4165428  949.4035  951.2304
2021 04 07 12 49 00    -3.9956744   -1.4183034  949.4082  951.2663
2021 04 07 12 50 00    -3.9990400   -1.4199219  949.4134  951.2815
2021 04 07 12 51 00    -4.0025093   -1.4215241  949.4188  951.3106
2021 04 07 12 52 00    -4.0059377   -1.4232764  949.4246  951.3347
2021 04 07 12 53 00    -4.0092341   -1.4250523  949.4316  951.3245
2021 04 07 12 54 00    -4.0126569   -1.4267750  949.4391  951.3002
2021 04 07 12 55 00    -4.0163044   -1.4285106  949.4450  951.2882
2021 04 07 12 56 00    -4.0198206   -1.4302114  949.4497  951.2741
2021 04 07 12 57 00    -4.0230814   -1.4318526  949.4547  951.2722
2021 04 07 12 58 00    -4.0263099   -1.4335187  949.4602  951.3245
2021 04 07 12 59 00    -4.0295771   -1.4352075  949.4657  951.3804
2021 04 07 13 00 00    -4.0327671   -1.4368175  949.4707  951.3575
2021 04 07 13 01 00    -4.0358055   -1.4383295  949.4751  951.3066
2021 04 07 13 02 00    -4.0388052   -1.4398633  949.4795  951.3090
2021 04 07 13 03 00    -4.0419312   -1.4414876  949.4847  951.3318
2021 04 07 13 04 00    -4.0451056   -1.4430853  949.4896  951.3462
2021 04 07 13 05 00    -4.0482041   -1.4446145  949.4943  951.3923
2021 04 07 13 06 00    -4.0513563   -1.4461882  949.4998  951.4645
2021 04 07 13 07 00    -4.0545400   -1.4477087  949.5066  951.5078
2021 04 07 13 08 00    -4.0574610   -1.4490530  949.5140  951.5089
2021 04 07 13 09 00    -4.0602220   -1.4505016  949.5209  951.5106
2021 04 07 13 10 00    -4.0631412   -1.4522164  949.5273  951.5492
2021 04 07 13 11 00    -4.0660863   -1.4538363  949.5341  951.5871
2021 04 07 13 12 00    -4.0689358   -1.4551469  949.5411  951.5596
2021 04 07 13 13 00    -4.0717639   -1.4563589  949.5477  951.4818
2021 04 07 13 14 00    -4.0744526   -1.4576439  949.5538  951.4366
2021 04 07 13 15 00    -4.0770715   -1.4590232  949.5594  951.4718
2021 04 07 13 16 00    -4.0798248   -1.4604496  949.5644  951.5440
2021 04 07 13 17 00    -4.0826034   -1.4618437  949.5697  951.5709
2021 04 07 13 18 00    -4.0853733   -1.4632305  949.5764  951.5261
2021 04 07 13 19 00    -4.0881740   -1.4645972  949.5839  951.4648
2021 04 07 13 20 00    -4.0907295   -1.4657958  949.5912  951.4641
2021 04 07 13 21 00    -4.0930087   -1.4669404  949.5985  951.5206
2021 04 07 13 22 00    -4.0954415   -1.4682704  949.6058  951.5568
2021 04 07 13 23 00    -4.0980929   -1.4695974  949.6127  951.5452
2021 04 07 13 24 00    -4.1006200   -1.4707356  949.6193  951.5105
2021 04 07 13 25 00    -4.1029091   -1.4718533  949.6248  951.4833
2021 04 07 13 26 00    -4.1050402   -1.4729857  949.6297  951.5092
2021 04 07 13 27 00    -4.1070674   -1.4740425  949.6354  951.5934
2021 04 07 13 28 00    -4.1091199   -1.4750963  949.6431  951.6649
2021 04 07 13 29 00    -4.1113402   -1.4762487  949.6521  951.6464
2021 04 07 13 30 00    -4.1136694   -1.4774873  949.6602  951.5698
2021 04 07 13 31 00    -4.1159163   -1.4786688  949.6671  951.5621
2021 04 07 13 32 00    -4.1178981   -1.4796232  949.6742  951.6595
2021 04 07 13 33 00    -4.1195641   -1.4804096  949.6822  951.7582
2021 04 07 13 34 00    -4.1211185   -1.4812121  949.6902  951.7768
2021 04 07 13 35 00    -4.1227975   -1.4820319  949.6979  951.7604
2021 04 07 13 36 00    -4.1245918   -1.4828343  949.7058  951.7693
2021 04 07 13 37 00    -4.1263295   -1.4836672  949.7140  951.7655
2021 04 07 13 38 00    -4.1281022   -1.4846258  949.7226  951.7418
2021 04 07 13 39 00    -4.1301595   -1.4857705  949.7315  951.7623
2021 04 07 13 40 00    -4.1321241   -1.4867942  949.7403  951.8054
2021 04 07 13 41 00    -4.1335582   -1.4874443  949.7489  951.8125
2021 04 07 13 42 00    -4.1349267   -1.4880969  949.7572  951.8126
2021 04 07 13 43 00    -4.1366743   -1.4890210  949.7652  951.8443
2021 04 07 13 44 00    -4.1384487   -1.4899060  949.7744  951.8843
2021 04 07 13 45 00    -4.1397968   -1.4905006  949.7846  951.8999
2021 04 07 13 46 00    -4.1408471   -1.4909671  949.7942  951.9017
2021 04 07 13 47 00    -4.1420729   -1.4915654  949.8029  951.9154
2021 04 07 13 48 00    -4.1435381   -1.4922759  949.8113  951.9170
2021 04 07 13 49 00    -4.1448766   -1.4929274  949.8191  951.8817
2021 04 07 13 50 00    -4.1459865   -1.4935176  949.8260  951.8537
2021 04 07 13 51 00    -4.1471466   -1.4941422  949.8331  951.8701
2021 04 07 13 52 00    -4.1484933   -1.4948353  949.8410  951.8983
2021 04 07 13 53 00    -4.1498532   -1.4955588  949.8488  951.8996
2021 04 07 13 54 00    -4.1510789   -1.4962348  949.8557  951.8818
2021 04 07 13 55 00    -4.1521498   -1.4967964  949.8627  951.8742
2021 04 07 13 56 00    -4.1530401   -1.4972475  949.8704  951.8807
2021 04 07 13 57 00    -4.1539210   -1.4976751  949.8778  951.8794
2021 04 07 13 58 00    -4.1550745   -1.4981656  949.8840  951.8727
2021 04 07 13 59 00    -4.1563155   -1.4987260  949.8896  951.8825
2021 04 07 14 00 00    -4.1572805   -1.4992949  949.8958  951.9002
2021 04 07 14 01 00    -4.1579417   -1.4997587  949.9035  951.9062
2021 04 07 14 02 00    -4.1583154   -1.4999727  949.9125  951.9167
2021 04 07 14 03 00    -4.1585603   -1.4999743  949.9215  951.9538
2021 04 07 14 04 00    -4.1591591   -1.5001158  949.9292  951.9855
2021 04 07 14 05 00    -4.1600964   -1.5005771  949.9360  951.9846
2021 04 07 14 06 00    -4.1606764   -1.5010268  949.9425  951.9967
2021 04 07 14 07 00    -4.1607656   -1.5012055  949.9494  952.0243
2021 04 07 14 08 00    -4.1608689   -1.5012539  949.9566  952.0035
2021 04 07 14 09 00    -4.1611357   -1.5013565  949.9633  951.9621
2021 04 07 14 10 00    -4.1615282   -1.5015560  949.9697  951.9690
2021 04 07 14 11 00    -4.1619280   -1.5017237  949.9767  951.9921
2021 04 07 14 12 00    -4.1620425   -1.5017350  949.9846  951.9815
2021 04 07 14 13 00    -4.1619587   -1.5016991  949.9928  951.9552
2021 04 07 14 14 00    -4.1618542   -1.5016801  950.0005  951.9503
2021 04 07 14 15 00    -4.1618254   -1.5016292  950.0078  951.9740
2021 04 07 14 16 00    -4.1619892   -1.5015792  950.0145  951.9980
2021 04 07 14 17 00    -4.1618789   -1.5014683  950.0208  952.0005
2021 04 07 14 18 00    -4.1614622   -1.5013674  950.0274  952.0033
2021 04 07 14 19 00    -4.1613968   -1.5014408  950.0346  952.0391
2021 04 07 14 20 00    -4.1611266   -1.5013200  950.0415  952.0909
2021 04 07 14 21 00    -4.1601289   -1.5007735  950.0475  952.1071
2021 04 07 14 22 00    -4.1594817   -1.5003218  950.0536  952.0848
2021 04 07 14 23 00    -4.1593960   -1.5001076  950.0610  952.0742
2021 04 07 14 24 00    -4.1587460   -1.4996938  950.0698  952.0951
2021 04 07 14 25 00    -4.1576832   -1.4992088  950.0786  952.1235
2021 04 07 14 26 00    -4.1571271   -1.4990433  950.0866  952.1463
2021 04 07 14 27 00    -4.1568291   -1.4989986  950.0945  952.1576
2021 04 07 14 28 00    -4.1562364   -1.4987401  950.1021  952.1354
2021 04 07 14 29 00    -4.1553650   -1.4982269  950.1085  952.0801
2021 04 07 14 30 00    -4.1543141   -1.4976291  950.1132  952.0338
2021 04 07 14 31 00    -4.1533921   -1.4972278  950.1175  952.0224
2021 04 07 14 32 00    -4.1527437   -1.4969672  950.1224  952.0285
2021 04 07 14 33 00    -4.1518256   -1.4965169  950.1281  952.0292
2021 04 07 14 34 00    -4.1503345   -1.4958154  950.1342  952.0270
2021 04 07 14 35 00    -4.1486358   -1.4949566  950.1399  952.0422
2021 04 07 14 36 00    -4.1472623   -1.4941840  950.1451  952.0782
2021 04 07 14 37 00    -4.1462558   -1.4936561  950.1506  952.1070
2021 04 07 14 38 00    -4.1448223   -1.4929542  950.1568  952.1160
2021 04 07 14 39 00    -4.1427849   -1.4919741  950.1633  952.1314
2021 04 07 14 40 00    -4.1411399   -1.4912052  950.1704  952.1643
2021 04 07 14 41 00    -4.1399032   -1.4905015  950.1780  952.1943
2021 04 07 14 42 00    -4.1380863   -1.4894438  950.1849  952.2015
2021 04 07 14 43 00    -4.1358750   -1.4883648  950.1911  952.1884
2021 04 07 14 44 00    -4.1340723   -1.4875963  950.1975  952.1798
2021 04 07 14 45 00    -4.1325046   -1.4868173  950.2041  952.1880
2021 04 07 14 46 00    -4.1306534   -1.4857738  950.2106  952.1999
2021 04 07 14 47 00    -4.1285591   -1.4846875  950.2172  952.2012
2021 04 07 14 48 00    -4.1265495   -1.4837490  950.2240  952.2051
2021 04 07 14 49 00    -4.1246539   -1.4828238  950.2309  952.2378
2021 04 07 14 50 00    -4.1225473   -1.4817578  950.2378  952.2738
2021 04 07 14 51 00    -4.1202006   -1.4805911  950.2443  952.2648
2021 04 07 14 52 00    -4.1179161   -1.4794246  950.2505  952.2282
2021 04 07 14 53 00    -4.1156786   -1.4782584  950.2573  952.2065
2021 04 07 14 54 00    -4.1133035   -1.4769815  950.2648  952.2053
2021 04 07 14 55 00    -4.1108402   -1.4756534  950.2718  952.2186
2021 04 07 14 56 00    -4.1083504   -1.4744985  950.2781  952.2356
2021 04 07 14 57 00    -4.1057302   -1.4733808  950.2850  952.2371
2021 04 07 14 58 00    -4.1029562   -1.4719902  950.2927  952.2310
2021 04 07 14 59 00    -4.1000962   -1.4704093  950.2998  952.2442
2021 04 07 15 00 00    -4.0971226   -1.4688865  950.3058  952.2691
2021 04 07 15 01 00    -4.0941934   -1.4675122  950.3117  952.2752
2021 04 07 15 02 00    -4.0914862   -1.4662273  950.3181  952.2679
2021 04 07 15 03 00    -4.0887048   -1.4648423  950.3247  952.2800
2021 04 07 15 04 00    -4.0855916   -1.4632257  950.3313  952.3060
2021 04 07 15 05 00    -4.0822532   -1.4614842  950.3376  952.3113
2021 04 07 15 06 00    -4.0788549   -1.4598314  950.3432  952.2992
2021 04 07 15 07 00    -4.0755950   -1.4583139  950.3487  952.2877
2021 04 07 15 08 00    -4.0724242   -1.4567105  950.3555  952.2616
2021 04 07 15 09 00    -4.0690629   -1.4549117  950.3630  952.2378
2021 04 07 15 10 00    -4.0656485   -1.4531983  950.3695  952.2635
2021 04 07 15 11 00    -4.0624364   -1.4516630  950.3747  952.3046
2021 04 07 15 12 00    -4.0591308   -1.4499647  950.3803  952.2967
2021 04 07 15 13 00    -4.0554245   -1.4480385  950.3865  952.2712
2021 04 07 15 14 00    -4.0515493   -1.4461291  950.3925  952.2730
2021 04 07 15 15 00    -4.0477694   -1.4442543  950.3980  952.2735
2021 04 07 15 16 00    -4.0440085   -1.4423288  950.4044  952.2593
2021 04 07 15 17 00    -4.0401088   -1.4403566  950.4117  952.2601
2021 04 07 15 18 00    -4.0360459   -1.4383378  950.4175  952.2708
2021 04 07 15 19 00    -4.0319235   -1.4362835  950.4217  952.2646
2021 04 07 15 20 00    -4.0278535   -1.4342450  950.4265  952.2525
2021 04 07 15 21 00    -4.0238468   -1.4322418  950.4323  952.2583
2021 04 07 15 22 00    -4.0198094   -1.4301945  950.4377  952.2683
2021 04 07 15 23 00    -4.0155920   -1.4280594  950.4425  952.2565
2021 04 07 15 24 00    -4.0111768   -1.4259277  950.4476  952.2309
2021 04 07 15 25 00    -4.0067618   -1.4237728  950.4526  952.2130
2021 04 07 15 26 00    -4.0024515   -1.4215107  950.4566  952.2089
2021 04 07 15 27 00    -3.9980965   -1.4192651  950.4601  952.2149
2021 04 07 15 28 00    -3.9936387   -1.4170676  950.4639  952.2157
2021 04 07 15 29 00    -3.9892469   -1.4148335  950.4680  952.2023
2021 04 07 15 30 00    -3.9847953   -1.4125732  950.4719  952.1959
2021 04 07 15 31 00    -3.9798853   -1.4101693  950.4756  952.2140
2021 04 07 15 32 00    -3.9746463   -1.4075790  950.4793  952.2344
2021 04 07 15 33 00    -3.9695576   -1.4050112  950.4834  952.2329
2021 04 07 15 34 00    -3.9647164   -1.4025379  950.4875  952.2252
2021 04 07 15 35 00    -3.9598735   -1.4000850  950.4910  952.2362
2021 04 07 15 36 00    -3.9547436   -1.3975852  950.4938  952.2604
2021 04 07 15 37 00    -3.9493716   -1.3950102  950.4972  952.2733
2021 04 07 15 38 00    -3.9440888   -1.3924397  950.5017  952.2600
2021 04 07 15 39 00    -3.9389055   -1.3898464  950.5073  952.2437
2021 04 07 15 40 00    -3.9336461   -1.3870968  950.5130  952.2560
2021 04 07 15 41 00    -3.9283403   -1.3843153  950.5174  952.2837
2021 04 07 15 42 00    -3.9229727   -1.3817106  950.5209  952.3002
2021 04 07 15 43 00    -3.9175401   -1.3791429  950.5245  952.2946
2021 04 07 15 44 00    -3.9120846   -1.3763457  950.5282  952.2603
2021 04 07 15 45 00    -3.9064435   -1.3733666  950.5307  952.2280
2021 04 07 15 46 00    -3.9006181   -1.3704120  950.5328  952.2411
2021 04 07 15 47 00    -3.8948381   -1.3675012  950.5360  952.2715
2021 04 07 15 48 00    -3.8890424   -1.3645790  950.5407  952.2694
2021 04 07 15 49 00    -3.8830753   -1.3616643  950.5456  952.2563
2021 04 07 15 50 00    -3.8770506   -1.3587495  950.5493  952.2625
2021 04 07 15 51 00    -3.8710491   -1.3558152  950.5525  952.2704
2021 04 07 15 52 00    -3.8649039   -1.3527867  950.5560  952.2812
2021 04 07 15 53 00    -3.8585671   -1.3495598  950.5603  952.3142
2021 04 07 15 54 00    -3.8522660   -1.3462805  950.5657  952.3435
2021 04 07 15 55 00    -3.8460152   -1.3431175  950.5719  952.3474
2021 04 07 15 56 00    -3.8395704   -1.3399251  950.5784  952.3494
2021 04 07 15 57 00    -3.8329772   -1.3366737  950.5852  952.3561
2021 04 07 15 58 00    -3.8264930   -1.3335216  950.5923  952.3585
2021 04 07 15 59 00    -3.8201170   -1.3303526  950.5984  952.3831
2021 04 07 16 00 00    -3.8136863   -1.3270526  950.6033  952.4399
2021 04 07 16 01 00    -3.8070856   -1.3236490  950.6087  952.4807
2021 04 07 16 02 00    -3.8002766   -1.3200778  950.6155  952.4853
2021 04 07 16 03 00    -3.7934000   -1.3165432  950.6230  952.4913
2021 04 07 16 04 00    -3.7865020   -1.3132589  950.6306  952.5059
2021 04 07 16 05 00    -3.7794384   -1.3099123  950.6378  952.5029
2021 04 07 16 06 00    -3.7723977   -1.3063471  950.6442  952.4891
2021 04 07 16 07 00    -3.7655567   -1.3028069  950.6498  952.4904
2021 04 07 16 08 00    -3.7585700   -1.2992828  950.6551  952.5093
2021 04 07 16 09 00    -3.7512718   -1.2956424  950.6611  952.5303
2021 04 07 16 10 00    -3.7438884   -1.2919562  950.6678  952.5386
2021 04 07 16 11 00    -3.7365133   -1.2883142  950.6751  952.5248
2021 04 07 16 12 00    -3.7291284   -1.2846992  950.6824  952.5068
2021 04 07 16 13 00    -3.7217299   -1.2809758  950.6893  952.5180
2021 04 07 16 14 00    -3.7143080   -1.2771157  950.6959  952.5501
2021 04 07 16 15 00    -3.7069004   -1.2733613  950.7023  952.5722
2021 04 07 16 16 00    -3.6994955   -1.2697809  950.7089  952.5771
2021 04 07 16 17 00    -3.6919458   -1.2660713  950.7159  952.5656
2021 04 07 16 18 00    -3.6842072   -1.2620986  950.7234  952.5521
2021 04 07 16 19 00    -3.6764905   -1.2581139  950.7303  952.5541
2021 04 07 16 20 00    -3.6689190   -1.2543502  950.7359  952.5563
2021 04 07 16 21 00    -3.6613037   -1.2507067  950.7411  952.5542
2021 04 07 16 22 00    -3.6535080   -1.2468708  950.7467  952.5690
2021 04 07 16 23 00    -3.6456314   -1.2428051  950.7535  952.5894
2021 04 07 16 24 00    -3.6377438   -1.2387764  950.7611  952.5996
2021 04 07 16 25 00    -3.6298526   -1.2348081  950.7681  952.6134
2021 04 07 16 26 00    -3.6219465   -1.2307942  950.7742  952.6288
2021 04 07 16 27 00    -3.6139626   -1.2268543  950.7805  952.6322
2021 04 07 16 28 00    -3.6058471   -1.2229421  950.7874  952.6329
2021 04 07 16 29 00    -3.5976339   -1.2188506  950.7948  952.6437
2021 04 07 16 30 00    -3.5895009   -1.2146745  950.8026  952.6595
2021 04 07 16 31 00    -3.5814358   -1.2105679  950.8104  952.6698
2021 04 07 16 32 00    -3.5732460   -1.2065414  950.8183  952.6789
2021 04 07 16 33 00    -3.5650123   -1.2025286  950.8259  952.6882
2021 04 07 16 34 00    -3.5567970   -1.1983610  950.8331  952.6820
2021 04 07 16 35 00    -3.5485171   -1.1940994  950.8394  952.6625
2021 04 07 16 36 00    -3.5401594   -1.1899191  950.8449  952.6517
2021 04 07 16 37 00    -3.5316523   -1.1856664  950.8503  952.6526
2021 04 07 16 38 00    -3.5230787   -1.1813070  950.8560  952.6509
2021 04 07 16 39 00    -3.5146457   -1.1770939  950.8618  952.6384
2021 04 07 16 40 00    -3.5062496   -1.1729726  950.8676  952.6159
2021 04 07 16 41 00    -3.4976800   -1.1687072  950.8729  952.5943
2021 04 07 16 42 00    -3.4890122   -1.1643019  950.8767  952.5890
2021 04 07 16 43 00    -3.4803811   -1.1598586  950.8796  952.5983
2021 04 07 16 44 00    -3.4716498   -1.1554463  950.8830  952.6021
2021 04 07 16 45 00    -3.4627606   -1.1510911  950.8873  952.5905
2021 04 07 16 46 00    -3.4540397   -1.1467497  950.8920  952.5783
2021 04 07 16 47 00    -3.4456678   -1.1424396  950.8966  952.5730
2021 04 07 16 48 00    -3.4373235   -1.1382442  950.9002  952.5607
2021 04 07 16 49 00    -3.4285875   -1.1340179  950.9028  952.5511
2021 04 07 16 50 00    -3.4194591   -1.1295194  950.9056  952.5665
2021 04 07 16 51 00    -3.4103393   -1.1249114  950.9094  952.5806
2021 04 07 16 52 00    -3.4014638   -1.1204814  950.9138  952.5644
2021 04 07 16 53 00    -3.3926094   -1.1161193  950.9183  952.5475
2021 04 07 16 54 00    -3.3834337   -1.1115477  950.9226  952.5603
2021 04 07 16 55 00    -3.3739901   -1.1067573  950.9262  952.5818
2021 04 07 16 56 00    -3.3646752   -1.1019930  950.9293  952.5809
2021 04 07 16 57 00    -3.3556194   -1.0974120  950.9330  952.5622
2021 04 07 16 58 00    -3.3465733   -1.0929452  950.9368  952.5453
2021 04 07 16 59 00    -3.3373077   -1.0884256  950.9393  952.5299
2021 04 07 17 00 00    -3.3277791   -1.0836855  950.9412  952.5200
2021 04 07 17 01 00    -3.3180960   -1.0787359  950.9437  952.5345
2021 04 07 17 02 00    -3.3084992   -1.0738991  950.9467  952.5570
2021 04 07 17 03 00    -3.2991317   -1.0693430  950.9499  952.5559
2021 04 07 17 04 00    -3.2898252   -1.0647299  950.9531  952.5507
2021 04 07 17 05 00    -3.2803630   -1.0598119  950.9561  952.5614
2021 04 07 17 06 00    -3.2707475   -1.0547933  950.9593  952.5650
2021 04 07 17 07 00    -3.2611087   -1.0498807  950.9622  952.5570
2021 04 07 17 08 00    -3.2515447   -1.0450908  950.9648  952.5537
2021 04 07 17 09 00    -3.2419974   -1.0403838  950.9675  952.5519
2021 04 07 17 10 00    -3.2323589   -1.0356405  950.9700  952.5504
2021 04 07 17 11 00    -3.2226863   -1.0307457  950.9720  952.5529
2021 04 07 17 12 00    -3.2129929   -1.0257983  950.9747  952.5614
2021 04 07 17 13 00    -3.2032089   -1.0210058  950.9782  952.5770
2021 04 07 17 14 00    -3.1933926   -1.0162846  950.9815  952.5836
2021 04 07 17 15 00    -3.1835364   -1.0113948  950.9841  952.5817
2021 04 07 17 16 00    -3.1736033   -1.0064017  950.9862  952.5898
2021 04 07 17 17 00    -3.1636853   -1.0013878  950.9894  952.5946
2021 04 07 17 18 00    -3.1537994   -0.9963086  950.9944  952.5929
2021 04 07 17 19 00    -3.1438727   -0.9912875  950.9997  952.6030
2021 04 07 17 20 00    -3.1339207   -0.9863232  951.0042  952.6051
2021 04 07 17 21 00    -3.1240619   -0.9813002  951.0079  952.5886
2021 04 07 17 22 00    -3.1142964   -0.9763875  951.0115  952.5884
2021 04 07 17 23 00    -3.1043581   -0.9716270  951.0158  952.6066
2021 04 07 17 24 00    -3.0940628   -0.9666764  951.0208  952.6059
2021 04 07 17 25 00    -3.0838222   -0.9615245  951.0253  952.5864
2021 04 07 17 26 00    -3.0741246   -0.9565585  951.0290  952.5877
2021 04 07 17 27 00    -3.0644919   -0.9516811  951.0331  952.6229
2021 04 07 17 28 00    -3.0542425   -0.9465147  951.0383  952.6478
2021 04 07 17 29 00    -3.0438233   -0.9413127  951.0437  952.6282
2021 04 07 17 30 00    -3.0338685   -0.9364443  951.0482  952.6052
2021 04 07 17 31 00    -3.0239710   -0.9315437  951.0517  952.6250
2021 04 07 17 32 00    -3.0136253   -0.9262460  951.0545  952.6522
2021 04 07 17 33 00    -3.0031303   -0.9208851  951.0574  952.6396
2021 04 07 17 34 00    -2.9928892   -0.9157677  951.0602  952.6173
2021 04 07 17 35 00    -2.9828606   -0.9107373  951.0633  952.6265
2021 04 07 17 36 00    -2.9727944   -0.9056625  951.0672  952.6513
2021 04 07 17 37 00    -2.9624899   -0.9005347  951.0714  952.6598
2021 04 07 17 38 00    -2.9519673   -0.8952702  951.0746  952.6472
2021 04 07 17 39 00    -2.9415270   -0.8899533  951.0767  952.6358
2021 04 07 17 40 00    -2.9314013   -0.8848020  951.0789  952.6387
2021 04 07 17 41 00    -2.9213319   -0.8797293  951.0819  952.6442
2021 04 07 17 42 00    -2.9109189   -0.8745762  951.0852  952.6492
2021 04 07 17 43 00    -2.9003642   -0.8695106  951.0883  952.6592
2021 04 07 17 44 00    -2.8901686   -0.8645811  951.0915  952.6680
2021 04 07 17 45 00    -2.8801421   -0.8594623  951.0948  952.6744
2021 04 07 17 46 00    -2.8697757   -0.8540767  951.0980  952.6825
2021 04 07 17 47 00    -2.8592447   -0.8487975  951.1009  952.6816
2021 04 07 17 48 00    -2.8489292   -0.8437916  951.1033  952.6699
2021 04 07 17 49 00    -2.8387330   -0.8387786  951.1056  952.6587
2021 04 07 17 50 00    -2.8284296   -0.8335304  951.1086  952.6427
2021 04 07 17 51 00    -2.8180168   -0.8281588  951.1119  952.6231
2021 04 07 17 52 00    -2.8076493   -0.8228963  951.1146  952.6176
2021 04 07 17 53 00    -2.7973473   -0.8177725  951.1169  952.6235
2021 04 07 17 54 00    -2.7870538   -0.8126633  951.1190  952.6304
2021 04 07 17 55 00    -2.7768840   -0.8075330  951.1210  952.6366
2021 04 07 17 56 00    -2.7667324   -0.8023646  951.1237  952.6345
2021 04 07 17 57 00    -2.7562578   -0.7971459  951.1272  952.6191
2021 04 07 17 58 00    -2.7456073   -0.7919278  951.1300  952.5981
2021 04 07 17 59 00    -2.7351917   -0.7866827  951.1312  952.5892
2021 04 07 18 00 00    -2.7249439   -0.7813672  951.1322  952.5969
2021 04 07 18 01 00    -2.7145913   -0.7760856  951.1335  952.5971
2021 04 07 18 02 00    -2.7041279   -0.7709551  951.1351  952.5917
2021 04 07 18 03 00    -2.6936939   -0.7659041  951.1365  952.6053
2021 04 07 18 04 00    -2.6833572   -0.7607757  951.1381  952.6182
2021 04 07 18 05 00    -2.6730277   -0.7555170  951.1401  952.6109
2021 04 07 18 06 00    -2.6626107   -0.7502059  951.1421  952.6034
2021 04 07 18 07 00    -2.6520873   -0.7449566  951.1437  952.6025
2021 04 07 18 08 00    -2.6414314   -0.7397254  951.1454  952.6075
2021 04 07 18 09 00    -2.6307682   -0.7344227  951.1470  952.6268
2021 04 07 18 10 00    -2.6202682   -0.7291397  951.1481  952.6355
2021 04 07 18 11 00    -2.6098856   -0.7239584  951.1495  952.6097
2021 04 07 18 12 00    -2.5995328   -0.7188017  951.1519  952.5912
2021 04 07 18 13 00    -2.5891225   -0.7135592  951.1547  952.6099
2021 04 07 18 14 00    -2.5786267   -0.7082651  951.1571  952.6338
2021 04 07 18 15 00    -2.5682333   -0.7030722  951.1587  952.6386
2021 04 07 18 16 00    -2.5580029   -0.6979399  951.1597  952.6257
2021 04 07 18 17 00    -2.5477628   -0.6927261  951.1614  952.6134
2021 04 07 18 18 00    -2.5374479   -0.6875008  951.1641  952.6189
2021 04 07 18 19 00    -2.5271346   -0.6823038  951.1661  952.6138
2021 04 07 18 20 00    -2.5169608   -0.6771102  951.1669  952.5845
2021 04 07 18 21 00    -2.5069793   -0.6720602  951.1683  952.5750
2021 04 07 18 22 00    -2.4969831   -0.6671567  951.1708  952.5972
2021 04 07 18 23 00    -2.4867810   -0.6622134  951.1734  952.6247
2021 04 07 18 24 00    -2.4764258   -0.6571146  951.1754  952.6528
2021 04 07 18 25 00    -2.4660352   -0.6518228  951.1773  952.6751
2021 04 07 18 26 00    -2.4557007   -0.6465081  951.1795  952.6780
2021 04 07 18 27 00    -2.4454684   -0.6413972  951.1820  952.6754
2021 04 07 18 28 00    -2.4352687   -0.6364316  951.1851  952.6909
2021 04 07 18 29 00    -2.4250226   -0.6314314  951.1889  952.7193
2021 04 07 18 30 00    -2.4147967   -0.6263440  951.1927  952.7258
2021 04 07 18 31 00    -2.4046813   -0.6212195  951.1956  952.6972
2021 04 07 18 32 00    -2.3946262   -0.6160804  951.1982  952.6749
2021 04 07 18 33 00    -2.3845037   -0.6109153  951.2007  952.6894
2021 04 07 18 34 00    -2.3742438   -0.6057492  951.2033  952.7095
2021 04 07 18 35 00    -2.3640008   -0.6006596  951.2065  952.7088
2021 04 07 18 36 00    -2.3539649   -0.5956620  951.2096  952.7026
2021 04 07 18 37 00    -2.3439878   -0.5905673  951.2121  952.7036
2021 04 07 18 38 00    -2.3339656   -0.5853726  951.2149  952.7095
2021 04 07 18 39 00    -2.3240361   -0.5803585  951.2192  952.7209
2021 04 07 18 40 00    -2.3141336   -0.5754593  951.2241  952.7386
2021 04 07 18 41 00    -2.3042925   -0.5705386  951.2280  952.7492
2021 04 07 18 42 00    -2.2947042   -0.5657765  951.2309  952.7369
2021 04 07 18 43 00    -2.2850437   -0.5610996  951.2337  952.7154
2021 04 07 18 44 00    -2.2750560   -0.5562966  951.2369  952.7235
2021 04 07 18 45 00    -2.2651237   -0.5514159  951.2408  952.7651
2021 04 07 18 46 00    -2.2553510   -0.5464788  951.2454  952.7913
2021 04 07 18 47 00    -2.2455459   -0.5415225  951.2505  952.7890
2021 04 07 18 48 00    -2.2358853   -0.5366484  951.2557  952.7992
2021 04 07 18 49 00    -2.2263516   -0.5317543  951.2607  952.8181
2021 04 07 18 50 00    -2.2165925   -0.5267986  951.2649  952.8194
2021 04 07 18 51 00    -2.2066877   -0.5219667  951.2685  952.8266
2021 04 07 18 52 00    -2.1969494   -0.5172607  951.2724  952.8496
2021 04 07 18 53 00    -2.1873900   -0.5124872  951.2769  952.8515
2021 04 07 18 54 00    -2.1779137   -0.5075940  951.2812  952.8391
2021 04 07 18 55 00    -2.1684749   -0.5026807  951.2856  952.8594
2021 04 07 18 56 00    -2.1590618   -0.4978722  951.2908  952.8853
2021 04 07 18 57 00    -2.1496728   -0.4932103  951.2957  952.8690
2021 04 07 18 58 00    -2.1402450   -0.4885827  951.3001  952.8582
2021 04 07 18 59 00    -2.1307576   -0.4838808  951.3054  952.8942
2021 04 07 19 00 00    -2.1212640   -0.4791703  951.3120  952.9201
2021 04 07 19 01 00    -2.1118412   -0.4745397  951.3187  952.9073
2021 04 07 19 02 00    -2.1025596   -0.4699258  951.3241  952.9049
2021 04 07 19 03 00    -2.0933774   -0.4652944  951.3289  952.9258
2021 04 07 19 04 00    -2.0842861   -0.4607627  951.3341  952.9366
2021 04 07 19 05 00    -2.0753652   -0.4563114  951.3398  952.9284
2021 04 07 19 06 00    -2.0664829   -0.4517578  951.3454  952.9149
2021 04 07 19 07 00    -2.0575038   -0.4471635  951.3506  952.9117
2021 04 07 19 08 00    -2.0485758   -0.4427572  951.3561  952.9221
2021 04 07 19 09 00    -2.0397261   -0.4384601  951.3624  952.9343
2021 04 07 19 10 00    -2.0308466   -0.4340519  951.3680  952.9488
2021 04 07 19 11 00    -2.0220159   -0.4296154  951.3725  952.9705
2021 04 07 19 12 00    -2.0132293   -0.4252830  951.3777  952.9842
2021 04 07 19 13 00    -2.0044153   -0.4209260  951.3840  952.9795
2021 04 07 19 14 00    -1.9956558   -0.4164662  951.3898  952.9726
2021 04 07 19 15 00    -1.9869904   -0.4120652  951.3947  952.9830
2021 04 07 19 16 00    -1.9784547   -0.4078127  951.3995  953.0022
2021 04 07 19 17 00    -1.9700616   -0.4035546  951.4052  953.0123
2021 04 07 19 18 00    -1.9616597   -0.3992242  951.4111  953.0152
2021 04 07 19 19 00    -1.9532284   -0.3950261  951.4159  953.0073
2021 04 07 19 20 00    -1.9448877   -0.3909868  951.4201  952.9829
2021 04 07 19 21 00    -1.9364839   -0.3867856  951.4255  952.9662
2021 04 07 19 22 00    -1.9278914   -0.3823956  951.4322  952.9774
2021 04 07 19 23 00    -1.9193938   -0.3781741  951.4389  952.9973
2021 04 07 19 24 00    -1.9111859   -0.3741794  951.4453  953.0025
2021 04 07 19 25 00    -1.9031143   -0.3701464  951.4510  953.0031
2021 04 07 19 26 00    -1.8949938   -0.3659300  951.4554  953.0236
2021 04 07 19 27 00    -1.8868930   -0.3617374  951.4595  953.0573
2021 04 07 19 28 00    -1.8789960   -0.3578348  951.4641  953.0737
2021 04 07 19 29 00    -1.8711023   -0.3539451  951.4691  953.0700
2021 04 07 19 30 00    -1.8629388   -0.3497672  951.4751  953.0668
2021 04 07 19 31 00    -1.8547809   -0.3456333  951.4821  953.0719
2021 04 07 19 32 00    -1.8469480   -0.3418008  951.4884  953.0791
2021 04 07 19 33 00    -1.8392872   -0.3380926  951.4932  953.0829
2021 04 07 19 34 00    -1.8316482   -0.3343792  951.4975  953.0856
2021 04 07 19 35 00    -1.8241418   -0.3306517  951.5019  953.0894
2021 04 07 19 36 00    -1.8166660   -0.3269006  951.5067  953.0958
2021 04 07 19 37 00    -1.8089942   -0.3231249  951.5125  953.1071
2021 04 07 19 38 00    -1.8013722   -0.3193046  951.5183  953.1194
2021 04 07 19 39 00    -1.7940765   -0.3154417  951.5230  953.1261
2021 04 07 19 40 00    -1.7868807   -0.3116346  951.5280  953.1184
2021 04 07 19 41 00    -1.7796403   -0.3079887  951.5346  953.1039
2021 04 07 19 42 00    -1.7724509   -0.3044651  951.5412  953.1211
2021 04 07 19 43 00    -1.7652697   -0.3009666  951.5469  953.1697
2021 04 07 19 44 00    -1.7581355   -0.2974715  951.5527  953.1877
2021 04 07 19 45 00    -1.7511923   -0.2939996  951.5583  953.1561
2021 04 07 19 46 00    -1.7443435   -0.2905598  951.5626  953.1225
2021 04 07 19 47 00    -1.7374454   -0.2871449  951.5662  953.1152
2021 04 07 19 48 00    -1.7306027   -0.2837701  951.5705  953.1184
2021 04 07 19 49 00    -1.7239786   -0.2804527  951.5755  953.1170
2021 04 07 19 50 00    -1.7175380   -0.2771477  951.5801  953.1162
2021 04 07 19 51 00    -1.7110806   -0.2738397  951.5843  953.1204
2021 04 07 19 52 00    -1.7045061   -0.2705714  951.5882  953.1299
2021 04 07 19 53 00    -1.6979355   -0.2672844  951.5920  953.1505
2021 04 07 19 54 00    -1.6915050   -0.2639307  951.5967  953.1746
2021 04 07 19 55 00    -1.6852007   -0.2606733  951.6021  953.1859
2021 04 07 19 56 00    -1.6789812   -0.2576555  951.6070  953.1875
2021 04 07 19 57 00    -1.6728581   -0.2547692  951.6115  953.1910
2021 04 07 19 58 00    -1.6667383   -0.2517535  951.6168  953.1931
2021 04 07 19 59 00    -1.6605592   -0.2485239  951.6227  953.1940
2021 04 07 20 00 00    -1.6545137   -0.2453947  951.6281  953.1994
2021 04 07 20 01 00    -1.6487209   -0.2426145  951.6333  953.1987
2021 04 07 20 02 00    -1.6430090   -0.2399215  951.6385  953.1921
2021 04 07 20 03 00    -1.6372367   -0.2370042  951.6430  953.1963
2021 04 07 20 04 00    -1.6315098   -0.2339864  951.6469  953.2093
2021 04 07 20 05 00    -1.6259146   -0.2311461  951.6507  953.2173
2021 04 07 20 06 00    -1.6204395   -0.2285112  951.6549  953.2131
2021 04 07 20 07 00    -1.6150049   -0.2258225  951.6599  953.1985
2021 04 07 20 08 00    -1.6093284   -0.2228812  951.6648  953.1941
2021 04 07 20 09 00    -1.6037152   -0.2200389  951.6689  953.2145
2021 04 07 20 10 00    -1.5987825   -0.2176245  951.6728  953.2340
2021 04 07 20 11 00    -1.5939054   -0.2151893  951.6771  953.2267
2021 04 07 20 12 00    -1.5884615   -0.2124311  951.6810  953.2225
2021 04 07 20 13 00    -1.5831686   -0.2097344  951.6849  953.2564
2021 04 07 20 14 00    -1.5783857   -0.2072755  951.6897  953.2930
2021 04 07 20 15 00    -1.5736375   -0.2048888  951.6950  953.2887
2021 04 07 20 16 00    -1.5688906   -0.2025405  951.6999  953.2679
2021 04 07 20 17 00    -1.5643162   -0.2002632  951.7048  953.2639
2021 04 07 20 18 00    -1.5598141   -0.1980659  951.7102  953.2688
2021 04 07 20 19 00    -1.5553708   -0.1958879  951.7157  953.2705
2021 04 07 20 20 00    -1.5508855   -0.1935867  951.7203  953.2760
2021 04 07 20 21 00    -1.5462878   -0.1912562  951.7245  953.2969
2021 04 07 20 22 00    -1.5419021   -0.1891354  951.7292  953.3220
2021 04 07 20 23 00    -1.5377825   -0.1870833  951.7349  953.3291
2021 04 07 20 24 00    -1.5335891   -0.1849029  951.7411  953.3253
2021 04 07 20 25 00    -1.5293491   -0.1828166  951.7463  953.3217
2021 04 07 20 26 00    -1.5252231   -0.1808891  951.7504  953.3147
2021 04 07 20 27 00    -1.5212409   -0.1789175  951.7546  953.3172
2021 04 07 20 28 00    -1.5176151   -0.1769876  951.7600  953.3331
2021 04 07 20 29 00    -1.5141794   -0.1751424  951.7662  953.3415
2021 04 07 20 30 00    -1.5104279   -0.1732217  951.7723  953.3340
2021 04 07 20 31 00    -1.5066136   -0.1713715  951.7777  953.3240
2021 04 07 20 32 00    -1.5031944   -0.1697299  951.7823  953.3266
2021 04 07 20 33 00    -1.4999678   -0.1681001  951.7872  953.3457
2021 04 07 20 34 00    -1.4967366   -0.1664347  951.7928  953.3741
2021 04 07 20 35 00    -1.4934976   -0.1648210  951.7980  953.3893
2021 04 07 20 36 00    -1.4902216   -0.1632307  951.8023  953.3736
2021 04 07 20 37 00    -1.4870782   -0.1617058  951.8067  953.3510
2021 04 07 20 38 00    -1.4841521   -0.1602441  951.8123  953.3516
2021 04 07 20 39 00    -1.4812657   -0.1586958  951.8181  953.3712
2021 04 07 20 40 00    -1.4783993   -0.1571268  951.8229  953.3896
2021 04 07 20 41 00    -1.4756773   -0.1557778  951.8269  953.3882
2021 04 07 20 42 00    -1.4731540   -0.1546419  951.8306  953.3647
2021 04 07 20 43 00    -1.4708438   -0.1535145  951.8342  953.3374
2021 04 07 20 44 00    -1.4685551   -0.1522939  951.8378  953.3255
2021 04 07 20 45 00    -1.4660599   -0.1510819  951.8410  953.3346
2021 04 07 20 46 00    -1.4636261   -0.1500204  951.8439  953.3496
2021 04 07 20 47 00    -1.4616051   -0.1490442  951.8471  953.3557
2021 04 07 20 48 00    -1.4597593   -0.1480284  951.8509  953.3550
2021 04 07 20 49 00    -1.4577304   -0.1470164  951.8546  953.3533
2021 04 07 20 50 00    -1.4556248   -0.1460548  951.8582  953.3531
2021 04 07 20 51 00    -1.4537441   -0.1451486  951.8619  953.3484
2021 04 07 20 52 00    -1.4520775   -0.1443016  951.8655  953.3409
2021 04 07 20 53 00    -1.4503049   -0.1433889  951.8685  953.3497
2021 04 07 20 54 00    -1.4484474   -0.1424170  951.8713  953.3766
2021 04 07 20 55 00    -1.4469316   -0.1416546  951.8747  953.4026
2021 04 07 20 56 00    -1.4456845   -0.1410595  951.8796  953.4095
2021 04 07 20 57 00    -1.4442004   -0.1402401  951.8851  953.3950
2021 04 07 20 58 00    -1.4425749   -0.1392713  951.8898  953.3881
2021 04 07 20 59 00    -1.4413393   -0.1386531  951.8936  953.4006
2021 04 07 21 00 00    -1.4405370   -0.1383675  951.8979  953.4107
2021 04 07 21 01 00    -1.4397793   -0.1379875  951.9033  953.4190
2021 04 07 21 02 00    -1.4388364   -0.1374446  951.9090  953.4302
2021 04 07 21 03 00    -1.4379369   -0.1370148  951.9141  953.4218
2021 04 07 21 04 00    -1.4374556   -0.1368595  951.9179  953.3905
2021 04 07 21 05 00    -1.4371930   -0.1367298  951.9204  953.3644
2021 04 07 21 06 00    -1.4367059   -0.1364029  951.9225  953.3627
2021 04 07 21 07 00    -1.4360715   -0.1360951  951.9250  953.3782
2021 04 07 21 08 00    -1.4355333   -0.1358927  951.9285  953.3954
2021 04 07 21 09 00    -1.4352020   -0.1356884  951.9325  953.4149
2021 04 07 21 10 00    -1.4351294   -0.1356155  951.9364  953.4386
2021 04 07 21 11 00    -1.4351565   -0.1357222  951.9405  953.4416
2021 04 07 21 12 00    -1.4352015   -0.1358138  951.9449  953.4065
2021 04 07 21 13 00    -1.4354661   -0.1358645  951.9487  953.3602
2021 04 07 21 14 00    -1.4359802   -0.1360651  951.9512  953.3394
2021 04 07 21 15 00    -1.4364969   -0.1364116  951.9530  953.3527
2021 04 07 21 16 00    -1.4368905   -0.1366652  951.9551  953.3753
2021 04 07 21 17 00    -1.4372908   -0.1367966  951.9582  953.3805
2021 04 07 21 18 00    -1.4379056   -0.1370031  951.9611  953.3786
2021 04 07 21 19 00    -1.4387520   -0.1373671  951.9637  953.3907
2021 04 07 21 20 00    -1.4396582   -0.1378743  951.9671  953.4093
2021 04 07 21 21 00    -1.4405034   -0.1384549  951.9709  953.4167
2021 04 07 21 22 00    -1.4412928   -0.1388954  951.9742  953.4150
2021 04 07 21 23 00    -1.4422102   -0.1392048  951.9766  953.4155
2021 04 07 21 24 00    -1.4433942   -0.1397421  951.9793  953.4169
2021 04 07 21 25 00    -1.4446904   -0.1405101  951.9827  953.4132
2021 04 07 21 26 00    -1.4459840   -0.1411808  951.9858  953.4110
2021 04 07 21 27 00    -1.4473438   -0.1418345  951.9881  953.4168
2021 04 07 21 28 00    -1.4489006   -0.1426915  951.9911  953.4216
2021 04 07 21 29 00    -1.4507372   -0.1436592  951.9946  953.4175
2021 04 07 21 30 00    -1.4526388   -0.1445865  951.9972  953.4109
2021 04 07 21 31 00    -1.4544333   -0.1454676  951.9991  953.4107
2021 04 07 21 32 00    -1.4563049   -0.1464105  952.0017  953.4147
2021 04 07 21 33 00    -1.4583345   -0.1474408  952.0046  953.4189
2021 04 07 21 34 00    -1.4604534   -0.1484382  952.0072  953.4226
2021 04 07 21 35 00    -1.4626421   -0.1493887  952.0100  953.4241
2021 04 07 21 36 00    -1.4648679   -0.1504367  952.0129  953.4263
2021 04 07 21 37 00    -1.4672019   -0.1516175  952.0155  953.4366
2021 04 07 21 38 00    -1.4696264   -0.1527800  952.0184  953.4504
2021 04 07 21 39 00    -1.4719795   -0.1539269  952.0224  953.4600
2021 04 07 21 40 00    -1.4744787   -0.1553108  952.0267  953.4701
2021 04 07 21 41 00    -1.4773810   -0.1569662  952.0306  953.4817
2021 04 07 21 42 00    -1.4803661   -0.1585513  952.0339  953.4861
2021 04 07 21 43 00    -1.4832224   -0.1598628  952.0367  953.4780
2021 04 07 21 44 00    -1.4862188   -0.1611550  952.0392  953.4591
2021 04 07 21 45 00    -1.4894393   -0.1627344  952.0417  953.4448
2021 04 07 21 46 00    -1.4927583   -0.1645280  952.0441  953.4509
2021 04 07 21 47 00    -1.4961348   -0.1662830  952.0464  953.4642
2021 04 07 21 48 00    -1.4995449   -0.1679899  952.0487  953.4642
2021 04 07 21 49 00    -1.5030742   -0.1698132  952.0517  953.4516
2021 04 07 21 50 00    -1.5068062   -0.1717004  952.0550  953.4268
2021 04 07 21 51 00    -1.5106432   -0.1734706  952.0574  953.3973
2021 04 07 21 52 00    -1.5144845   -0.1752135  952.0583  953.3921
2021 04 07 21 53 00    -1.5182901   -0.1771243  952.0587  953.4154
2021 04 07 21 54 00    -1.5220913   -0.1791347  952.0596  953.4389
2021 04 07 21 55 00    -1.5259775   -0.1811100  952.0612  953.4528
2021 04 07 21 56 00    -1.5299958   -0.1831073  952.0638  953.4640
2021 04 07 21 57 00    -1.5341511   -0.1851862  952.0670  953.4709
2021 04 07 21 58 00    -1.5383988   -0.1873017  952.0704  953.4719
2021 04 07 21 59 00    -1.5427125   -0.1894615  952.0735  953.4713
2021 04 07 22 00 00    -1.5471463   -0.1917298  952.0759  953.4723
2021 04 07 22 01 00    -1.5517472   -0.1941368  952.0781  953.4734
2021 04 07 22 02 00    -1.5564729   -0.1966418  952.0807  953.4741
2021 04 07 22 03 00    -1.5612092   -0.1990864  952.0834  953.4784
2021 04 07 22 04 00    -1.5658934   -0.2013221  952.0855  953.4881
2021 04 07 22 05 00    -1.5706185   -0.2034790  952.0878  953.4986
2021 04 07 22 06 00    -1.5755992   -0.2058939  952.0912  953.5002
2021 04 07 22 07 00    -1.5808953   -0.2086772  952.0949  953.4818
2021 04 07 22 08 00    -1.5862422   -0.2115446  952.0970  953.4519
2021 04 07 22 09 00    -1.5914339   -0.2141497  952.0983  953.4395
2021 04 07 22 10 00    -1.5966629   -0.2165350  952.1006  953.4504
2021 04 07 22 11 00    -1.6021733   -0.2190611  952.1030  953.4574
2021 04 07 22 12 00    -1.6078450   -0.2218830  952.1043  953.4477
2021 04 07 22 13 00    -1.6134551   -0.2248922  952.1049  953.4404
2021 04 07 22 14 00    -1.6191020   -0.2279531  952.1064  953.4473
2021 04 07 22 15 00    -1.6249768   -0.2308860  952.1088  953.4530
2021 04 07 22 16 00    -1.6309653   -0.2336427  952.1113  953.4443
2021 04 07 22 17 00    -1.6369044   -0.2365015  952.1128  953.4273
2021 04 07 22 18 00    -1.6428822   -0.2396270  952.1135  953.4207
2021 04 07 22 19 00    -1.6490047   -0.2427851  952.1146  953.4356
2021 04 07 22 20 00    -1.6552515   -0.2458550  952.1172  953.4471
2021 04 07 22 21 00    -1.6616006   -0.2489752  952.1199  953.4343
2021 04 07 22 22 00    -1.6680649   -0.2521837  952.1214  953.4226
2021 04 07 22 23 00    -1.6746067   -0.2554602  952.1225  953.4284
2021 04 07 22 24 00    -1.6811624   -0.2588257  952.1239  953.4367
2021 04 07 22 25 00    -1.6877563   -0.2622111  952.1247  953.4363
2021 04 07 22 26 00    -1.6944145   -0.2655119  952.1256  953.4248
2021 04 07 22 27 00    -1.7011407   -0.2688466  952.1271  953.4068
2021 04 07 22 28 00    -1.7080765   -0.2724306  952.1283  953.3922
2021 04 07 22 29 00    -1.7152709   -0.2761424  952.1286  953.3870
2021 04 07 22 30 00    -1.7224706   -0.2797064  952.1290  953.3912
2021 04 07 22 31 00    -1.7295829   -0.2831551  952.1302  953.3973
2021 04 07 22 32 00    -1.7368340   -0.2866864  952.1315  953.3955
2021 04 07 22 33 00    -1.7442645   -0.2903109  952.1322  953.3802
2021 04 07 22 34 00    -1.7516513   -0.2939127  952.1321  953.3567
2021 04 07 22 35 00    -1.7589150   -0.2975441  952.1314  953.3426
2021 04 07 22 36 00    -1.7662769   -0.3014057  952.1310  953.3469
2021 04 07 22 37 00    -1.7739377   -0.3054385  952.1310  953.3571
2021 04 07 22 38 00    -1.7817450   -0.3093261  952.1312  953.3646
2021 04 07 22 39 00    -1.7894526   -0.3130645  952.1315  953.3781
2021 04 07 22 40 00    -1.7971298   -0.3169171  952.1323  953.4012
2021 04 07 22 41 00    -1.8049697   -0.3208593  952.1336  953.4226
2021 04 07 22 42 00    -1.8129203   -0.3247266  952.1354  953.4356
2021 04 07 22 43 00    -1.8209004   -0.3286409  952.1372  953.4416
2021 04 07 22 44 00    -1.8290284   -0.3328067  952.1388  953.4384
2021 04 07 22 45 00    -1.8372770   -0.3370863  952.1403  953.4320
2021 04 07 22 46 00    -1.8454728   -0.3412083  952.1418  953.4418
2021 04 07 22 47 00    -1.8536388   -0.3452077  952.1436  953.4708
2021 04 07 22 48 00    -1.8619149   -0.3492660  952.1463  953.4944
2021 04 07 22 49 00    -1.8703987   -0.3534793  952.1494  953.4978
2021 04 07 22 50 00    -1.8790149   -0.3578207  952.1523  953.4947
2021 04 07 22 51 00    -1.8876066   -0.3621661  952.1547  953.4960
2021 04 07 22 52 00    -1.8962749   -0.3665434  952.1573  953.5016
2021 04 07 22 53 00    -1.9051979   -0.3710515  952.1604  953.5133
2021 04 07 22 54 00    -1.9142830   -0.3756496  952.1635  953.5270
2021 04 07 22 55 00    -1.9233459   -0.3802657  952.1664  953.5329
2021 04 07 22 56 00    -1.9323732   -0.3847871  952.1694  953.5295
2021 04 07 22 57 00    -1.9415446   -0.3892233  952.1727  953.5182
2021 04 07 22 58 00    -1.9510422   -0.3938656  952.1760  953.5001
2021 04 07 22 59 00    -1.9606417   -0.3987723  952.1788  953.4889
2021 04 07 23 00 00    -1.9699211   -0.4035735  952.1812  953.4943
2021 04 07 23 01 00    -1.9790905   -0.4081730  952.1831  953.5012
2021 04 07 23 02 00    -1.9886086   -0.4128952  952.1847  953.4998
2021 04 07 23 03 00    -1.9982486   -0.4177677  952.1870  953.5004
2021 04 07 23 04 00    -2.0077243   -0.4225584  952.1900  953.5026
2021 04 07 23 05 00    -2.0173645   -0.4273779  952.1930  953.5001
2021 04 07 23 06 00    -2.0273293   -0.4323658  952.1952  953.5026
2021 04 07 23 07 00    -2.0372386   -0.4372654  952.1970  953.5147
2021 04 07 23 08 00    -2.0469383   -0.4419559  952.1987  953.5280
2021 04 07 23 09 00    -2.0567312   -0.4467761  952.2012  953.5384
2021 04 07 23 10 00    -2.0667800   -0.4519231  952.2045  953.5434
2021 04 07 23 11 00    -2.0768172   -0.4570770  952.2079  953.5453
2021 04 07 23 12 00    -2.0866813   -0.4620110  952.2108  953.5594
2021 04 07 23 13 00    -2.0966959   -0.4670041  952.2144  953.5926
2021 04 07 23 14 00    -2.1068886   -0.4721228  952.2193  953.6368
2021 04 07 23 15 00    -2.1169027   -0.4770638  952.2255  953.6782
2021 04 07 23 16 00    -2.1270232   -0.4820404  952.2319  953.6930
2021 04 07 23 17 00    -2.1376684   -0.4874633  952.2376  953.6677
2021 04 07 23 18 00    -2.1484891   -0.4930168  952.2423  953.6166
2021 04 07 23 19 00    -2.1591099   -0.4982237  952.2463  953.5685
2021 04 07 23 20 00    -2.1696817   -0.5032678  952.2497  953.5473
2021 04 07 23 21 00    -2.1803667   -0.5085651  952.2525  953.5604
2021 04 07 23 22 00    -2.1910971   -0.5140463  952.2553  953.5925
2021 04 07 23 23 00    -2.2019298   -0.5194492  952.2579  953.6102
2021 04 07 23 24 00    -2.2129456   -0.5248926  952.2604  953.5986
2021 04 07 23 25 00    -2.2239729   -0.5305269  952.2626  953.5776
2021 04 07 23 26 00    -2.2349718   -0.5361966  952.2647  953.5636
2021 04 07 23 27 00    -2.2460600   -0.5417736  952.2671  953.5519
2021 04 07 23 28 00    -2.2571696   -0.5472922  952.2699  953.5403
2021 04 07 23 29 00    -2.2682332   -0.5528135  952.2721  953.5390
2021 04 07 23 30 00    -2.2793588   -0.5583790  952.2734  953.5527
2021 04 07 23 31 00    -2.2906086   -0.5639346  952.2749  953.5632
2021 04 07 23 32 00    -2.3018565   -0.5694655  952.2770  953.5514
2021 04 07 23 33 00    -2.3131081   -0.5751628  952.2788  953.5305
2021 04 07 23 34 00    -2.3246106   -0.5810408  952.2802  953.5260
2021 04 07 23 35 00    -2.3362809   -0.5868491  952.2817  953.5384
2021 04 07 23 36 00    -2.3477754   -0.5925480  952.2833  953.5489
2021 04 07 23 37 00    -2.3592322   -0.5982896  952.2847  953.5477
2021 04 07 23 38 00    -2.3708722   -0.6040952  952.2862  953.5431
2021 04 07 23 39 00    -2.3824380   -0.6098845  952.2878  953.5515
2021 04 07 23 40 00    -2.3939135   -0.6156840  952.2894  953.5690
2021 04 07 23 41 00    -2.4056333   -0.6215812  952.2915  953.5708
2021 04 07 23 42 00    -2.4175196   -0.6274863  952.2944  953.5598
2021 04 07 23 43 00    -2.4292614   -0.6332680  952.2977  953.5709
2021 04 07 23 44 00    -2.4408881   -0.6390546  952.3014  953.5995
2021 04 07 23 45 00    -2.4526243   -0.6450199  952.3053  953.6040
2021 04 07 23 46 00    -2.4644983   -0.6510512  952.3088  953.5896
2021 04 07 23 47 00    -2.4764347   -0.6570046  952.3115  953.5973
2021 04 07 23 48 00    -2.4884497   -0.6629636  952.3136  953.6249
2021 04 07 23 49 00    -2.5004916   -0.6689816  952.3157  953.6411
2021 04 07 23 50 00    -2.5124930   -0.6750073  952.3190  953.6391
2021 04 07 23 51 00    -2.5245484   -0.6810831  952.3228  953.6340
2021 04 07 23 52 00    -2.5367800   -0.6872909  952.3260  953.6328
2021 04 07 23 53 00    -2.5491235   -0.6935314  952.3287  953.6275
2021 04 07 23 54 00    -2.5613939   -0.6996418  952.3311  953.6169
2021 04 07 23 55 00    -2.5736442   -0.7057457  952.3328  953.6154
2021 04 07 23 56 00    -2.5860309   -0.7119975  952.3344  953.6268
2021 04 07 23 57 00    -2.5983989   -0.7182032  952.3368  953.6392
2021 04 07 23 58 00    -2.6106897   -0.7242685  952.3397  953.6395
2021 04 07 23 59 00    -2.6232022   -0.7304801  952.3419  953.6207
