[TSF-file]     v01.0

[TIMEFORMAT]   DATETIME
[INCREMENT]    60
[CHANNELS]
    BF:SG056:G1-F60 
    BF:SG056:G2-F60 
    BF:SG056:Br1-F60
    BF:SG056:Br2-F60
[UNITS]
    Volt
    Volt
    mbar
    mbar
[UNDETVAL]                      9999.999
[PHASE_LAG_1_DEG_CPD]           0.0402
[PHASE_LAG_1_DEG_CPD_ERROR]     0.0002
[N_LATITUDE_DEG]                48.3294
[N_LATITUDE_DEG_ERROR]          0.0001
[E_LONGITUDE_DEG]               008.3284
[E_LONGITUDE_DEG_ERROR]         0.0001
[HEIGHT_M_1]                    589.20
[HEIGHT_M_1_ERROR]              0.01
[GRAVITY_CAL_1_UGAL_V]          -40.1100
[GRAVITY_CAL_1_UGAL_V_ERROR]    0.0300
[PRESSURE_CAL_MBAR_V]           1.0000
[PRESSURE_CAL_MBAR_V_ERROR]     0.0001
[AUTHOR]                        Thomas Forbriger@kit.edu
[PHASE_LAG_2_DEG_CPD]           0.0402
[PHASE_LAG_2_DEG_CPD_ERROR]     0.0002
[HEIGHT_M_2]                    589.40
[HEIGHT_M_2_ERROR]              0.01
[GRAVITY_CAL_2_UGAL_V]          -80.0699
[GRAVITY_CAL_2_UGAL_V_ERROR]    0.0600
[PRESSURE_ADMIT_HPA_NMS2]       -3.4000
[PRESSURE_MEAN_HPA]             0980.0
[COMMENT]                           
software upgrade and FitPC2 replacement on 29. July 2019



Date           Time     G1-F60        G2-F60        Br1-F60       Br2-F60      
[DATA]
2021 04 29 00 00 00    -4.5286167   -1.6921662  935.4071  936.1155
2021 04 29 00 01 00    -4.5267832   -1.6911594  935.4074  936.0930
2021 04 29 00 02 00    -4.5248842   -1.6900903  935.4068  936.0757
2021 04 29 00 03 00    -4.5231869   -1.6891875  935.4073  936.0825
2021 04 29 00 04 00    -4.5218399   -1.6885386  935.4089  936.1001
2021 04 29 00 05 00    -4.5204951   -1.6879408  935.4095  936.0914
2021 04 29 00 06 00    -4.5189696   -1.6872750  935.4084  936.0590
2021 04 29 00 07 00    -4.5175111   -1.6866082  935.4066  936.0414
2021 04 29 00 08 00    -4.5162189   -1.6859499  935.4049  936.0541
2021 04 29 00 09 00    -4.5149343   -1.6852075  935.4041  936.0723
2021 04 29 00 10 00    -4.5135721   -1.6844311  935.4040  936.0676
2021 04 29 00 11 00    -4.5123112   -1.6838646  935.4039  936.0438
2021 04 29 00 12 00    -4.5113504   -1.6835706  935.4032  936.0376
2021 04 29 00 13 00    -4.5104189   -1.6832437  935.4023  936.0658
2021 04 29 00 14 00    -4.5092620   -1.6826988  935.4018  936.0847
2021 04 29 00 15 00    -4.5081659   -1.6820820  935.4013  936.0663
2021 04 29 00 16 00    -4.5071939   -1.6814900  935.4004  936.0576
2021 04 29 00 17 00    -4.5061941   -1.6810278  935.4003  936.0864
2021 04 29 00 18 00    -4.5054570   -1.6807819  935.4018  936.1054
2021 04 29 00 19 00    -4.5050159   -1.6805259  935.4035  936.0952
2021 04 29 00 20 00    -4.5044127   -1.6801419  935.4037  936.0997
2021 04 29 00 21 00    -4.5036399   -1.6798248  935.4030  936.1128
2021 04 29 00 22 00    -4.5030088   -1.6795672  935.4033  936.0928
2021 04 29 00 23 00    -4.5025059   -1.6792021  935.4045  936.0840
2021 04 29 00 24 00    -4.5019691   -1.6787828  935.4057  936.1334
2021 04 29 00 25 00    -4.5014080   -1.6784806  935.4069  936.1704
2021 04 29 00 26 00    -4.5010423   -1.6783776  935.4081  936.1356
2021 04 29 00 27 00    -4.5008955   -1.6784080  935.4084  936.0995
2021 04 29 00 28 00    -4.5006926   -1.6784174  935.4083  936.1250
2021 04 29 00 29 00    -4.5004616   -1.6783480  935.4094  936.1574
2021 04 29 00 30 00    -4.5004298   -1.6782562  935.4107  936.1464
2021 04 29 00 31 00    -4.5005469   -1.6781720  935.4107  936.1301
2021 04 29 00 32 00    -4.5006220   -1.6781076  935.4106  936.1432
2021 04 29 00 33 00    -4.5005642   -1.6781128  935.4118  936.1662
2021 04 29 00 34 00    -4.5005536   -1.6782296  935.4141  936.1844
2021 04 29 00 35 00    -4.5007935   -1.6784133  935.4159  936.2116
2021 04 29 00 36 00    -4.5010920   -1.6785695  935.4177  936.2504
2021 04 29 00 37 00    -4.5012841   -1.6787308  935.4201  936.2825
2021 04 29 00 38 00    -4.5016494   -1.6789805  935.4233  936.2918
2021 04 29 00 39 00    -4.5023605   -1.6792522  935.4267  936.2833
2021 04 29 00 40 00    -4.5031452   -1.6795138  935.4296  936.2681
2021 04 29 00 41 00    -4.5038383   -1.6798897  935.4319  936.2439
2021 04 29 00 42 00    -4.5045860   -1.6803835  935.4336  936.2324
2021 04 29 00 43 00    -4.5054467   -1.6808058  935.4349  936.2581
2021 04 29 00 44 00    -4.5063565   -1.6811464  935.4356  936.2841
2021 04 29 00 45 00    -4.5072837   -1.6815919  935.4365  936.2825
2021 04 29 00 46 00    -4.5082364   -1.6821191  935.4386  936.2852
2021 04 29 00 47 00    -4.5092506   -1.6826085  935.4416  936.3058
2021 04 29 00 48 00    -4.5102595   -1.6830948  935.4448  936.3202
2021 04 29 00 49 00    -4.5112951   -1.6836396  935.4479  936.3212
2021 04 29 00 50 00    -4.5125966   -1.6843076  935.4508  936.3219
2021 04 29 00 51 00    -4.5140362   -1.6850862  935.4531  936.3241
2021 04 29 00 52 00    -4.5152638   -1.6857999  935.4551  936.3264
2021 04 29 00 53 00    -4.5163887   -1.6863916  935.4575  936.3426
2021 04 29 00 54 00    -4.5177172   -1.6870684  935.4601  936.3674
2021 04 29 00 55 00    -4.5193014   -1.6879366  935.4622  936.3649
2021 04 29 00 56 00    -4.5209581   -1.6888040  935.4637  936.3340
2021 04 29 00 57 00    -4.5225567   -1.6895820  935.4658  936.3222
2021 04 29 00 58 00    -4.5242458   -1.6904019  935.4686  936.3438
2021 04 29 00 59 00    -4.5260663   -1.6912825  935.4715  936.3727
2021 04 29 01 00 00    -4.5278264   -1.6921578  935.4743  936.3991
2021 04 29 01 01 00    -4.5295644   -1.6929913  935.4772  936.4168
2021 04 29 01 02 00    -4.5314247   -1.6937709  935.4800  936.4173
2021 04 29 01 03 00    -4.5333637   -1.6946434  935.4829  936.4231
2021 04 29 01 04 00    -4.5354018   -1.6957632  935.4863  936.4483
2021 04 29 01 05 00    -4.5376104   -1.6969940  935.4901  936.4611
2021 04 29 01 06 00    -4.5398201   -1.6981028  935.4937  936.4494
2021 04 29 01 07 00    -4.5419350   -1.6990985  935.4970  936.4453
2021 04 29 01 08 00    -4.5442056   -1.7001581  935.5001  936.4627
2021 04 29 01 09 00    -4.5467373   -1.7013791  935.5030  936.4798
2021 04 29 01 10 00    -4.5492780   -1.7027071  935.5066  936.4837
2021 04 29 01 11 00    -4.5516920   -1.7039781  935.5105  936.4839
2021 04 29 01 12 00    -4.5541483   -1.7051278  935.5135  936.4791
2021 04 29 01 13 00    -4.5567842   -1.7063549  935.5156  936.4588
2021 04 29 01 14 00    -4.5595015   -1.7077875  935.5176  936.4389
2021 04 29 01 15 00    -4.5622476   -1.7092723  935.5196  936.4444
2021 04 29 01 16 00    -4.5651412   -1.7107087  935.5215  936.4645
2021 04 29 01 17 00    -4.5681536   -1.7121546  935.5236  936.4674
2021 04 29 01 18 00    -4.5710720   -1.7135966  935.5260  936.4586
2021 04 29 01 19 00    -4.5737817   -1.7149639  935.5283  936.4730
2021 04 29 01 20 00    -4.5765833   -1.7163939  935.5306  936.5010
2021 04 29 01 21 00    -4.5798584   -1.7180767  935.5334  936.5020
2021 04 29 01 22 00    -4.5832606   -1.7198217  935.5369  936.4947
2021 04 29 01 23 00    -4.5863426   -1.7213882  935.5403  936.5332
2021 04 29 01 24 00    -4.5894376   -1.7229302  935.5438  936.6004
2021 04 29 01 25 00    -4.5928254   -1.7245882  935.5478  936.6305
2021 04 29 01 26 00    -4.5962108   -1.7262079  935.5521  936.6178
2021 04 29 01 27 00    -4.5994265   -1.7277309  935.5562  936.6081
2021 04 29 01 28 00    -4.6026406   -1.7293307  935.5598  936.6224
2021 04 29 01 29 00    -4.6059351   -1.7310636  935.5630  936.6575
2021 04 29 01 30 00    -4.6093213   -1.7328278  935.5665  936.6999
2021 04 29 01 31 00    -4.6129195   -1.7346025  935.5711  936.7158
2021 04 29 01 32 00    -4.6166299   -1.7363986  935.5764  936.7082
2021 04 29 01 33 00    -4.6201798   -1.7381758  935.5815  936.7171
2021 04 29 01 34 00    -4.6236970   -1.7399611  935.5866  936.7348
2021 04 29 01 35 00    -4.6274255   -1.7418331  935.5920  936.7371
2021 04 29 01 36 00    -4.6312735   -1.7438232  935.5974  936.7457
2021 04 29 01 37 00    -4.6351877   -1.7458950  935.6022  936.7786
2021 04 29 01 38 00    -4.6391496   -1.7478771  935.6069  936.8033
2021 04 29 01 39 00    -4.6429760   -1.7496534  935.6124  936.7848
2021 04 29 01 40 00    -4.6467619   -1.7514184  935.6186  936.7413
2021 04 29 01 41 00    -4.6507649   -1.7533848  935.6245  936.7496
2021 04 29 01 42 00    -4.6548475   -1.7554900  935.6298  936.8476
2021 04 29 01 43 00    -4.6587371   -1.7575014  935.6356  936.9400
2021 04 29 01 44 00    -4.6624926   -1.7593105  935.6426  936.9587
2021 04 29 01 45 00    -4.6665308   -1.7612202  935.6501  936.9673
2021 04 29 01 46 00    -4.6710140   -1.7635170  935.6574  936.9905
2021 04 29 01 47 00    -4.6753880   -1.7658970  935.6638  937.0001
2021 04 29 01 48 00    -4.6793602   -1.7679433  935.6697  937.0287
2021 04 29 01 49 00    -4.6833562   -1.7697640  935.6766  937.1191
2021 04 29 01 50 00    -4.6875556   -1.7717751  935.6848  937.2376
2021 04 29 01 51 00    -4.6917535   -1.7740372  935.6937  937.2951
2021 04 29 01 52 00    -4.6958857   -1.7762127  935.7029  937.2624
2021 04 29 01 53 00    -4.7001151   -1.7782810  935.7126  937.2229
2021 04 29 01 54 00    -4.7045635   -1.7804735  935.7224  937.2569
2021 04 29 01 55 00    -4.7091439   -1.7826939  935.7328  937.3371
2021 04 29 01 56 00    -4.7138222   -1.7848575  935.7437  937.3795
2021 04 29 01 57 00    -4.7186119   -1.7871571  935.7539  937.3620
2021 04 29 01 58 00    -4.7234340   -1.7896316  935.7628  937.3327
2021 04 29 01 59 00    -4.7283555   -1.7921326  935.7707  937.3242
2021 04 29 02 00 00    -4.7334443   -1.7946308  935.7783  937.3295
2021 04 29 02 01 00    -4.7385131   -1.7971828  935.7857  937.3312
2021 04 29 02 02 00    -4.7434954   -1.7997712  935.7925  937.3255
2021 04 29 02 03 00    -4.7485502   -1.8022618  935.7987  937.3338
2021 04 29 02 04 00    -4.7537343   -1.8046613  935.8049  937.3639
2021 04 29 02 05 00    -4.7590153   -1.8072552  935.8117  937.3759
2021 04 29 02 06 00    -4.7642923   -1.8100682  935.8191  937.3547
2021 04 29 02 07 00    -4.7694838   -1.8128289  935.8263  937.3533
2021 04 29 02 08 00    -4.7747745   -1.8155501  935.8332  937.3849
2021 04 29 02 09 00    -4.7802372   -1.8182977  935.8399  937.3886
2021 04 29 02 10 00    -4.7855162   -1.8208645  935.8464  937.3497
2021 04 29 02 11 00    -4.7905222   -1.8232654  935.8525  937.3320
2021 04 29 02 12 00    -4.7958007   -1.8259003  935.8589  937.3557
2021 04 29 02 13 00    -4.8015768   -1.8288671  935.8655  937.3625
2021 04 29 02 14 00    -4.8072251   -1.8317837  935.8717  937.3375
2021 04 29 02 15 00    -4.8123801   -1.8344600  935.8771  937.3290
2021 04 29 02 16 00    -4.8176148   -1.8371197  935.8821  937.3504
2021 04 29 02 17 00    -4.8233277   -1.8399423  935.8884  937.3776
2021 04 29 02 18 00    -4.8291203   -1.8428315  935.8965  937.3954
2021 04 29 02 19 00    -4.8347298   -1.8456944  935.9053  937.4075
2021 04 29 02 20 00    -4.8402750   -1.8485325  935.9134  937.4223
2021 04 29 02 21 00    -4.8456963   -1.8512640  935.9207  937.4247
2021 04 29 02 22 00    -4.8510272   -1.8538780  935.9275  937.4084
2021 04 29 02 23 00    -4.8565745   -1.8565620  935.9341  937.4191
2021 04 29 02 24 00    -4.8623939   -1.8594325  935.9410  937.4762
2021 04 29 02 25 00    -4.8682350   -1.8623654  935.9483  937.5151
2021 04 29 02 26 00    -4.8739702   -1.8652034  935.9556  937.4929
2021 04 29 02 27 00    -4.8796944   -1.8679602  935.9631  937.4731
2021 04 29 02 28 00    -4.8854835   -1.8707823  935.9710  937.5211
2021 04 29 02 29 00    -4.8912860   -1.8737120  935.9787  937.5778
2021 04 29 02 30 00    -4.8970389   -1.8766287  935.9855  937.5697
2021 04 29 02 31 00    -4.9027153   -1.8795348  935.9920  937.5356
2021 04 29 02 32 00    -4.9083693   -1.8824808  935.9993  937.5260
2021 04 29 02 33 00    -4.9142076   -1.8853942  936.0071  937.5429
2021 04 29 02 34 00    -4.9202696   -1.8883201  936.0144  937.5846
2021 04 29 02 35 00    -4.9262498   -1.8913440  936.0217  937.6326
2021 04 29 02 36 00    -4.9319934   -1.8943595  936.0298  937.6551
2021 04 29 02 37 00    -4.9376953   -1.8972935  936.0387  937.6440
2021 04 29 02 38 00    -4.9435450   -1.9002544  936.0476  937.6193
2021 04 29 02 39 00    -4.9495330   -1.9032483  936.0557  937.6033
2021 04 29 02 40 00    -4.9555469   -1.9061757  936.0624  937.6030
2021 04 29 02 41 00    -4.9615991   -1.9091596  936.0684  937.6154
2021 04 29 02 42 00    -4.9677605   -1.9122893  936.0748  937.6193
2021 04 29 02 43 00    -4.9738851   -1.9153587  936.0812  937.6085
2021 04 29 02 44 00    -4.9798345   -1.9183166  936.0873  937.6207
2021 04 29 02 45 00    -4.9857577   -1.9213413  936.0936  937.6566
2021 04 29 02 46 00    -4.9917964   -1.9243627  936.1007  937.6645
2021 04 29 02 47 00    -4.9979305   -1.9272830  936.1082  937.6470
2021 04 29 02 48 00    -5.0041699   -1.9303380  936.1158  937.6576
2021 04 29 02 49 00    -5.0104248   -1.9335625  936.1232  937.6889
2021 04 29 02 50 00    -5.0165059   -1.9366892  936.1304  937.6883
2021 04 29 02 51 00    -5.0224315   -1.9396743  936.1371  937.6668
2021 04 29 02 52 00    -5.0284191   -1.9426616  936.1434  937.6789
2021 04 29 02 53 00    -5.0346231   -1.9457576  936.1505  937.7098
2021 04 29 02 54 00    -5.0408713   -1.9488493  936.1582  937.7075
2021 04 29 02 55 00    -5.0469477   -1.9517792  936.1652  937.6901
2021 04 29 02 56 00    -5.0529689   -1.9547433  936.1716  937.6953
2021 04 29 02 57 00    -5.0590991   -1.9579191  936.1781  937.7037
2021 04 29 02 58 00    -5.0654519   -1.9612026  936.1840  937.6951
2021 04 29 02 59 00    -5.0719822   -1.9644929  936.1895  937.6816
2021 04 29 03 00 00    -5.0783484   -1.9676748  936.1952  937.6754
2021 04 29 03 01 00    -5.0844445   -1.9706572  936.2013  937.6810
2021 04 29 03 02 00    -5.0904888   -1.9735616  936.2071  937.6914
2021 04 29 03 03 00    -5.0965425   -1.9765890  936.2124  937.7016
2021 04 29 03 04 00    -5.1026140   -1.9798098  936.2174  937.7158
2021 04 29 03 05 00    -5.1088615   -1.9831237  936.2229  937.7214
2021 04 29 03 06 00    -5.1151880   -1.9862874  936.2287  937.7184
2021 04 29 03 07 00    -5.1212704   -1.9891940  936.2341  937.7304
2021 04 29 03 08 00    -5.1272439   -1.9921278  936.2398  937.7421
2021 04 29 03 09 00    -5.1334442   -1.9953059  936.2461  937.7278
2021 04 29 03 10 00    -5.1396082   -1.9984089  936.2523  937.7190
2021 04 29 03 11 00    -5.1455083   -2.0012394  936.2583  937.7446
2021 04 29 03 12 00    -5.1515254   -2.0041842  936.2645  937.7776
2021 04 29 03 13 00    -5.1575560   -2.0072951  936.2703  937.7975
2021 04 29 03 14 00    -5.1633648   -2.0102582  936.2753  937.8141
2021 04 29 03 15 00    -5.1693892   -2.0131721  936.2807  937.8268
2021 04 29 03 16 00    -5.1755088   -2.0161210  936.2872  937.8273
2021 04 29 03 17 00    -5.1814249   -2.0190857  936.2937  937.8232
2021 04 29 03 18 00    -5.1875216   -2.0221739  936.2998  937.8296
2021 04 29 03 19 00    -5.1937418   -2.0252455  936.3058  937.8416
2021 04 29 03 20 00    -5.1996999   -2.0282188  936.3114  937.8362
2021 04 29 03 21 00    -5.2055880   -2.0312894  936.3159  937.8127
2021 04 29 03 22 00    -5.2116693   -2.0344447  936.3201  937.7979
2021 04 29 03 23 00    -5.2177811   -2.0375035  936.3252  937.8112
2021 04 29 03 24 00    -5.2237027   -2.0404003  936.3314  937.8380
2021 04 29 03 25 00    -5.2294482   -2.0431789  936.3370  937.8507
2021 04 29 03 26 00    -5.2351660   -2.0459918  936.3417  937.8592
2021 04 29 03 27 00    -5.2409639   -2.0489280  936.3466  937.8826
2021 04 29 03 28 00    -5.2467687   -2.0518709  936.3524  937.9005
2021 04 29 03 29 00    -5.2524840   -2.0547751  936.3586  937.9026
2021 04 29 03 30 00    -5.2582403   -2.0577557  936.3644  937.9097
2021 04 29 03 31 00    -5.2640340   -2.0607464  936.3701  937.9240
2021 04 29 03 32 00    -5.2696388   -2.0635663  936.3768  937.9438
2021 04 29 03 33 00    -5.2752405   -2.0663771  936.3837  937.9770
2021 04 29 03 34 00    -5.2811255   -2.0694084  936.3900  938.0027
2021 04 29 03 35 00    -5.2869373   -2.0723401  936.3958  938.0086
2021 04 29 03 36 00    -5.2922831   -2.0748014  936.4020  938.0202
2021 04 29 03 37 00    -5.2974666   -2.0771592  936.4081  938.0461
2021 04 29 03 38 00    -5.3029332   -2.0799272  936.4140  938.0653
2021 04 29 03 39 00    -5.3086232   -2.0829678  936.4206  938.0605
2021 04 29 03 40 00    -5.3142600   -2.0859484  936.4279  938.0333
2021 04 29 03 41 00    -5.3198393   -2.0888502  936.4347  937.9958
2021 04 29 03 42 00    -5.3255757   -2.0917279  936.4399  937.9562
2021 04 29 03 43 00    -5.3314600   -2.0945412  936.4441  937.9225
2021 04 29 03 44 00    -5.3372250   -2.0973114  936.4481  937.9069
2021 04 29 03 45 00    -5.3427710   -2.1000933  936.4517  937.9130
2021 04 29 03 46 00    -5.3481827   -2.1028200  936.4552  937.9264
2021 04 29 03 47 00    -5.3534564   -2.1054109  936.4591  937.9246
2021 04 29 03 48 00    -5.3585583   -2.1078970  936.4633  937.9121
2021 04 29 03 49 00    -5.3636111   -2.1103639  936.4675  937.9200
2021 04 29 03 50 00    -5.3686792   -2.1128268  936.4720  937.9563
2021 04 29 03 51 00    -5.3735953   -2.1152512  936.4769  937.9898
2021 04 29 03 52 00    -5.3784132   -2.1177503  936.4817  937.9893
2021 04 29 03 53 00    -5.3834605   -2.1204558  936.4867  937.9671
2021 04 29 03 54 00    -5.3886462   -2.1231861  936.4919  937.9753
2021 04 29 03 55 00    -5.3935652   -2.1256634  936.4971  938.0216
2021 04 29 03 56 00    -5.3982768   -2.1279647  936.5021  938.0446
2021 04 29 03 57 00    -5.4031636   -2.1303475  936.5070  938.0193
2021 04 29 03 58 00    -5.4083030   -2.1328814  936.5119  937.9843
2021 04 29 03 59 00    -5.4134024   -2.1354596  936.5163  937.9641
2021 04 29 04 00 00    -5.4182228   -2.1379221  936.5198  937.9538
2021 04 29 04 01 00    -5.4229466   -2.1403082  936.5231  937.9482
2021 04 29 04 02 00    -5.4278271   -2.1428388  936.5265  937.9387
2021 04 29 04 03 00    -5.4326799   -2.1453910  936.5300  937.9184
2021 04 29 04 04 00    -5.4372412   -2.1476450  936.5331  937.8972
2021 04 29 04 05 00    -5.4416105   -2.1497254  936.5357  937.8882
2021 04 29 04 06 00    -5.4459842   -2.1519167  936.5383  937.8941
2021 04 29 04 07 00    -5.4503838   -2.1541082  936.5413  937.9094
2021 04 29 04 08 00    -5.4546776   -2.1561341  936.5444  937.9315
2021 04 29 04 09 00    -5.4588523   -2.1582011  936.5475  937.9668
2021 04 29 04 10 00    -5.4630983   -2.1604109  936.5513  938.0020
2021 04 29 04 11 00    -5.4673553   -2.1624759  936.5559  938.0109
2021 04 29 04 12 00    -5.4713671   -2.1643380  936.5602  938.0093
2021 04 29 04 13 00    -5.4751766   -2.1662360  936.5641  938.0261
2021 04 29 04 14 00    -5.4790013   -2.1681945  936.5681  938.0473
2021 04 29 04 15 00    -5.4828813   -2.1701316  936.5719  938.0448
2021 04 29 04 16 00    -5.4867447   -2.1721339  936.5757  938.0190
2021 04 29 04 17 00    -5.4905940   -2.1742267  936.5800  938.0033
2021 04 29 04 18 00    -5.4944064   -2.1762200  936.5849  938.0187
2021 04 29 04 19 00    -5.4980895   -2.1780182  936.5897  938.0424
2021 04 29 04 20 00    -5.5015923   -2.1796876  936.5941  938.0566
2021 04 29 04 21 00    -5.5049513   -2.1812981  936.5986  938.0666
2021 04 29 04 22 00    -5.5083493   -2.1830164  936.6032  938.0750
2021 04 29 04 23 00    -5.5118226   -2.1848369  936.6070  938.0835
2021 04 29 04 24 00    -5.5152189   -2.1865220  936.6107  938.0929
2021 04 29 04 25 00    -5.5186396   -2.1881611  936.6153  938.1049
2021 04 29 04 26 00    -5.5219985   -2.1898550  936.6204  938.1184
2021 04 29 04 27 00    -5.5249665   -2.1913799  936.6251  938.1284
2021 04 29 04 28 00    -5.5277722   -2.1927657  936.6295  938.1442
2021 04 29 04 29 00    -5.5307438   -2.1942496  936.6340  938.1696
2021 04 29 04 30 00    -5.5338374   -2.1958477  936.6387  938.1854
2021 04 29 04 31 00    -5.5369562   -2.1973888  936.6439  938.1857
2021 04 29 04 32 00    -5.5398098   -2.1987180  936.6492  938.1816
2021 04 29 04 33 00    -5.5422762   -2.1999114  936.6547  938.1822
2021 04 29 04 34 00    -5.5447307   -2.2011186  936.6599  938.2002
2021 04 29 04 35 00    -5.5472840   -2.2023286  936.6648  938.2351
2021 04 29 04 36 00    -5.5496824   -2.2035072  936.6702  938.2647
2021 04 29 04 37 00    -5.5519218   -2.2046763  936.6770  938.2790
2021 04 29 04 38 00    -5.5541915   -2.2058501  936.6836  938.2879
2021 04 29 04 39 00    -5.5565101   -2.2069961  936.6888  938.2968
2021 04 29 04 40 00    -5.5588081   -2.2080909  936.6936  938.3025
2021 04 29 04 41 00    -5.5611303   -2.2091809  936.6987  938.3074
2021 04 29 04 42 00    -5.5634329   -2.2102911  936.7039  938.3182
2021 04 29 04 43 00    -5.5655265   -2.2113700  936.7094  938.3277
2021 04 29 04 44 00    -5.5674554   -2.2124002  936.7154  938.3229
2021 04 29 04 45 00    -5.5694635   -2.2134857  936.7216  938.3141
2021 04 29 04 46 00    -5.5713808   -2.2145962  936.7275  938.3215
2021 04 29 04 47 00    -5.5729291   -2.2154985  936.7328  938.3404
2021 04 29 04 48 00    -5.5744571   -2.2161916  936.7378  938.3530
2021 04 29 04 49 00    -5.5761887   -2.2168697  936.7433  938.3561
2021 04 29 04 50 00    -5.5777695   -2.2175993  936.7493  938.3599
2021 04 29 04 51 00    -5.5790525   -2.2183164  936.7558  938.3676
2021 04 29 04 52 00    -5.5803327   -2.2189723  936.7621  938.3712
2021 04 29 04 53 00    -5.5817948   -2.2196286  936.7674  938.3720
2021 04 29 04 54 00    -5.5831074   -2.2202696  936.7721  938.3758
2021 04 29 04 55 00    -5.5841023   -2.2208158  936.7768  938.3768
2021 04 29 04 56 00    -5.5850765   -2.2212444  936.7819  938.3713
2021 04 29 04 57 00    -5.5860266   -2.2215681  936.7870  938.3611
2021 04 29 04 58 00    -5.5869246   -2.2220295  936.7917  938.3538
2021 04 29 04 59 00    -5.5878883   -2.2227351  936.7961  938.3620
2021 04 29 05 00 00    -5.5885934   -2.2232586  936.8008  938.3815
2021 04 29 05 01 00    -5.5889166   -2.2233833  936.8066  938.3971
2021 04 29 05 02 00    -5.5892690   -2.2234155  936.8133  938.4093
2021 04 29 05 03 00    -5.5897002   -2.2235379  936.8194  938.4197
2021 04 29 05 04 00    -5.5899996   -2.2237451  936.8244  938.4207
2021 04 29 05 05 00    -5.5902207   -2.2239919  936.8293  938.4155
2021 04 29 05 06 00    -5.5903513   -2.2240614  936.8350  938.4150
2021 04 29 05 07 00    -5.5903179   -2.2239189  936.8404  938.4206
2021 04 29 05 08 00    -5.5902197   -2.2238351  936.8452  938.4291
2021 04 29 05 09 00    -5.5901174   -2.2238517  936.8501  938.4392
2021 04 29 05 10 00    -5.5899546   -2.2237599  936.8552  938.4494
2021 04 29 05 11 00    -5.5896574   -2.2235513  936.8601  938.4551
2021 04 29 05 12 00    -5.5891715   -2.2233893  936.8649  938.4586
2021 04 29 05 13 00    -5.5884361   -2.2231909  936.8705  938.4754
2021 04 29 05 14 00    -5.5874356   -2.2226926  936.8768  938.5039
2021 04 29 05 15 00    -5.5864477   -2.2220126  936.8830  938.5233
2021 04 29 05 16 00    -5.5858497   -2.2215744  936.8886  938.5424
2021 04 29 05 17 00    -5.5853786   -2.2213633  936.8942  938.5782
2021 04 29 05 18 00    -5.5843721   -2.2209588  936.9003  938.6076
2021 04 29 05 19 00    -5.5828257   -2.2202737  936.9072  938.6055
2021 04 29 05 20 00    -5.5812557   -2.2195508  936.9141  938.5877
2021 04 29 05 21 00    -5.5801220   -2.2189974  936.9209  938.5847
2021 04 29 05 22 00    -5.5794094   -2.2185637  936.9273  938.6000
2021 04 29 05 23 00    -5.5779420   -2.2176774  936.9333  938.6109
2021 04 29 05 24 00    -5.5753747   -2.2162921  936.9388  938.6094
2021 04 29 05 25 00    -5.5735874   -2.2154552  936.9443  938.6090
2021 04 29 05 26 00    -5.5727159   -2.2151372  936.9502  938.6059
2021 04 29 05 27 00    -5.5708954   -2.2142117  936.9558  938.5868
2021 04 29 05 28 00    -5.5685842   -2.2129873  936.9608  938.5729
2021 04 29 05 29 00    -5.5669347   -2.2122785  936.9660  938.5876
2021 04 29 05 30 00    -5.5651750   -2.2115227  936.9720  938.6076
2021 04 29 05 31 00    -5.5627355   -2.2101746  936.9781  938.6084
2021 04 29 05 32 00    -5.5601084   -2.2087582  936.9842  938.6024
2021 04 29 05 33 00    -5.5575471   -2.2075660  936.9897  938.6024
2021 04 29 05 34 00    -5.5552329   -2.2063904  936.9945  938.6011
2021 04 29 05 35 00    -5.5532487   -2.2052309  936.9995  938.5924
2021 04 29 05 36 00    -5.5504307   -2.2037350  937.0050  938.5826
2021 04 29 05 37 00    -5.5467699   -2.2019773  937.0102  938.5774
2021 04 29 05 38 00    -5.5442306   -2.2008578  937.0148  938.5726
2021 04 29 05 39 00    -5.5421950   -2.1998709  937.0193  938.5616
2021 04 29 05 40 00    -5.5388686   -2.1980937  937.0234  938.5431
2021 04 29 05 41 00    -5.5352562   -2.1963191  937.0270  938.5222
2021 04 29 05 42 00    -5.5323031   -2.1950905  937.0304  938.5083
2021 04 29 05 43 00    -5.5291508   -2.1936448  937.0344  938.5099
2021 04 29 05 44 00    -5.5254508   -2.1916574  937.0388  938.5293
2021 04 29 05 45 00    -5.5217191   -2.1896256  937.0428  938.5589
2021 04 29 05 46 00    -5.5180726   -2.1877784  937.0462  938.5796
2021 04 29 05 47 00    -5.5142292   -2.1858692  937.0493  938.5721
2021 04 29 05 48 00    -5.5101391   -2.1837960  937.0528  938.5448
2021 04 29 05 49 00    -5.5060096   -2.1817238  937.0572  938.5294
2021 04 29 05 50 00    -5.5019510   -2.1797263  937.0615  938.5443
2021 04 29 05 51 00    -5.4977540   -2.1776576  937.0651  938.5789
2021 04 29 05 52 00    -5.4932079   -2.1753235  937.0685  938.6108
2021 04 29 05 53 00    -5.4884657   -2.1728187  937.0728  938.6274
2021 04 29 05 54 00    -5.4837542   -2.1704711  937.0773  938.6327
2021 04 29 05 55 00    -5.4790923   -2.1682742  937.0814  938.6350
2021 04 29 05 56 00    -5.4743552   -2.1659368  937.0856  938.6384
2021 04 29 05 57 00    -5.4694077   -2.1634085  937.0905  938.6414
2021 04 29 05 58 00    -5.4643333   -2.1608813  937.0955  938.6443
2021 04 29 05 59 00    -5.4592476   -2.1584459  937.1000  938.6515
2021 04 29 06 00 00    -5.4540270   -2.1559328  937.1041  938.6585
2021 04 29 06 01 00    -5.4486410   -2.1532326  937.1086  938.6597
2021 04 29 06 02 00    -5.4431947   -2.1504821  937.1140  938.6654
2021 04 29 06 03 00    -5.4376992   -2.1476874  937.1190  938.6827
2021 04 29 06 04 00    -5.4320679   -2.1447565  937.1230  938.7015
2021 04 29 06 05 00    -5.4261860   -2.1418156  937.1271  938.7123
2021 04 29 06 06 00    -5.4202566   -2.1389613  937.1321  938.7089
2021 04 29 06 07 00    -5.4144892   -2.1360428  937.1369  938.6884
2021 04 29 06 08 00    -5.4085585   -2.1329505  937.1409  938.6702
2021 04 29 06 09 00    -5.4023255   -2.1297839  937.1447  938.6742
2021 04 29 06 10 00    -5.3960909   -2.1265996  937.1484  938.6814
2021 04 29 06 11 00    -5.3898362   -2.1233685  937.1519  938.6682
2021 04 29 06 12 00    -5.3834570   -2.1202280  937.1557  938.6483
2021 04 29 06 13 00    -5.3771520   -2.1172416  937.1597  938.6352
2021 04 29 06 14 00    -5.3707446   -2.1140515  937.1632  938.6209
2021 04 29 06 15 00    -5.3639355   -2.1104754  937.1662  938.6033
2021 04 29 06 16 00    -5.3570525   -2.1068955  937.1693  938.5884
2021 04 29 06 17 00    -5.3502435   -2.1034784  937.1729  938.5818
2021 04 29 06 18 00    -5.3432817   -2.1000338  937.1759  938.5830
2021 04 29 06 19 00    -5.3362397   -2.0965469  937.1782  938.5819
2021 04 29 06 20 00    -5.3290300   -2.0929749  937.1807  938.5806
2021 04 29 06 21 00    -5.3214346   -2.0892066  937.1832  938.5850
2021 04 29 06 22 00    -5.3136936   -2.0853319  937.1854  938.5696
2021 04 29 06 23 00    -5.3059994   -2.0814489  937.1875  938.5256
2021 04 29 06 24 00    -5.2982106   -2.0775359  937.1900  938.4982
2021 04 29 06 25 00    -5.2903704   -2.0736038  937.1926  938.5085
2021 04 29 06 26 00    -5.2826551   -2.0697627  937.1947  938.5276
2021 04 29 06 27 00    -5.2748978   -2.0659655  937.1964  938.5244
2021 04 29 06 28 00    -5.2668610   -2.0619659  937.1980  938.4880
2021 04 29 06 29 00    -5.2587084   -2.0578270  937.1993  938.4470
2021 04 29 06 30 00    -5.2504928   -2.0537340  937.2000  938.4449
2021 04 29 06 31 00    -5.2419379   -2.0494778  937.2007  938.4727
2021 04 29 06 32 00    -5.2331221   -2.0449991  937.2015  938.4835
2021 04 29 06 33 00    -5.2243699   -2.0405884  937.2024  938.4650
2021 04 29 06 34 00    -5.2156914   -2.0362276  937.2039  938.4452
2021 04 29 06 35 00    -5.2068728   -2.0317126  937.2059  938.4447
2021 04 29 06 36 00    -5.1977978   -2.0271504  937.2079  938.4544
2021 04 29 06 37 00    -5.1885588   -2.0226800  937.2097  938.4542
2021 04 29 06 38 00    -5.1792083   -2.0181216  937.2112  938.4498
2021 04 29 06 39 00    -5.1696639   -2.0132866  937.2125  938.4670
2021 04 29 06 40 00    -5.1599560   -2.0083076  937.2142  938.5072
2021 04 29 06 41 00    -5.1502007   -2.0034062  937.2162  938.5399
2021 04 29 06 42 00    -5.1404397   -1.9985632  937.2179  938.5458
2021 04 29 06 43 00    -5.1306232   -1.9936714  937.2196  938.5460
2021 04 29 06 44 00    -5.1206415   -1.9887500  937.2220  938.5704
2021 04 29 06 45 00    -5.1104501   -1.9837431  937.2256  938.6145
2021 04 29 06 46 00    -5.1001416   -1.9785578  937.2296  938.6454
2021 04 29 06 47 00    -5.0897995   -1.9732745  937.2332  938.6415
2021 04 29 06 48 00    -5.0794194   -1.9679799  937.2361  938.6260
2021 04 29 06 49 00    -5.0689636   -1.9627381  937.2391  938.6395
2021 04 29 06 50 00    -5.0582756   -1.9575097  937.2429  938.6755
2021 04 29 06 51 00    -5.0472848   -1.9520696  937.2472  938.6955
2021 04 29 06 52 00    -5.0362566   -1.9464739  937.2517  938.6967
2021 04 29 06 53 00    -5.0253146   -1.9409679  937.2562  938.7040
2021 04 29 06 54 00    -5.0142600   -1.9354582  937.2604  938.7209
2021 04 29 06 55 00    -5.0030927   -1.9298442  937.2646  938.7248
2021 04 29 06 56 00    -4.9919740   -1.9243195  937.2691  938.7000
2021 04 29 06 57 00    -4.9808022   -1.9188829  937.2736  938.6697
2021 04 29 06 58 00    -4.9694002   -1.9131927  937.2775  938.6748
2021 04 29 06 59 00    -4.9578859   -1.9071902  937.2806  938.7201
2021 04 29 07 00 00    -4.9463538   -1.9011842  937.2836  938.7699
2021 04 29 07 01 00    -4.9346627   -1.8952956  937.2871  938.7885
2021 04 29 07 02 00    -4.9228487   -1.8894642  937.2912  938.7742
2021 04 29 07 03 00    -4.9110224   -1.8836226  937.2960  938.7507
2021 04 29 07 04 00    -4.8991665   -1.8776722  937.3004  938.7277
2021 04 29 07 05 00    -4.8873836   -1.8717079  937.3036  938.6913
2021 04 29 07 06 00    -4.8756266   -1.8658897  937.3060  938.6462
2021 04 29 07 07 00    -4.8635604   -1.8600092  937.3085  938.6281
2021 04 29 07 08 00    -4.8511726   -1.8538300  937.3114  938.6467
2021 04 29 07 09 00    -4.8387369   -1.8475484  937.3137  938.6802
2021 04 29 07 10 00    -4.8261781   -1.8413093  937.3163  938.7057
2021 04 29 07 11 00    -4.8133467   -1.8349350  937.3200  938.6994
2021 04 29 07 12 00    -4.8004638   -1.8284369  937.3242  938.6789
2021 04 29 07 13 00    -4.7876542   -1.8219927  937.3280  938.6925
2021 04 29 07 14 00    -4.7747124   -1.8155144  937.3317  938.7302
2021 04 29 07 15 00    -4.7615196   -1.8088535  937.3355  938.7574
2021 04 29 07 16 00    -4.7481830   -1.8021058  937.3391  938.7767
2021 04 29 07 17 00    -4.7348127   -1.7953786  937.3427  938.7889
2021 04 29 07 18 00    -4.7213969   -1.7886136  937.3468  938.7914
2021 04 29 07 19 00    -4.7078423   -1.7817752  937.3513  938.8081
2021 04 29 07 20 00    -4.6941057   -1.7749078  937.3558  938.8466
2021 04 29 07 21 00    -4.6803110   -1.7680446  937.3603  938.8702
2021 04 29 07 22 00    -4.6665537   -1.7611902  937.3650  938.8640
2021 04 29 07 23 00    -4.6527588   -1.7542930  937.3703  938.8565
2021 04 29 07 24 00    -4.6389384   -1.7473456  937.3752  938.8491
2021 04 29 07 25 00    -4.6251856   -1.7404897  937.3788  938.8255
2021 04 29 07 26 00    -4.6113813   -1.7337479  937.3816  938.8090
2021 04 29 07 27 00    -4.5973448   -1.7268447  937.3848  938.8208
2021 04 29 07 28 00    -4.5830731   -1.7196558  937.3883  938.8436
2021 04 29 07 29 00    -4.5687090   -1.7124545  937.3923  938.8557
2021 04 29 07 30 00    -4.5544496   -1.7053269  937.3968  938.8555
2021 04 29 07 31 00    -4.5401384   -1.6979898  937.4010  938.8613
2021 04 29 07 32 00    -4.5254459   -1.6904719  937.4048  938.8756
2021 04 29 07 33 00    -4.5105553   -1.6831039  937.4090  938.8763
2021 04 29 07 34 00    -4.4956987   -1.6758255  937.4139  938.8740
2021 04 29 07 35 00    -4.4807504   -1.6683703  937.4183  938.8949
2021 04 29 07 36 00    -4.4657282   -1.6607947  937.4221  938.9208
2021 04 29 07 37 00    -4.4507874   -1.6532563  937.4262  938.9252
2021 04 29 07 38 00    -4.4358896   -1.6457580  937.4307  938.9056
2021 04 29 07 39 00    -4.4208038   -1.6382238  937.4346  938.8704
2021 04 29 07 40 00    -4.4052928   -1.6305377  937.4374  938.8531
2021 04 29 07 41 00    -4.3894996   -1.6227086  937.4404  938.8780
2021 04 29 07 42 00    -4.3739468   -1.6149513  937.4443  938.9018
2021 04 29 07 43 00    -4.3587174   -1.6072901  937.4484  938.8966
2021 04 29 07 44 00    -4.3432787   -1.5994861  937.4521  938.9156
2021 04 29 07 45 00    -4.3275143   -1.5915647  937.4553  938.9580
2021 04 29 07 46 00    -4.3117651   -1.5836796  937.4585  938.9507
2021 04 29 07 47 00    -4.2960412   -1.5757587  937.4621  938.9031
2021 04 29 07 48 00    -4.2802034   -1.5678098  937.4657  938.8714
2021 04 29 07 49 00    -4.2641046   -1.5597817  937.4686  938.8570
2021 04 29 07 50 00    -4.2477760   -1.5515727  937.4712  938.8536
2021 04 29 07 51 00    -4.2317609   -1.5435703  937.4742  938.8638
2021 04 29 07 52 00    -4.2160806   -1.5359298  937.4775  938.8714
2021 04 29 07 53 00    -4.1999698   -1.5279882  937.4806  938.8675
2021 04 29 07 54 00    -4.1833536   -1.5194918  937.4831  938.8669
2021 04 29 07 55 00    -4.1667578   -1.5110182  937.4857  938.8875
2021 04 29 07 56 00    -4.1501220   -1.5027881  937.4890  938.9145
2021 04 29 07 57 00    -4.1332540   -1.4944992  937.4925  938.9067
2021 04 29 07 58 00    -4.1164230   -1.4860747  937.4956  938.8822
2021 04 29 07 59 00    -4.0996858   -1.4775574  937.4985  938.9184
2021 04 29 08 00 00    -4.0827573   -1.4689023  937.5024  939.0165
2021 04 29 08 01 00    -4.0656549   -1.4602585  937.5082  939.0869
2021 04 29 08 02 00    -4.0485804   -1.4517642  937.5147  939.0747
2021 04 29 08 03 00    -4.0315463   -1.4432924  937.5203  939.0150
2021 04 29 08 04 00    -4.0145546   -1.4348013  937.5248  938.9830
2021 04 29 08 05 00    -3.9975865   -1.4263658  937.5297  939.0041
2021 04 29 08 06 00    -3.9804348   -1.4178680  937.5350  939.0416
2021 04 29 08 07 00    -3.9630649   -1.4091986  937.5402  939.0672
2021 04 29 08 08 00    -3.9456007   -1.4004291  937.5452  939.0729
2021 04 29 08 09 00    -3.9278373   -1.3915401  937.5500  939.0588
2021 04 29 08 10 00    -3.9103323   -1.3828157  937.5544  939.0533
2021 04 29 08 11 00    -3.8937422   -1.3745297  937.5587  939.0725
2021 04 29 08 12 00    -3.8763465   -1.3658019  937.5634  939.0774
2021 04 29 08 13 00    -3.8575829   -1.3563831  937.5682  939.0520
2021 04 29 08 14 00    -3.8398226   -1.3474999  937.5722  939.0408
2021 04 29 08 15 00    -3.8228683   -1.3389945  937.5759  939.0667
2021 04 29 08 16 00    -3.8047604   -1.3298269  937.5794  939.1014
2021 04 29 08 17 00    -3.7862429   -1.3204837  937.5829  939.1047
2021 04 29 08 18 00    -3.7683056   -1.3114744  937.5863  939.0718
2021 04 29 08 19 00    -3.7503303   -1.3023613  937.5902  939.0508
2021 04 29 08 20 00    -3.7321672   -1.2932371  937.5949  939.0708
2021 04 29 08 21 00    -3.7139724   -1.2843371  937.5993  939.1003
2021 04 29 08 22 00    -3.6956632   -1.2753491  937.6028  939.1079
2021 04 29 08 23 00    -3.6775043   -1.2662275  937.6062  939.1040
2021 04 29 08 24 00    -3.6592948   -1.2570293  937.6108  939.1125
2021 04 29 08 25 00    -3.6406579   -1.2477281  937.6162  939.1349
2021 04 29 08 26 00    -3.6220306   -1.2385394  937.6217  939.1583
2021 04 29 08 27 00    -3.6036020   -1.2293687  937.6266  939.1804
2021 04 29 08 28 00    -3.5851528   -1.2200290  937.6315  939.1997
2021 04 29 08 29 00    -3.5666960   -1.2107050  937.6369  939.2100
2021 04 29 08 30 00    -3.5477443   -1.2012021  937.6426  939.2167
2021 04 29 08 31 00    -3.5283300   -1.1914161  937.6477  939.2300
2021 04 29 08 32 00    -3.5097858   -1.1820207  937.6525  939.2482
2021 04 29 08 33 00    -3.4917881   -1.1729575  937.6580  939.2645
2021 04 29 08 34 00    -3.4727133   -1.1634474  937.6638  939.2765
2021 04 29 08 35 00    -3.4531823   -1.1537191  937.6688  939.2860
2021 04 29 08 36 00    -3.4343482   -1.1442520  937.6736  939.2997
2021 04 29 08 37 00    -3.4156204   -1.1348295  937.6791  939.3148
2021 04 29 08 38 00    -3.3966883   -1.1254220  937.6851  939.3135
2021 04 29 08 39 00    -3.3778167   -1.1160402  937.6908  939.2936
2021 04 29 08 40 00    -3.3586047   -1.1063810  937.6963  939.2853
2021 04 29 08 41 00    -3.3392268   -1.0966930  937.7017  939.3110
2021 04 29 08 42 00    -3.3204153   -1.0873523  937.7069  939.3495
2021 04 29 08 43 00    -3.3015380   -1.0778896  937.7122  939.3690
2021 04 29 08 44 00    -3.2818736   -1.0680265  937.7182  939.3698
2021 04 29 08 45 00    -3.2623254   -1.0582990  937.7240  939.3701
2021 04 29 08 46 00    -3.2434192   -1.0488597  937.7290  939.3857
2021 04 29 08 47 00    -3.2243801   -1.0392702  937.7342  939.4233
2021 04 29 08 48 00    -3.2049436   -1.0294413  937.7410  939.4631
2021 04 29 08 49 00    -3.1855282   -1.0196357  937.7485  939.4652
2021 04 29 08 50 00    -3.1662265   -1.0099233  937.7548  939.4214
2021 04 29 08 51 00    -3.1469474   -1.0002553  937.7598  939.3701
2021 04 29 08 52 00    -3.1276310   -0.9906144  937.7644  939.3472
2021 04 29 08 53 00    -3.1082021   -0.9809044  937.7695  939.3536
2021 04 29 08 54 00    -3.0888350   -0.9711752  937.7752  939.3700
2021 04 29 08 55 00    -3.0696765   -0.9615949  937.7808  939.3750
2021 04 29 08 56 00    -3.0504399   -0.9520135  937.7857  939.3599
2021 04 29 08 57 00    -3.0309437   -0.9422524  937.7900  939.3365
2021 04 29 08 58 00    -3.0114131   -0.9324761  937.7936  939.3222
2021 04 29 08 59 00    -2.9919677   -0.9228083  937.7970  939.3186
2021 04 29 09 00 00    -2.9724545   -0.9130777  937.8009  939.3138
2021 04 29 09 01 00    -2.9527863   -0.9031591  937.8054  939.3046
2021 04 29 09 02 00    -2.9330710   -0.8932196  937.8097  939.3052
2021 04 29 09 03 00    -2.9134259   -0.8833884  937.8137  939.3228
2021 04 29 09 04 00    -2.8938739   -0.8735849  937.8174  939.3371
2021 04 29 09 05 00    -2.8743834   -0.8637679  937.8211  939.3237
2021 04 29 09 06 00    -2.8548667   -0.8539709  937.8250  939.2850
2021 04 29 09 07 00    -2.8352638   -0.8442513  937.8285  939.2470
2021 04 29 09 08 00    -2.8156350   -0.8345508  937.8313  939.2349
2021 04 29 09 09 00    -2.7960369   -0.8246938  937.8336  939.2499
2021 04 29 09 10 00    -2.7764697   -0.8148282  937.8362  939.2649
2021 04 29 09 11 00    -2.7568691   -0.8051337  937.8391  939.2603
2021 04 29 09 12 00    -2.7370914   -0.7953127  937.8417  939.2601
2021 04 29 09 13 00    -2.7171932   -0.7852635  937.8441  939.2856
2021 04 29 09 14 00    -2.6974098   -0.7752762  937.8467  939.2979
2021 04 29 09 15 00    -2.6776941   -0.7653328  937.8493  939.2641
2021 04 29 09 16 00    -2.6577969   -0.7553000  937.8525  939.2285
2021 04 29 09 17 00    -2.6377408   -0.7452956  937.8563  939.2342
2021 04 29 09 18 00    -2.6177775   -0.7353455  937.8599  939.2646
2021 04 29 09 19 00    -2.5980137   -0.7253896  937.8641  939.2900
2021 04 29 09 20 00    -2.5783089   -0.7154884  937.8688  939.2993
2021 04 29 09 21 00    -2.5584553   -0.7055805  937.8723  939.3073
2021 04 29 09 22 00    -2.5385202   -0.6955545  937.8742  939.3157
2021 04 29 09 23 00    -2.5187541   -0.6855638  937.8757  939.2932
2021 04 29 09 24 00    -2.4990522   -0.6757502  937.8779  939.2531
2021 04 29 09 25 00    -2.4792060   -0.6659713  937.8805  939.2538
2021 04 29 09 26 00    -2.4593839   -0.6560766  937.8832  939.3007
2021 04 29 09 27 00    -2.4396605   -0.6460826  937.8865  939.3378
2021 04 29 09 28 00    -2.4198212   -0.6360906  937.8900  939.3267
2021 04 29 09 29 00    -2.3999542   -0.6262365  937.8933  939.2902
2021 04 29 09 30 00    -2.3802625   -0.6164326  937.8963  939.2802
2021 04 29 09 31 00    -2.3605317   -0.6064180  937.8993  939.3019
2021 04 29 09 32 00    -2.3406872   -0.5963513  937.9017  939.3037
2021 04 29 09 33 00    -2.3210518   -0.5865905  937.9030  939.2679
2021 04 29 09 34 00    -2.3015662   -0.5769941  937.9041  939.2454
2021 04 29 09 35 00    -2.2819075   -0.5672460  937.9062  939.2637
2021 04 29 09 36 00    -2.2621789   -0.5573899  937.9095  939.2904
2021 04 29 09 37 00    -2.2425029   -0.5475506  937.9134  939.3113
2021 04 29 09 38 00    -2.2226950   -0.5376259  937.9172  939.3392
2021 04 29 09 39 00    -2.2027570   -0.5275648  937.9207  939.3561
2021 04 29 09 40 00    -2.1829217   -0.5175741  937.9242  939.3531
2021 04 29 09 41 00    -2.1632824   -0.5077749  937.9281  939.3570
2021 04 29 09 42 00    -2.1437982   -0.4980603  937.9321  939.3670
2021 04 29 09 43 00    -2.1243615   -0.4883179  937.9353  939.3668
2021 04 29 09 44 00    -2.1048543   -0.4784520  937.9377  939.3595
2021 04 29 09 45 00    -2.0853482   -0.4684911  937.9401  939.3398
2021 04 29 09 46 00    -2.0659188   -0.4586811  937.9427  939.3185
2021 04 29 09 47 00    -2.0464722   -0.4490549  937.9453  939.3249
2021 04 29 09 48 00    -2.0269930   -0.4393282  937.9478  939.3433
2021 04 29 09 49 00    -2.0075711   -0.4295201  937.9507  939.3391
2021 04 29 09 50 00    -1.9882118   -0.4198723  937.9538  939.3192
2021 04 29 09 51 00    -1.9688081   -0.4102722  937.9572  939.3158
2021 04 29 09 52 00    -1.9493708   -0.4006218  937.9609  939.3464
2021 04 29 09 53 00    -1.9300675   -0.3910219  937.9649  939.3810
2021 04 29 09 54 00    -1.9107227   -0.3812687  937.9687  939.3674
2021 04 29 09 55 00    -1.8910882   -0.3712892  937.9723  939.3157
2021 04 29 09 56 00    -1.8716216   -0.3615617  937.9764  939.3130
2021 04 29 09 57 00    -1.8526653   -0.3522517  937.9814  939.4037
2021 04 29 09 58 00    -1.8336943   -0.3429013  937.9863  939.4885
2021 04 29 09 59 00    -1.8144315   -0.3332378  937.9908  939.4676
2021 04 29 10 00 00    -1.7952192   -0.3234395  937.9952  939.4063
2021 04 29 10 01 00    -1.7761079   -0.3137096  937.9994  939.3922
2021 04 29 10 02 00    -1.7570293   -0.3041317  938.0029  939.4109
2021 04 29 10 03 00    -1.7381455   -0.2946871  938.0056  939.4373
2021 04 29 10 04 00    -1.7193379   -0.2852183  938.0090  939.4501
2021 04 29 10 05 00    -1.7003963   -0.2756864  938.0136  939.4232
2021 04 29 10 06 00    -1.6814317   -0.2662592  938.0180  939.3911
2021 04 29 10 07 00    -1.6625885   -0.2569881  938.0217  939.4087
2021 04 29 10 08 00    -1.6438695   -0.2477268  938.0255  939.4712
2021 04 29 10 09 00    -1.6251208   -0.2383192  938.0297  939.5154
2021 04 29 10 10 00    -1.6062026   -0.2287761  938.0337  939.4900
2021 04 29 10 11 00    -1.5873117   -0.2192923  938.0370  939.4419
2021 04 29 10 12 00    -1.5687149   -0.2099993  938.0400  939.4655
2021 04 29 10 13 00    -1.5503504   -0.2008538  938.0436  939.5478
2021 04 29 10 14 00    -1.5320201   -0.1917732  938.0482  939.5816
2021 04 29 10 15 00    -1.5135736   -0.1826238  938.0526  939.5491
2021 04 29 10 16 00    -1.4950111   -0.1733182  938.0562  939.5281
2021 04 29 10 17 00    -1.4765819   -0.1640142  938.0593  939.5214
2021 04 29 10 18 00    -1.4583284   -0.1548375  938.0622  939.4773
2021 04 29 10 19 00    -1.4400767   -0.1456994  938.0645  939.4127
2021 04 29 10 20 00    -1.4219577   -0.1365571  938.0662  939.3806
2021 04 29 10 21 00    -1.4040053   -0.1274843  938.0688  939.3880
2021 04 29 10 22 00    -1.3860141   -0.1185851  938.0719  939.4049
2021 04 29 10 23 00    -1.3680871   -0.1098126  938.0744  939.4147
2021 04 29 10 24 00    -1.3503342   -0.1009387  938.0760  939.4100
2021 04 29 10 25 00    -1.3326150   -0.0919419  938.0771  939.3859
2021 04 29 10 26 00    -1.3148568   -0.0829629  938.0787  939.3681
2021 04 29 10 27 00    -1.2970892   -0.0740008  938.0808  939.3752
2021 04 29 10 28 00    -1.2793801   -0.0650768  938.0832  939.3884
2021 04 29 10 29 00    -1.2617374   -0.0562458  938.0855  939.4005
2021 04 29 10 30 00    -1.2441002   -0.0474457  938.0878  939.4169
2021 04 29 10 31 00    -1.2264658   -0.0386014  938.0900  939.4324
2021 04 29 10 32 00    -1.2088956   -0.0297530  938.0927  939.4561
2021 04 29 10 33 00    -1.1914714   -0.0209930  938.0963  939.4817
2021 04 29 10 34 00    -1.1742724   -0.0122733  938.0995  939.4630
2021 04 29 10 35 00    -1.1573160   -0.0035684  938.1009  939.4061
2021 04 29 10 36 00    -1.1403611    0.0049559  938.1012  939.3679
2021 04 29 10 37 00    -1.1231463    0.0133450  938.1022  939.3504
2021 04 29 10 38 00    -1.1059724    0.0218093  938.1038  939.3313
2021 04 29 10 39 00    -1.0892237    0.0302744  938.1054  939.3436
2021 04 29 10 40 00    -1.0726025    0.0386899  938.1072  939.4320
2021 04 29 10 41 00    -1.0558048    0.0471269  938.1098  939.5352
2021 04 29 10 42 00    -1.0390236    0.0554301  938.1131  939.5302
2021 04 29 10 43 00    -1.0222189    0.0636755  938.1164  939.4442
2021 04 29 10 44 00    -1.0053302    0.0721379  938.1193  939.4073
2021 04 29 10 45 00    -0.9887997    0.0805849  938.1220  939.4219
2021 04 29 10 46 00    -0.9726898    0.0887223  938.1241  939.4252
2021 04 29 10 47 00    -0.9565059    0.0966927  938.1262  939.4143
2021 04 29 10 48 00    -0.9401078    0.1047732  938.1287  939.3957
2021 04 29 10 49 00    -0.9237625    0.1130652  938.1308  939.3874
2021 04 29 10 50 00    -0.9076356    0.1212808  938.1323  939.3952
2021 04 29 10 51 00    -0.8916529    0.1291569  938.1336  939.3711
2021 04 29 10 52 00    -0.8757743    0.1369342  938.1348  939.3356
2021 04 29 10 53 00    -0.8600485    0.1448462  938.1359  939.3619
2021 04 29 10 54 00    -0.8443819    0.1527725  938.1380  939.4108
2021 04 29 10 55 00    -0.8286397    0.1606575  938.1409  939.4173
2021 04 29 10 56 00    -0.8127837    0.1685962  938.1429  939.4187
2021 04 29 10 57 00    -0.7969530    0.1765046  938.1443  939.4454
2021 04 29 10 58 00    -0.7815075    0.1842011  938.1465  939.4630
2021 04 29 10 59 00    -0.7664523    0.1917609  938.1492  939.4618
2021 04 29 11 00 00    -0.7512938    0.1993794  938.1514  939.4604
2021 04 29 11 01 00    -0.7359403    0.2070334  938.1536  939.4574
2021 04 29 11 02 00    -0.7207080    0.2146748  938.1572  939.4573
2021 04 29 11 03 00    -0.7056361    0.2223936  938.1618  939.4663
2021 04 29 11 04 00    -0.6907501    0.2300753  938.1656  939.4676
2021 04 29 11 05 00    -0.6761792    0.2374745  938.1680  939.4689
2021 04 29 11 06 00    -0.6616498    0.2447076  938.1701  939.4786
2021 04 29 11 07 00    -0.6468130    0.2520084  938.1726  939.4531
2021 04 29 11 08 00    -0.6320480    0.2592130  938.1749  939.3871
2021 04 29 11 09 00    -0.6178784    0.2661576  938.1768  939.3502
2021 04 29 11 10 00    -0.6039120    0.2731408  938.1785  939.3758
2021 04 29 11 11 00    -0.5897135    0.2803657  938.1800  939.4147
2021 04 29 11 12 00    -0.5755564    0.2876081  938.1811  939.4148
2021 04 29 11 13 00    -0.5615864    0.2946553  938.1820  939.3869
2021 04 29 11 14 00    -0.5478869    0.3014340  938.1833  939.3656
2021 04 29 11 15 00    -0.5343750    0.3081473  938.1847  939.3577
2021 04 29 11 16 00    -0.5206086    0.3150836  938.1858  939.3607
2021 04 29 11 17 00    -0.5069952    0.3219063  938.1869  939.3703
2021 04 29 11 18 00    -0.4938876    0.3283566  938.1885  939.3665
2021 04 29 11 19 00    -0.4804595    0.3349642  938.1906  939.3443
2021 04 29 11 20 00    -0.4667082    0.3418286  938.1919  939.3335
2021 04 29 11 21 00    -0.4535199    0.3484178  938.1920  939.3443
2021 04 29 11 22 00    -0.4407625    0.3547551  938.1923  939.3518
2021 04 29 11 23 00    -0.4278620    0.3611985  938.1932  939.3568
2021 04 29 11 24 00    -0.4148323    0.3677345  938.1940  939.3829
2021 04 29 11 25 00    -0.4019407    0.3741624  938.1947  939.4289
2021 04 29 11 26 00    -0.3893660    0.3803878  938.1964  939.4757
2021 04 29 11 27 00    -0.3770412    0.3864588  938.1996  939.5045
2021 04 29 11 28 00    -0.3645589    0.3925576  938.2028  939.5097
2021 04 29 11 29 00    -0.3517220    0.3989020  938.2046  939.5057
2021 04 29 11 30 00    -0.3390101    0.4054324  938.2056  939.4963
2021 04 29 11 31 00    -0.3268860    0.4117873  938.2067  939.4781
2021 04 29 11 32 00    -0.3151442    0.4178168  938.2086  939.4632
2021 04 29 11 33 00    -0.3032266    0.4237706  938.2108  939.4576
2021 04 29 11 34 00    -0.2911023    0.4297866  938.2121  939.4643
2021 04 29 11 35 00    -0.2794196    0.4356694  938.2129  939.4789
2021 04 29 11 36 00    -0.2681561    0.4413740  938.2142  939.4722
2021 04 29 11 37 00    -0.2565793    0.4471359  938.2160  939.4424
2021 04 29 11 38 00    -0.2448178    0.4529545  938.2169  939.4160
2021 04 29 11 39 00    -0.2334791    0.4586065  938.2174  939.4021
2021 04 29 11 40 00    -0.2224882    0.4640872  938.2189  939.4164
2021 04 29 11 41 00    -0.2116192    0.4694716  938.2216  939.4751
2021 04 29 11 42 00    -0.2009187    0.4747609  938.2250  939.5556
2021 04 29 11 43 00    -0.1902881    0.4800660  938.2288  939.6074
2021 04 29 11 44 00    -0.1796883    0.4854499  938.2328  939.5903
2021 04 29 11 45 00    -0.1694027    0.4907631  938.2363  939.5138
2021 04 29 11 46 00    -0.1594308    0.4959020  938.2381  939.4419
2021 04 29 11 47 00    -0.1493122    0.5009428  938.2384  939.4301
2021 04 29 11 48 00    -0.1389947    0.5059244  938.2395  939.4630
2021 04 29 11 49 00    -0.1289486    0.5108246  938.2425  939.4897
2021 04 29 11 50 00    -0.1191696    0.5157370  938.2460  939.4981
2021 04 29 11 51 00    -0.1092392    0.5207453  938.2485  939.5020
2021 04 29 11 52 00    -0.0992593    0.5257523  938.2508  939.5110
2021 04 29 11 53 00    -0.0895774    0.5306529  938.2536  939.5354
2021 04 29 11 54 00    -0.0801008    0.5354861  938.2567  939.5664
2021 04 29 11 55 00    -0.0706550    0.5402213  938.2603  939.5842
2021 04 29 11 56 00    -0.0612949    0.5448003  938.2639  939.5969
2021 04 29 11 57 00    -0.0520391    0.5493997  938.2674  939.6118
2021 04 29 11 58 00    -0.0429713    0.5539771  938.2709  939.6241
2021 04 29 11 59 00    -0.0341375    0.5583202  938.2751  939.6460
2021 04 29 12 00 00    -0.0252338    0.5627285  938.2800  939.6720
2021 04 29 12 01 00    -0.0162648    0.5673460  938.2847  939.6713
2021 04 29 12 02 00    -0.0076090    0.5717522  938.2885  939.6590
2021 04 29 12 03 00     0.0008565    0.5758912  938.2924  939.6814
2021 04 29 12 04 00     0.0094137    0.5801032  938.2972  939.7413
2021 04 29 12 05 00     0.0179081    0.5844445  938.3023  939.8084
2021 04 29 12 06 00     0.0260507    0.5886180  938.3078  939.8535
2021 04 29 12 07 00     0.0338312    0.5924935  938.3139  939.8639
2021 04 29 12 08 00     0.0415973    0.5963755  938.3200  939.8587
2021 04 29 12 09 00     0.0494133    0.6003280  938.3258  939.8554
2021 04 29 12 10 00     0.0569150    0.6040750  938.3319  939.8621
2021 04 29 12 11 00     0.0642080    0.6077229  938.3382  939.9102
2021 04 29 12 12 00     0.0717531    0.6114805  938.3448  940.0031
2021 04 29 12 13 00     0.0793873    0.6151808  938.3528  940.0795
2021 04 29 12 14 00     0.0864977    0.6186909  938.3615  940.1039
2021 04 29 12 15 00     0.0929602    0.6220684  938.3691  940.0924
2021 04 29 12 16 00     0.0991859    0.6253265  938.3754  940.0375
2021 04 29 12 17 00     0.1054513    0.6284517  938.3814  939.9508
2021 04 29 12 18 00     0.1116169    0.6314118  938.3870  939.9036
2021 04 29 12 19 00     0.1175543    0.6342759  938.3925  939.9139
2021 04 29 12 20 00     0.1235163    0.6372833  938.3979  939.9257
2021 04 29 12 21 00     0.1296328    0.6404266  938.4034  939.9167
2021 04 29 12 22 00     0.1356160    0.6434278  938.4084  939.9118
2021 04 29 12 23 00     0.1413092    0.6462277  938.4132  939.9270
2021 04 29 12 24 00     0.1468484    0.6489647  938.4185  939.9465
2021 04 29 12 25 00     0.1523012    0.6516774  938.4240  939.9371
2021 04 29 12 26 00     0.1576613    0.6543449  938.4287  939.9051
2021 04 29 12 27 00     0.1629623    0.6569821  938.4334  939.8964
2021 04 29 12 28 00     0.1681115    0.6595634  938.4381  939.9024
2021 04 29 12 29 00     0.1729558    0.6620283  938.4422  939.8876
2021 04 29 12 30 00     0.1776248    0.6644071  938.4462  939.8794
2021 04 29 12 31 00     0.1824135    0.6668442  938.4509  939.9020
2021 04 29 12 32 00     0.1872397    0.6693689  938.4563  939.9345
2021 04 29 12 33 00     0.1917800    0.6717591  938.4617  939.9628
2021 04 29 12 34 00     0.1960545    0.6738666  938.4672  939.9689
2021 04 29 12 35 00     0.2002416    0.6758569  938.4722  939.9369
2021 04 29 12 36 00     0.2042512    0.6778841  938.4762  939.8859
2021 04 29 12 37 00     0.2079175    0.6797672  938.4791  939.8456
2021 04 29 12 38 00     0.2113847    0.6813912  938.4821  939.8423
2021 04 29 12 39 00     0.2149355    0.6830789  938.4861  939.8809
2021 04 29 12 40 00     0.2184976    0.6849599  938.4902  939.9109
2021 04 29 12 41 00     0.2218203    0.6867057  938.4934  939.8873
2021 04 29 12 42 00     0.2249422    0.6882366  938.4963  939.8478
2021 04 29 12 43 00     0.2279721    0.6897159  938.4998  939.8529
2021 04 29 12 44 00     0.2308632    0.6911508  938.5040  939.8900
2021 04 29 12 45 00     0.2336138    0.6925381  938.5082  939.8997
2021 04 29 12 46 00     0.2361994    0.6938423  938.5117  939.8640
2021 04 29 12 47 00     0.2385813    0.6949995  938.5142  939.8216
2021 04 29 12 48 00     0.2409129    0.6961135  938.5165  939.8097
2021 04 29 12 49 00     0.2432563    0.6972865  938.5192  939.8279
2021 04 29 12 50 00     0.2454112    0.6984283  938.5221  939.8543
2021 04 29 12 51 00     0.2473046    0.6994009  938.5252  939.8735
2021 04 29 12 52 00     0.2490876    0.7002236  938.5288  939.8864
2021 04 29 12 53 00     0.2508078    0.7010429  938.5326  939.8936
2021 04 29 12 54 00     0.2523842    0.7019183  938.5359  939.8948
2021 04 29 12 55 00     0.2538350    0.7027176  938.5391  939.9007
2021 04 29 12 56 00     0.2551416    0.7033222  938.5426  939.9157
2021 04 29 12 57 00     0.2562148    0.7038865  938.5469  939.9349
2021 04 29 12 58 00     0.2572391    0.7045483  938.5514  939.9575
2021 04 29 12 59 00     0.2583635    0.7051318  938.5558  939.9666
2021 04 29 13 00 00     0.2593144    0.7055048  938.5602  939.9483
2021 04 29 13 01 00     0.2598970    0.7057448  938.5640  939.9273
2021 04 29 13 02 00     0.2602137    0.7059174  938.5675  939.9268
2021 04 29 13 03 00     0.2604371    0.7060569  938.5715  939.9459
2021 04 29 13 04 00     0.2607145    0.7061869  938.5755  939.9786
2021 04 29 13 05 00     0.2609119    0.7062684  938.5793  940.0094
2021 04 29 13 06 00     0.2608213    0.7062563  938.5833  940.0192
2021 04 29 13 07 00     0.2605282    0.7061348  938.5872  940.0045
2021 04 29 13 08 00     0.2600280    0.7058303  938.5907  939.9759
2021 04 29 13 09 00     0.2592910    0.7053705  938.5940  939.9480
2021 04 29 13 10 00     0.2585862    0.7050016  938.5975  939.9349
2021 04 29 13 11 00     0.2578673    0.7047192  938.6007  939.9389
2021 04 29 13 12 00     0.2567911    0.7042115  938.6033  939.9442
2021 04 29 13 13 00     0.2554961    0.7034484  938.6060  939.9440
2021 04 29 13 14 00     0.2542625    0.7026882  938.6088  939.9428
2021 04 29 13 15 00     0.2529628    0.7020657  938.6114  939.9112
2021 04 29 13 16 00     0.2514077    0.7014534  938.6139  939.8396
2021 04 29 13 17 00     0.2496447    0.7006260  938.6157  939.7915
2021 04 29 13 18 00     0.2478070    0.6996258  938.6167  939.8003
2021 04 29 13 19 00     0.2458402    0.6986867  938.6180  939.8352
2021 04 29 13 20 00     0.2436338    0.6977054  938.6207  939.8668
2021 04 29 13 21 00     0.2414699    0.6964629  938.6237  939.8685
2021 04 29 13 22 00     0.2394655    0.6951507  938.6256  939.8296
2021 04 29 13 23 00     0.2370597    0.6939694  938.6265  939.7875
2021 04 29 13 24 00     0.2341630    0.6928034  938.6272  939.7832
2021 04 29 13 25 00     0.2314045    0.6914817  938.6279  939.8022
2021 04 29 13 26 00     0.2288594    0.6899769  938.6284  939.8031
2021 04 29 13 27 00     0.2261083    0.6885217  938.6289  939.7925
2021 04 29 13 28 00     0.2230749    0.6872084  938.6301  939.8229
2021 04 29 13 29 00     0.2198757    0.6856889  938.6319  939.8826
2021 04 29 13 30 00     0.2165051    0.6839141  938.6338  939.8899
2021 04 29 13 31 00     0.2129846    0.6822391  938.6356  939.8461
2021 04 29 13 32 00     0.2093614    0.6805883  938.6378  939.8264
2021 04 29 13 33 00     0.2055923    0.6786648  938.6398  939.8319
2021 04 29 13 34 00     0.2016587    0.6765357  938.6414  939.8216
2021 04 29 13 35 00     0.1975405    0.6743481  938.6429  939.8070
2021 04 29 13 36 00     0.1931409    0.6721472  938.6443  939.8027
2021 04 29 13 37 00     0.1885905    0.6699824  938.6453  939.7923
2021 04 29 13 38 00     0.1842067    0.6678086  938.6461  939.7764
2021 04 29 13 39 00     0.1798641    0.6655520  938.6466  939.7577
2021 04 29 13 40 00     0.1751036    0.6631912  938.6467  939.7217
2021 04 29 13 41 00     0.1699893    0.6607125  938.6463  939.6873
2021 04 29 13 42 00     0.1649883    0.6581811  938.6457  939.6873
2021 04 29 13 43 00     0.1601489    0.6556854  938.6457  939.7128
2021 04 29 13 44 00     0.1551341    0.6531983  938.6461  939.7252
2021 04 29 13 45 00     0.1497088    0.6505954  938.6458  939.6972
2021 04 29 13 46 00     0.1439378    0.6478285  938.6444  939.6583
2021 04 29 13 47 00     0.1381066    0.6449423  938.6433  939.6598
2021 04 29 13 48 00     0.1323565    0.6419187  938.6435  939.6842
2021 04 29 13 49 00     0.1266086    0.6388387  938.6443  939.6845
2021 04 29 13 50 00     0.1207571    0.6358393  938.6442  939.6571
2021 04 29 13 51 00     0.1146293    0.6327840  938.6424  939.6186
2021 04 29 13 52 00     0.1081989    0.6295670  938.6399  939.5949
2021 04 29 13 53 00     0.1017398    0.6263545  938.6381  939.6008
2021 04 29 13 54 00     0.0953714    0.6231721  938.6372  939.6007
2021 04 29 13 55 00     0.0889071    0.6198417  938.6365  939.5762
2021 04 29 13 56 00     0.0822514    0.6164181  938.6353  939.5775
2021 04 29 13 57 00     0.0754107    0.6131132  938.6336  939.6296
2021 04 29 13 58 00     0.0683304    0.6098038  938.6328  939.6681
2021 04 29 13 59 00     0.0611343    0.6062400  938.6337  939.6349
2021 04 29 14 00 00     0.0539757    0.6025211  938.6343  939.5723
2021 04 29 14 01 00     0.0467228    0.5988647  938.6327  939.5488
2021 04 29 14 02 00     0.0392997    0.5952319  938.6303  939.5553
2021 04 29 14 03 00     0.0317675    0.5914631  938.6288  939.5533
2021 04 29 14 04 00     0.0240410    0.5875742  938.6278  939.5529
2021 04 29 14 05 00     0.0161358    0.5836742  938.6263  939.5724
2021 04 29 14 06 00     0.0082413    0.5797459  938.6247  939.5931
2021 04 29 14 07 00     0.0002393    0.5757032  938.6235  939.5930
2021 04 29 14 08 00    -0.0080712    0.5715127  938.6227  939.5718
2021 04 29 14 09 00    -0.0164690    0.5672392  938.6220  939.5504
2021 04 29 14 10 00    -0.0248028    0.5629958  938.6213  939.5496
2021 04 29 14 11 00    -0.0333077    0.5587808  938.6206  939.5487
2021 04 29 14 12 00    -0.0420846    0.5544692  938.6196  939.5123
2021 04 29 14 13 00    -0.0509326    0.5499883  938.6173  939.4573
2021 04 29 14 14 00    -0.0597399    0.5454445  938.6139  939.4413
2021 04 29 14 15 00    -0.0686607    0.5409846  938.6112  939.4769
2021 04 29 14 16 00    -0.0777433    0.5365627  938.6100  939.5126
2021 04 29 14 17 00    -0.0868318    0.5320651  938.6092  939.5110
2021 04 29 14 18 00    -0.0959729    0.5275373  938.6079  939.4871
2021 04 29 14 19 00    -0.1053028    0.5230116  938.6056  939.4653
2021 04 29 14 20 00    -0.1148819    0.5182318  938.6027  939.4506
2021 04 29 14 21 00    -0.1247407    0.5130546  938.6010  939.4541
2021 04 29 14 22 00    -0.1345070    0.5079971  938.6007  939.4889
2021 04 29 14 23 00    -0.1438733    0.5034667  938.6005  939.5345
2021 04 29 14 24 00    -0.1534409    0.4988990  938.6000  939.5605
2021 04 29 14 25 00    -0.1637048    0.4937405  938.5998  939.5641
2021 04 29 14 26 00    -0.1740345    0.4883975  938.6002  939.5616
2021 04 29 14 27 00    -0.1839462    0.4833303  938.6008  939.5665
2021 04 29 14 28 00    -0.1940721    0.4782431  938.6014  939.5745
2021 04 29 14 29 00    -0.2048293    0.4728504  938.6015  939.5695
2021 04 29 14 30 00    -0.2156375    0.4674697  938.6014  939.5508
2021 04 29 14 31 00    -0.2261221    0.4622736  938.6018  939.5403
2021 04 29 14 32 00    -0.2366939    0.4569249  938.6023  939.5508
2021 04 29 14 33 00    -0.2477378    0.4513113  938.6023  939.5654
2021 04 29 14 34 00    -0.2590905    0.4457152  938.6020  939.5675
2021 04 29 14 35 00    -0.2703819    0.4402576  938.6025  939.5693
2021 04 29 14 36 00    -0.2815428    0.4348166  938.6040  939.5771
2021 04 29 14 37 00    -0.2927147    0.4292874  938.6057  939.5724
2021 04 29 14 38 00    -0.3040796    0.4235877  938.6062  939.5546
2021 04 29 14 39 00    -0.3158674    0.4176639  938.6055  939.5470
2021 04 29 14 40 00    -0.3277944    0.4116711  938.6056  939.5565
2021 04 29 14 41 00    -0.3393639    0.4057409  938.6077  939.5711
2021 04 29 14 42 00    -0.3509798    0.3997046  938.6099  939.5825
2021 04 29 14 43 00    -0.3630871    0.3935540  938.6107  939.5868
2021 04 29 14 44 00    -0.3752514    0.3875541  938.6104  939.5815
2021 04 29 14 45 00    -0.3872978    0.3816245  938.6101  939.5814
2021 04 29 14 46 00    -0.3995403    0.3754659  938.6105  939.6027
2021 04 29 14 47 00    -0.4118362    0.3692253  938.6121  939.6376
2021 04 29 14 48 00    -0.4238981    0.3632390  938.6146  939.6718
2021 04 29 14 49 00    -0.4359257    0.3573661  938.6173  939.6954
2021 04 29 14 50 00    -0.4481941    0.3512325  938.6195  939.6981
2021 04 29 14 51 00    -0.4607223    0.3448194  938.6214  939.6887
2021 04 29 14 52 00    -0.4734573    0.3383802  938.6236  939.6927
2021 04 29 14 53 00    -0.4863089    0.3320587  938.6264  939.7136
2021 04 29 14 54 00    -0.4992042    0.3257375  938.6297  939.7305
2021 04 29 14 55 00    -0.5121975    0.3191840  938.6328  939.7353
2021 04 29 14 56 00    -0.5253393    0.3123848  938.6349  939.7340
2021 04 29 14 57 00    -0.5385732    0.3055853  938.6365  939.7336
2021 04 29 14 58 00    -0.5518559    0.2989271  938.6394  939.7463
2021 04 29 14 59 00    -0.5651465    0.2923675  938.6435  939.7697
2021 04 29 15 00 00    -0.5784281    0.2858375  938.6475  939.7860
2021 04 29 15 01 00    -0.5918869    0.2791701  938.6511  939.7940
2021 04 29 15 02 00    -0.6055273    0.2723257  938.6548  939.8059
2021 04 29 15 03 00    -0.6190540    0.2655466  938.6583  939.8217
2021 04 29 15 04 00    -0.6326394    0.2587673  938.6612  939.8335
2021 04 29 15 05 00    -0.6466706    0.2516716  938.6641  939.8376
2021 04 29 15 06 00    -0.6609150    0.2444449  938.6676  939.8365
2021 04 29 15 07 00    -0.6750421    0.2374453  938.6716  939.8377
2021 04 29 15 08 00    -0.6891091    0.2305319  938.6754  939.8442
2021 04 29 15 09 00    -0.7032212    0.2234422  938.6789  939.8454
2021 04 29 15 10 00    -0.7175356    0.2161958  938.6824  939.8333
2021 04 29 15 11 00    -0.7320970    0.2088833  938.6859  939.8179
2021 04 29 15 12 00    -0.7466950    0.2015669  938.6890  939.8127
2021 04 29 15 13 00    -0.7613345    0.1943023  938.6918  939.8170
2021 04 29 15 14 00    -0.7760327    0.1870893  938.6945  939.8187
2021 04 29 15 15 00    -0.7906832    0.1797833  938.6967  939.8072
2021 04 29 15 16 00    -0.8055686    0.1721738  938.6984  939.7878
2021 04 29 15 17 00    -0.8208026    0.1644229  938.7004  939.7722
2021 04 29 15 18 00    -0.8360145    0.1568641  938.7030  939.7581
2021 04 29 15 19 00    -0.8510870    0.1494369  938.7053  939.7430
2021 04 29 15 20 00    -0.8660960    0.1419702  938.7063  939.7392
2021 04 29 15 21 00    -0.8811542    0.1343598  938.7072  939.7528
2021 04 29 15 22 00    -0.8964523    0.1265548  938.7090  939.7719
2021 04 29 15 23 00    -0.9118442    0.1188098  938.7116  939.7897
2021 04 29 15 24 00    -0.9270729    0.1112387  938.7143  939.8097
2021 04 29 15 25 00    -0.9422388    0.1035869  938.7170  939.8257
2021 04 29 15 26 00    -0.9575089    0.0958798  938.7200  939.8327
2021 04 29 15 27 00    -0.9728785    0.0882951  938.7227  939.8503
2021 04 29 15 28 00    -0.9883341    0.0806357  938.7256  939.8943
2021 04 29 15 29 00    -1.0039016    0.0727334  938.7296  939.9404
2021 04 29 15 30 00    -1.0195806    0.0648054  938.7345  939.9561
2021 04 29 15 31 00    -1.0353525    0.0570116  938.7391  939.9488
2021 04 29 15 32 00    -1.0511996    0.0492607  938.7430  939.9502
2021 04 29 15 33 00    -1.0670534    0.0414825  938.7468  939.9704
2021 04 29 15 34 00    -1.0828395    0.0335561  938.7508  939.9925
2021 04 29 15 35 00    -1.0986483    0.0253701  938.7554  940.0037
2021 04 29 15 36 00    -1.1146086    0.0171306  938.7602  940.0101
2021 04 29 15 37 00    -1.1307011    0.0090601  938.7648  940.0219
2021 04 29 15 38 00    -1.1468790    0.0011086  938.7690  940.0364
2021 04 29 15 39 00    -1.1630725   -0.0068123  938.7730  940.0508
2021 04 29 15 40 00    -1.1792280   -0.0148066  938.7778  940.0729
2021 04 29 15 41 00    -1.1954728   -0.0229498  938.7835  940.0975
2021 04 29 15 42 00    -1.2118930   -0.0311130  938.7890  940.1047
2021 04 29 15 43 00    -1.2284353   -0.0393492  938.7940  940.0957
2021 04 29 15 44 00    -1.2451641   -0.0479035  938.7989  940.0859
2021 04 29 15 45 00    -1.2620232   -0.0565074  938.8035  940.0757
2021 04 29 15 46 00    -1.2786893   -0.0647376  938.8076  940.0624
2021 04 29 15 47 00    -1.2951926   -0.0728537  938.8112  940.0571
2021 04 29 15 48 00    -1.3118956   -0.0812558  938.8150  940.0617
2021 04 29 15 49 00    -1.3287898   -0.0898304  938.8196  940.0598
2021 04 29 15 50 00    -1.3457174   -0.0983773  938.8240  940.0441
2021 04 29 15 51 00    -1.3627533   -0.1068717  938.8272  940.0249
2021 04 29 15 52 00    -1.3798191   -0.1152880  938.8303  940.0107
2021 04 29 15 53 00    -1.3968234   -0.1237246  938.8338  940.0001
2021 04 29 15 54 00    -1.4139415   -0.1323415  938.8369  939.9932
2021 04 29 15 55 00    -1.4311169   -0.1410009  938.8393  939.9929
2021 04 29 15 56 00    -1.4481637   -0.1495589  938.8416  939.9980
2021 04 29 15 57 00    -1.4652798   -0.1581927  938.8438  940.0037
2021 04 29 15 58 00    -1.4826268   -0.1669265  938.8462  940.0091
2021 04 29 15 59 00    -1.4998703   -0.1755344  938.8489  940.0147
2021 04 29 16 00 00    -1.5168243   -0.1840387  938.8516  940.0182
2021 04 29 16 01 00    -1.5338879   -0.1926353  938.8538  940.0264
2021 04 29 16 02 00    -1.5512409   -0.2013482  938.8566  940.0491
2021 04 29 16 03 00    -1.5685625   -0.2100607  938.8602  940.0737
2021 04 29 16 04 00    -1.5857368   -0.2186674  938.8640  940.0788
2021 04 29 16 05 00    -1.6030842   -0.2272795  938.8681  940.0664
2021 04 29 16 06 00    -1.6207921   -0.2360888  938.8722  940.0547
2021 04 29 16 07 00    -1.6384970   -0.2449478  938.8754  940.0546
2021 04 29 16 08 00    -1.6559185   -0.2536820  938.8783  940.0584
2021 04 29 16 09 00    -1.6733357   -0.2624285  938.8815  940.0525
2021 04 29 16 10 00    -1.6910204   -0.2712538  938.8847  940.0398
2021 04 29 16 11 00    -1.7088572   -0.2800719  938.8870  940.0334
2021 04 29 16 12 00    -1.7265977   -0.2888879  938.8892  940.0310
2021 04 29 16 13 00    -1.7442628   -0.2977896  938.8914  940.0233
2021 04 29 16 14 00    -1.7619981   -0.3067687  938.8934  940.0172
2021 04 29 16 15 00    -1.7796883   -0.3156971  938.8950  940.0270
2021 04 29 16 16 00    -1.7973115   -0.3245751  938.8969  940.0504
2021 04 29 16 17 00    -1.8150259   -0.3334485  938.8998  940.0706
2021 04 29 16 18 00    -1.8328084   -0.3422606  938.9034  940.0750
2021 04 29 16 19 00    -1.8506631   -0.3510894  938.9070  940.0655
2021 04 29 16 20 00    -1.8686284   -0.3600583  938.9100  940.0587
2021 04 29 16 21 00    -1.8865950   -0.3691370  938.9121  940.0713
2021 04 29 16 22 00    -1.9044450   -0.3782275  938.9143  940.0950
2021 04 29 16 23 00    -1.9221251   -0.3871959  938.9176  940.1088
2021 04 29 16 24 00    -1.9397336   -0.3959538  938.9215  940.1123
2021 04 29 16 25 00    -1.9574364   -0.4046188  938.9249  940.1193
2021 04 29 16 26 00    -1.9752810   -0.4134465  938.9279  940.1368
2021 04 29 16 27 00    -1.9932412   -0.4224808  938.9309  940.1640
2021 04 29 16 28 00    -2.0113038   -0.4315726  938.9342  940.1850
2021 04 29 16 29 00    -2.0294909   -0.4407454  938.9379  940.1738
2021 04 29 16 30 00    -2.0477517   -0.4499951  938.9417  940.1348
2021 04 29 16 31 00    -2.0659307   -0.4591104  938.9450  940.1039
2021 04 29 16 32 00    -2.0839373   -0.4680724  938.9476  940.0958
2021 04 29 16 33 00    -2.1018271   -0.4770548  938.9499  940.0987
2021 04 29 16 34 00    -2.1197550   -0.4860869  938.9525  940.1074
2021 04 29 16 35 00    -2.1377662   -0.4950956  938.9553  940.1238
2021 04 29 16 36 00    -2.1556270   -0.5039912  938.9584  940.1449
2021 04 29 16 37 00    -2.1732975   -0.5127526  938.9618  940.1651
2021 04 29 16 38 00    -2.1911097   -0.5215602  938.9657  940.1861
2021 04 29 16 39 00    -2.2090020   -0.5305006  938.9698  940.2150
2021 04 29 16 40 00    -2.2266894   -0.5394206  938.9739  940.2492
2021 04 29 16 41 00    -2.2444169   -0.5483194  938.9780  940.2780
2021 04 29 16 42 00    -2.2623680   -0.5573226  938.9823  940.2912
2021 04 29 16 43 00    -2.2802731   -0.5663452  938.9867  940.2835
2021 04 29 16 44 00    -2.2980849   -0.5752591  938.9914  940.2653
2021 04 29 16 45 00    -2.3160250   -0.5841470  938.9957  940.2546
2021 04 29 16 46 00    -2.3341618   -0.5931775  938.9999  940.2484
2021 04 29 16 47 00    -2.3523398   -0.6023558  939.0042  940.2381
2021 04 29 16 48 00    -2.3703678   -0.6115026  939.0081  940.2373
2021 04 29 16 49 00    -2.3883573   -0.6205454  939.0110  940.2522
2021 04 29 16 50 00    -2.4064504   -0.6295356  939.0135  940.2689
2021 04 29 16 51 00    -2.4244005   -0.6384371  939.0169  940.2868
2021 04 29 16 52 00    -2.4421095   -0.6473206  939.0218  940.3140
2021 04 29 16 53 00    -2.4598252   -0.6563311  939.0270  940.3394
2021 04 29 16 54 00    -2.4776339   -0.6653417  939.0316  940.3480
2021 04 29 16 55 00    -2.4954984   -0.6742098  939.0354  940.3468
2021 04 29 16 56 00    -2.5134045   -0.6830954  939.0393  940.3483
2021 04 29 16 57 00    -2.5313536   -0.6921511  939.0440  940.3477
2021 04 29 16 58 00    -2.5493963   -0.7012699  939.0489  940.3428
2021 04 29 16 59 00    -2.5674874   -0.7103683  939.0533  940.3446
2021 04 29 17 00 00    -2.5855411   -0.7194676  939.0570  940.3530
2021 04 29 17 01 00    -2.6034901   -0.7284236  939.0605  940.3606
2021 04 29 17 02 00    -2.6212490   -0.7372062  939.0644  940.3728
2021 04 29 17 03 00    -2.6388879   -0.7460869  939.0690  940.3997
2021 04 29 17 04 00    -2.6565082   -0.7550570  939.0745  940.4356
2021 04 29 17 05 00    -2.6740865   -0.7638460  939.0798  940.4642
2021 04 29 17 06 00    -2.6917175   -0.7725791  939.0844  940.4890
2021 04 29 17 07 00    -2.7095276   -0.7815131  939.0890  940.5192
2021 04 29 17 08 00    -2.7273195   -0.7904514  939.0944  940.5380
2021 04 29 17 09 00    -2.7448433   -0.7991562  939.1001  940.5379
2021 04 29 17 10 00    -2.7622746   -0.8078589  939.1060  940.5448
2021 04 29 17 11 00    -2.7799101   -0.8167944  939.1123  940.5664
2021 04 29 17 12 00    -2.7977054   -0.8257366  939.1186  940.5781
2021 04 29 17 13 00    -2.8154725   -0.8344991  939.1243  940.5725
2021 04 29 17 14 00    -2.8331583   -0.8432535  939.1300  940.5713
2021 04 29 17 15 00    -2.8507257   -0.8520384  939.1363  940.5870
2021 04 29 17 16 00    -2.8680838   -0.8607119  939.1426  940.6059
2021 04 29 17 17 00    -2.8853927   -0.8694030  939.1486  940.6177
2021 04 29 17 18 00    -2.9029247   -0.8783158  939.1541  940.6295
2021 04 29 17 19 00    -2.9204940   -0.8872206  939.1595  940.6472
2021 04 29 17 20 00    -2.9378209   -0.8958303  939.1653  940.6658
2021 04 29 17 21 00    -2.9550552   -0.9043468  939.1718  940.6785
2021 04 29 17 22 00    -2.9723427   -0.9130001  939.1786  940.6909
2021 04 29 17 23 00    -2.9896240   -0.9216896  939.1853  940.7091
2021 04 29 17 24 00    -3.0069094   -0.9303171  939.1915  940.7169
2021 04 29 17 25 00    -3.0241963   -0.9388916  939.1973  940.7016
2021 04 29 17 26 00    -3.0413594   -0.9474235  939.2032  940.6847
2021 04 29 17 27 00    -3.0583786   -0.9559566  939.2097  940.6878
2021 04 29 17 28 00    -3.0754921   -0.9645967  939.2161  940.6985
2021 04 29 17 29 00    -3.0928011   -0.9733504  939.2220  940.7033
2021 04 29 17 30 00    -3.1099573   -0.9819832  939.2274  940.7144
2021 04 29 17 31 00    -3.1267984   -0.9903478  939.2328  940.7358
2021 04 29 17 32 00    -3.1436641   -0.9986827  939.2384  940.7486
2021 04 29 17 33 00    -3.1607417   -1.0072529  939.2441  940.7464
2021 04 29 17 34 00    -3.1778554   -1.0159451  939.2495  940.7427
2021 04 29 17 35 00    -3.1948152   -1.0244475  939.2549  940.7447
2021 04 29 17 36 00    -3.2116572   -1.0327351  939.2605  940.7506
2021 04 29 17 37 00    -3.2285218   -1.0410425  939.2661  940.7584
2021 04 29 17 38 00    -3.2453703   -1.0494557  939.2713  940.7593
2021 04 29 17 39 00    -3.2621785   -1.0579394  939.2766  940.7488
2021 04 29 17 40 00    -3.2790462   -1.0664768  939.2818  940.7369
2021 04 29 17 41 00    -3.2958267   -1.0749722  939.2866  940.7315
2021 04 29 17 42 00    -3.3123712   -1.0833003  939.2913  940.7304
2021 04 29 17 43 00    -3.3289441   -1.0915237  939.2962  940.7307
2021 04 29 17 44 00    -3.3456246   -1.0998212  939.3007  940.7337
2021 04 29 17 45 00    -3.3622048   -1.1082351  939.3050  940.7375
2021 04 29 17 46 00    -3.3787696   -1.1166348  939.3093  940.7347
2021 04 29 17 47 00    -3.3952544   -1.1247895  939.3135  940.7275
2021 04 29 17 48 00    -3.4114334   -1.1327233  939.3177  940.7303
2021 04 29 17 49 00    -3.4276173   -1.1408241  939.3223  940.7422
2021 04 29 17 50 00    -3.4440263   -1.1491500  939.3267  940.7391
2021 04 29 17 51 00    -3.4602921   -1.1573664  939.3307  940.7154
2021 04 29 17 52 00    -3.4763460   -1.1654444  939.3344  940.6978
2021 04 29 17 53 00    -3.4925143   -1.1735411  939.3378  940.6992
2021 04 29 17 54 00    -3.5086715   -1.1815992  939.3414  940.7084
2021 04 29 17 55 00    -3.5245626   -1.1895308  939.3454  940.7229
2021 04 29 17 56 00    -3.5404009   -1.1974223  939.3494  940.7429
2021 04 29 17 57 00    -3.5562256   -1.2053772  939.3532  940.7633
2021 04 29 17 58 00    -3.5717589   -1.2132623  939.3576  940.7876
2021 04 29 17 59 00    -3.5871524   -1.2209388  939.3631  940.8162
2021 04 29 18 00 00    -3.6026708   -1.2285484  939.3689  940.8379
2021 04 29 18 01 00    -3.6182006   -1.2362570  939.3738  940.8490
2021 04 29 18 02 00    -3.6337559   -1.2440710  939.3783  940.8603
2021 04 29 18 03 00    -3.6493590   -1.2518719  939.3835  940.8797
2021 04 29 18 04 00    -3.6646698   -1.2595122  939.3894  940.9002
2021 04 29 18 05 00    -3.6797412   -1.2670939  939.3954  940.9108
2021 04 29 18 06 00    -3.6951146   -1.2748651  939.4012  940.9129
2021 04 29 18 07 00    -3.7107327   -1.2827193  939.4069  940.9181
2021 04 29 18 08 00    -3.7260051   -1.2903256  939.4124  940.9302
2021 04 29 18 09 00    -3.7409458   -1.2977315  939.4180  940.9390
2021 04 29 18 10 00    -3.7559989   -1.3052031  939.4235  940.9408
2021 04 29 18 11 00    -3.7711109   -1.3127573  939.4289  940.9450
2021 04 29 18 12 00    -3.7860696   -1.3203202  939.4343  940.9521
2021 04 29 18 13 00    -3.8009298   -1.3278278  939.4397  940.9533
2021 04 29 18 14 00    -3.8157010   -1.3352101  939.4450  940.9518
2021 04 29 18 15 00    -3.8304164   -1.3425764  939.4502  940.9589
2021 04 29 18 16 00    -3.8451506   -1.3500138  939.4547  940.9719
2021 04 29 18 17 00    -3.8597917   -1.3573549  939.4591  940.9791
2021 04 29 18 18 00    -3.8742089   -1.3644725  939.4641  940.9831
2021 04 29 18 19 00    -3.8884607   -1.3715127  939.4697  940.9913
2021 04 29 18 20 00    -3.9028035   -1.3787245  939.4752  940.9992
2021 04 29 18 21 00    -3.9173752   -1.3861388  939.4806  941.0026
2021 04 29 18 22 00    -3.9319252   -1.3935382  939.4857  941.0068
2021 04 29 18 23 00    -3.9462257   -1.4007837  939.4903  941.0130
2021 04 29 18 24 00    -3.9603648   -1.4078878  939.4949  941.0149
2021 04 29 18 25 00    -3.9744454   -1.4148492  939.4997  941.0110
2021 04 29 18 26 00    -3.9884033   -1.4217121  939.5044  941.0071
2021 04 29 18 27 00    -4.0021703   -1.4286111  939.5089  941.0058
2021 04 29 18 28 00    -4.0159075   -1.4355814  939.5136  941.0073
2021 04 29 18 29 00    -4.0297934   -1.4425065  939.5184  941.0175
2021 04 29 18 30 00    -4.0436373   -1.4493612  939.5231  941.0381
2021 04 29 18 31 00    -4.0572756   -1.4562400  939.5272  941.0595
2021 04 29 18 32 00    -4.0708405   -1.4630821  939.5310  941.0752
2021 04 29 18 33 00    -4.0843045   -1.4697715  939.5354  941.0866
2021 04 29 18 34 00    -4.0976442   -1.4764652  939.5408  941.0906
2021 04 29 18 35 00    -4.1110532   -1.4833088  939.5469  941.0812
2021 04 29 18 36 00    -4.1244640   -1.4901081  939.5521  941.0653
2021 04 29 18 37 00    -4.1376676   -1.4966990  939.5560  941.0584
2021 04 29 18 38 00    -4.1507190   -1.5031565  939.5596  941.0668
2021 04 29 18 39 00    -4.1637294   -1.5096025  939.5635  941.0836
2021 04 29 18 40 00    -4.1766874   -1.5161325  939.5676  941.1009
2021 04 29 18 41 00    -4.1894979   -1.5227290  939.5720  941.1164
2021 04 29 18 42 00    -4.2021184   -1.5291818  939.5772  941.1317
2021 04 29 18 43 00    -4.2146939   -1.5353555  939.5825  941.1494
2021 04 29 18 44 00    -4.2272876   -1.5414706  939.5878  941.1697
2021 04 29 18 45 00    -4.2397815   -1.5477609  939.5934  941.1893
2021 04 29 18 46 00    -4.2522322   -1.5541129  939.5986  941.2047
2021 04 29 18 47 00    -4.2647177   -1.5603112  939.6032  941.2132
2021 04 29 18 48 00    -4.2770674   -1.5663253  939.6084  941.2148
2021 04 29 18 49 00    -4.2892408   -1.5723293  939.6146  941.2150
2021 04 29 18 50 00    -4.3013652   -1.5784892  939.6203  941.2209
2021 04 29 18 51 00    -4.3133907   -1.5846948  939.6247  941.2333
2021 04 29 18 52 00    -4.3253515   -1.5907323  939.6291  941.2496
2021 04 29 18 53 00    -4.3373564   -1.5966166  939.6346  941.2682
2021 04 29 18 54 00    -4.3491101   -1.6024218  939.6407  941.2881
2021 04 29 18 55 00    -4.3604569   -1.6081360  939.6465  941.3105
2021 04 29 18 56 00    -4.3718115   -1.6138410  939.6523  941.3384
2021 04 29 18 57 00    -4.3833569   -1.6196081  939.6590  941.3685
2021 04 29 18 58 00    -4.3948546   -1.6253732  939.6657  941.3926
2021 04 29 18 59 00    -4.4061721   -1.6310533  939.6716  941.4092
2021 04 29 19 00 00    -4.4173667   -1.6366349  939.6775  941.4234
2021 04 29 19 01 00    -4.4285823   -1.6422036  939.6843  941.4378
2021 04 29 19 02 00    -4.4398292   -1.6478052  939.6917  941.4531
2021 04 29 19 03 00    -4.4509210   -1.6533899  939.6989  941.4716
2021 04 29 19 04 00    -4.4618448   -1.6589663  939.7061  941.4928
2021 04 29 19 05 00    -4.4727699   -1.6645273  939.7135  941.5119
2021 04 29 19 06 00    -4.4837125   -1.6699912  939.7207  941.5279
2021 04 29 19 07 00    -4.4945157   -1.6753452  939.7276  941.5434
2021 04 29 19 08 00    -4.5050060   -1.6805815  939.7342  941.5578
2021 04 29 19 09 00    -4.5153162   -1.6857197  939.7408  941.5708
2021 04 29 19 10 00    -4.5257884   -1.6908859  939.7473  941.5863
2021 04 29 19 11 00    -4.5362726   -1.6960467  939.7537  941.6066
2021 04 29 19 12 00    -4.5464350   -1.7011097  939.7606  941.6282
2021 04 29 19 13 00    -4.5564613   -1.7061996  939.7684  941.6470
2021 04 29 19 14 00    -4.5665753   -1.7113213  939.7765  941.6597
2021 04 29 19 15 00    -4.5767256   -1.7163357  939.7840  941.6654
2021 04 29 19 16 00    -4.5868800   -1.7213342  939.7911  941.6687
2021 04 29 19 17 00    -4.5968708   -1.7264106  939.7981  941.6764
2021 04 29 19 18 00    -4.6065122   -1.7314234  939.8048  941.6855
2021 04 29 19 19 00    -4.6160514   -1.7362620  939.8112  941.6857
2021 04 29 19 20 00    -4.6257082   -1.7409929  939.8179  941.6790
2021 04 29 19 21 00    -4.6353004   -1.7457013  939.8248  941.6813
2021 04 29 19 22 00    -4.6447356   -1.7504085  939.8319  941.7001
2021 04 29 19 23 00    -4.6540918   -1.7551383  939.8400  941.7290
2021 04 29 19 24 00    -4.6633516   -1.7598611  939.8492  941.7595
2021 04 29 19 25 00    -4.6724088   -1.7644392  939.8585  941.7811
2021 04 29 19 26 00    -4.6812719   -1.7688490  939.8671  941.7915
2021 04 29 19 27 00    -4.6902117   -1.7732861  939.8747  941.8075
2021 04 29 19 28 00    -4.6993284   -1.7778200  939.8819  941.8357
2021 04 29 19 29 00    -4.7082630   -1.7822362  939.8897  941.8588
2021 04 29 19 30 00    -4.7167970   -1.7864342  939.8979  941.8696
2021 04 29 19 31 00    -4.7251524   -1.7905987  939.9063  941.8838
2021 04 29 19 32 00    -4.7335833   -1.7949024  939.9151  941.9098
2021 04 29 19 33 00    -4.7421421   -1.7992682  939.9248  941.9366
2021 04 29 19 34 00    -4.7506384   -1.8034615  939.9347  941.9553
2021 04 29 19 35 00    -4.7588851   -1.8074468  939.9437  941.9708
2021 04 29 19 36 00    -4.7670412   -1.8114614  939.9521  941.9845
2021 04 29 19 37 00    -4.7753100   -1.8156742  939.9606  941.9949
2021 04 29 19 38 00    -4.7835327   -1.8199353  939.9694  942.0112
2021 04 29 19 39 00    -4.7914221   -1.8239513  939.9785  942.0364
2021 04 29 19 40 00    -4.7990867   -1.8277024  939.9875  942.0575
2021 04 29 19 41 00    -4.8068671   -1.8314520  939.9963  942.0674
2021 04 29 19 42 00    -4.8147263   -1.8354091  940.0049  942.0713
2021 04 29 19 43 00    -4.8224343   -1.8394857  940.0133  942.0730
2021 04 29 19 44 00    -4.8299627   -1.8433649  940.0214  942.0721
2021 04 29 19 45 00    -4.8373880   -1.8469871  940.0294  942.0706
2021 04 29 19 46 00    -4.8448143   -1.8506649  940.0371  942.0719
2021 04 29 19 47 00    -4.8522582   -1.8544814  940.0451  942.0767
2021 04 29 19 48 00    -4.8596326   -1.8581822  940.0533  942.0828
2021 04 29 19 49 00    -4.8669179   -1.8617233  940.0611  942.0887
2021 04 29 19 50 00    -4.8740567   -1.8652349  940.0680  942.0918
2021 04 29 19 51 00    -4.8809444   -1.8687155  940.0752  942.0873
2021 04 29 19 52 00    -4.8877278   -1.8722087  940.0832  942.0812
2021 04 29 19 53 00    -4.8946358   -1.8757919  940.0914  942.0871
2021 04 29 19 54 00    -4.9015380   -1.8793500  940.0994  942.1028
2021 04 29 19 55 00    -4.9081726   -1.8826869  940.1074  942.1159
2021 04 29 19 56 00    -4.9145767   -1.8857803  940.1156  942.1252
2021 04 29 19 57 00    -4.9209162   -1.8888703  940.1237  942.1348
2021 04 29 19 58 00    -4.9271764   -1.8921033  940.1313  942.1471
2021 04 29 19 59 00    -4.9332416   -1.8951884  940.1385  942.1657
2021 04 29 20 00 00    -4.9392007   -1.8979382  940.1457  942.1852
2021 04 29 20 01 00    -4.9453159   -1.9007282  940.1532  942.1911
2021 04 29 20 02 00    -4.9515828   -1.9038574  940.1614  942.1794
2021 04 29 20 03 00    -4.9577145   -1.9070705  940.1695  942.1609
2021 04 29 20 04 00    -4.9635034   -1.9099745  940.1770  942.1524
2021 04 29 20 05 00    -4.9690009   -1.9125998  940.1838  942.1646
2021 04 29 20 06 00    -4.9744703   -1.9153488  940.1902  942.1883
2021 04 29 20 07 00    -4.9799957   -1.9182660  940.1966  942.2082
2021 04 29 20 08 00    -4.9854432   -1.9210463  940.2032  942.2240
2021 04 29 20 09 00    -4.9908419   -1.9237608  940.2104  942.2379
2021 04 29 20 10 00    -4.9961742   -1.9265526  940.2184  942.2476
2021 04 29 20 11 00    -5.0012750   -1.9291953  940.2266  942.2568
2021 04 29 20 12 00    -5.0061731   -1.9315927  940.2342  942.2693
2021 04 29 20 13 00    -5.0109913   -1.9339250  940.2410  942.2842
2021 04 29 20 14 00    -5.0157909   -1.9363045  940.2477  942.3032
2021 04 29 20 15 00    -5.0206307   -1.9387277  940.2549  942.3227
2021 04 29 20 16 00    -5.0255198   -1.9411171  940.2628  942.3313
2021 04 29 20 17 00    -5.0304095   -1.9434605  940.2707  942.3304
2021 04 29 20 18 00    -5.0352278   -1.9458916  940.2784  942.3302
2021 04 29 20 19 00    -5.0398810   -1.9483865  940.2859  942.3303
2021 04 29 20 20 00    -5.0443083   -1.9507290  940.2927  942.3305
2021 04 29 20 21 00    -5.0485929   -1.9528626  940.2994  942.3384
2021 04 29 20 22 00    -5.0529147   -1.9549362  940.3070  942.3553
2021 04 29 20 23 00    -5.0572895   -1.9570901  940.3154  942.3775
2021 04 29 20 24 00    -5.0615128   -1.9592446  940.3234  942.4016
2021 04 29 20 25 00    -5.0654587   -1.9612018  940.3307  942.4222
2021 04 29 20 26 00    -5.0692897   -1.9630730  940.3379  942.4372
2021 04 29 20 27 00    -5.0732600   -1.9651514  940.3456  942.4486
2021 04 29 20 28 00    -5.0773347   -1.9673638  940.3535  942.4554
2021 04 29 20 29 00    -5.0811860   -1.9693308  940.3613  942.4564
2021 04 29 20 30 00    -5.0846806   -1.9709253  940.3690  942.4558
2021 04 29 20 31 00    -5.0880757   -1.9724333  940.3765  942.4592
2021 04 29 20 32 00    -5.0915433   -1.9740893  940.3838  942.4694
2021 04 29 20 33 00    -5.0949439   -1.9758163  940.3911  942.4849
2021 04 29 20 34 00    -5.0981695   -1.9774721  940.3987  942.4987
2021 04 29 20 35 00    -5.1013324   -1.9790489  940.4068  942.5022
2021 04 29 20 36 00    -5.1045987   -1.9806385  940.4144  942.4956
2021 04 29 20 37 00    -5.1079076   -1.9822617  940.4213  942.4866
2021 04 29 20 38 00    -5.1109823   -1.9838574  940.4282  942.4831
2021 04 29 20 39 00    -5.1137876   -1.9854237  940.4355  942.4903
2021 04 29 20 40 00    -5.1165960   -1.9869432  940.4427  942.5062
2021 04 29 20 41 00    -5.1193601   -1.9882871  940.4499  942.5223
2021 04 29 20 42 00    -5.1218458   -1.9894852  940.4570  942.5329
2021 04 29 20 43 00    -5.1244435   -1.9908423  940.4643  942.5373
2021 04 29 20 44 00    -5.1274638   -1.9923820  940.4720  942.5402
2021 04 29 20 45 00    -5.1302840   -1.9937142  940.4797  942.5491
2021 04 29 20 46 00    -5.1325178   -1.9947371  940.4868  942.5612
2021 04 29 20 47 00    -5.1345866   -1.9957391  940.4929  942.5664
2021 04 29 20 48 00    -5.1367564   -1.9968753  940.4989  942.5675
2021 04 29 20 49 00    -5.1389330   -1.9980238  940.5060  942.5741
2021 04 29 20 50 00    -5.1409764   -1.9989858  940.5139  942.5846
2021 04 29 20 51 00    -5.1428336   -1.9997989  940.5214  942.5949
2021 04 29 20 52 00    -5.1446963   -2.0007516  940.5284  942.6074
2021 04 29 20 53 00    -5.1467677   -2.0019337  940.5353  942.6214
2021 04 29 20 54 00    -5.1488929   -2.0030997  940.5426  942.6295
2021 04 29 20 55 00    -5.1507261   -2.0040287  940.5499  942.6268
2021 04 29 20 56 00    -5.1522603   -2.0047784  940.5567  942.6192
2021 04 29 20 57 00    -5.1538319   -2.0055614  940.5633  942.6188
2021 04 29 20 58 00    -5.1555257   -2.0064594  940.5705  942.6291
2021 04 29 20 59 00    -5.1570727   -2.0073301  940.5778  942.6433
2021 04 29 21 00 00    -5.1583090   -2.0079406  940.5848  942.6583
2021 04 29 21 01 00    -5.1594089   -2.0082841  940.5918  942.6744
2021 04 29 21 02 00    -5.1606607   -2.0086881  940.5988  942.6849
2021 04 29 21 03 00    -5.1620256   -2.0093323  940.6060  942.6868
2021 04 29 21 04 00    -5.1632234   -2.0100086  940.6135  942.6940
2021 04 29 21 05 00    -5.1642189   -2.0105233  940.6209  942.7134
2021 04 29 21 06 00    -5.1651090   -2.0108967  940.6283  942.7288
2021 04 29 21 07 00    -5.1659433   -2.0112386  940.6356  942.7285
2021 04 29 21 08 00    -5.1668426   -2.0116790  940.6422  942.7240
2021 04 29 21 09 00    -5.1677810   -2.0122397  940.6489  942.7268
2021 04 29 21 10 00    -5.1686072   -2.0127664  940.6562  942.7328
2021 04 29 21 11 00    -5.1692882   -2.0131256  940.6637  942.7359
2021 04 29 21 12 00    -5.1698078   -2.0133885  940.6707  942.7421
2021 04 29 21 13 00    -5.1702369   -2.0137124  940.6775  942.7582
2021 04 29 21 14 00    -5.1707437   -2.0140522  940.6849  942.7777
2021 04 29 21 15 00    -5.1712386   -2.0141771  940.6926  942.7893
2021 04 29 21 16 00    -5.1714976   -2.0140978  940.6996  942.7912
2021 04 29 21 17 00    -5.1716079   -2.0141474  940.7060  942.7901
2021 04 29 21 18 00    -5.1717954   -2.0144364  940.7126  942.7906
2021 04 29 21 19 00    -5.1720771   -2.0146893  940.7196  942.7892
2021 04 29 21 20 00    -5.1723402   -2.0147272  940.7264  942.7844
2021 04 29 21 21 00    -5.1725103   -2.0146828  940.7334  942.7834
2021 04 29 21 22 00    -5.1725656   -2.0147294  940.7404  942.7835
2021 04 29 21 23 00    -5.1724682   -2.0148093  940.7466  942.7716
2021 04 29 21 24 00    -5.1723215   -2.0147945  940.7521  942.7525
2021 04 29 21 25 00    -5.1723410   -2.0147408  940.7579  942.7476
2021 04 29 21 26 00    -5.1723427   -2.0146325  940.7641  942.7624
2021 04 29 21 27 00    -5.1720092   -2.0143637  940.7704  942.7802
2021 04 29 21 28 00    -5.1714908   -2.0140956  940.7760  942.7850
2021 04 29 21 29 00    -5.1710215   -2.0139834  940.7813  942.7785
2021 04 29 21 30 00    -5.1705807   -2.0138126  940.7873  942.7728
2021 04 29 21 31 00    -5.1700664   -2.0133916  940.7938  942.7737
2021 04 29 21 32 00    -5.1694364   -2.0129461  940.7999  942.7831
2021 04 29 21 33 00    -5.1687577   -2.0127106  940.8058  942.8035
2021 04 29 21 34 00    -5.1680199   -2.0124850  940.8121  942.8239
2021 04 29 21 35 00    -5.1671740   -2.0120535  940.8185  942.8286
2021 04 29 21 36 00    -5.1663458   -2.0115409  940.8246  942.8251
2021 04 29 21 37 00    -5.1655810   -2.0110922  940.8304  942.8339
2021 04 29 21 38 00    -5.1647235   -2.0106918  940.8363  942.8561
2021 04 29 21 39 00    -5.1637244   -2.0102598  940.8430  942.8781
2021 04 29 21 40 00    -5.1626902   -2.0097735  940.8506  942.8930
2021 04 29 21 41 00    -5.1616059   -2.0092734  940.8583  942.8990
2021 04 29 21 42 00    -5.1604255   -2.0086962  940.8654  942.8924
2021 04 29 21 43 00    -5.1592836   -2.0080205  940.8715  942.8799
2021 04 29 21 44 00    -5.1581786   -2.0073866  940.8770  942.8767
2021 04 29 21 45 00    -5.1570057   -2.0068017  940.8822  942.8840
2021 04 29 21 46 00    -5.1558199   -2.0061769  940.8873  942.8892
2021 04 29 21 47 00    -5.1545029   -2.0055664  940.8930  942.8917
2021 04 29 21 48 00    -5.1529608   -2.0049729  940.8996  942.9046
2021 04 29 21 49 00    -5.1514347   -2.0042305  940.9064  942.9293
2021 04 29 21 50 00    -5.1498913   -2.0033000  940.9130  942.9605
2021 04 29 21 51 00    -5.1480830   -2.0023207  940.9195  942.9975
2021 04 29 21 52 00    -5.1461840   -2.0013985  940.9264  943.0317
2021 04 29 21 53 00    -5.1444936   -2.0005960  940.9339  943.0476
2021 04 29 21 54 00    -5.1428855   -1.9998410  940.9415  943.0441
2021 04 29 21 55 00    -5.1410423   -1.9989163  940.9482  943.0423
2021 04 29 21 56 00    -5.1391211   -1.9978670  940.9547  943.0638
2021 04 29 21 57 00    -5.1374907   -1.9969941  940.9621  943.0985
2021 04 29 21 58 00    -5.1359423   -1.9962968  940.9701  943.1113
2021 04 29 21 59 00    -5.1341617   -1.9954626  940.9776  943.0838
2021 04 29 22 00 00    -5.1323258   -1.9944383  940.9839  943.0345
2021 04 29 22 01 00    -5.1305734   -1.9934940  940.9893  943.0030
2021 04 29 22 02 00    -5.1287555   -1.9926697  940.9944  943.0157
2021 04 29 22 03 00    -5.1267368   -1.9916812  941.0001  943.0581
2021 04 29 22 04 00    -5.1245767   -1.9905232  941.0070  943.0926
2021 04 29 22 05 00    -5.1225176   -1.9895137  941.0143  943.0984
2021 04 29 22 06 00    -5.1205923   -1.9885815  941.0208  943.0855
2021 04 29 22 07 00    -5.1185589   -1.9874247  941.0263  943.0728
2021 04 29 22 08 00    -5.1164374   -1.9862792  941.0317  943.0658
2021 04 29 22 09 00    -5.1143746   -1.9854221  941.0378  943.0594
2021 04 29 22 10 00    -5.1122208   -1.9844699  941.0442  943.0473
2021 04 29 22 11 00    -5.1099279   -1.9831431  941.0503  943.0279
2021 04 29 22 12 00    -5.1076999   -1.9818424  941.0555  943.0131
2021 04 29 22 13 00    -5.1055254   -1.9808586  941.0595  943.0154
2021 04 29 22 14 00    -5.1032584   -1.9799446  941.0634  943.0258
2021 04 29 22 15 00    -5.1009557   -1.9788663  941.0682  943.0254
2021 04 29 22 16 00    -5.0987206   -1.9776771  941.0734  943.0109
2021 04 29 22 17 00    -5.0965066   -1.9765480  941.0786  942.9914
2021 04 29 22 18 00    -5.0940906   -1.9754713  941.0841  942.9776
2021 04 29 22 19 00    -5.0913076   -1.9741467  941.0894  942.9824
2021 04 29 22 20 00    -5.0884605   -1.9725769  941.0943  943.0098
2021 04 29 22 21 00    -5.0858716   -1.9711841  941.0992  943.0444
2021 04 29 22 22 00    -5.0832790   -1.9699844  941.1045  943.0726
2021 04 29 22 23 00    -5.0804484   -1.9686729  941.1103  943.1002
2021 04 29 22 24 00    -5.0776036   -1.9672669  941.1165  943.1306
2021 04 29 22 25 00    -5.0749219   -1.9659186  941.1229  943.1505
2021 04 29 22 26 00    -5.0723204   -1.9646513  941.1295  943.1512
2021 04 29 22 27 00    -5.0696072   -1.9634013  941.1362  943.1497
2021 04 29 22 28 00    -5.0666783   -1.9620165  941.1427  943.1712
2021 04 29 22 29 00    -5.0636584   -1.9603911  941.1489  943.2164
2021 04 29 22 30 00    -5.0606165   -1.9586408  941.1552  943.2583
2021 04 29 22 31 00    -5.0575036   -1.9570172  941.1617  943.2755
2021 04 29 22 32 00    -5.0545377   -1.9556484  941.1687  943.2754
2021 04 29 22 33 00    -5.0518421   -1.9543706  941.1763  943.2787
2021 04 29 22 34 00    -5.0490568   -1.9529340  941.1838  943.2906
2021 04 29 22 35 00    -5.0460381   -1.9514047  941.1907  943.3011
2021 04 29 22 36 00    -5.0429930   -1.9499925  941.1972  943.3061
2021 04 29 22 37 00    -5.0399626   -1.9486085  941.2033  943.3104
2021 04 29 22 38 00    -5.0369304   -1.9470413  941.2093  943.3186
2021 04 29 22 39 00    -5.0338312   -1.9453102  941.2161  943.3356
2021 04 29 22 40 00    -5.0305836   -1.9436329  941.2238  943.3678
2021 04 29 22 41 00    -5.0273558   -1.9421027  941.2312  943.4093
2021 04 29 22 42 00    -5.0243360   -1.9405710  941.2381  943.4396
2021 04 29 22 43 00    -5.0214216   -1.9389974  941.2458  943.4460
2021 04 29 22 44 00    -5.0183479   -1.9374359  941.2542  943.4398
2021 04 29 22 45 00    -5.0151611   -1.9358537  941.2623  943.4421
2021 04 29 22 46 00    -5.0121465   -1.9343133  941.2696  943.4583
2021 04 29 22 47 00    -5.0092352   -1.9328048  941.2763  943.4747
2021 04 29 22 48 00    -5.0062583   -1.9312223  941.2834  943.4768
2021 04 29 22 49 00    -5.0033617   -1.9296686  941.2913  943.4633
2021 04 29 22 50 00    -5.0006046   -1.9282040  941.2988  943.4408
2021 04 29 22 51 00    -4.9977414   -1.9267280  941.3049  943.4148
2021 04 29 22 52 00    -4.9946565   -1.9252484  941.3105  943.3890
2021 04 29 22 53 00    -4.9915643   -1.9237976  941.3165  943.3673
2021 04 29 22 54 00    -4.9886275   -1.9223658  941.3223  943.3553
2021 04 29 22 55 00    -4.9857660   -1.9209582  941.3275  943.3568
2021 04 29 22 56 00    -4.9828236   -1.9195021  941.3330  943.3688
2021 04 29 22 57 00    -4.9796802   -1.9179676  941.3391  943.3856
2021 04 29 22 58 00    -4.9764058   -1.9164528  941.3449  943.4023
2021 04 29 22 59 00    -4.9732527   -1.9148711  941.3507  943.4071
2021 04 29 23 00 00    -4.9702610   -1.9130445  941.3564  943.3849
2021 04 29 23 01 00    -4.9672321   -1.9112490  941.3616  943.3377
2021 04 29 23 02 00    -4.9642379   -1.9099048  941.3665  943.2891
2021 04 29 23 03 00    -4.9615032   -1.9088288  941.3711  943.2658
2021 04 29 23 04 00    -4.9587692   -1.9074902  941.3751  943.2798
2021 04 29 23 05 00    -4.9556050   -1.9057716  941.3786  943.3210
2021 04 29 23 06 00    -4.9521807   -1.9040639  941.3832  943.3623
2021 04 29 23 07 00    -4.9489764   -1.9026421  941.3890  943.3808
2021 04 29 23 08 00    -4.9460529   -1.9012472  941.3950  943.3719
2021 04 29 23 09 00    -4.9431294   -1.8996013  941.4000  943.3459
2021 04 29 23 10 00    -4.9400520   -1.8979024  941.4045  943.3154
2021 04 29 23 11 00    -4.9368761   -1.8963155  941.4091  943.2866
2021 04 29 23 12 00    -4.9337708   -1.8947524  941.4134  943.2596
2021 04 29 23 13 00    -4.9309016   -1.8933729  941.4173  943.2345
2021 04 29 23 14 00    -4.9281824   -1.8922502  941.4208  943.2129
2021 04 29 23 15 00    -4.9253604   -1.8910023  941.4234  943.1934
2021 04 29 23 16 00    -4.9223950   -1.8894786  941.4253  943.1761
2021 04 29 23 17 00    -4.9193589   -1.8878689  941.4274  943.1718
2021 04 29 23 18 00    -4.9161472   -1.8861775  941.4303  943.1969
2021 04 29 23 19 00    -4.9126857   -1.8843738  941.4341  943.2544
2021 04 29 23 20 00    -4.9091330   -1.8825992  941.4388  943.3256
2021 04 29 23 21 00    -4.9057028   -1.8809556  941.4441  943.3861
2021 04 29 23 22 00    -4.9024364   -1.8793611  941.4503  943.4252
2021 04 29 23 23 00    -4.8991524   -1.8776791  941.4567  943.4429
2021 04 29 23 24 00    -4.8958113   -1.8759659  941.4623  943.4405
2021 04 29 23 25 00    -4.8926940   -1.8743643  941.4672  943.4261
2021 04 29 23 26 00    -4.8898337   -1.8728511  941.4725  943.4132
2021 04 29 23 27 00    -4.8869027   -1.8713519  941.4785  943.4111
2021 04 29 23 28 00    -4.8838464   -1.8698728  941.4840  943.4218
2021 04 29 23 29 00    -4.8808571   -1.8684291  941.4884  943.4405
2021 04 29 23 30 00    -4.8778800   -1.8669468  941.4928  943.4556
2021 04 29 23 31 00    -4.8748374   -1.8653696  941.4983  943.4548
2021 04 29 23 32 00    -4.8719906   -1.8638860  941.5040  943.4379
2021 04 29 23 33 00    -4.8694647   -1.8626289  941.5087  943.4176
2021 04 29 23 34 00    -4.8669366   -1.8613969  941.5128  943.4004
2021 04 29 23 35 00    -4.8642091   -1.8600546  941.5173  943.3802
2021 04 29 23 36 00    -4.8614348   -1.8586699  941.5218  943.3537
2021 04 29 23 37 00    -4.8587338   -1.8573229  941.5253  943.3274
2021 04 29 23 38 00    -4.8560151   -1.8560254  941.5278  943.3040
2021 04 29 23 39 00    -4.8531836   -1.8546639  941.5302  943.2834
2021 04 29 23 40 00    -4.8504275   -1.8532672  941.5328  943.2779
2021 04 29 23 41 00    -4.8478630   -1.8519949  941.5355  943.2997
2021 04 29 23 42 00    -4.8452151   -1.8507279  941.5383  943.3326
2021 04 29 23 43 00    -4.8423305   -1.8492661  941.5414  943.3443
2021 04 29 23 44 00    -4.8393777   -1.8476837  941.5448  943.3279
2021 04 29 23 45 00    -4.8365582   -1.8462400  941.5481  943.3073
2021 04 29 23 46 00    -4.8339525   -1.8450910  941.5515  943.3055
2021 04 29 23 47 00    -4.8314793   -1.8440561  941.5551  943.3233
2021 04 29 23 48 00    -4.8290089   -1.8428550  941.5588  943.3459
2021 04 29 23 49 00    -4.8263937   -1.8414460  941.5626  943.3567
2021 04 29 23 50 00    -4.8235989   -1.8399379  941.5662  943.3504
2021 04 29 23 51 00    -4.8208642   -1.8384784  941.5695  943.3401
2021 04 29 23 52 00    -4.8182542   -1.8371637  941.5727  943.3415
2021 04 29 23 53 00    -4.8156200   -1.8359158  941.5760  943.3492
2021 04 29 23 54 00    -4.8131191   -1.8346433  941.5794  943.3457
2021 04 29 23 55 00    -4.8108778   -1.8334111  941.5828  943.3286
2021 04 29 23 56 00    -4.8086709   -1.8323363  941.5859  943.3101
2021 04 29 23 57 00    -4.8063883   -1.8313592  941.5884  943.2919
2021 04 29 23 58 00    -4.8041390   -1.8302669  941.5906  943.2638
2021 04 29 23 59 00    -4.8019608   -1.8290773  941.5926  943.2268
