[TSF-file]     v01.0

[TIMEFORMAT]   DATETIME
[INCREMENT]    60
[CHANNELS]
    BF:SG056:G1-F60 
    BF:SG056:G2-F60 
    BF:SG056:Br1-F60
    BF:SG056:Br2-F60
[UNITS]
    Volt
    Volt
    mbar
    mbar
[UNDETVAL]                      9999.999
[PHASE_LAG_1_DEG_CPD]           0.0402
[PHASE_LAG_1_DEG_CPD_ERROR]     0.0002
[N_LATITUDE_DEG]                48.3294
[N_LATITUDE_DEG_ERROR]          0.0001
[E_LONGITUDE_DEG]               008.3284
[E_LONGITUDE_DEG_ERROR]         0.0001
[HEIGHT_M_1]                    589.20
[HEIGHT_M_1_ERROR]              0.01
[GRAVITY_CAL_1_UGAL_V]          -40.1100
[GRAVITY_CAL_1_UGAL_V_ERROR]    0.0300
[PRESSURE_CAL_MBAR_V]           1.0000
[PRESSURE_CAL_MBAR_V_ERROR]     0.0001
[AUTHOR]                        Thomas Forbriger@kit.edu
[PHASE_LAG_2_DEG_CPD]           0.0402
[PHASE_LAG_2_DEG_CPD_ERROR]     0.0002
[HEIGHT_M_2]                    589.40
[HEIGHT_M_2_ERROR]              0.01
[GRAVITY_CAL_2_UGAL_V]          -80.0699
[GRAVITY_CAL_2_UGAL_V_ERROR]    0.0600
[PRESSURE_ADMIT_HPA_NMS2]       -3.4000
[PRESSURE_MEAN_HPA]             0980.0
[COMMENT]                           
software upgrade and FitPC2 replacement on 29. July 2019



Date           Time     G1-F60        G2-F60        Br1-F60       Br2-F60      
[DATA]
2021 04 12 00 00 00    -2.8090547   -0.8249020  946.2860  948.9171
2021 04 12 00 01 00    -2.8120911   -0.8266574  946.3019  948.9475
2021 04 12 00 02 00    -2.8152731   -0.8283100  946.3180  948.9980
2021 04 12 00 03 00    -2.8186968   -0.8299077  946.3338  949.0516
2021 04 12 00 04 00    -2.8221163   -0.8315196  946.3498  949.0930
2021 04 12 00 05 00    -2.8255140   -0.8332104  946.3665  949.1140
2021 04 12 00 06 00    -2.8290353   -0.8350408  946.3836  949.1158
2021 04 12 00 07 00    -2.8327294   -0.8369636  946.4004  949.1123
2021 04 12 00 08 00    -2.8366271   -0.8389045  946.4176  949.1165
2021 04 12 00 09 00    -2.8407051   -0.8409010  946.4350  949.1301
2021 04 12 00 10 00    -2.8447792   -0.8429601  946.4516  949.1545
2021 04 12 00 11 00    -2.8487718   -0.8450058  946.4675  949.1864
2021 04 12 00 12 00    -2.8527621   -0.8470338  946.4842  949.2161
2021 04 12 00 13 00    -2.8567746   -0.8490634  946.5020  949.2407
2021 04 12 00 14 00    -2.8609017   -0.8510960  946.5196  949.2670
2021 04 12 00 15 00    -2.8653070   -0.8532606  946.5368  949.2991
2021 04 12 00 16 00    -2.8699586   -0.8556654  946.5541  949.3278
2021 04 12 00 17 00    -2.8745944   -0.8580979  946.5717  949.3483
2021 04 12 00 18 00    -2.8791207   -0.8603480  946.5895  949.3690
2021 04 12 00 19 00    -2.8837291   -0.8625541  946.6073  949.3875
2021 04 12 00 20 00    -2.8885044   -0.8649145  946.6249  949.3958
2021 04 12 00 21 00    -2.8934033   -0.8674837  946.6423  949.4108
2021 04 12 00 22 00    -2.8984590   -0.8701716  946.6599  949.4413
2021 04 12 00 23 00    -2.9037107   -0.8727921  946.6776  949.4554
2021 04 12 00 24 00    -2.9090135   -0.8752964  946.6951  949.4478
2021 04 12 00 25 00    -2.9142058   -0.8778356  946.7123  949.4617
2021 04 12 00 26 00    -2.9194652   -0.8805094  946.7298  949.5000
2021 04 12 00 27 00    -2.9248513   -0.8831836  946.7471  949.5240
2021 04 12 00 28 00    -2.9301301   -0.8857849  946.7642  949.5298
2021 04 12 00 29 00    -2.9355679   -0.8885690  946.7813  949.5327
2021 04 12 00 30 00    -2.9415097   -0.8916493  946.7986  949.5341
2021 04 12 00 31 00    -2.9475494   -0.8947139  946.8153  949.5357
2021 04 12 00 32 00    -2.9533842   -0.8975606  946.8308  949.5345
2021 04 12 00 33 00    -2.9592806   -0.9003162  946.8458  949.5291
2021 04 12 00 34 00    -2.9652796   -0.9031303  946.8604  949.5286
2021 04 12 00 35 00    -2.9711790   -0.9060993  946.8742  949.5363
2021 04 12 00 36 00    -2.9770056   -0.9091833  946.8880  949.5522
2021 04 12 00 37 00    -2.9828913   -0.9121758  946.9030  949.5770
2021 04 12 00 38 00    -2.9889293   -0.9151021  946.9189  949.6028
2021 04 12 00 39 00    -2.9952259   -0.9182537  946.9342  949.6245
2021 04 12 00 40 00    -3.0016653   -0.9216113  946.9493  949.6472
2021 04 12 00 41 00    -3.0078923   -0.9248017  946.9651  949.6732
2021 04 12 00 42 00    -3.0140553   -0.9278161  946.9811  949.6974
2021 04 12 00 43 00    -3.0206715   -0.9310634  946.9969  949.7132
2021 04 12 00 44 00    -3.0275344   -0.9345458  947.0124  949.7203
2021 04 12 00 45 00    -3.0342049   -0.9379119  947.0281  949.7232
2021 04 12 00 46 00    -3.0408974   -0.9411872  947.0436  949.7240
2021 04 12 00 47 00    -3.0477981   -0.9445848  947.0581  949.7245
2021 04 12 00 48 00    -3.0547816   -0.9481073  947.0718  949.7322
2021 04 12 00 49 00    -3.0617908   -0.9516908  947.0861  949.7531
2021 04 12 00 50 00    -3.0687262   -0.9552218  947.1015  949.7824
2021 04 12 00 51 00    -3.0755948   -0.9586236  947.1173  949.8121
2021 04 12 00 52 00    -3.0826097   -0.9620928  947.1326  949.8412
2021 04 12 00 53 00    -3.0897859   -0.9657257  947.1482  949.8706
2021 04 12 00 54 00    -3.0969169   -0.9692651  947.1643  949.8947
2021 04 12 00 55 00    -3.1040835   -0.9727550  947.1799  949.9100
2021 04 12 00 56 00    -3.1115579   -0.9765027  947.1944  949.9194
2021 04 12 00 57 00    -3.1191530   -0.9803716  947.2087  949.9269
2021 04 12 00 58 00    -3.1266333   -0.9841518  947.2240  949.9324
2021 04 12 00 59 00    -3.1342125   -0.9879419  947.2402  949.9357
2021 04 12 01 00 00    -3.1419820   -0.9918384  947.2559  949.9376
2021 04 12 01 01 00    -3.1498388   -0.9958661  947.2706  949.9388
2021 04 12 01 02 00    -3.1577625   -0.9998813  947.2848  949.9402
2021 04 12 01 03 00    -3.1657088   -1.0037347  947.2992  949.9441
2021 04 12 01 04 00    -3.1736599   -1.0076308  947.3131  949.9538
2021 04 12 01 05 00    -3.1815874   -1.0116887  947.3261  949.9691
2021 04 12 01 06 00    -3.1894591   -1.0156891  947.3389  949.9859
2021 04 12 01 07 00    -3.1974603   -1.0196107  947.3527  949.9993
2021 04 12 01 08 00    -3.2057678   -1.0236943  947.3668  950.0052
2021 04 12 01 09 00    -3.2141856   -1.0279668  947.3801  950.0016
2021 04 12 01 10 00    -3.2224200   -1.0321603  947.3925  949.9955
2021 04 12 01 11 00    -3.2305068   -1.0361475  947.4047  950.0045
2021 04 12 01 12 00    -3.2386212   -1.0401514  947.4175  950.0420
2021 04 12 01 13 00    -3.2467362   -1.0443026  947.4317  950.1041
2021 04 12 01 14 00    -3.2548401   -1.0484244  947.4469  950.1743
2021 04 12 01 15 00    -3.2631120   -1.0524601  947.4623  950.2329
2021 04 12 01 16 00    -3.2715595   -1.0565549  947.4780  950.2675
2021 04 12 01 17 00    -3.2800120   -1.0607464  947.4942  950.2830
2021 04 12 01 18 00    -3.2884951   -1.0650153  947.5105  950.2923
2021 04 12 01 19 00    -3.2971226   -1.0693786  947.5263  950.3025
2021 04 12 01 20 00    -3.3058158   -1.0737861  947.5415  950.3202
2021 04 12 01 21 00    -3.3143864   -1.0781326  947.5565  950.3510
2021 04 12 01 22 00    -3.3229070   -1.0823891  947.5718  950.3862
2021 04 12 01 23 00    -3.3316974   -1.0867076  947.5881  950.4097
2021 04 12 01 24 00    -3.3407937   -1.0912619  947.6051  950.4166
2021 04 12 01 25 00    -3.3499441   -1.0959778  947.6215  950.4163
2021 04 12 01 26 00    -3.3589982   -1.1006092  947.6370  950.4211
2021 04 12 01 27 00    -3.3679882   -1.1050602  947.6522  950.4363
2021 04 12 01 28 00    -3.3770379   -1.1095121  947.6678  950.4580
2021 04 12 01 29 00    -3.3861834   -1.1141357  947.6841  950.4788
2021 04 12 01 30 00    -3.3953644   -1.1188284  947.6999  950.4962
2021 04 12 01 31 00    -3.4045089   -1.1234088  947.7146  950.5119
2021 04 12 01 32 00    -3.4135893   -1.1278839  947.7294  950.5273
2021 04 12 01 33 00    -3.4227537   -1.1323869  947.7453  950.5431
2021 04 12 01 34 00    -3.4320325   -1.1369596  947.7616  950.5623
2021 04 12 01 35 00    -3.4411963   -1.1415419  947.7777  950.5870
2021 04 12 01 36 00    -3.4503147   -1.1461374  947.7939  950.6124
2021 04 12 01 37 00    -3.4597223   -1.1508443  947.8101  950.6273
2021 04 12 01 38 00    -3.4694036   -1.1556712  947.8258  950.6233
2021 04 12 01 39 00    -3.4790487   -1.1604704  947.8408  950.6015
2021 04 12 01 40 00    -3.4886016   -1.1652135  947.8550  950.5728
2021 04 12 01 41 00    -3.4982899   -1.1700252  947.8686  950.5530
2021 04 12 01 42 00    -3.5080765   -1.1749036  947.8821  950.5569
2021 04 12 01 43 00    -3.5177592   -1.1798403  947.8955  950.5905
2021 04 12 01 44 00    -3.5273851   -1.1848053  947.9094  950.6433
2021 04 12 01 45 00    -3.5369037   -1.1895207  947.9246  950.6939
2021 04 12 01 46 00    -3.5462673   -1.1940490  947.9409  950.7240
2021 04 12 01 47 00    -3.5558156   -1.1988955  947.9572  950.7285
2021 04 12 01 48 00    -3.5656370   -1.2039887  947.9728  950.7190
2021 04 12 01 49 00    -3.5754409   -1.2088822  947.9877  950.7136
2021 04 12 01 50 00    -3.5853009   -1.2136971  948.0020  950.7187
2021 04 12 01 51 00    -3.5953427   -1.2186641  948.0151  950.7261
2021 04 12 01 52 00    -3.6052903   -1.2236785  948.0271  950.7283
2021 04 12 01 53 00    -3.6151738   -1.2288183  948.0391  950.7289
2021 04 12 01 54 00    -3.6252845   -1.2340667  948.0513  950.7306
2021 04 12 01 55 00    -3.6354789   -1.2390241  948.0632  950.7172
2021 04 12 01 56 00    -3.6456865   -1.2438861  948.0742  950.6711
2021 04 12 01 57 00    -3.6560565   -1.2492172  948.0838  950.6090
2021 04 12 01 58 00    -3.6663511   -1.2547339  948.0920  950.5764
2021 04 12 01 59 00    -3.6762685   -1.2598376  948.1000  950.6057
2021 04 12 02 00 00    -3.6858306   -1.2645339  948.1093  950.6858
2021 04 12 02 01 00    -3.6953313   -1.2692116  948.1198  950.7714
2021 04 12 02 02 00    -3.7051190   -1.2740877  948.1307  950.8214
2021 04 12 02 03 00    -3.7151324   -1.2790261  948.1414  950.8324
2021 04 12 02 04 00    -3.7251498   -1.2839558  948.1525  950.8297
2021 04 12 02 05 00    -3.7352191   -1.2890042  948.1645  950.8318
2021 04 12 02 06 00    -3.7453863   -1.2941531  948.1778  950.8362
2021 04 12 02 07 00    -3.7555841   -1.2992963  948.1915  950.8355
2021 04 12 02 08 00    -3.7657481   -1.3044201  948.2040  950.8339
2021 04 12 02 09 00    -3.7758874   -1.3095608  948.2153  950.8404
2021 04 12 02 10 00    -3.7860896   -1.3146586  948.2269  950.8532
2021 04 12 02 11 00    -3.7963151   -1.3195541  948.2396  950.8620
2021 04 12 02 12 00    -3.8065269   -1.3244051  948.2525  950.8574
2021 04 12 02 13 00    -3.8168286   -1.3295774  948.2649  950.8395
2021 04 12 02 14 00    -3.8271294   -1.3349482  948.2766  950.8212
2021 04 12 02 15 00    -3.8372518   -1.3401328  948.2880  950.8139
2021 04 12 02 16 00    -3.8473423   -1.3451522  948.2993  950.8195
2021 04 12 02 17 00    -3.8575583   -1.3502199  948.3105  950.8375
2021 04 12 02 18 00    -3.8676701   -1.3552982  948.3215  950.8633
2021 04 12 02 19 00    -3.8776247   -1.3603610  948.3327  950.8795
2021 04 12 02 20 00    -3.8877563   -1.3655582  948.3439  950.8715
2021 04 12 02 21 00    -3.8980422   -1.3707566  948.3548  950.8533
2021 04 12 02 22 00    -3.9082516   -1.3757168  948.3652  950.8507
2021 04 12 02 23 00    -3.9184098   -1.3806672  948.3755  950.8680
2021 04 12 02 24 00    -3.9284890   -1.3858365  948.3860  950.8984
2021 04 12 02 25 00    -3.9384425   -1.3909375  948.3970  950.9381
2021 04 12 02 26 00    -3.9483552   -1.3957403  948.4086  950.9753
2021 04 12 02 27 00    -3.9583262   -1.4005334  948.4209  950.9982
2021 04 12 02 28 00    -3.9684413   -1.4056397  948.4338  951.0102
2021 04 12 02 29 00    -3.9785898   -1.4108808  948.4462  951.0215
2021 04 12 02 30 00    -3.9885865   -1.4159090  948.4581  951.0435
2021 04 12 02 31 00    -3.9984814   -1.4207870  948.4704  951.0837
2021 04 12 02 32 00    -4.0083178   -1.4257042  948.4835  951.1335
2021 04 12 02 33 00    -4.0180676   -1.4305997  948.4970  951.1740
2021 04 12 02 34 00    -4.0279088   -1.4355082  948.5105  951.1975
2021 04 12 02 35 00    -4.0379185   -1.4405778  948.5242  951.2135
2021 04 12 02 36 00    -4.0478342   -1.4456862  948.5383  951.2322
2021 04 12 02 37 00    -4.0575763   -1.4506050  948.5524  951.2524
2021 04 12 02 38 00    -4.0674080   -1.4553955  948.5663  951.2670
2021 04 12 02 39 00    -4.0774362   -1.4603508  948.5795  951.2774
2021 04 12 02 40 00    -4.0874321   -1.4654703  948.5930  951.2940
2021 04 12 02 41 00    -4.0972365   -1.4704662  948.6077  951.3215
2021 04 12 02 42 00    -4.1070139   -1.4753601  948.6227  951.3537
2021 04 12 02 43 00    -4.1168729   -1.4802839  948.6365  951.3807
2021 04 12 02 44 00    -4.1266883   -1.4851583  948.6499  951.3981
2021 04 12 02 45 00    -4.1363995   -1.4900230  948.6642  951.4129
2021 04 12 02 46 00    -4.1460624   -1.4949465  948.6793  951.4329
2021 04 12 02 47 00    -4.1558026   -1.4998274  948.6943  951.4528
2021 04 12 02 48 00    -4.1657250   -1.5046680  948.7088  951.4617
2021 04 12 02 49 00    -4.1757212   -1.5095601  948.7232  951.4522
2021 04 12 02 50 00    -4.1856938   -1.5145111  948.7369  951.4204
2021 04 12 02 51 00    -4.1956598   -1.5194951  948.7491  951.3737
2021 04 12 02 52 00    -4.2055332   -1.5244514  948.7601  951.3329
2021 04 12 02 53 00    -4.2153531   -1.5293732  948.7706  951.3108
2021 04 12 02 54 00    -4.2252207   -1.5342986  948.7807  951.3043
2021 04 12 02 55 00    -4.2349715   -1.5391782  948.7905  951.3126
2021 04 12 02 56 00    -4.2445012   -1.5439940  948.8006  951.3393
2021 04 12 02 57 00    -4.2538999   -1.5487739  948.8113  951.3781
2021 04 12 02 58 00    -4.2632878   -1.5534872  948.8228  951.4148
2021 04 12 02 59 00    -4.2727552   -1.5581317  948.8346  951.4395
2021 04 12 03 00 00    -4.2821696   -1.5627630  948.8461  951.4494
2021 04 12 03 01 00    -4.2914039   -1.5673987  948.8573  951.4489
2021 04 12 03 02 00    -4.3006278   -1.5720683  948.8678  951.4505
2021 04 12 03 03 00    -4.3099338   -1.5768014  948.8779  951.4629
2021 04 12 03 04 00    -4.3191819   -1.5814888  948.8883  951.4784
2021 04 12 03 05 00    -4.3284240   -1.5860887  948.8990  951.4832
2021 04 12 03 06 00    -4.3378184   -1.5906994  948.9094  951.4732
2021 04 12 03 07 00    -4.3471843   -1.5952815  948.9191  951.4556
2021 04 12 03 08 00    -4.3563726   -1.5997954  948.9290  951.4442
2021 04 12 03 09 00    -4.3655486   -1.6043604  948.9393  951.4452
2021 04 12 03 10 00    -4.3747464   -1.6090193  948.9496  951.4525
2021 04 12 03 11 00    -4.3838203   -1.6136534  948.9599  951.4624
2021 04 12 03 12 00    -4.3927287   -1.6181826  948.9709  951.4743
2021 04 12 03 13 00    -4.4015808   -1.6226670  948.9823  951.4840
2021 04 12 03 14 00    -4.4104717   -1.6271281  948.9934  951.4942
2021 04 12 03 15 00    -4.4192986   -1.6314919  949.0043  951.5111
2021 04 12 03 16 00    -4.4279347   -1.6357532  949.0153  951.5333
2021 04 12 03 17 00    -4.4364577   -1.6399810  949.0262  951.5582
2021 04 12 03 18 00    -4.4449261   -1.6442032  949.0372  951.5858
2021 04 12 03 19 00    -4.4532789   -1.6484103  949.0489  951.6124
2021 04 12 03 20 00    -4.4616710   -1.6526516  949.0612  951.6328
2021 04 12 03 21 00    -4.4702739   -1.6569770  949.0733  951.6453
2021 04 12 03 22 00    -4.4788361   -1.6613081  949.0855  951.6537
2021 04 12 03 23 00    -4.4871770   -1.6655768  949.0985  951.6698
2021 04 12 03 24 00    -4.4954748   -1.6697620  949.1117  951.7015
2021 04 12 03 25 00    -4.5037250   -1.6738093  949.1244  951.7362
2021 04 12 03 26 00    -4.5118085   -1.6778162  949.1364  951.7533
2021 04 12 03 27 00    -4.5198594   -1.6818783  949.1485  951.7541
2021 04 12 03 28 00    -4.5279953   -1.6859235  949.1608  951.7525
2021 04 12 03 29 00    -4.5361089   -1.6899889  949.1729  951.7511
2021 04 12 03 30 00    -4.5441337   -1.6940695  949.1849  951.7473
2021 04 12 03 31 00    -4.5521421   -1.6979938  949.1964  951.7448
2021 04 12 03 32 00    -4.5600950   -1.7018228  949.2071  951.7505
2021 04 12 03 33 00    -4.5679486   -1.7058041  949.2179  951.7608
2021 04 12 03 34 00    -4.5758105   -1.7099124  949.2297  951.7635
2021 04 12 03 35 00    -4.5836311   -1.7138820  949.2420  951.7611
2021 04 12 03 36 00    -4.5913023   -1.7177152  949.2538  951.7681
2021 04 12 03 37 00    -4.5989051   -1.7216078  949.2647  951.7873
2021 04 12 03 38 00    -4.6064463   -1.7254142  949.2756  951.8123
2021 04 12 03 39 00    -4.6138314   -1.7289617  949.2873  951.8368
2021 04 12 03 40 00    -4.6210885   -1.7324831  949.2991  951.8543
2021 04 12 03 41 00    -4.6282999   -1.7361295  949.3105  951.8623
2021 04 12 03 42 00    -4.6355146   -1.7398016  949.3219  951.8668
2021 04 12 03 43 00    -4.6428272   -1.7435320  949.3338  951.8773
2021 04 12 03 44 00    -4.6501205   -1.7472402  949.3454  951.8986
2021 04 12 03 45 00    -4.6570964   -1.7506925  949.3569  951.9247
2021 04 12 03 46 00    -4.6639621   -1.7540838  949.3684  951.9420
2021 04 12 03 47 00    -4.6710135   -1.7576613  949.3801  951.9457
2021 04 12 03 48 00    -4.6779295   -1.7611473  949.3916  951.9475
2021 04 12 03 49 00    -4.6845593   -1.7643877  949.4030  951.9586
2021 04 12 03 50 00    -4.6912128   -1.7676946  949.4141  951.9777
2021 04 12 03 51 00    -4.6978928   -1.7711546  949.4253  951.9986
2021 04 12 03 52 00    -4.7044041   -1.7744925  949.4371  952.0176
2021 04 12 03 53 00    -4.7108238   -1.7776506  949.4494  952.0351
2021 04 12 03 54 00    -4.7171958   -1.7807669  949.4609  952.0512
2021 04 12 03 55 00    -4.7233787   -1.7838160  949.4717  952.0657
2021 04 12 03 56 00    -4.7294471   -1.7868003  949.4832  952.0786
2021 04 12 03 57 00    -4.7355861   -1.7898461  949.4956  952.0885
2021 04 12 03 58 00    -4.7417762   -1.7929413  949.5078  952.0963
2021 04 12 03 59 00    -4.7480061   -1.7960143  949.5199  952.1042
2021 04 12 04 00 00    -4.7541940   -1.7990774  949.5314  952.1092
2021 04 12 04 01 00    -4.7600899   -1.8021043  949.5423  952.1107
2021 04 12 04 02 00    -4.7657277   -1.8050133  949.5529  952.1155
2021 04 12 04 03 00    -4.7714159   -1.8078342  949.5637  952.1228
2021 04 12 04 04 00    -4.7772370   -1.8107103  949.5748  952.1261
2021 04 12 04 05 00    -4.7828901   -1.8135708  949.5859  952.1289
2021 04 12 04 06 00    -4.7881643   -1.8161943  949.5973  952.1368
2021 04 12 04 07 00    -4.7934227   -1.8187920  949.6088  952.1503
2021 04 12 04 08 00    -4.7990116   -1.8216772  949.6199  952.1714
2021 04 12 04 09 00    -4.8045375   -1.8244983  949.6306  952.1949
2021 04 12 04 10 00    -4.8095058   -1.8268925  949.6410  952.2077
2021 04 12 04 11 00    -4.8141980   -1.8292261  949.6512  952.2088
2021 04 12 04 12 00    -4.8191769   -1.8318255  949.6610  952.2062
2021 04 12 04 13 00    -4.8243354   -1.8344513  949.6706  952.2024
2021 04 12 04 14 00    -4.8292665   -1.8369417  949.6800  952.2000
2021 04 12 04 15 00    -4.8340133   -1.8394264  949.6893  952.2042
2021 04 12 04 16 00    -4.8387203   -1.8418844  949.6990  952.2162
2021 04 12 04 17 00    -4.8432411   -1.8441415  949.7089  952.2318
2021 04 12 04 18 00    -4.8475753   -1.8461879  949.7186  952.2476
2021 04 12 04 19 00    -4.8519855   -1.8482341  949.7280  952.2651
2021 04 12 04 20 00    -4.8564006   -1.8503934  949.7374  952.2868
2021 04 12 04 21 00    -4.8605109   -1.8524991  949.7472  952.3089
2021 04 12 04 22 00    -4.8643232   -1.8544069  949.7572  952.3273
2021 04 12 04 23 00    -4.8681213   -1.8562630  949.7673  952.3445
2021 04 12 04 24 00    -4.8721223   -1.8583171  949.7776  952.3621
2021 04 12 04 25 00    -4.8761317   -1.8604508  949.7882  952.3767
2021 04 12 04 26 00    -4.8798260   -1.8622831  949.7995  952.3858
2021 04 12 04 27 00    -4.8832808   -1.8638862  949.8117  952.3890
2021 04 12 04 28 00    -4.8867342   -1.8656531  949.8241  952.3928
2021 04 12 04 29 00    -4.8902065   -1.8675197  949.8362  952.4056
2021 04 12 04 30 00    -4.8935756   -1.8691717  949.8481  952.4237
2021 04 12 04 31 00    -4.8968017   -1.8706880  949.8599  952.4366
2021 04 12 04 32 00    -4.8999306   -1.8722783  949.8719  952.4433
2021 04 12 04 33 00    -4.9030224   -1.8738918  949.8839  952.4515
2021 04 12 04 34 00    -4.9060857   -1.8753905  949.8958  952.4648
2021 04 12 04 35 00    -4.9090096   -1.8767582  949.9074  952.4787
2021 04 12 04 36 00    -4.9117511   -1.8780888  949.9193  952.4933
2021 04 12 04 37 00    -4.9144040   -1.8794337  949.9318  952.5181
2021 04 12 04 38 00    -4.9169471   -1.8807239  949.9446  952.5567
2021 04 12 04 39 00    -4.9192109   -1.8818249  949.9575  952.5976
2021 04 12 04 40 00    -4.9212460   -1.8827942  949.9714  952.6290
2021 04 12 04 41 00    -4.9233478   -1.8839201  949.9856  952.6509
2021 04 12 04 42 00    -4.9255175   -1.8851759  949.9993  952.6669
2021 04 12 04 43 00    -4.9275335   -1.8862350  950.0128  952.6803
2021 04 12 04 44 00    -4.9294154   -1.8870803  950.0261  952.6950
2021 04 12 04 45 00    -4.9312770   -1.8879191  950.0393  952.7143
2021 04 12 04 46 00    -4.9331629   -1.8888241  950.0525  952.7375
2021 04 12 04 47 00    -4.9349917   -1.8897296  950.0659  952.7575
2021 04 12 04 48 00    -4.9365802   -1.8905480  950.0795  952.7683
2021 04 12 04 49 00    -4.9380053   -1.8913161  950.0931  952.7776
2021 04 12 04 50 00    -4.9394726   -1.8921363  950.1070  952.7967
2021 04 12 04 51 00    -4.9408490   -1.8928987  950.1213  952.8196
2021 04 12 04 52 00    -4.9418705   -1.8933163  950.1355  952.8328
2021 04 12 04 53 00    -4.9427010   -1.8934830  950.1490  952.8383
2021 04 12 04 54 00    -4.9438016   -1.8939197  950.1621  952.8442
2021 04 12 04 55 00    -4.9450837   -1.8947064  950.1754  952.8518
2021 04 12 04 56 00    -4.9459434   -1.8953188  950.1889  952.8611
2021 04 12 04 57 00    -4.9464047   -1.8955640  950.2024  952.8683
2021 04 12 04 58 00    -4.9470813   -1.8958719  950.2161  952.8727
2021 04 12 04 59 00    -4.9479879   -1.8964133  950.2296  952.8822
2021 04 12 05 00 00    -4.9485167   -1.8966925  950.2425  952.8992
2021 04 12 05 01 00    -4.9484764   -1.8965024  950.2553  952.9197
2021 04 12 05 02 00    -4.9484008   -1.8963775  950.2688  952.9437
2021 04 12 05 03 00    -4.9485991   -1.8965426  950.2822  952.9661
2021 04 12 05 04 00    -4.9487320   -1.8966228  950.2953  952.9783
2021 04 12 05 05 00    -4.9486490   -1.8965137  950.3085  952.9863
2021 04 12 05 06 00    -4.9484675   -1.8963768  950.3222  953.0018
2021 04 12 05 07 00    -4.9480688   -1.8961886  950.3359  953.0202
2021 04 12 05 08 00    -4.9474327   -1.8959097  950.3493  953.0294
2021 04 12 05 09 00    -4.9467734   -1.8955679  950.3626  953.0347
2021 04 12 05 10 00    -4.9461144   -1.8951412  950.3760  953.0513
2021 04 12 05 11 00    -4.9453112   -1.8947177  950.3895  953.0798
2021 04 12 05 12 00    -4.9443196   -1.8943714  950.4033  953.1054
2021 04 12 05 13 00    -4.9432460   -1.8939424  950.4172  953.1201
2021 04 12 05 14 00    -4.9422128   -1.8933876  950.4308  953.1310
2021 04 12 05 15 00    -4.9410706   -1.8927532  950.4443  953.1466
2021 04 12 05 16 00    -4.9395882   -1.8919324  950.4584  953.1694
2021 04 12 05 17 00    -4.9379283   -1.8910249  950.4728  953.2018
2021 04 12 05 18 00    -4.9363198   -1.8902355  950.4870  953.2404
2021 04 12 05 19 00    -4.9347274   -1.8895337  950.5011  953.2755
2021 04 12 05 20 00    -4.9330313   -1.8887830  950.5154  953.3020
2021 04 12 05 21 00    -4.9310378   -1.8878222  950.5302  953.3209
2021 04 12 05 22 00    -4.9288313   -1.8866909  950.5460  953.3375
2021 04 12 05 23 00    -4.9267510   -1.8855999  950.5624  953.3606
2021 04 12 05 24 00    -4.9246632   -1.8845441  950.5789  953.3959
2021 04 12 05 25 00    -4.9222995   -1.8834192  950.5955  953.4392
2021 04 12 05 26 00    -4.9197759   -1.8821831  950.6125  953.4821
2021 04 12 05 27 00    -4.9171878   -1.8808504  950.6296  953.5197
2021 04 12 05 28 00    -4.9144846   -1.8794916  950.6465  953.5476
2021 04 12 05 29 00    -4.9116318   -1.8780550  950.6640  953.5617
2021 04 12 05 30 00    -4.9086406   -1.8765080  950.6820  953.5698
2021 04 12 05 31 00    -4.9056202   -1.8750265  950.6994  953.5853
2021 04 12 05 32 00    -4.9026624   -1.8736681  950.7163  953.6052
2021 04 12 05 33 00    -4.8996602   -1.8722081  950.7336  953.6220
2021 04 12 05 34 00    -4.8964259   -1.8704781  950.7516  953.6460
2021 04 12 05 35 00    -4.8929818   -1.8686228  950.7694  953.6841
2021 04 12 05 36 00    -4.8894762   -1.8668934  950.7874  953.7225
2021 04 12 05 37 00    -4.8859466   -1.8652897  950.8064  953.7546
2021 04 12 05 38 00    -4.8823776   -1.8635791  950.8259  953.7866
2021 04 12 05 39 00    -4.8786542   -1.8616206  950.8452  953.8147
2021 04 12 05 40 00    -4.8746579   -1.8595553  950.8644  953.8338
2021 04 12 05 41 00    -4.8705571   -1.8575664  950.8836  953.8505
2021 04 12 05 42 00    -4.8664531   -1.8555361  950.9027  953.8693
2021 04 12 05 43 00    -4.8621770   -1.8533154  950.9223  953.8882
2021 04 12 05 44 00    -4.8577320   -1.8510475  950.9423  953.9091
2021 04 12 05 45 00    -4.8532503   -1.8488364  950.9619  953.9338
2021 04 12 05 46 00    -4.8487409   -1.8465972  950.9811  953.9591
2021 04 12 05 47 00    -4.8441556   -1.8442667  951.0008  953.9841
2021 04 12 05 48 00    -4.8394638   -1.8418423  951.0211  954.0113
2021 04 12 05 49 00    -4.8346754   -1.8393894  951.0412  954.0378
2021 04 12 05 50 00    -4.8297558   -1.8369315  951.0612  954.0605
2021 04 12 05 51 00    -4.8247099   -1.8344282  951.0814  954.0830
2021 04 12 05 52 00    -4.8196422   -1.8319113  951.1013  954.1081
2021 04 12 05 53 00    -4.8145231   -1.8293828  951.1209  954.1355
2021 04 12 05 54 00    -4.8092235   -1.8267814  951.1411  954.1641
2021 04 12 05 55 00    -4.8037223   -1.8240680  951.1619  954.1888
2021 04 12 05 56 00    -4.7981191   -1.8212611  951.1825  954.2031
2021 04 12 05 57 00    -4.7925036   -1.8183928  951.2025  954.2074
2021 04 12 05 58 00    -4.7868345   -1.8153841  951.2225  954.2086
2021 04 12 05 59 00    -4.7810193   -1.8122692  951.2423  954.2147
2021 04 12 06 00 00    -4.7750675   -1.8093256  951.2619  954.2277
2021 04 12 06 01 00    -4.7690789   -1.8065534  951.2809  954.2427
2021 04 12 06 02 00    -4.7630359   -1.8035799  951.2987  954.2555
2021 04 12 06 03 00    -4.7567672   -1.8003089  951.3160  954.2680
2021 04 12 06 04 00    -4.7503173   -1.7970488  951.3341  954.2836
2021 04 12 06 05 00    -4.7439362   -1.7939595  951.3532  954.3024
2021 04 12 06 06 00    -4.7375571   -1.7908081  951.3724  954.3223
2021 04 12 06 07 00    -4.7309429   -1.7874304  951.3910  954.3419
2021 04 12 06 08 00    -4.7241077   -1.7840111  951.4096  954.3593
2021 04 12 06 09 00    -4.7171682   -1.7806311  951.4281  954.3727
2021 04 12 06 10 00    -4.7102461   -1.7771440  951.4460  954.3827
2021 04 12 06 11 00    -4.7033155   -1.7735348  951.4635  954.3927
2021 04 12 06 12 00    -4.6961673   -1.7698933  951.4810  954.4045
2021 04 12 06 13 00    -4.6889036   -1.7662697  951.4987  954.4162
2021 04 12 06 14 00    -4.6817517   -1.7626686  951.5159  954.4278
2021 04 12 06 15 00    -4.6745078   -1.7590408  951.5323  954.4394
2021 04 12 06 16 00    -4.6670247   -1.7554062  951.5483  954.4467
2021 04 12 06 17 00    -4.6595686   -1.7518123  951.5643  954.4481
2021 04 12 06 18 00    -4.6520751   -1.7480639  951.5798  954.4507
2021 04 12 06 19 00    -4.6441946   -1.7439833  951.5948  954.4628
2021 04 12 06 20 00    -4.6361339   -1.7398148  951.6095  954.4861
2021 04 12 06 21 00    -4.6281200   -1.7357569  951.6239  954.5158
2021 04 12 06 22 00    -4.6199489   -1.7316982  951.6389  954.5445
2021 04 12 06 23 00    -4.6116963   -1.7276764  951.6557  954.5674
2021 04 12 06 24 00    -4.6035402   -1.7237041  951.6735  954.5839
2021 04 12 06 25 00    -4.5953276   -1.7195945  951.6910  954.5946
2021 04 12 06 26 00    -4.5869455   -1.7153906  951.7086  954.5989
2021 04 12 06 27 00    -4.5784841   -1.7112246  951.7263  954.5982
2021 04 12 06 28 00    -4.5700021   -1.7070381  951.7435  954.5985
2021 04 12 06 29 00    -4.5613750   -1.7027130  951.7602  954.6056
2021 04 12 06 30 00    -4.5525968   -1.6982551  951.7763  954.6189
2021 04 12 06 31 00    -4.5437871   -1.6938346  951.7918  954.6320
2021 04 12 06 32 00    -4.5348522   -1.6894408  951.8073  954.6387
2021 04 12 06 33 00    -4.5258186   -1.6849341  951.8233  954.6374
2021 04 12 06 34 00    -4.5167986   -1.6803758  951.8390  954.6331
2021 04 12 06 35 00    -4.5076913   -1.6758076  951.8539  954.6328
2021 04 12 06 36 00    -4.4985318   -1.6712106  951.8686  954.6387
2021 04 12 06 37 00    -4.4893222   -1.6666080  951.8837  954.6477
2021 04 12 06 38 00    -4.4798517   -1.6619206  951.8987  954.6575
2021 04 12 06 39 00    -4.4701046   -1.6570521  951.9132  954.6679
2021 04 12 06 40 00    -4.4602802   -1.6520865  951.9277  954.6781
2021 04 12 06 41 00    -4.4505763   -1.6472097  951.9423  954.6858
2021 04 12 06 42 00    -4.4409155   -1.6424238  951.9569  954.6926
2021 04 12 06 43 00    -4.4310086   -1.6375167  951.9715  954.7021
2021 04 12 06 44 00    -4.4208640   -1.6323887  951.9861  954.7139
2021 04 12 06 45 00    -4.4106998   -1.6271760  952.0003  954.7257
2021 04 12 06 46 00    -4.4005490   -1.6220217  952.0144  954.7367
2021 04 12 06 47 00    -4.3903149   -1.6169157  952.0282  954.7459
2021 04 12 06 48 00    -4.3799925   -1.6117863  952.0417  954.7525
2021 04 12 06 49 00    -4.3695929   -1.6065714  952.0554  954.7575
2021 04 12 06 50 00    -4.3590152   -1.6012778  952.0691  954.7648
2021 04 12 06 51 00    -4.3483765   -1.5960470  952.0824  954.7775
2021 04 12 06 52 00    -4.3378095   -1.5908535  952.0955  954.7942
2021 04 12 06 53 00    -4.3270595   -1.5854935  952.1091  954.8118
2021 04 12 06 54 00    -4.3161616   -1.5800604  952.1230  954.8284
2021 04 12 06 55 00    -4.3053516   -1.5746636  952.1367  954.8440
2021 04 12 06 56 00    -4.2943374   -1.5690726  952.1499  954.8616
2021 04 12 06 57 00    -4.2829688   -1.5632592  952.1634  954.8846
2021 04 12 06 58 00    -4.2716329   -1.5575181  952.1775  954.9063
2021 04 12 06 59 00    -4.2605729   -1.5519583  952.1914  954.9147
2021 04 12 07 00 00    -4.2496439   -1.5464325  952.2043  954.9129
2021 04 12 07 01 00    -4.2385208   -1.5407896  952.2166  954.9154
2021 04 12 07 02 00    -4.2270320   -1.5350354  952.2294  954.9271
2021 04 12 07 03 00    -4.2153553   -1.5292507  952.2432  954.9437
2021 04 12 07 04 00    -4.2036493   -1.5233733  952.2572  954.9629
2021 04 12 07 05 00    -4.1918935   -1.5173998  952.2708  954.9834
2021 04 12 07 06 00    -4.1801514   -1.5115476  952.2841  955.0020
2021 04 12 07 07 00    -4.1683364   -1.5057661  952.2972  955.0189
2021 04 12 07 08 00    -4.1562731   -1.4997971  952.3106  955.0386
2021 04 12 07 09 00    -4.1442299   -1.4937724  952.3247  955.0625
2021 04 12 07 10 00    -4.1324411   -1.4878731  952.3390  955.0861
2021 04 12 07 11 00    -4.1205728   -1.4818766  952.3529  955.1025
2021 04 12 07 12 00    -4.1083280   -1.4756274  952.3668  955.1084
2021 04 12 07 13 00    -4.0959001   -1.4693145  952.3805  955.1072
2021 04 12 07 14 00    -4.0836293   -1.4631369  952.3934  955.1039
2021 04 12 07 15 00    -4.0715616   -1.4571201  952.4052  955.1009
2021 04 12 07 16 00    -4.0593822   -1.4511037  952.4170  955.1030
2021 04 12 07 17 00    -4.0468692   -1.4448663  952.4294  955.1149
2021 04 12 07 18 00    -4.0341769   -1.4384349  952.4418  955.1337
2021 04 12 07 19 00    -4.0215011   -1.4320483  952.4535  955.1555
2021 04 12 07 20 00    -4.0088658   -1.4257785  952.4652  955.1817
2021 04 12 07 21 00    -3.9962037   -1.4194771  952.4783  955.2095
2021 04 12 07 22 00    -3.9835056   -1.4130833  952.4933  955.2288
2021 04 12 07 23 00    -3.9707982   -1.4067120  952.5085  955.2339
2021 04 12 07 24 00    -3.9579816   -1.4003793  952.5228  955.2343
2021 04 12 07 25 00    -3.9450144   -1.3939283  952.5370  955.2455
2021 04 12 07 26 00    -3.9319822   -1.3873376  952.5511  955.2690
2021 04 12 07 27 00    -3.9189045   -1.3807220  952.5647  955.2937
2021 04 12 07 28 00    -3.9057783   -1.3741009  952.5784  955.3146
2021 04 12 07 29 00    -3.8926511   -1.3675424  952.5931  955.3320
2021 04 12 07 30 00    -3.8795804   -1.3611231  952.6081  955.3420
2021 04 12 07 31 00    -3.8664766   -1.3546754  952.6217  955.3465
2021 04 12 07 32 00    -3.8531857   -1.3480196  952.6344  955.3545
2021 04 12 07 33 00    -3.8397885   -1.3412304  952.6481  955.3689
2021 04 12 07 34 00    -3.8263836   -1.3344561  952.6628  955.3851
2021 04 12 07 35 00    -3.8129147   -1.3277236  952.6771  955.4001
2021 04 12 07 36 00    -3.7994276   -1.3210326  952.6909  955.4146
2021 04 12 07 37 00    -3.7859748   -1.3143696  952.7052  955.4278
2021 04 12 07 38 00    -3.7724321   -1.3075656  952.7200  955.4356
2021 04 12 07 39 00    -3.7587334   -1.3005384  952.7347  955.4378
2021 04 12 07 40 00    -3.7450399   -1.2935367  952.7489  955.4400
2021 04 12 07 41 00    -3.7314508   -1.2867218  952.7622  955.4470
2021 04 12 07 42 00    -3.7177197   -1.2798930  952.7752  955.4607
2021 04 12 07 43 00    -3.7037018   -1.2728928  952.7884  955.4813
2021 04 12 07 44 00    -3.6897089   -1.2658467  952.8017  955.5030
2021 04 12 07 45 00    -3.6758676   -1.2588794  952.8157  955.5202
2021 04 12 07 46 00    -3.6619191   -1.2519167  952.8306  955.5375
2021 04 12 07 47 00    -3.6479188   -1.2449093  952.8457  955.5613
2021 04 12 07 48 00    -3.6340898   -1.2379567  952.8598  955.5857
2021 04 12 07 49 00    -3.6202164   -1.2310375  952.8732  955.5970
2021 04 12 07 50 00    -3.6060977   -1.2240123  952.8870  955.5919
2021 04 12 07 51 00    -3.5919153   -1.2169098  952.9009  955.5815
2021 04 12 07 52 00    -3.5778584   -1.2098913  952.9142  955.5751
2021 04 12 07 53 00    -3.5640185   -1.2030260  952.9271  955.5727
2021 04 12 07 54 00    -3.5502022   -1.1961445  952.9399  955.5751
2021 04 12 07 55 00    -3.5359500   -1.1889863  952.9525  955.5897
2021 04 12 07 56 00    -3.5212494   -1.1815801  952.9652  955.6210
2021 04 12 07 57 00    -3.5065270   -1.1742265  952.9786  955.6676
2021 04 12 07 58 00    -3.4920186   -1.1670615  952.9929  955.7251
2021 04 12 07 59 00    -3.4776689   -1.1599143  953.0077  955.7747
2021 04 12 08 00 00    -3.4632628   -1.1526243  953.0226  955.7912
2021 04 12 08 01 00    -3.4487161   -1.1452807  953.0377  955.7782
2021 04 12 08 02 00    -3.4342699   -1.1380801  953.0528  955.7626
2021 04 12 08 03 00    -3.4200375   -1.1310296  953.0671  955.7544
2021 04 12 08 04 00    -3.4058057   -1.1239571  953.0802  955.7499
2021 04 12 08 05 00    -3.3914071   -1.1167618  953.0926  955.7528
2021 04 12 08 06 00    -3.3767963   -1.1094184  953.1051  955.7670
2021 04 12 08 07 00    -3.3620580   -1.1019913  953.1176  955.7865
2021 04 12 08 08 00    -3.3474628   -1.0946694  953.1303  955.7996
2021 04 12 08 09 00    -3.3330267   -1.0874303  953.1432  955.8018
2021 04 12 08 10 00    -3.3183952   -1.0800244  953.1561  955.8031
2021 04 12 08 11 00    -3.3035838   -1.0724740  953.1692  955.8130
2021 04 12 08 12 00    -3.2890667   -1.0651282  953.1822  955.8264
2021 04 12 08 13 00    -3.2748118   -1.0580935  953.1946  955.8342
2021 04 12 08 14 00    -3.2602794   -1.0509894  953.2062  955.8343
2021 04 12 08 15 00    -3.2454941   -1.0435707  953.2179  955.8302
2021 04 12 08 16 00    -3.2308522   -1.0360917  953.2298  955.8290
2021 04 12 08 17 00    -3.2163041   -1.0287685  953.2414  955.8357
2021 04 12 08 18 00    -3.2016966   -1.0214878  953.2525  955.8482
2021 04 12 08 19 00    -3.1870559   -1.0141240  953.2638  955.8604
2021 04 12 08 20 00    -3.1723882   -1.0067534  953.2751  955.8605
2021 04 12 08 21 00    -3.1577916   -0.9994832  953.2860  955.8423
2021 04 12 08 22 00    -3.1433855   -0.9922878  953.2961  955.8186
2021 04 12 08 23 00    -3.1290878   -0.9851559  953.3049  955.7994
2021 04 12 08 24 00    -3.1147100   -0.9780471  953.3127  955.7790
2021 04 12 08 25 00    -3.1002035   -0.9708493  953.3202  955.7584
2021 04 12 08 26 00    -3.0856929   -0.9636192  953.3277  955.7481
2021 04 12 08 27 00    -3.0711820   -0.9563844  953.3354  955.7522
2021 04 12 08 28 00    -3.0565218   -0.9489872  953.3436  955.7665
2021 04 12 08 29 00    -3.0417159   -0.9414386  953.3533  955.7849
2021 04 12 08 30 00    -3.0269264   -0.9339203  953.3642  955.8044
2021 04 12 08 31 00    -3.0121698   -0.9264888  953.3750  955.8248
2021 04 12 08 32 00    -2.9973244   -0.9191569  953.3854  955.8470
2021 04 12 08 33 00    -2.9824664   -0.9119514  953.3957  955.8738
2021 04 12 08 34 00    -2.9676972   -0.9046448  953.4059  955.9027
2021 04 12 08 35 00    -2.9528837   -0.8970297  953.4163  955.9265
2021 04 12 08 36 00    -2.9380740   -0.8893966  953.4274  955.9490
2021 04 12 08 37 00    -2.9234320   -0.8820353  953.4393  955.9760
2021 04 12 08 38 00    -2.9087145   -0.8747289  953.4519  955.9984
2021 04 12 08 39 00    -2.8937646   -0.8672553  953.4644  956.0159
2021 04 12 08 40 00    -2.8788767   -0.8597946  953.4763  956.0387
2021 04 12 08 41 00    -2.8642237   -0.8525241  953.4881  956.0565
2021 04 12 08 42 00    -2.8497702   -0.8453026  953.5003  956.0528
2021 04 12 08 43 00    -2.8354123   -0.8379718  953.5121  956.0395
2021 04 12 08 44 00    -2.8209393   -0.8306145  953.5236  956.0344
2021 04 12 08 45 00    -2.8063579   -0.8233641  953.5350  956.0356
2021 04 12 08 46 00    -2.7918364   -0.8161817  953.5458  956.0373
2021 04 12 08 47 00    -2.7772631   -0.8089148  953.5561  956.0435
2021 04 12 08 48 00    -2.7625102   -0.8015439  953.5665  956.0588
2021 04 12 08 49 00    -2.7477976   -0.7942163  953.5775  956.0823
2021 04 12 08 50 00    -2.7332341   -0.7869123  953.5891  956.1108
2021 04 12 08 51 00    -2.7186941   -0.7795466  953.6010  956.1367
2021 04 12 08 52 00    -2.7042902   -0.7723335  953.6123  956.1496
2021 04 12 08 53 00    -2.6900606   -0.7653262  953.6233  956.1449
2021 04 12 08 54 00    -2.6758294   -0.7582328  953.6343  956.1266
2021 04 12 08 55 00    -2.6617345   -0.7510403  953.6451  956.1011
2021 04 12 08 56 00    -2.6478389   -0.7439456  953.6555  956.0737
2021 04 12 08 57 00    -2.6337537   -0.7369239  953.6646  956.0521
2021 04 12 08 58 00    -2.6193558   -0.7298515  953.6719  956.0460
2021 04 12 08 59 00    -2.6049970   -0.7227113  953.6789  956.0596
2021 04 12 09 00 00    -2.5908052   -0.7155683  953.6872  956.0881
2021 04 12 09 01 00    -2.5765256   -0.7084371  953.6970  956.1270
2021 04 12 09 02 00    -2.5620189   -0.7012205  953.7071  956.1768
2021 04 12 09 03 00    -2.5474670   -0.6939135  953.7170  956.2298
2021 04 12 09 04 00    -2.5330887   -0.6866990  953.7276  956.2673
2021 04 12 09 05 00    -2.5188978   -0.6796233  953.7391  956.2828
2021 04 12 09 06 00    -2.5048143   -0.6725814  953.7500  956.2900
2021 04 12 09 07 00    -2.4907660   -0.6655836  953.7608  956.3013
2021 04 12 09 08 00    -2.4767157   -0.6586243  953.7725  956.3187
2021 04 12 09 09 00    -2.4627394   -0.6516009  953.7847  956.3370
2021 04 12 09 10 00    -2.4489202   -0.6444877  953.7959  956.3455
2021 04 12 09 11 00    -2.4352413   -0.6374495  953.8062  956.3388
2021 04 12 09 12 00    -2.4216184   -0.6306881  953.8165  956.3271
2021 04 12 09 13 00    -2.4079433   -0.6240231  953.8270  956.3246
2021 04 12 09 14 00    -2.3942049   -0.6171538  953.8369  956.3317
2021 04 12 09 15 00    -2.3805335   -0.6102749  953.8462  956.3352
2021 04 12 09 16 00    -2.3670954   -0.6036712  953.8554  956.3278
2021 04 12 09 17 00    -2.3538605   -0.5971696  953.8646  956.3151
2021 04 12 09 18 00    -2.3404481   -0.5903991  953.8733  956.3127
2021 04 12 09 19 00    -2.3267063   -0.5833318  953.8819  956.3361
2021 04 12 09 20 00    -2.3130895   -0.5764239  953.8917  956.3756
2021 04 12 09 21 00    -2.2998120   -0.5699199  953.9028  956.4027
2021 04 12 09 22 00    -2.2865334   -0.5634157  953.9146  956.4152
2021 04 12 09 23 00    -2.2730802   -0.5565763  953.9266  956.4330
2021 04 12 09 24 00    -2.2596262   -0.5496523  953.9388  956.4547
2021 04 12 09 25 00    -2.2463178   -0.5429422  953.9515  956.4656
2021 04 12 09 26 00    -2.2331089   -0.5363494  953.9641  956.4685
2021 04 12 09 27 00    -2.2199819   -0.5297366  953.9757  956.4723
2021 04 12 09 28 00    -2.2070527   -0.5231950  953.9864  956.4754
2021 04 12 09 29 00    -2.1942512   -0.5167766  953.9970  956.4811
2021 04 12 09 30 00    -2.1813522   -0.5103923  954.0078  956.4984
2021 04 12 09 31 00    -2.1683505   -0.5040312  954.0191  956.5197
2021 04 12 09 32 00    -2.1554469   -0.4977499  954.0306  956.5341
2021 04 12 09 33 00    -2.1428277   -0.4915229  954.0418  956.5492
2021 04 12 09 34 00    -2.1304284   -0.4852397  954.0528  956.5657
2021 04 12 09 35 00    -2.1179061   -0.4787553  954.0647  956.5700
2021 04 12 09 36 00    -2.1051486   -0.4721525  954.0767  956.5700
2021 04 12 09 37 00    -2.0924539   -0.4657643  954.0874  956.5793
2021 04 12 09 38 00    -2.0800356   -0.4596613  954.0972  956.5889
2021 04 12 09 39 00    -2.0678211   -0.4535883  954.1077  956.5970
2021 04 12 09 40 00    -2.0556194   -0.4474146  954.1190  956.6146
2021 04 12 09 41 00    -2.0433047   -0.4412264  954.1308  956.6410
2021 04 12 09 42 00    -2.0309720   -0.4351142  954.1432  956.6730
2021 04 12 09 43 00    -2.0188358   -0.4290898  954.1559  956.7065
2021 04 12 09 44 00    -2.0069382   -0.4231061  954.1680  956.7259
2021 04 12 09 45 00    -1.9950774   -0.4171302  954.1798  956.7199
2021 04 12 09 46 00    -1.9831027   -0.4111864  954.1922  956.7034
2021 04 12 09 47 00    -1.9711034   -0.4052821  954.2045  956.6990
2021 04 12 09 48 00    -1.9592935   -0.3994432  954.2158  956.7078
2021 04 12 09 49 00    -1.9478222   -0.3936664  954.2265  956.7141
2021 04 12 09 50 00    -1.9364605   -0.3878092  954.2371  956.7075
2021 04 12 09 51 00    -1.9249343   -0.3819384  954.2474  956.6952
2021 04 12 09 52 00    -1.9134904   -0.3763140  954.2571  956.6935
2021 04 12 09 53 00    -1.9022367   -0.3707944  954.2668  956.7010
2021 04 12 09 54 00    -1.8909146   -0.3651476  954.2768  956.7020
2021 04 12 09 55 00    -1.8796220   -0.3595086  954.2868  956.6994
2021 04 12 09 56 00    -1.8685542   -0.3539425  954.2960  956.7122
2021 04 12 09 57 00    -1.8575958   -0.3484266  954.3050  956.7394
2021 04 12 09 58 00    -1.8466035   -0.3430528  954.3151  956.7615
2021 04 12 09 59 00    -1.8355699   -0.3376977  954.3264  956.7732
2021 04 12 10 00 00    -1.8245955   -0.3321453  954.3378  956.7869
2021 04 12 10 01 00    -1.8137225   -0.3265264  954.3480  956.8008
2021 04 12 10 02 00    -1.8029251   -0.3210754  954.3571  956.7994
2021 04 12 10 03 00    -1.7923254   -0.3157849  954.3661  956.7932
2021 04 12 10 04 00    -1.7819496   -0.3105572  954.3758  956.8132
2021 04 12 10 05 00    -1.7715239   -0.3053426  954.3859  956.8599
2021 04 12 10 06 00    -1.7609967   -0.3001764  954.3964  956.9106
2021 04 12 10 07 00    -1.7506607   -0.2951232  954.4079  956.9571
2021 04 12 10 08 00    -1.7405498   -0.2901054  954.4203  956.9948
2021 04 12 10 09 00    -1.7304114   -0.2850330  954.4328  957.0122
2021 04 12 10 10 00    -1.7201922   -0.2799152  954.4448  957.0114
2021 04 12 10 11 00    -1.7100917   -0.2747842  954.4567  957.0020
2021 04 12 10 12 00    -1.7002877   -0.2697764  954.4686  956.9914
2021 04 12 10 13 00    -1.6907135   -0.2649384  954.4804  956.9975
2021 04 12 10 14 00    -1.6810909   -0.2600592  954.4917  957.0308
2021 04 12 10 15 00    -1.6713206   -0.2551203  954.5026  957.0695
2021 04 12 10 16 00    -1.6616973   -0.2503803  954.5137  957.0859
2021 04 12 10 17 00    -1.6524553   -0.2458707  954.5253  957.0810
2021 04 12 10 18 00    -1.6433969   -0.2413607  954.5372  957.0745
2021 04 12 10 19 00    -1.6343767   -0.2367708  954.5492  957.0750
2021 04 12 10 20 00    -1.6255046   -0.2322700  954.5602  957.0708
2021 04 12 10 21 00    -1.6166994   -0.2279249  954.5697  957.0548
2021 04 12 10 22 00    -1.6079105   -0.2235948  954.5786  957.0352
2021 04 12 10 23 00    -1.5993581   -0.2192713  954.5872  957.0165
2021 04 12 10 24 00    -1.5910656   -0.2150706  954.5955  956.9948
2021 04 12 10 25 00    -1.5828142   -0.2109394  954.6042  956.9711
2021 04 12 10 26 00    -1.5745743   -0.2068371  954.6134  956.9518
2021 04 12 10 27 00    -1.5665099   -0.2028888  954.6225  956.9397
2021 04 12 10 28 00    -1.5585889   -0.1989887  954.6308  956.9279
2021 04 12 10 29 00    -1.5505965   -0.1948838  954.6385  956.9101
2021 04 12 10 30 00    -1.5425553   -0.1907214  954.6463  956.8918
2021 04 12 10 31 00    -1.5346715   -0.1867769  954.6545  956.8823
2021 04 12 10 32 00    -1.5269682   -0.1829491  954.6624  956.8831
2021 04 12 10 33 00    -1.5193083   -0.1790435  954.6696  956.8898
2021 04 12 10 34 00    -1.5116440   -0.1751529  954.6763  956.8980
2021 04 12 10 35 00    -1.5040621   -0.1714520  954.6836  956.9030
2021 04 12 10 36 00    -1.4966467   -0.1678774  954.6916  956.9044
2021 04 12 10 37 00    -1.4894646   -0.1642837  954.6990  956.9042
2021 04 12 10 38 00    -1.4824477   -0.1606560  954.7050  956.9016
2021 04 12 10 39 00    -1.4753560   -0.1569956  954.7111  956.8972
2021 04 12 10 40 00    -1.4682709   -0.1534225  954.7184  956.8958
2021 04 12 10 41 00    -1.4615119   -0.1501654  954.7260  956.8976
2021 04 12 10 42 00    -1.4549552   -0.1470847  954.7328  956.8994
2021 04 12 10 43 00    -1.4482437   -0.1438016  954.7389  956.9052
2021 04 12 10 44 00    -1.4414115   -0.1403024  954.7449  956.9177
2021 04 12 10 45 00    -1.4348202   -0.1368905  954.7511  956.9246
2021 04 12 10 46 00    -1.4285761   -0.1337233  954.7569  956.9154
2021 04 12 10 47 00    -1.4224467   -0.1306658  954.7618  956.8986
2021 04 12 10 48 00    -1.4164454   -0.1276319  954.7668  956.8863
2021 04 12 10 49 00    -1.4106826   -0.1247321  954.7728  956.8815
2021 04 12 10 50 00    -1.4048884   -0.1219246  954.7788  956.8804
2021 04 12 10 51 00    -1.3989258   -0.1190245  954.7838  956.8728
2021 04 12 10 52 00    -1.3931306   -0.1160895  954.7879  956.8513
2021 04 12 10 53 00    -1.3877828   -0.1133927  954.7905  956.8236
2021 04 12 10 54 00    -1.3827354   -0.1109657  954.7923  956.8068
2021 04 12 10 55 00    -1.3775861   -0.1084345  954.7954  956.8109
2021 04 12 10 56 00    -1.3721646   -0.1055412  954.8002  956.8308
2021 04 12 10 57 00    -1.3667455   -0.1025629  954.8056  956.8541
2021 04 12 10 58 00    -1.3616034   -0.0998606  954.8112  956.8729
2021 04 12 10 59 00    -1.3565661   -0.0973307  954.8172  956.8873
2021 04 12 11 00 00    -1.3514032   -0.0947934  954.8233  956.9000
2021 04 12 11 01 00    -1.3464738   -0.0924570  954.8294  956.9128
2021 04 12 11 02 00    -1.3420676   -0.0903823  954.8355  956.9207
2021 04 12 11 03 00    -1.3377932   -0.0882287  954.8416  956.9209
2021 04 12 11 04 00    -1.3334795   -0.0859488  954.8471  956.9222
2021 04 12 11 05 00    -1.3293134   -0.0838598  954.8520  956.9282
2021 04 12 11 06 00    -1.3252283   -0.0820038  954.8569  956.9280
2021 04 12 11 07 00    -1.3211760   -0.0801208  954.8619  956.9138
2021 04 12 11 08 00    -1.3172854   -0.0781040  954.8666  956.8888
2021 04 12 11 09 00    -1.3136251   -0.0761570  954.8709  956.8709
2021 04 12 11 10 00    -1.3101380   -0.0744687  954.8748  956.8774
2021 04 12 11 11 00    -1.3066828   -0.0728428  954.8784  956.8952
2021 04 12 11 12 00    -1.3032189   -0.0710662  954.8822  956.9030
2021 04 12 11 13 00    -1.2998502   -0.0693321  954.8861  956.9062
2021 04 12 11 14 00    -1.2966851   -0.0677733  954.8898  956.9156
2021 04 12 11 15 00    -1.2936907   -0.0662603  954.8936  956.9243
2021 04 12 11 16 00    -1.2906552   -0.0647813  954.8978  956.9267
2021 04 12 11 17 00    -1.2876190   -0.0634126  954.9023  956.9305
2021 04 12 11 18 00    -1.2848878   -0.0621206  954.9073  956.9387
2021 04 12 11 19 00    -1.2823798   -0.0608053  954.9125  956.9424
2021 04 12 11 20 00    -1.2798475   -0.0594586  954.9173  956.9357
2021 04 12 11 21 00    -1.2774030   -0.0582211  954.9219  956.9246
2021 04 12 11 22 00    -1.2752059   -0.0571703  954.9269  956.9189
2021 04 12 11 23 00    -1.2732175   -0.0562190  954.9321  956.9179
2021 04 12 11 24 00    -1.2713579   -0.0552751  954.9371  956.9115
2021 04 12 11 25 00    -1.2695292   -0.0542904  954.9420  956.8986
2021 04 12 11 26 00    -1.2676623   -0.0532873  954.9464  956.8893
2021 04 12 11 27 00    -1.2659510   -0.0524547  954.9501  956.8862
2021 04 12 11 28 00    -1.2645726   -0.0518802  954.9535  956.8861
2021 04 12 11 29 00    -1.2632593   -0.0513061  954.9571  956.8893
2021 04 12 11 30 00    -1.2618970   -0.0506146  954.9606  956.8914
2021 04 12 11 31 00    -1.2608112   -0.0500238  954.9643  956.8851
2021 04 12 11 32 00    -1.2599909   -0.0495505  954.9679  956.8771
2021 04 12 11 33 00    -1.2591019   -0.0490216  954.9710  956.8792
2021 04 12 11 34 00    -1.2581068   -0.0484505  954.9739  956.8857
2021 04 12 11 35 00    -1.2572037   -0.0479209  954.9771  956.8870
2021 04 12 11 36 00    -1.2565649   -0.0475102  954.9795  956.8913
2021 04 12 11 37 00    -1.2562174   -0.0473694  954.9819  956.9049
2021 04 12 11 38 00    -1.2559470   -0.0474522  954.9854  956.9215
2021 04 12 11 39 00    -1.2556026   -0.0474551  954.9895  956.9370
2021 04 12 11 40 00    -1.2554171   -0.0472575  954.9938  956.9465
2021 04 12 11 41 00    -1.2555546   -0.0470498  954.9985  956.9444
2021 04 12 11 42 00    -1.2557829   -0.0470495  955.0032  956.9401
2021 04 12 11 43 00    -1.2559908   -0.0472863  955.0076  956.9457
2021 04 12 11 44 00    -1.2563111   -0.0476190  955.0123  956.9583
2021 04 12 11 45 00    -1.2567612   -0.0479623  955.0173  956.9718
2021 04 12 11 46 00    -1.2574003   -0.0483607  955.0220  956.9850
2021 04 12 11 47 00    -1.2582355   -0.0487679  955.0264  956.9965
2021 04 12 11 48 00    -1.2589803   -0.0490702  955.0312  957.0027
2021 04 12 11 49 00    -1.2596750   -0.0493722  955.0363  957.0029
2021 04 12 11 50 00    -1.2607004   -0.0498816  955.0413  957.0017
2021 04 12 11 51 00    -1.2620076   -0.0505680  955.0460  957.0032
2021 04 12 11 52 00    -1.2633663   -0.0512609  955.0510  957.0076
2021 04 12 11 53 00    -1.2648032   -0.0519487  955.0566  957.0151
2021 04 12 11 54 00    -1.2663891   -0.0527019  955.0627  957.0242
2021 04 12 11 55 00    -1.2680989   -0.0534306  955.0685  957.0294
2021 04 12 11 56 00    -1.2697911   -0.0541043  955.0736  957.0288
2021 04 12 11 57 00    -1.2715053   -0.0549778  955.0785  957.0282
2021 04 12 11 58 00    -1.2735786   -0.0561725  955.0836  957.0326
2021 04 12 11 59 00    -1.2759835   -0.0574695  955.0885  957.0410
2021 04 12 12 00 00    -1.2783299   -0.0586947  955.0926  957.0492
2021 04 12 12 01 00    -1.2806188   -0.0598291  955.0964  957.0556
2021 04 12 12 02 00    -1.2830770   -0.0609439  955.1006  957.0643
2021 04 12 12 03 00    -1.2856605   -0.0622252  955.1062  957.0792
2021 04 12 12 04 00    -1.2882657   -0.0636573  955.1125  957.0967
2021 04 12 12 05 00    -1.2910040   -0.0650864  955.1186  957.1101
2021 04 12 12 06 00    -1.2940594   -0.0666581  955.1242  957.1160
2021 04 12 12 07 00    -1.2973497   -0.0684423  955.1293  957.1129
2021 04 12 12 08 00    -1.3006410   -0.0701972  955.1341  957.1015
2021 04 12 12 09 00    -1.3039662   -0.0718201  955.1388  957.0899
2021 04 12 12 10 00    -1.3074413   -0.0734043  955.1434  957.0864
2021 04 12 12 11 00    -1.3110395   -0.0751253  955.1475  957.0904
2021 04 12 12 12 00    -1.3147638   -0.0770753  955.1517  957.0964
2021 04 12 12 13 00    -1.3186078   -0.0790472  955.1572  957.1021
2021 04 12 12 14 00    -1.3225412   -0.0809859  955.1626  957.1093
2021 04 12 12 15 00    -1.3265181   -0.0830781  955.1664  957.1201
2021 04 12 12 16 00    -1.3305076   -0.0851550  955.1702  957.1336
2021 04 12 12 17 00    -1.3346797   -0.0870860  955.1756  957.1427
2021 04 12 12 18 00    -1.3390539   -0.0891644  955.1815  957.1421
2021 04 12 12 19 00    -1.3434244   -0.0914345  955.1867  957.1388
2021 04 12 12 20 00    -1.3479339   -0.0936759  955.1918  957.1437
2021 04 12 12 21 00    -1.3527739   -0.0959169  955.1978  957.1555
2021 04 12 12 22 00    -1.3577295   -0.0983087  955.2045  957.1631
2021 04 12 12 23 00    -1.3626197   -0.1008778  955.2112  957.1604
2021 04 12 12 24 00    -1.3675778   -0.1035177  955.2173  957.1514
2021 04 12 12 25 00    -1.3727845   -0.1061182  955.2228  957.1424
2021 04 12 12 26 00    -1.3781986   -0.1087504  955.2275  957.1372
2021 04 12 12 27 00    -1.3836276   -0.1115147  955.2317  957.1387
2021 04 12 12 28 00    -1.3890140   -0.1142594  955.2361  957.1465
2021 04 12 12 29 00    -1.3945161   -0.1168916  955.2411  957.1567
2021 04 12 12 30 00    -1.4003075   -0.1196824  955.2469  957.1659
2021 04 12 12 31 00    -1.4063206   -0.1227773  955.2530  957.1727
2021 04 12 12 32 00    -1.4123121   -0.1258854  955.2588  957.1784
2021 04 12 12 33 00    -1.4182516   -0.1288052  955.2642  957.1842
2021 04 12 12 34 00    -1.4242612   -0.1317249  955.2695  957.1854
2021 04 12 12 35 00    -1.4303280   -0.1348046  955.2743  957.1825
2021 04 12 12 36 00    -1.4365402   -0.1379776  955.2790  957.1887
2021 04 12 12 37 00    -1.4429933   -0.1411809  955.2840  957.2085
2021 04 12 12 38 00    -1.4495262   -0.1444375  955.2891  957.2252
2021 04 12 12 39 00    -1.4560823   -0.1477614  955.2944  957.2222
2021 04 12 12 40 00    -1.4627401   -0.1511165  955.3004  957.2114
2021 04 12 12 41 00    -1.4695684   -0.1545445  955.3066  957.2135
2021 04 12 12 42 00    -1.4766204   -0.1580952  955.3118  957.2241
2021 04 12 12 43 00    -1.4837219   -0.1615927  955.3163  957.2330
2021 04 12 12 44 00    -1.4908088   -0.1649903  955.3215  957.2450
2021 04 12 12 45 00    -1.4981036   -0.1685880  955.3277  957.2573
2021 04 12 12 46 00    -1.5055740   -0.1724680  955.3335  957.2593
2021 04 12 12 47 00    -1.5130575   -0.1763695  955.3385  957.2528
2021 04 12 12 48 00    -1.5205987   -0.1801370  955.3436  957.2474
2021 04 12 12 49 00    -1.5282762   -0.1838761  955.3485  957.2471
2021 04 12 12 50 00    -1.5361885   -0.1877850  955.3528  957.2570
2021 04 12 12 51 00    -1.5443177   -0.1918743  955.3570  957.2798
2021 04 12 12 52 00    -1.5524564   -0.1959731  955.3617  957.2942
2021 04 12 12 53 00    -1.5605662   -0.2000384  955.3664  957.2742
2021 04 12 12 54 00    -1.5687261   -0.2041605  955.3709  957.2374
2021 04 12 12 55 00    -1.5769284   -0.2083299  955.3751  957.2173
2021 04 12 12 56 00    -1.5852541   -0.2125055  955.3791  957.2139
2021 04 12 12 57 00    -1.5938214   -0.2167897  955.3842  957.2182
2021 04 12 12 58 00    -1.6024682   -0.2211692  955.3905  957.2339
2021 04 12 12 59 00    -1.6109668   -0.2254228  955.3962  957.2484
2021 04 12 13 00 00    -1.6195453   -0.2296184  955.4008  957.2396
2021 04 12 13 01 00    -1.6285123   -0.2340423  955.4053  957.2188
2021 04 12 13 02 00    -1.6376933   -0.2386657  955.4098  957.2164
2021 04 12 13 03 00    -1.6468558   -0.2433335  955.4132  957.2317
2021 04 12 13 04 00    -1.6560728   -0.2480581  955.4163  957.2392
2021 04 12 13 05 00    -1.6654261   -0.2528098  955.4204  957.2321
2021 04 12 13 06 00    -1.6748685   -0.2574676  955.4252  957.2258
2021 04 12 13 07 00    -1.6843659   -0.2620639  955.4298  957.2292
2021 04 12 13 08 00    -1.6939028   -0.2667697  955.4339  957.2363
2021 04 12 13 09 00    -1.7034675   -0.2715997  955.4373  957.2413
2021 04 12 13 10 00    -1.7131113   -0.2764494  955.4409  957.2454
2021 04 12 13 11 00    -1.7228118   -0.2813344  955.4455  957.2500
2021 04 12 13 12 00    -1.7324956   -0.2862911  955.4508  957.2537
2021 04 12 13 13 00    -1.7423697   -0.2912936  955.4552  957.2563
2021 04 12 13 14 00    -1.7526969   -0.2963926  955.4590  957.2584
2021 04 12 13 15 00    -1.7632309   -0.3016167  955.4630  957.2600
2021 04 12 13 16 00    -1.7734977   -0.3068052  955.4674  957.2635
2021 04 12 13 17 00    -1.7835278   -0.3118519  955.4717  957.2725
2021 04 12 13 18 00    -1.7936648   -0.3168520  955.4758  957.2857
2021 04 12 13 19 00    -1.8039508   -0.3219242  955.4797  957.2978
2021 04 12 13 20 00    -1.8143794   -0.3271822  955.4836  957.3087
2021 04 12 13 21 00    -1.8251162   -0.3326359  955.4874  957.3184
2021 04 12 13 22 00    -1.8360319   -0.3381166  955.4911  957.3143
2021 04 12 13 23 00    -1.8468064   -0.3434891  955.4946  957.2889
2021 04 12 13 24 00    -1.8574662   -0.3487554  955.4979  957.2587
2021 04 12 13 25 00    -1.8682546   -0.3540718  955.5013  957.2442
2021 04 12 13 26 00    -1.8793509   -0.3596488  955.5055  957.2480
2021 04 12 13 27 00    -1.8906767   -0.3653575  955.5103  957.2600
2021 04 12 13 28 00    -1.9018471   -0.3708878  955.5148  957.2735
2021 04 12 13 29 00    -1.9129075   -0.3764230  955.5188  957.2876
2021 04 12 13 30 00    -1.9242788   -0.3822318  955.5223  957.3003
2021 04 12 13 31 00    -1.9357072   -0.3879659  955.5262  957.3087
2021 04 12 13 32 00    -1.9469056   -0.3934308  955.5312  957.3129
2021 04 12 13 33 00    -1.9583226   -0.3990980  955.5368  957.3156
2021 04 12 13 34 00    -1.9700618   -0.4051069  955.5419  957.3217
2021 04 12 13 35 00    -1.9817048   -0.4109819  955.5465  957.3350
2021 04 12 13 36 00    -1.9932043   -0.4166260  955.5507  957.3537
2021 04 12 13 37 00    -2.0048186   -0.4224443  955.5545  957.3741
2021 04 12 13 38 00    -2.0167437   -0.4285211  955.5588  957.3930
2021 04 12 13 39 00    -2.0289199   -0.4345638  955.5642  957.4040
2021 04 12 13 40 00    -2.0410415   -0.4404673  955.5702  957.4020
2021 04 12 13 41 00    -2.0530764   -0.4464215  955.5756  957.3911
2021 04 12 13 42 00    -2.0652719   -0.4526007  955.5803  957.3823
2021 04 12 13 43 00    -2.0775729   -0.4589014  955.5848  957.3848
2021 04 12 13 44 00    -2.0897962   -0.4650537  955.5896  957.3999
2021 04 12 13 45 00    -2.1020996   -0.4711033  955.5948  957.4203
2021 04 12 13 46 00    -2.1146367   -0.4773845  955.6002  957.4341
2021 04 12 13 47 00    -2.1271512   -0.4838079  955.6050  957.4336
2021 04 12 13 48 00    -2.1395145   -0.4900783  955.6093  957.4202
2021 04 12 13 49 00    -2.1520081   -0.4963611  955.6137  957.3998
2021 04 12 13 50 00    -2.1646239   -0.5027308  955.6186  957.3773
2021 04 12 13 51 00    -2.1772972   -0.5090588  955.6233  957.3586
2021 04 12 13 52 00    -2.1903436   -0.5155352  955.6271  957.3490
2021 04 12 13 53 00    -2.2035639   -0.5221511  955.6300  957.3484
2021 04 12 13 54 00    -2.2164296   -0.5286161  955.6325  957.3500
2021 04 12 13 55 00    -2.2291418   -0.5350150  955.6352  957.3469
2021 04 12 13 56 00    -2.2421489   -0.5415706  955.6379  957.3399
2021 04 12 13 57 00    -2.2553854   -0.5482025  955.6404  957.3361
2021 04 12 13 58 00    -2.2685055   -0.5547214  955.6433  957.3394
2021 04 12 13 59 00    -2.2814442   -0.5611436  955.6471  957.3461
2021 04 12 14 00 00    -2.2945274   -0.5676630  955.6515  957.3528
2021 04 12 14 01 00    -2.3078585   -0.5743210  955.6556  957.3609
2021 04 12 14 02 00    -2.3211777   -0.5809825  955.6591  957.3690
2021 04 12 14 03 00    -2.3344780   -0.5876502  955.6627  957.3724
2021 04 12 14 04 00    -2.3479032   -0.5943841  955.6665  957.3706
2021 04 12 14 05 00    -2.3614279   -0.6011647  955.6702  957.3685
2021 04 12 14 06 00    -2.3749830   -0.6079783  955.6734  957.3689
2021 04 12 14 07 00    -2.3884285   -0.6147074  955.6768  957.3682
2021 04 12 14 08 00    -2.4018328   -0.6213693  955.6807  957.3638
2021 04 12 14 09 00    -2.4154895   -0.6282521  955.6848  957.3601
2021 04 12 14 10 00    -2.4292887   -0.6352839  955.6883  957.3626
2021 04 12 14 11 00    -2.4429101   -0.6420907  955.6915  957.3708
2021 04 12 14 12 00    -2.4563852   -0.6487335  955.6950  957.3812
2021 04 12 14 13 00    -2.4698993   -0.6554980  955.6991  957.3898
2021 04 12 14 14 00    -2.4835826   -0.6623579  955.7034  957.3935
2021 04 12 14 15 00    -2.4975149   -0.6692415  955.7070  957.3942
2021 04 12 14 16 00    -2.5115419   -0.6762113  955.7097  957.3955
2021 04 12 14 17 00    -2.5254476   -0.6832510  955.7127  957.3978
2021 04 12 14 18 00    -2.5393299   -0.6903582  955.7169  957.4024
2021 04 12 14 19 00    -2.5533150   -0.6975013  955.7210  957.4115
2021 04 12 14 20 00    -2.5673168   -0.7045134  955.7245  957.4223
2021 04 12 14 21 00    -2.5813582   -0.7114207  955.7282  957.4329
2021 04 12 14 22 00    -2.5954967   -0.7184076  955.7326  957.4451
2021 04 12 14 23 00    -2.6095834   -0.7254829  955.7374  957.4576
2021 04 12 14 24 00    -2.6235535   -0.7325652  955.7420  957.4669
2021 04 12 14 25 00    -2.6375833   -0.7396108  955.7466  957.4727
2021 04 12 14 26 00    -2.6517775   -0.7466083  955.7510  957.4779
2021 04 12 14 27 00    -2.6660215   -0.7536202  955.7557  957.4835
2021 04 12 14 28 00    -2.6801396   -0.7607031  955.7608  957.4877
2021 04 12 14 29 00    -2.6941483   -0.7678579  955.7658  957.4884
2021 04 12 14 30 00    -2.7083715   -0.7750964  955.7701  957.4846
2021 04 12 14 31 00    -2.7229655   -0.7823775  955.7737  957.4797
2021 04 12 14 32 00    -2.7375949   -0.7896378  955.7772  957.4788
2021 04 12 14 33 00    -2.7519882   -0.7968728  955.7812  957.4776
2021 04 12 14 34 00    -2.7662082   -0.8040449  955.7856  957.4703
2021 04 12 14 35 00    -2.7803301   -0.8111240  955.7897  957.4633
2021 04 12 14 36 00    -2.7945706   -0.8182302  955.7929  957.4668
2021 04 12 14 37 00    -2.8091590   -0.8254917  955.7965  957.4794
2021 04 12 14 38 00    -2.8237186   -0.8327867  955.8011  957.4914
2021 04 12 14 39 00    -2.8379435   -0.8400138  955.8061  957.4979
2021 04 12 14 40 00    -2.8522616   -0.8472939  955.8108  957.4996
2021 04 12 14 41 00    -2.8668413   -0.8545696  955.8152  957.4958
2021 04 12 14 42 00    -2.8813861   -0.8617313  955.8200  957.4946
2021 04 12 14 43 00    -2.8957775   -0.8688885  955.8248  957.5104
2021 04 12 14 44 00    -2.9100890   -0.8761174  955.8294  957.5352
2021 04 12 14 45 00    -2.9245827   -0.8834359  955.8343  957.5483
2021 04 12 14 46 00    -2.9391998   -0.8907216  955.8396  957.5492
2021 04 12 14 47 00    -2.9535654   -0.8978287  955.8448  957.5517
2021 04 12 14 48 00    -2.9678375   -0.9049168  955.8503  957.5599
2021 04 12 14 49 00    -2.9822719   -0.9121305  955.8562  957.5656
2021 04 12 14 50 00    -2.9968415   -0.9194540  955.8619  957.5611
2021 04 12 14 51 00    -3.0115684   -0.9268089  955.8670  957.5481
2021 04 12 14 52 00    -3.0263133   -0.9340673  955.8714  957.5331
2021 04 12 14 53 00    -3.0408918   -0.9413213  955.8753  957.5184
2021 04 12 14 54 00    -3.0554004   -0.9486903  955.8794  957.5029
2021 04 12 14 55 00    -3.0699888   -0.9560964  955.8833  957.4892
2021 04 12 14 56 00    -3.0846684   -0.9635139  955.8865  957.4846
2021 04 12 14 57 00    -3.0993428   -0.9708543  955.8892  957.4902
2021 04 12 14 58 00    -3.1138440   -0.9779945  955.8923  957.4989
2021 04 12 14 59 00    -3.1281661   -0.9851699  955.8955  957.5043
2021 04 12 15 00 00    -3.1425760   -0.9925738  955.8983  957.5033
2021 04 12 15 01 00    -3.1571787   -0.9998910  955.9010  957.4956
2021 04 12 15 02 00    -3.1717817   -1.0069567  955.9034  957.4864
2021 04 12 15 03 00    -3.1863082   -1.0140844  955.9055  957.4827
2021 04 12 15 04 00    -3.2007870   -1.0214046  955.9079  957.4892
2021 04 12 15 05 00    -3.2151682   -1.0287401  955.9107  957.5031
2021 04 12 15 06 00    -3.2295029   -1.0360151  955.9134  957.5147
2021 04 12 15 07 00    -3.2439343   -1.0432602  955.9162  957.5162
2021 04 12 15 08 00    -3.2584207   -1.0504632  955.9196  957.5102
2021 04 12 15 09 00    -3.2727540   -1.0576039  955.9229  957.5060
2021 04 12 15 10 00    -3.2869532   -1.0647276  955.9256  957.5077
2021 04 12 15 11 00    -3.3013109   -1.0719060  955.9279  957.5107
2021 04 12 15 12 00    -3.3158849   -1.0791615  955.9307  957.5136
2021 04 12 15 13 00    -3.3304517   -1.0864337  955.9337  957.5201
2021 04 12 15 14 00    -3.3448635   -1.0936044  955.9365  957.5274
2021 04 12 15 15 00    -3.3590851   -1.1007056  955.9398  957.5275
2021 04 12 15 16 00    -3.3732609   -1.1079209  955.9441  957.5188
2021 04 12 15 17 00    -3.3875742   -1.1152483  955.9481  957.5065
2021 04 12 15 18 00    -3.4019178   -1.1224781  955.9507  957.4963
2021 04 12 15 19 00    -3.4161992   -1.1295399  955.9527  957.4941
2021 04 12 15 20 00    -3.4305045   -1.1365732  955.9552  957.5023
2021 04 12 15 21 00    -3.4447587   -1.1436509  955.9582  957.5143
2021 04 12 15 22 00    -3.4589401   -1.1507868  955.9617  957.5196
2021 04 12 15 23 00    -3.4731535   -1.1579450  955.9653  957.5128
2021 04 12 15 24 00    -3.4872472   -1.1649821  955.9683  957.4970
2021 04 12 15 25 00    -3.5011338   -1.1719490  955.9704  957.4826
2021 04 12 15 26 00    -3.5150283   -1.1789506  955.9726  957.4794
2021 04 12 15 27 00    -3.5290842   -1.1859354  955.9751  957.4878
2021 04 12 15 28 00    -3.5432806   -1.1929850  955.9775  957.5028
2021 04 12 15 29 00    -3.5574082   -1.2000886  955.9796  957.5196
2021 04 12 15 30 00    -3.5712650   -1.2070338  955.9821  957.5325
2021 04 12 15 31 00    -3.5849921   -1.2138854  955.9853  957.5386
2021 04 12 15 32 00    -3.5987812   -1.2208258  955.9886  957.5427
2021 04 12 15 33 00    -3.6125351   -1.2277680  955.9919  957.5516
2021 04 12 15 34 00    -3.6261909   -1.2346439  955.9952  957.5643
2021 04 12 15 35 00    -3.6398252   -1.2414964  955.9988  957.5747
2021 04 12 15 36 00    -3.6533071   -1.2482051  956.0026  957.5817
2021 04 12 15 37 00    -3.6666710   -1.2548340  956.0062  957.5887
2021 04 12 15 38 00    -3.6803575   -1.2617243  956.0094  957.5948
2021 04 12 15 39 00    -3.6943061   -1.2687735  956.0127  957.5957
2021 04 12 15 40 00    -3.7079744   -1.2756032  956.0165  957.5910
2021 04 12 15 41 00    -3.7213820   -1.2823124  956.0201  957.5835
2021 04 12 15 42 00    -3.7348094   -1.2891271  956.0224  957.5770
2021 04 12 15 43 00    -3.7481539   -1.2958627  956.0245  957.5761
2021 04 12 15 44 00    -3.7614683   -1.3024009  956.0273  957.5816
2021 04 12 15 45 00    -3.7749673   -1.3089977  956.0305  957.5893
2021 04 12 15 46 00    -3.7884267   -1.3157459  956.0336  957.5949
2021 04 12 15 47 00    -3.8016479   -1.3224604  956.0370  957.5978
2021 04 12 15 48 00    -3.8148216   -1.3291097  956.0408  957.5993
2021 04 12 15 49 00    -3.8279629   -1.3357658  956.0442  957.5992
2021 04 12 15 50 00    -3.8409842   -1.3424050  956.0470  957.5981
2021 04 12 15 51 00    -3.8539807   -1.3489268  956.0497  957.5975
2021 04 12 15 52 00    -3.8668936   -1.3552587  956.0524  957.5988
2021 04 12 15 53 00    -3.8796637   -1.3615716  956.0557  957.6021
2021 04 12 15 54 00    -3.8924665   -1.3680266  956.0598  957.6054
2021 04 12 15 55 00    -3.9053682   -1.3745001  956.0637  957.6065
2021 04 12 15 56 00    -3.9182023   -1.3808781  956.0669  957.6056
2021 04 12 15 57 00    -3.9308270   -1.3871419  956.0701  957.6045
2021 04 12 15 58 00    -3.9433579   -1.3933874  956.0733  957.6050
2021 04 12 15 59 00    -3.9559729   -1.3997791  956.0766  957.6079
2021 04 12 16 00 00    -3.9686141   -1.4061960  956.0800  957.6135
2021 04 12 16 01 00    -3.9812015   -1.4124696  956.0832  957.6218
2021 04 12 16 02 00    -3.9937477   -1.4186914  956.0863  957.6322
2021 04 12 16 03 00    -4.0061059   -1.4248696  956.0904  957.6450
2021 04 12 16 04 00    -4.0182344   -1.4309488  956.0951  957.6613
2021 04 12 16 05 00    -4.0304286   -1.4370520  956.0994  957.6797
2021 04 12 16 06 00    -4.0427312   -1.4432124  956.1036  957.6944
2021 04 12 16 07 00    -4.0548248   -1.4493118  956.1088  957.6980
2021 04 12 16 08 00    -4.0666905   -1.4553525  956.1140  957.6896
2021 04 12 16 09 00    -4.0786657   -1.4613828  956.1179  957.6781
2021 04 12 16 10 00    -4.0907751   -1.4673339  956.1209  957.6765
2021 04 12 16 11 00    -4.1027178   -1.4731857  956.1242  957.6878
2021 04 12 16 12 00    -4.1145651   -1.4790846  956.1281  957.7049
2021 04 12 16 13 00    -4.1263962   -1.4850387  956.1323  957.7239
2021 04 12 16 14 00    -4.1378751   -1.4908421  956.1366  957.7441
2021 04 12 16 15 00    -4.1491138   -1.4965121  956.1415  957.7610
2021 04 12 16 16 00    -4.1605187   -1.5022076  956.1472  957.7716
2021 04 12 16 17 00    -4.1719762   -1.5079362  956.1530  957.7781
2021 04 12 16 18 00    -4.1833811   -1.5137132  956.1591  957.7783
2021 04 12 16 19 00    -4.1947690   -1.5194206  956.1652  957.7642
2021 04 12 16 20 00    -4.2059904   -1.5248939  956.1704  957.7355
2021 04 12 16 21 00    -4.2171101   -1.5303471  956.1744  957.7063
2021 04 12 16 22 00    -4.2282500   -1.5360032  956.1780  957.6968
2021 04 12 16 23 00    -4.2393667   -1.5417571  956.1815  957.7157
2021 04 12 16 24 00    -4.2505475   -1.5474409  956.1849  957.7555
2021 04 12 16 25 00    -4.2616870   -1.5529630  956.1883  957.8033
2021 04 12 16 26 00    -4.2723913   -1.5582595  956.1924  957.8415
2021 04 12 16 27 00    -4.2827521   -1.5634122  956.1972  957.8551
2021 04 12 16 28 00    -4.2933410   -1.5687355  956.2020  957.8519
2021 04 12 16 29 00    -4.3042030   -1.5742390  956.2068  957.8495
2021 04 12 16 30 00    -4.3148716   -1.5795341  956.2123  957.8491
2021 04 12 16 31 00    -4.3252994   -1.5846690  956.2182  957.8421
2021 04 12 16 32 00    -4.3357342   -1.5899873  956.2232  957.8245
2021 04 12 16 33 00    -4.3461253   -1.5953389  956.2272  957.8037
2021 04 12 16 34 00    -4.3563923   -1.6004104  956.2307  957.7906
2021 04 12 16 35 00    -4.3666096   -1.6053211  956.2335  957.7865
2021 04 12 16 36 00    -4.3767670   -1.6103482  956.2362  957.7851
2021 04 12 16 37 00    -4.3868293   -1.6154605  956.2395  957.7829
2021 04 12 16 38 00    -4.3967588   -1.6204488  956.2432  957.7855
2021 04 12 16 39 00    -4.4065170   -1.6253144  956.2467  957.8032
2021 04 12 16 40 00    -4.4161581   -1.6301741  956.2502  957.8315
2021 04 12 16 41 00    -4.4257215   -1.6349840  956.2543  957.8495
2021 04 12 16 42 00    -4.4352508   -1.6396714  956.2584  957.8470
2021 04 12 16 43 00    -4.4447625   -1.6442902  956.2621  957.8352
2021 04 12 16 44 00    -4.4541613   -1.6489944  956.2655  957.8277
2021 04 12 16 45 00    -4.4634850   -1.6539086  956.2688  957.8277
2021 04 12 16 46 00    -4.4728246   -1.6588400  956.2724  957.8301
2021 04 12 16 47 00    -4.4820203   -1.6634080  956.2755  957.8296
2021 04 12 16 48 00    -4.4909453   -1.6676408  956.2781  957.8277
2021 04 12 16 49 00    -4.4997840   -1.6719758  956.2809  957.8296
2021 04 12 16 50 00    -4.5087226   -1.6765946  956.2847  957.8363
2021 04 12 16 51 00    -4.5176565   -1.6812120  956.2889  957.8467
2021 04 12 16 52 00    -4.5263569   -1.6856030  956.2927  957.8622
2021 04 12 16 53 00    -4.5348161   -1.6898800  956.2964  957.8827
2021 04 12 16 54 00    -4.5432430   -1.6941612  956.3012  957.9013
2021 04 12 16 55 00    -4.5516711   -1.6983803  956.3068  957.9103
2021 04 12 16 56 00    -4.5599034   -1.7024229  956.3122  957.9101
2021 04 12 16 57 00    -4.5679721   -1.7063396  956.3167  957.9082
2021 04 12 16 58 00    -4.5760749   -1.7103414  956.3212  957.9118
2021 04 12 16 59 00    -4.5841059   -1.7144310  956.3261  957.9247
2021 04 12 17 00 00    -4.5920115   -1.7184437  956.3309  957.9457
2021 04 12 17 01 00    -4.5999179   -1.7223898  956.3357  957.9685
2021 04 12 17 02 00    -4.6076629   -1.7262713  956.3412  957.9891
2021 04 12 17 03 00    -4.6151946   -1.7300114  956.3473  958.0105
2021 04 12 17 04 00    -4.6226810   -1.7336603  956.3535  958.0372
2021 04 12 17 05 00    -4.6300329   -1.7373062  956.3602  958.0678
2021 04 12 17 06 00    -4.6372320   -1.7409735  956.3677  958.0932
2021 04 12 17 07 00    -4.6444196   -1.7445998  956.3758  958.1066
2021 04 12 17 08 00    -4.6515874   -1.7481550  956.3836  958.1163
2021 04 12 17 09 00    -4.6586885   -1.7516975  956.3909  958.1335
2021 04 12 17 10 00    -4.6656678   -1.7551515  956.3984  958.1511
2021 04 12 17 11 00    -4.6724912   -1.7584950  956.4058  958.1597
2021 04 12 17 12 00    -4.6792174   -1.7619114  956.4124  958.1673
2021 04 12 17 13 00    -4.6859998   -1.7654626  956.4186  958.1748
2021 04 12 17 14 00    -4.6928547   -1.7689812  956.4254  958.1633
2021 04 12 17 15 00    -4.6995143   -1.7722737  956.4324  958.1328
2021 04 12 17 16 00    -4.7060094   -1.7754375  956.4384  958.1074
2021 04 12 17 17 00    -4.7126258   -1.7787643  956.4437  958.0968
2021 04 12 17 18 00    -4.7192404   -1.7822048  956.4489  958.0940
2021 04 12 17 19 00    -4.7255491   -1.7853601  956.4543  958.0949
2021 04 12 17 20 00    -4.7315709   -1.7882393  956.4593  958.0962
2021 04 12 17 21 00    -4.7375275   -1.7912665  956.4638  958.0954
2021 04 12 17 22 00    -4.7433904   -1.7942777  956.4682  958.0931
2021 04 12 17 23 00    -4.7491292   -1.7969749  956.4730  958.0884
2021 04 12 17 24 00    -4.7550015   -1.7997619  956.4778  958.0799
2021 04 12 17 25 00    -4.7608516   -1.8027770  956.4819  958.0700
2021 04 12 17 26 00    -4.7663272   -1.8056904  956.4853  958.0616
2021 04 12 17 27 00    -4.7717340   -1.8085231  956.4889  958.0536
2021 04 12 17 28 00    -4.7773064   -1.8112729  956.4924  958.0419
2021 04 12 17 29 00    -4.7827043   -1.8137998  956.4951  958.0263
2021 04 12 17 30 00    -4.7878625   -1.8163738  956.4974  958.0128
2021 04 12 17 31 00    -4.7930097   -1.8191366  956.4997  958.0071
2021 04 12 17 32 00    -4.7980547   -1.8217387  956.5017  958.0100
2021 04 12 17 33 00    -4.8028916   -1.8241091  956.5033  958.0162
2021 04 12 17 34 00    -4.8076953   -1.8265055  956.5055  958.0188
2021 04 12 17 35 00    -4.8124537   -1.8288832  956.5081  958.0163
2021 04 12 17 36 00    -4.8169819   -1.8310587  956.5101  958.0130
2021 04 12 17 37 00    -4.8214169   -1.8331595  956.5115  958.0134
2021 04 12 17 38 00    -4.8259271   -1.8354004  956.5131  958.0167
2021 04 12 17 39 00    -4.8302870   -1.8376673  956.5155  958.0185
2021 04 12 17 40 00    -4.8343204   -1.8397518  956.5177  958.0195
2021 04 12 17 41 00    -4.8381871   -1.8417176  956.5195  958.0257
2021 04 12 17 42 00    -4.8419713   -1.8436347  956.5219  958.0388
2021 04 12 17 43 00    -4.8456418   -1.8454362  956.5252  958.0547
2021 04 12 17 44 00    -4.8493380   -1.8472084  956.5285  958.0684
2021 04 12 17 45 00    -4.8531525   -1.8490666  956.5320  958.0774
2021 04 12 17 46 00    -4.8568316   -1.8508997  956.5368  958.0820
2021 04 12 17 47 00    -4.8600723   -1.8525903  956.5421  958.0843
2021 04 12 17 48 00    -4.8630719   -1.8541834  956.5460  958.0864
2021 04 12 17 49 00    -4.8663141   -1.8557933  956.5487  958.0897
2021 04 12 17 50 00    -4.8697059   -1.8574418  956.5515  958.0935
2021 04 12 17 51 00    -4.8727290   -1.8589545  956.5549  958.0952
2021 04 12 17 52 00    -4.8754299   -1.8603019  956.5582  958.0946
2021 04 12 17 53 00    -4.8782156   -1.8617383  956.5612  958.0945
2021 04 12 17 54 00    -4.8810215   -1.8631803  956.5646  958.0967
2021 04 12 17 55 00    -4.8836664   -1.8643235  956.5685  958.1012
2021 04 12 17 56 00    -4.8862959   -1.8654184  956.5723  958.1069
2021 04 12 17 57 00    -4.8888858   -1.8667661  956.5753  958.1110
2021 04 12 17 58 00    -4.8912335   -1.8680894  956.5785  958.1103
2021 04 12 17 59 00    -4.8933442   -1.8691328  956.5818  958.1065
2021 04 12 18 00 00    -4.8953701   -1.8700925  956.5845  958.1027
2021 04 12 18 01 00    -4.8975224   -1.8712679  956.5871  958.0992
2021 04 12 18 02 00    -4.8996918   -1.8724870  956.5905  958.0953
2021 04 12 18 03 00    -4.9014720   -1.8733355  956.5938  958.0936
2021 04 12 18 04 00    -4.9029350   -1.8739665  956.5958  958.0983
2021 04 12 18 05 00    -4.9044896   -1.8747229  956.5971  958.1096
2021 04 12 18 06 00    -4.9061899   -1.8755232  956.5990  958.1223
2021 04 12 18 07 00    -4.9077434   -1.8762712  956.6019  958.1303
2021 04 12 18 08 00    -4.9089506   -1.8770193  956.6056  958.1323
2021 04 12 18 09 00    -4.9100000   -1.8777058  956.6088  958.1321
2021 04 12 18 10 00    -4.9110825   -1.8781915  956.6108  958.1332
2021 04 12 18 11 00    -4.9120568   -1.8784933  956.6127  958.1370
2021 04 12 18 12 00    -4.9128635   -1.8788153  956.6155  958.1419
2021 04 12 18 13 00    -4.9136749   -1.8792831  956.6185  958.1443
2021 04 12 18 14 00    -4.9145500   -1.8797951  956.6209  958.1435
2021 04 12 18 15 00    -4.9152774   -1.8801162  956.6231  958.1426
2021 04 12 18 16 00    -4.9157228   -1.8802131  956.6260  958.1433
2021 04 12 18 17 00    -4.9160693   -1.8803742  956.6294  958.1450
2021 04 12 18 18 00    -4.9163470   -1.8806520  956.6327  958.1474
2021 04 12 18 19 00    -4.9164659   -1.8808019  956.6357  958.1512
2021 04 12 18 20 00    -4.9166132   -1.8808497  956.6382  958.1568
2021 04 12 18 21 00    -4.9168278   -1.8809437  956.6407  958.1639
2021 04 12 18 22 00    -4.9168405   -1.8809897  956.6434  958.1715
2021 04 12 18 23 00    -4.9165186   -1.8808795  956.6466  958.1760
2021 04 12 18 24 00    -4.9160503   -1.8807267  956.6505  958.1753
2021 04 12 18 25 00    -4.9156726   -1.8805885  956.6543  958.1735
2021 04 12 18 26 00    -4.9152935   -1.8803109  956.6573  958.1761
2021 04 12 18 27 00    -4.9147518   -1.8799186  956.6599  958.1815
2021 04 12 18 28 00    -4.9141285   -1.8795648  956.6624  958.1849
2021 04 12 18 29 00    -4.9134395   -1.8792109  956.6649  958.1886
2021 04 12 18 30 00    -4.9125599   -1.8788117  956.6682  958.1982
2021 04 12 18 31 00    -4.9114430   -1.8783340  956.6722  958.2103
2021 04 12 18 32 00    -4.9102026   -1.8776977  956.6756  958.2172
2021 04 12 18 33 00    -4.9090494   -1.8770089  956.6782  958.2204
2021 04 12 18 34 00    -4.9079902   -1.8764033  956.6806  958.2250
2021 04 12 18 35 00    -4.9068083   -1.8758204  956.6840  958.2307
2021 04 12 18 36 00    -4.9053633   -1.8751905  956.6884  958.2349
2021 04 12 18 37 00    -4.9036813   -1.8744606  956.6926  958.2365
2021 04 12 18 38 00    -4.9019735   -1.8736132  956.6959  958.2356
2021 04 12 18 39 00    -4.9003968   -1.8727826  956.6985  958.2352
2021 04 12 18 40 00    -4.8987615   -1.8719692  956.7015  958.2389
2021 04 12 18 41 00    -4.8968740   -1.8709997  956.7048  958.2471
2021 04 12 18 42 00    -4.8948037   -1.8699342  956.7077  958.2581
2021 04 12 18 43 00    -4.8926305   -1.8689196  956.7107  958.2703
2021 04 12 18 44 00    -4.8903790   -1.8678593  956.7144  958.2804
2021 04 12 18 45 00    -4.8880420   -1.8666333  956.7182  958.2892
2021 04 12 18 46 00    -4.8855691   -1.8652828  956.7220  958.3063
2021 04 12 18 47 00    -4.8830096   -1.8638762  956.7265  958.3369
2021 04 12 18 48 00    -4.8804028   -1.8624508  956.7312  958.3697
2021 04 12 18 49 00    -4.8776496   -1.8610755  956.7358  958.3904
2021 04 12 18 50 00    -4.8746863   -1.8597905  956.7408  958.3997
2021 04 12 18 51 00    -4.8716140   -1.8584663  956.7463  958.4086
2021 04 12 18 52 00    -4.8686002   -1.8569214  956.7517  958.4226
2021 04 12 18 53 00    -4.8655937   -1.8552012  956.7572  958.4387
2021 04 12 18 54 00    -4.8624241   -1.8535392  956.7630  958.4541
2021 04 12 18 55 00    -4.8591079   -1.8519792  956.7688  958.4681
2021 04 12 18 56 00    -4.8557023   -1.8503355  956.7746  958.4776
2021 04 12 18 57 00    -4.8522345   -1.8485813  956.7810  958.4818
2021 04 12 18 58 00    -4.8487665   -1.8468030  956.7876  958.4852
2021 04 12 18 59 00    -4.8453619   -1.8450447  956.7936  958.4916
2021 04 12 19 00 00    -4.8420204   -1.8433741  956.7990  958.4991
2021 04 12 19 01 00    -4.8384971   -1.8416250  956.8046  958.5039
2021 04 12 19 02 00    -4.8346256   -1.8396142  956.8106  958.5049
2021 04 12 19 03 00    -4.8306698   -1.8375939  956.8172  958.5038
2021 04 12 19 04 00    -4.8267928   -1.8356913  956.8238  958.5049
2021 04 12 19 05 00    -4.8228379   -1.8337086  956.8292  958.5129
2021 04 12 19 06 00    -4.8187520   -1.8316864  956.8336  958.5284
2021 04 12 19 07 00    -4.8145894   -1.8296922  956.8389  958.5456
2021 04 12 19 08 00    -4.8103895   -1.8276123  956.8454  958.5576
2021 04 12 19 09 00    -4.8061754   -1.8254609  956.8515  958.5640
2021 04 12 19 10 00    -4.8017767   -1.8232122  956.8572  958.5680
2021 04 12 19 11 00    -4.7971400   -1.8208073  956.8632  958.5722
2021 04 12 19 12 00    -4.7925623   -1.8184517  956.8695  958.5768
2021 04 12 19 13 00    -4.7880403   -1.8162430  956.8751  958.5814
2021 04 12 19 14 00    -4.7832893   -1.8139448  956.8802  958.5854
2021 04 12 19 15 00    -4.7783772   -1.8114400  956.8859  958.5894
2021 04 12 19 16 00    -4.7734825   -1.8088795  956.8919  958.5941
2021 04 12 19 17 00    -4.7686041   -1.8064549  956.8975  958.5973
2021 04 12 19 18 00    -4.7638025   -1.8042259  956.9027  958.5960
2021 04 12 19 19 00    -4.7590192   -1.8019490  956.9079  958.5910
2021 04 12 19 20 00    -4.7539346   -1.7993696  956.9131  958.5892
2021 04 12 19 21 00    -4.7485416   -1.7966841  956.9184  958.5962
2021 04 12 19 22 00    -4.7431666   -1.7941056  956.9232  958.6054
2021 04 12 19 23 00    -4.7378824   -1.7914706  956.9275  958.6057
2021 04 12 19 24 00    -4.7325786   -1.7887144  956.9320  958.5998
2021 04 12 19 25 00    -4.7271914   -1.7859689  956.9375  958.6008
2021 04 12 19 26 00    -4.7216630   -1.7832201  956.9435  958.6112
2021 04 12 19 27 00    -4.7160654   -1.7803765  956.9492  958.6179
2021 04 12 19 28 00    -4.7104396   -1.7774095  956.9548  958.6115
2021 04 12 19 29 00    -4.7045870   -1.7744329  956.9607  958.6000
2021 04 12 19 30 00    -4.6985041   -1.7715909  956.9667  958.5975
2021 04 12 19 31 00    -4.6925009   -1.7687476  956.9717  958.6067
2021 04 12 19 32 00    -4.6866334   -1.7657123  956.9760  958.6184
2021 04 12 19 33 00    -4.6806441   -1.7625796  956.9809  958.6236
2021 04 12 19 34 00    -4.6744702   -1.7595498  956.9865  958.6239
2021 04 12 19 35 00    -4.6682971   -1.7566115  956.9919  958.6275
2021 04 12 19 36 00    -4.6621880   -1.7535159  956.9967  958.6361
2021 04 12 19 37 00    -4.6560144   -1.7502271  957.0013  958.6426
2021 04 12 19 38 00    -4.6496608   -1.7470128  957.0057  958.6420
2021 04 12 19 39 00    -4.6431041   -1.7438873  957.0100  958.6370
2021 04 12 19 40 00    -4.6364496   -1.7406507  957.0148  958.6324
2021 04 12 19 41 00    -4.6299504   -1.7373575  957.0200  958.6301
2021 04 12 19 42 00    -4.6236134   -1.7341476  957.0249  958.6277
2021 04 12 19 43 00    -4.6170485   -1.7309452  957.0292  958.6235
2021 04 12 19 44 00    -4.6102017   -1.7275967  957.0330  958.6204
2021 04 12 19 45 00    -4.6034561   -1.7240882  957.0366  958.6213
2021 04 12 19 46 00    -4.5967949   -1.7205644  957.0400  958.6219
2021 04 12 19 47 00    -4.5898450   -1.7171371  957.0431  958.6175
2021 04 12 19 48 00    -4.5826979   -1.7137759  957.0463  958.6113
2021 04 12 19 49 00    -4.5758137   -1.7103846  957.0498  958.6089
2021 04 12 19 50 00    -4.5691132   -1.7068807  957.0531  958.6107
2021 04 12 19 51 00    -4.5620305   -1.7032754  957.0560  958.6153
2021 04 12 19 52 00    -4.5545971   -1.6996606  957.0591  958.6221
2021 04 12 19 53 00    -4.5473161   -1.6960350  957.0622  958.6275
2021 04 12 19 54 00    -4.5401463   -1.6923305  957.0655  958.6265
2021 04 12 19 55 00    -4.5329302   -1.6886602  957.0693  958.6203
2021 04 12 19 56 00    -4.5258444   -1.6851462  957.0726  958.6163
2021 04 12 19 57 00    -4.5187452   -1.6816583  957.0750  958.6173
2021 04 12 19 58 00    -4.5113502   -1.6780327  957.0776  958.6177
2021 04 12 19 59 00    -4.5037993   -1.6742727  957.0810  958.6145
2021 04 12 20 00 00    -4.4962520   -1.6704981  957.0844  958.6109
2021 04 12 20 01 00    -4.4886090   -1.6667468  957.0869  958.6091
2021 04 12 20 02 00    -4.4807966   -1.6628380  957.0884  958.6068
2021 04 12 20 03 00    -4.4728662   -1.6586823  957.0895  958.6020
2021 04 12 20 04 00    -4.4649780   -1.6545353  957.0911  958.5965
2021 04 12 20 05 00    -4.4571685   -1.6505721  957.0939  958.5955
2021 04 12 20 06 00    -4.4492725   -1.6466517  957.0971  958.6001
2021 04 12 20 07 00    -4.4414055   -1.6427393  957.1004  958.6066
2021 04 12 20 08 00    -4.4336952   -1.6388919  957.1039  958.6139
2021 04 12 20 09 00    -4.4258317   -1.6349617  957.1067  958.6236
2021 04 12 20 10 00    -4.4177097   -1.6309060  957.1093  958.6324
2021 04 12 20 11 00    -4.4095614   -1.6268724  957.1125  958.6359
2021 04 12 20 12 00    -4.4014469   -1.6228645  957.1159  958.6366
2021 04 12 20 13 00    -4.3933459   -1.6188124  957.1184  958.6395
2021 04 12 20 14 00    -4.3852577   -1.6147534  957.1208  958.6434
2021 04 12 20 15 00    -4.3771270   -1.6107388  957.1234  958.6443
2021 04 12 20 16 00    -4.3689289   -1.6067006  957.1260  958.6409
2021 04 12 20 17 00    -4.3606987   -1.6025645  957.1286  958.6354
2021 04 12 20 18 00    -4.3524819   -1.5983790  957.1312  958.6304
2021 04 12 20 19 00    -4.3443087   -1.5941631  957.1339  958.6261
2021 04 12 20 20 00    -4.3361766   -1.5899426  957.1366  958.6224
2021 04 12 20 21 00    -4.3279432   -1.5857882  957.1391  958.6204
2021 04 12 20 22 00    -4.3194238   -1.5816193  957.1413  958.6188
2021 04 12 20 23 00    -4.3107623   -1.5773823  957.1432  958.6166
2021 04 12 20 24 00    -4.3023271   -1.5731944  957.1447  958.6158
2021 04 12 20 25 00    -4.2940594   -1.5690443  957.1458  958.6183
2021 04 12 20 26 00    -4.2855189   -1.5647863  957.1469  958.6243
2021 04 12 20 27 00    -4.2767772   -1.5604709  957.1484  958.6315
2021 04 12 20 28 00    -4.2682022   -1.5561952  957.1507  958.6354
2021 04 12 20 29 00    -4.2594689   -1.5517487  957.1540  958.6356
2021 04 12 20 30 00    -4.2503520   -1.5470738  957.1568  958.6372
2021 04 12 20 31 00    -4.2415579   -1.5425922  957.1587  958.6433
2021 04 12 20 32 00    -4.2332563   -1.5384043  957.1605  958.6512
2021 04 12 20 33 00    -4.2246800   -1.5341626  957.1625  958.6567
2021 04 12 20 34 00    -4.2157361   -1.5298533  957.1647  958.6574
2021 04 12 20 35 00    -4.2068921   -1.5255675  957.1669  958.6547
2021 04 12 20 36 00    -4.1981397   -1.5211407  957.1691  958.6517
2021 04 12 20 37 00    -4.1893740   -1.5166299  957.1715  958.6511
2021 04 12 20 38 00    -4.1807223   -1.5122732  957.1739  958.6531
2021 04 12 20 39 00    -4.1721291   -1.5080037  957.1761  958.6538
2021 04 12 20 40 00    -4.1633222   -1.5036331  957.1781  958.6488
2021 04 12 20 41 00    -4.1543751   -1.4992184  957.1801  958.6395
2021 04 12 20 42 00    -4.1456603   -1.4948264  957.1818  958.6321
2021 04 12 20 43 00    -4.1370289   -1.4903664  957.1831  958.6310
2021 04 12 20 44 00    -4.1280973   -1.4858758  957.1845  958.6353
2021 04 12 20 45 00    -4.1191052   -1.4814496  957.1866  958.6409
2021 04 12 20 46 00    -4.1102582   -1.4770022  957.1890  958.6439
2021 04 12 20 47 00    -4.1011604   -1.4724640  957.1910  958.6423
2021 04 12 20 48 00    -4.0918994   -1.4679587  957.1928  958.6366
2021 04 12 20 49 00    -4.0831529   -1.4636113  957.1943  958.6290
2021 04 12 20 50 00    -4.0747670   -1.4592758  957.1953  958.6193
2021 04 12 20 51 00    -4.0660520   -1.4548281  957.1962  958.6055
2021 04 12 20 52 00    -4.0571028   -1.4504861  957.1972  958.5909
2021 04 12 20 53 00    -4.0483006   -1.4462228  957.1982  958.5827
2021 04 12 20 54 00    -4.0395226   -1.4416753  957.1988  958.5831
2021 04 12 20 55 00    -4.0305968   -1.4369525  957.1992  958.5878
2021 04 12 20 56 00    -4.0216054   -1.4324557  957.1993  958.5913
2021 04 12 20 57 00    -4.0125704   -1.4281543  957.1999  958.5908
2021 04 12 20 58 00    -4.0034946   -1.4237882  957.2013  958.5883
2021 04 12 20 59 00    -3.9945956   -1.4193245  957.2029  958.5881
2021 04 12 21 00 00    -3.9858636   -1.4148170  957.2035  958.5889
2021 04 12 21 01 00    -3.9769478   -1.4101932  957.2033  958.5864
2021 04 12 21 02 00    -3.9678412   -1.4054745  957.2031  958.5834
2021 04 12 21 03 00    -3.9588300   -1.4008426  957.2030  958.5841
2021 04 12 21 04 00    -3.9499604   -1.3963719  957.2032  958.5849
2021 04 12 21 05 00    -3.9411122   -1.3919968  957.2039  958.5843
2021 04 12 21 06 00    -3.9322276   -1.3876160  957.2047  958.5859
2021 04 12 21 07 00    -3.9232879   -1.3831798  957.2052  958.5871
2021 04 12 21 08 00    -3.9143163   -1.3787364  957.2057  958.5822
2021 04 12 21 09 00    -3.9053197   -1.3742605  957.2060  958.5753
2021 04 12 21 10 00    -3.8962388   -1.3696743  957.2061  958.5734
2021 04 12 21 11 00    -3.8871685   -1.3650562  957.2069  958.5759
2021 04 12 21 12 00    -3.8782481   -1.3605189  957.2091  958.5795
2021 04 12 21 13 00    -3.8694826   -1.3561318  957.2111  958.5830
2021 04 12 21 14 00    -3.8608563   -1.3518957  957.2118  958.5847
2021 04 12 21 15 00    -3.8521086   -1.3475564  957.2114  958.5820
2021 04 12 21 16 00    -3.8430328   -1.3429812  957.2110  958.5771
2021 04 12 21 17 00    -3.8339812   -1.3384817  957.2113  958.5757
2021 04 12 21 18 00    -3.8252081   -1.3342333  957.2121  958.5794
2021 04 12 21 19 00    -3.8165286   -1.3299917  957.2129  958.5842
2021 04 12 21 20 00    -3.8077739   -1.3255409  957.2137  958.5877
2021 04 12 21 21 00    -3.7989320   -1.3209744  957.2153  958.5927
2021 04 12 21 22 00    -3.7901092   -1.3164974  957.2168  958.6016
2021 04 12 21 23 00    -3.7813583   -1.3121799  957.2170  958.6117
2021 04 12 21 24 00    -3.7725735   -1.3079456  957.2172  958.6183
2021 04 12 21 25 00    -3.7636887   -1.3035885  957.2189  958.6208
2021 04 12 21 26 00    -3.7548372   -1.2990324  957.2212  958.6217
2021 04 12 21 27 00    -3.7461962   -1.2945248  957.2228  958.6220
2021 04 12 21 28 00    -3.7376548   -1.2902092  957.2238  958.6236
2021 04 12 21 29 00    -3.7289932   -1.2859400  957.2249  958.6302
2021 04 12 21 30 00    -3.7203281   -1.2816387  957.2266  958.6413
2021 04 12 21 31 00    -3.7118313   -1.2773665  957.2288  958.6514
2021 04 12 21 32 00    -3.7033352   -1.2731538  957.2307  958.6573
2021 04 12 21 33 00    -3.6947193   -1.2689472  957.2324  958.6600
2021 04 12 21 34 00    -3.6861373   -1.2646594  957.2342  958.6606
2021 04 12 21 35 00    -3.6776437   -1.2602836  957.2365  958.6585
2021 04 12 21 36 00    -3.6692004   -1.2559228  957.2388  958.6529
2021 04 12 21 37 00    -3.6609222   -1.2517237  957.2406  958.6438
2021 04 12 21 38 00    -3.6528544   -1.2477401  957.2416  958.6322
2021 04 12 21 39 00    -3.6447769   -1.2438093  957.2427  958.6205
2021 04 12 21 40 00    -3.6364211   -1.2397068  957.2439  958.6126
2021 04 12 21 41 00    -3.6278201   -1.2354060  957.2447  958.6119
2021 04 12 21 42 00    -3.6193825   -1.2311584  957.2453  958.6172
2021 04 12 21 43 00    -3.6112968   -1.2271618  957.2464  958.6215
2021 04 12 21 44 00    -3.6031868   -1.2231667  957.2475  958.6199
2021 04 12 21 45 00    -3.5948896   -1.2189434  957.2483  958.6154
2021 04 12 21 46 00    -3.5867333   -1.2147097  957.2493  958.6142
2021 04 12 21 47 00    -3.5787464   -1.2106311  957.2506  958.6164
2021 04 12 21 48 00    -3.5706234   -1.2066085  957.2517  958.6173
2021 04 12 21 49 00    -3.5624290   -1.2026006  957.2527  958.6128
2021 04 12 21 50 00    -3.5545034   -1.1986447  957.2541  958.6048
2021 04 12 21 51 00    -3.5467489   -1.1947029  957.2558  958.5984
2021 04 12 21 52 00    -3.5388279   -1.1907459  957.2567  958.5948
2021 04 12 21 53 00    -3.5309107   -1.1868190  957.2563  958.5913
2021 04 12 21 54 00    -3.5232118   -1.1829102  957.2557  958.5888
2021 04 12 21 55 00    -3.5154929   -1.1790117  957.2560  958.5896
2021 04 12 21 56 00    -3.5077484   -1.1752082  957.2570  958.5909
2021 04 12 21 57 00    -3.5001428   -1.1714781  957.2577  958.5888
2021 04 12 21 58 00    -3.4924976   -1.1676716  957.2582  958.5840
2021 04 12 21 59 00    -3.4847642   -1.1637368  957.2586  958.5806
2021 04 12 22 00 00    -3.4771485   -1.1598187  957.2588  958.5812
2021 04 12 22 01 00    -3.4697436   -1.1561024  957.2589  958.5844
2021 04 12 22 02 00    -3.4624606   -1.1524718  957.2593  958.5870
2021 04 12 22 03 00    -3.4550779   -1.1486629  957.2601  958.5881
2021 04 12 22 04 00    -3.4475622   -1.1448173  957.2610  958.5890
2021 04 12 22 05 00    -3.4400938   -1.1412137  957.2618  958.5903
2021 04 12 22 06 00    -3.4327297   -1.1377046  957.2622  958.5908
2021 04 12 22 07 00    -3.4254393   -1.1340367  957.2625  958.5889
2021 04 12 22 08 00    -3.4182431   -1.1303157  957.2635  958.5847
2021 04 12 22 09 00    -3.4111949   -1.1267632  957.2644  958.5819
2021 04 12 22 10 00    -3.4041956   -1.1232818  957.2641  958.5839
2021 04 12 22 11 00    -3.3971194   -1.1197084  957.2631  958.5871
2021 04 12 22 12 00    -3.3901818   -1.1161894  957.2632  958.5855
2021 04 12 22 13 00    -3.3834849   -1.1128389  957.2647  958.5799
2021 04 12 22 14 00    -3.3766961   -1.1095273  957.2660  958.5761
2021 04 12 22 15 00    -3.3697339   -1.1061339  957.2663  958.5750
2021 04 12 22 16 00    -3.3628660   -1.1027012  957.2660  958.5722
2021 04 12 22 17 00    -3.3561583   -1.0993686  957.2657  958.5670
2021 04 12 22 18 00    -3.3495716   -1.0961062  957.2658  958.5620
2021 04 12 22 19 00    -3.3430824   -1.0927546  957.2665  958.5593
2021 04 12 22 20 00    -3.3365359   -1.0893388  957.2671  958.5597
2021 04 12 22 21 00    -3.3299572   -1.0860109  957.2673  958.5637
2021 04 12 22 22 00    -3.3235162   -1.0828324  957.2677  958.5705
2021 04 12 22 23 00    -3.3170904   -1.0796950  957.2684  958.5784
2021 04 12 22 24 00    -3.3106285   -1.0764874  957.2688  958.5857
2021 04 12 22 25 00    -3.3043449   -1.0733360  957.2689  958.5911
2021 04 12 22 26 00    -3.2981844   -1.0703289  957.2693  958.5937
2021 04 12 22 27 00    -3.2920088   -1.0673278  957.2698  958.5945
2021 04 12 22 28 00    -3.2859967   -1.0642858  957.2704  958.5978
2021 04 12 22 29 00    -3.2801201   -1.0611962  957.2720  958.6065
2021 04 12 22 30 00    -3.2740729   -1.0580690  957.2740  958.6184
2021 04 12 22 31 00    -3.2679964   -1.0550988  957.2756  958.6284
2021 04 12 22 32 00    -3.2621496   -1.0522591  957.2775  958.6344
2021 04 12 22 33 00    -3.2563108   -1.0493169  957.2799  958.6369
2021 04 12 22 34 00    -3.2504453   -1.0463756  957.2822  958.6372
2021 04 12 22 35 00    -3.2448159   -1.0435868  957.2837  958.6371
2021 04 12 22 36 00    -3.2392706   -1.0407888  957.2849  958.6375
2021 04 12 22 37 00    -3.2336200   -1.0379421  957.2863  958.6377
2021 04 12 22 38 00    -3.2280127   -1.0352035  957.2879  958.6376
2021 04 12 22 39 00    -3.2224811   -1.0325090  957.2891  958.6390
2021 04 12 22 40 00    -3.2170252   -1.0297902  957.2901  958.6431
2021 04 12 22 41 00    -3.2117614   -1.0271774  957.2913  958.6483
2021 04 12 22 42 00    -3.2065874   -1.0245898  957.2929  958.6538
2021 04 12 22 43 00    -3.2013290   -1.0218846  957.2952  958.6616
2021 04 12 22 44 00    -3.1960901   -1.0192333  957.2979  958.6712
2021 04 12 22 45 00    -3.1910447   -1.0167200  957.2999  958.6783
2021 04 12 22 46 00    -3.1862134   -1.0142276  957.3016  958.6827
2021 04 12 22 47 00    -3.1814835   -1.0117999  957.3037  958.6869
2021 04 12 22 48 00    -3.1766505   -1.0094716  957.3067  958.6915
2021 04 12 22 49 00    -3.1717441   -1.0071270  957.3099  958.6969
2021 04 12 22 50 00    -3.1670000   -1.0047338  957.3126  958.7059
2021 04 12 22 51 00    -3.1623375   -1.0023454  957.3148  958.7212
2021 04 12 22 52 00    -3.1576289   -0.9999562  957.3175  958.7412
2021 04 12 22 53 00    -3.1531105   -0.9976362  957.3212  958.7601
2021 04 12 22 54 00    -3.1488294   -0.9955026  957.3250  958.7727
2021 04 12 22 55 00    -3.1444183   -0.9933364  957.3285  958.7794
2021 04 12 22 56 00    -3.1399219   -0.9910201  957.3322  958.7845
2021 04 12 22 57 00    -3.1358037   -0.9889112  957.3363  958.7901
2021 04 12 22 58 00    -3.1319607   -0.9870535  957.3402  958.7960
2021 04 12 22 59 00    -3.1280267   -0.9851973  957.3434  958.8036
2021 04 12 23 00 00    -3.1240691   -0.9832780  957.3460  958.8138
2021 04 12 23 01 00    -3.1201187   -0.9811691  957.3491  958.8252
2021 04 12 23 02 00    -3.1161397   -0.9790195  957.3536  958.8363
2021 04 12 23 03 00    -3.1123984   -0.9772815  957.3589  958.8455
2021 04 12 23 04 00    -3.1088648   -0.9757381  957.3645  958.8501
2021 04 12 23 05 00    -3.1051332   -0.9738252  957.3697  958.8501
2021 04 12 23 06 00    -3.1013723   -0.9717470  957.3743  958.8496
2021 04 12 23 07 00    -3.0980268   -0.9699962  957.3785  958.8507
2021 04 12 23 08 00    -3.0948812   -0.9684520  957.3828  958.8508
2021 04 12 23 09 00    -3.0915799   -0.9668099  957.3866  958.8481
2021 04 12 23 10 00    -3.0882914   -0.9651834  957.3901  958.8445
2021 04 12 23 11 00    -3.0852267   -0.9637491  957.3941  958.8425
2021 04 12 23 12 00    -3.0823193   -0.9623741  957.3987  958.8417
2021 04 12 23 13 00    -3.0795285   -0.9608950  957.4029  958.8392
2021 04 12 23 14 00    -3.0767713   -0.9593311  957.4062  958.8334
2021 04 12 23 15 00    -3.0738690   -0.9578158  957.4090  958.8279
2021 04 12 23 16 00    -3.0709458   -0.9564754  957.4125  958.8278
2021 04 12 23 17 00    -3.0682971   -0.9552551  957.4165  958.8333
2021 04 12 23 18 00    -3.0659052   -0.9540011  957.4198  958.8409
2021 04 12 23 19 00    -3.0635431   -0.9527300  957.4223  958.8467
2021 04 12 23 20 00    -3.0612020   -0.9516175  957.4252  958.8486
2021 04 12 23 21 00    -3.0590136   -0.9506511  957.4291  958.8479
2021 04 12 23 22 00    -3.0568438   -0.9495344  957.4332  958.8465
2021 04 12 23 23 00    -3.0545649   -0.9482204  957.4367  958.8460
2021 04 12 23 24 00    -3.0524045   -0.9470424  957.4392  958.8461
2021 04 12 23 25 00    -3.0505030   -0.9460996  957.4415  958.8452
2021 04 12 23 26 00    -3.0486886   -0.9452212  957.4445  958.8428
2021 04 12 23 27 00    -3.0468146   -0.9443624  957.4479  958.8405
2021 04 12 23 28 00    -3.0449896   -0.9435760  957.4510  958.8399
2021 04 12 23 29 00    -3.0434436   -0.9428948  957.4537  958.8385
2021 04 12 23 30 00    -3.0420909   -0.9422041  957.4559  958.8324
2021 04 12 23 31 00    -3.0406663   -0.9413603  957.4580  958.8220
2021 04 12 23 32 00    -3.0393192   -0.9405644  957.4600  958.8100
2021 04 12 23 33 00    -3.0382276   -0.9400499  957.4616  958.7971
2021 04 12 23 34 00    -3.0371403   -0.9396493  957.4629  958.7842
2021 04 12 23 35 00    -3.0359490   -0.9391645  957.4638  958.7748
2021 04 12 23 36 00    -3.0348101   -0.9386022  957.4643  958.7698
2021 04 12 23 37 00    -3.0337636   -0.9379663  957.4645  958.7667
2021 04 12 23 38 00    -3.0328110   -0.9373699  957.4644  958.7662
2021 04 12 23 39 00    -3.0320178   -0.9370551  957.4650  958.7708
2021 04 12 23 40 00    -3.0314259   -0.9369781  957.4670  958.7771
2021 04 12 23 41 00    -3.0308610   -0.9367844  957.4696  958.7784
2021 04 12 23 42 00    -3.0301113   -0.9363173  957.4711  958.7735
2021 04 12 23 43 00    -3.0294104   -0.9358485  957.4712  958.7667
2021 04 12 23 44 00    -3.0290464   -0.9356253  957.4713  958.7613
2021 04 12 23 45 00    -3.0288493   -0.9354771  957.4723  958.7588
2021 04 12 23 46 00    -3.0286199   -0.9352308  957.4733  958.7602
2021 04 12 23 47 00    -3.0284133   -0.9350858  957.4737  958.7624
2021 04 12 23 48 00    -3.0283053   -0.9351634  957.4742  958.7618
2021 04 12 23 49 00    -3.0283387   -0.9352559  957.4747  958.7592
2021 04 12 23 50 00    -3.0285051   -0.9352834  957.4747  958.7563
2021 04 12 23 51 00    -3.0286834   -0.9354232  957.4750  958.7508
2021 04 12 23 52 00    -3.0288752   -0.9357167  957.4761  958.7410
2021 04 12 23 53 00    -3.0292324   -0.9359832  957.4770  958.7291
2021 04 12 23 54 00    -3.0297261   -0.9361353  957.4766  958.7173
2021 04 12 23 55 00    -3.0302318   -0.9362729  957.4760  958.7058
2021 04 12 23 56 00    -3.0307957   -0.9364916  957.4757  958.6949
2021 04 12 23 57 00    -3.0314607   -0.9367403  957.4748  958.6856
2021 04 12 23 58 00    -3.0322561   -0.9370136  957.4738  958.6786
2021 04 12 23 59 00    -3.0333078   -0.9375285  957.4731  958.6733
