[TSF-file]     v01.0

[TIMEFORMAT]   DATETIME
[INCREMENT]    60
[CHANNELS]
    BF:SG056:G1-F60 
    BF:SG056:G2-F60 
    BF:SG056:Br1-F60
    BF:SG056:Br2-F60
[UNITS]
    Volt
    Volt
    mbar
    mbar
[UNDETVAL]                      9999.999
[PHASE_LAG_1_DEG_CPD]           0.0402
[PHASE_LAG_1_DEG_CPD_ERROR]     0.0002
[N_LATITUDE_DEG]                48.3294
[N_LATITUDE_DEG_ERROR]          0.0001
[E_LONGITUDE_DEG]               008.3284
[E_LONGITUDE_DEG_ERROR]         0.0001
[HEIGHT_M_1]                    589.20
[HEIGHT_M_1_ERROR]              0.01
[GRAVITY_CAL_1_UGAL_V]          -40.1100
[GRAVITY_CAL_1_UGAL_V_ERROR]    0.0300
[PRESSURE_CAL_MBAR_V]           1.0000
[PRESSURE_CAL_MBAR_V_ERROR]     0.0001
[AUTHOR]                        Thomas Forbriger@kit.edu
[PHASE_LAG_2_DEG_CPD]           0.0402
[PHASE_LAG_2_DEG_CPD_ERROR]     0.0002
[HEIGHT_M_2]                    589.40
[HEIGHT_M_2_ERROR]              0.01
[GRAVITY_CAL_2_UGAL_V]          -80.0699
[GRAVITY_CAL_2_UGAL_V_ERROR]    0.0600
[PRESSURE_ADMIT_HPA_NMS2]       -3.4000
[PRESSURE_MEAN_HPA]             0980.0
[COMMENT]                           
software upgrade and FitPC2 replacement on 29. July 2019



Date           Time     G1-F60        G2-F60        Br1-F60       Br2-F60      
[DATA]
2021 04 21 00 00 00    -4.1319638   -1.4905702  946.7926  947.5806
2021 04 21 00 01 00    -4.1406063   -1.4948281  946.7918  947.5702
2021 04 21 00 02 00    -4.1493399   -1.4990991  946.7907  947.5592
2021 04 21 00 03 00    -4.1581416   -1.5034525  946.7896  947.5458
2021 04 21 00 04 00    -4.1667705   -1.5079039  946.7884  947.5325
2021 04 21 00 05 00    -4.1754787   -1.5124640  946.7867  947.5256
2021 04 21 00 06 00    -4.1844108   -1.5169032  946.7849  947.5249
2021 04 21 00 07 00    -4.1931984   -1.5211582  946.7835  947.5230
2021 04 21 00 08 00    -4.2017619   -1.5255322  946.7822  947.5157
2021 04 21 00 09 00    -4.2103857   -1.5300176  946.7807  947.5057
2021 04 21 00 10 00    -4.2190813   -1.5343341  946.7787  947.4970
2021 04 21 00 11 00    -4.2276847   -1.5385374  946.7762  947.4903
2021 04 21 00 12 00    -4.2361482   -1.5427666  946.7741  947.4851
2021 04 21 00 13 00    -4.2445038   -1.5469854  946.7725  947.4796
2021 04 21 00 14 00    -4.2528509   -1.5512550  946.7706  947.4731
2021 04 21 00 15 00    -4.2612025   -1.5555475  946.7682  947.4664
2021 04 21 00 16 00    -4.2695136   -1.5596852  946.7661  947.4601
2021 04 21 00 17 00    -4.2778063   -1.5637679  946.7644  947.4556
2021 04 21 00 18 00    -4.2859717   -1.5679172  946.7623  947.4532
2021 04 21 00 19 00    -4.2940029   -1.5720228  946.7597  947.4491
2021 04 21 00 20 00    -4.3021424   -1.5761042  946.7574  947.4399
2021 04 21 00 21 00    -4.3103474   -1.5801785  946.7554  947.4291
2021 04 21 00 22 00    -4.3184208   -1.5841644  946.7531  947.4202
2021 04 21 00 23 00    -4.3264654   -1.5881485  946.7505  947.4105
2021 04 21 00 24 00    -4.3345021   -1.5921113  946.7480  947.3972
2021 04 21 00 25 00    -4.3424113   -1.5959898  946.7454  947.3812
2021 04 21 00 26 00    -4.3503010   -1.5999279  946.7422  947.3649
2021 04 21 00 27 00    -4.3582213   -1.6038836  946.7390  947.3505
2021 04 21 00 28 00    -4.3660714   -1.6078342  946.7361  947.3382
2021 04 21 00 29 00    -4.3738061   -1.6119206  946.7327  947.3266
2021 04 21 00 30 00    -4.3813713   -1.6158891  946.7290  947.3137
2021 04 21 00 31 00    -4.3889054   -1.6194989  946.7256  947.2997
2021 04 21 00 32 00    -4.3966393   -1.6230688  946.7223  947.2863
2021 04 21 00 33 00    -4.4043717   -1.6268687  946.7187  947.2740
2021 04 21 00 34 00    -4.4118442   -1.6307438  946.7149  947.2614
2021 04 21 00 35 00    -4.4192357   -1.6344918  946.7112  947.2507
2021 04 21 00 36 00    -4.4266500   -1.6380879  946.7077  947.2451
2021 04 21 00 37 00    -4.4340427   -1.6417192  946.7041  947.2424
2021 04 21 00 38 00    -4.4414907   -1.6455705  946.7004  947.2394
2021 04 21 00 39 00    -4.4487919   -1.6494084  946.6968  947.2356
2021 04 21 00 40 00    -4.4558430   -1.6529889  946.6932  947.2305
2021 04 21 00 41 00    -4.4630530   -1.6565355  946.6894  947.2229
2021 04 21 00 42 00    -4.4704254   -1.6602059  946.6853  947.2134
2021 04 21 00 43 00    -4.4775453   -1.6638491  946.6814  947.2053
2021 04 21 00 44 00    -4.4844222   -1.6673640  946.6777  947.2014
2021 04 21 00 45 00    -4.4912807   -1.6707647  946.6740  947.2009
2021 04 21 00 46 00    -4.4982164   -1.6741154  946.6703  947.2015
2021 04 21 00 47 00    -4.5051857   -1.6775064  946.6668  947.2019
2021 04 21 00 48 00    -4.5119455   -1.6809553  946.6634  947.2024
2021 04 21 00 49 00    -4.5184017   -1.6843502  946.6598  947.2023
2021 04 21 00 50 00    -4.5248387   -1.6875919  946.6560  947.2006
2021 04 21 00 51 00    -4.5315725   -1.6908436  946.6524  947.1996
2021 04 21 00 52 00    -4.5385121   -1.6942801  946.6490  947.1992
2021 04 21 00 53 00    -4.5451535   -1.6976215  946.6455  947.1972
2021 04 21 00 54 00    -4.5514160   -1.7007134  946.6418  947.1931
2021 04 21 00 55 00    -4.5578476   -1.7039764  946.6383  947.1875
2021 04 21 00 56 00    -4.5644917   -1.7074476  946.6349  947.1810
2021 04 21 00 57 00    -4.5708755   -1.7106089  946.6314  947.1754
2021 04 21 00 58 00    -4.5770413   -1.7134547  946.6278  947.1729
2021 04 21 00 59 00    -4.5833123   -1.7164744  946.6244  947.1732
2021 04 21 01 00 00    -4.5896161   -1.7197244  946.6207  947.1747
2021 04 21 01 01 00    -4.5957459   -1.7228687  946.6168  947.1761
2021 04 21 01 02 00    -4.6017783   -1.7258877  946.6132  947.1760
2021 04 21 01 03 00    -4.6079327   -1.7289905  946.6098  947.1735
2021 04 21 01 04 00    -4.6141586   -1.7321473  946.6064  947.1685
2021 04 21 01 05 00    -4.6201441   -1.7351866  946.6029  947.1612
2021 04 21 01 06 00    -4.6258816   -1.7381165  946.5995  947.1532
2021 04 21 01 07 00    -4.6316820   -1.7410836  946.5961  947.1462
2021 04 21 01 08 00    -4.6375725   -1.7440532  946.5925  947.1394
2021 04 21 01 09 00    -4.6433230   -1.7468251  946.5888  947.1317
2021 04 21 01 10 00    -4.6488868   -1.7494179  946.5852  947.1255
2021 04 21 01 11 00    -4.6544899   -1.7521608  946.5816  947.1222
2021 04 21 01 12 00    -4.6602731   -1.7551889  946.5782  947.1186
2021 04 21 01 13 00    -4.6660061   -1.7581920  946.5745  947.1128
2021 04 21 01 14 00    -4.6715453   -1.7609766  946.5707  947.1073
2021 04 21 01 15 00    -4.6770208   -1.7636595  946.5669  947.1031
2021 04 21 01 16 00    -4.6823997   -1.7663033  946.5630  947.0977
2021 04 21 01 17 00    -4.6876489   -1.7689423  946.5592  947.0904
2021 04 21 01 18 00    -4.6929440   -1.7716794  946.5556  947.0829
2021 04 21 01 19 00    -4.6983297   -1.7744878  946.5522  947.0757
2021 04 21 01 20 00    -4.7036675   -1.7771914  946.5485  947.0683
2021 04 21 01 21 00    -4.7089096   -1.7797517  946.5445  947.0601
2021 04 21 01 22 00    -4.7140621   -1.7822915  946.5405  947.0506
2021 04 21 01 23 00    -4.7190707   -1.7848460  946.5366  947.0398
2021 04 21 01 24 00    -4.7240548   -1.7873578  946.5326  947.0287
2021 04 21 01 25 00    -4.7291432   -1.7897906  946.5286  947.0202
2021 04 21 01 26 00    -4.7340839   -1.7921712  946.5246  947.0171
2021 04 21 01 27 00    -4.7387400   -1.7945692  946.5206  947.0179
2021 04 21 01 28 00    -4.7433821   -1.7969674  946.5167  947.0170
2021 04 21 01 29 00    -4.7480964   -1.7992275  946.5128  947.0121
2021 04 21 01 30 00    -4.7527339   -1.8013509  946.5089  947.0068
2021 04 21 01 31 00    -4.7572787   -1.8036310  946.5050  947.0038
2021 04 21 01 32 00    -4.7617803   -1.8061551  946.5010  947.0014
2021 04 21 01 33 00    -4.7662705   -1.8085146  946.4968  946.9974
2021 04 21 01 34 00    -4.7707572   -1.8105565  946.4926  946.9925
2021 04 21 01 35 00    -4.7751907   -1.8126741  946.4886  946.9885
2021 04 21 01 36 00    -4.7795867   -1.8150100  946.4848  946.9863
2021 04 21 01 37 00    -4.7839522   -1.8173119  946.4810  946.9847
2021 04 21 01 38 00    -4.7881232   -1.8194248  946.4771  946.9834
2021 04 21 01 39 00    -4.7921285   -1.8213912  946.4733  946.9848
2021 04 21 01 40 00    -4.7962586   -1.8234202  946.4696  946.9891
2021 04 21 01 41 00    -4.8004574   -1.8255714  946.4658  946.9924
2021 04 21 01 42 00    -4.8044239   -1.8275573  946.4620  946.9940
2021 04 21 01 43 00    -4.8082048   -1.8293287  946.4584  946.9969
2021 04 21 01 44 00    -4.8119949   -1.8311774  946.4548  947.0000
2021 04 21 01 45 00    -4.8157953   -1.8331463  946.4515  947.0020
2021 04 21 01 46 00    -4.8195714   -1.8351299  946.4481  947.0063
2021 04 21 01 47 00    -4.8233362   -1.8371521  946.4449  947.0127
2021 04 21 01 48 00    -4.8270970   -1.8390940  946.4419  947.0174
2021 04 21 01 49 00    -4.8308147   -1.8408401  946.4391  947.0203
2021 04 21 01 50 00    -4.8343497   -1.8425693  946.4361  947.0247
2021 04 21 01 51 00    -4.8376658   -1.8443371  946.4329  947.0295
2021 04 21 01 52 00    -4.8409584   -1.8459969  946.4297  947.0305
2021 04 21 01 53 00    -4.8443363   -1.8475960  946.4264  947.0273
2021 04 21 01 54 00    -4.8477245   -1.8492429  946.4233  947.0238
2021 04 21 01 55 00    -4.8511278   -1.8509496  946.4205  947.0221
2021 04 21 01 56 00    -4.8545570   -1.8527268  946.4178  947.0202
2021 04 21 01 57 00    -4.8577856   -1.8544184  946.4151  947.0167
2021 04 21 01 58 00    -4.8607595   -1.8558728  946.4122  947.0130
2021 04 21 01 59 00    -4.8638364   -1.8573381  946.4090  947.0099
2021 04 21 02 00 00    -4.8670053   -1.8589643  946.4057  947.0063
2021 04 21 02 01 00    -4.8699331   -1.8604514  946.4026  946.9997
2021 04 21 02 02 00    -4.8727773   -1.8616937  946.3995  946.9906
2021 04 21 02 03 00    -4.8757544   -1.8629839  946.3962  946.9832
2021 04 21 02 04 00    -4.8786695   -1.8645067  946.3929  946.9793
2021 04 21 02 05 00    -4.8814433   -1.8660970  946.3899  946.9770
2021 04 21 02 06 00    -4.8842096   -1.8675341  946.3868  946.9775
2021 04 21 02 07 00    -4.8869338   -1.8688854  946.3836  946.9815
2021 04 21 02 08 00    -4.8894686   -1.8702436  946.3806  946.9857
2021 04 21 02 09 00    -4.8918381   -1.8714782  946.3779  946.9903
2021 04 21 02 10 00    -4.8942737   -1.8726004  946.3749  946.9970
2021 04 21 02 11 00    -4.8968367   -1.8737905  946.3718  947.0036
2021 04 21 02 12 00    -4.8993333   -1.8750599  946.3692  947.0088
2021 04 21 02 13 00    -4.9016525   -1.8762590  946.3668  947.0155
2021 04 21 02 14 00    -4.9037212   -1.8772822  946.3643  947.0241
2021 04 21 02 15 00    -4.9057007   -1.8782756  946.3620  947.0323
2021 04 21 02 16 00    -4.9079544   -1.8794460  946.3602  947.0395
2021 04 21 02 17 00    -4.9102215   -1.8806312  946.3585  947.0471
2021 04 21 02 18 00    -4.9120539   -1.8815821  946.3566  947.0545
2021 04 21 02 19 00    -4.9138200   -1.8824962  946.3546  947.0593
2021 04 21 02 20 00    -4.9159336   -1.8835901  946.3530  947.0617
2021 04 21 02 21 00    -4.9180062   -1.8845560  946.3515  947.0649
2021 04 21 02 22 00    -4.9196609   -1.8852054  946.3498  947.0708
2021 04 21 02 23 00    -4.9212164   -1.8859197  946.3479  947.0771
2021 04 21 02 24 00    -4.9230030   -1.8869096  946.3461  947.0830
2021 04 21 02 25 00    -4.9247977   -1.8879014  946.3445  947.0908
2021 04 21 02 26 00    -4.9263621   -1.8887384  946.3433  947.0989
2021 04 21 02 27 00    -4.9278566   -1.8895521  946.3425  947.1019
2021 04 21 02 28 00    -4.9293935   -1.8903290  946.3416  947.1003
2021 04 21 02 29 00    -4.9308155   -1.8909294  946.3403  947.0984
2021 04 21 02 30 00    -4.9321528   -1.8915154  946.3387  947.0973
2021 04 21 02 31 00    -4.9336613   -1.8922963  946.3375  947.0968
2021 04 21 02 32 00    -4.9352081   -1.8930483  946.3366  947.0977
2021 04 21 02 33 00    -4.9364825   -1.8936248  946.3357  947.0985
2021 04 21 02 34 00    -4.9376763   -1.8943077  946.3349  947.0971
2021 04 21 02 35 00    -4.9389437   -1.8950791  946.3336  947.0943
2021 04 21 02 36 00    -4.9400084   -1.8956250  946.3318  947.0926
2021 04 21 02 37 00    -4.9409111   -1.8960752  946.3299  947.0920
2021 04 21 02 38 00    -4.9419836   -1.8966793  946.3285  947.0910
2021 04 21 02 39 00    -4.9431029   -1.8972720  946.3275  947.0883
2021 04 21 02 40 00    -4.9440089   -1.8976675  946.3264  947.0837
2021 04 21 02 41 00    -4.9448862   -1.8979583  946.3252  947.0786
2021 04 21 02 42 00    -4.9458807   -1.8982830  946.3241  947.0747
2021 04 21 02 43 00    -4.9467829   -1.8987278  946.3228  947.0710
2021 04 21 02 44 00    -4.9475250   -1.8992624  946.3213  947.0651
2021 04 21 02 45 00    -4.9482264   -1.8996912  946.3198  947.0572
2021 04 21 02 46 00    -4.9488873   -1.8999674  946.3182  947.0496
2021 04 21 02 47 00    -4.9495166   -1.9002639  946.3165  947.0428
2021 04 21 02 48 00    -4.9501410   -1.9006011  946.3146  947.0358
2021 04 21 02 49 00    -4.9506915   -1.9008677  946.3126  947.0284
2021 04 21 02 50 00    -4.9511441   -1.9010727  946.3108  947.0206
2021 04 21 02 51 00    -4.9515526   -1.9012670  946.3089  947.0120
2021 04 21 02 52 00    -4.9519207   -1.9014229  946.3068  947.0038
2021 04 21 02 53 00    -4.9521915   -1.9015306  946.3045  946.9994
2021 04 21 02 54 00    -4.9523774   -1.9016421  946.3022  946.9994
2021 04 21 02 55 00    -4.9525296   -1.9017397  946.3003  947.0003
2021 04 21 02 56 00    -4.9527044   -1.9018403  946.2985  946.9999
2021 04 21 02 57 00    -4.9530083   -1.9020532  946.2964  946.9992
2021 04 21 02 58 00    -4.9533350   -1.9022578  946.2942  946.9997
2021 04 21 02 59 00    -4.9533477   -1.9022218  946.2925  947.0002
2021 04 21 03 00 00    -4.9530462   -1.9020451  946.2908  946.9991
2021 04 21 03 01 00    -4.9528630   -1.9019866  946.2884  946.9964
2021 04 21 03 02 00    -4.9529117   -1.9020200  946.2858  946.9933
2021 04 21 03 03 00    -4.9527922   -1.9019155  946.2838  946.9912
2021 04 21 03 04 00    -4.9524386   -1.9017352  946.2823  946.9905
2021 04 21 03 05 00    -4.9521898   -1.9017433  946.2806  946.9899
2021 04 21 03 06 00    -4.9519872   -1.9017386  946.2784  946.9883
2021 04 21 03 07 00    -4.9515728   -1.9013863  946.2764  946.9866
2021 04 21 03 08 00    -4.9510552   -1.9009234  946.2749  946.9855
2021 04 21 03 09 00    -4.9505852   -1.9006445  946.2731  946.9825
2021 04 21 03 10 00    -4.9500812   -1.9004328  946.2709  946.9777
2021 04 21 03 11 00    -4.9494767   -1.9001002  946.2688  946.9760
2021 04 21 03 12 00    -4.9488170   -1.8996785  946.2670  946.9800
2021 04 21 03 13 00    -4.9482251   -1.8994162  946.2653  946.9852
2021 04 21 03 14 00    -4.9477411   -1.8993584  946.2637  946.9869
2021 04 21 03 15 00    -4.9470815   -1.8991173  946.2619  946.9846
2021 04 21 03 16 00    -4.9461130   -1.8985394  946.2598  946.9794
2021 04 21 03 17 00    -4.9451746   -1.8979930  946.2578  946.9713
2021 04 21 03 18 00    -4.9443796   -1.8976342  946.2560  946.9608
2021 04 21 03 19 00    -4.9435437   -1.8972628  946.2539  946.9496
2021 04 21 03 20 00    -4.9426303   -1.8968046  946.2517  946.9385
2021 04 21 03 21 00    -4.9416416   -1.8963010  946.2496  946.9274
2021 04 21 03 22 00    -4.9406663   -1.8958197  946.2474  946.9171
2021 04 21 03 23 00    -4.9397861   -1.8953638  946.2445  946.9079
2021 04 21 03 24 00    -4.9388559   -1.8948268  946.2414  946.9003
2021 04 21 03 25 00    -4.9377495   -1.8942633  946.2389  946.8949
2021 04 21 03 26 00    -4.9364596   -1.8937108  946.2365  946.8912
2021 04 21 03 27 00    -4.9351369   -1.8930459  946.2336  946.8881
2021 04 21 03 28 00    -4.9339655   -1.8924239  946.2307  946.8856
2021 04 21 03 29 00    -4.9328488   -1.8920395  946.2281  946.8835
2021 04 21 03 30 00    -4.9316096   -1.8915758  946.2255  946.8813
2021 04 21 03 31 00    -4.9301759   -1.8907274  946.2229  946.8781
2021 04 21 03 32 00    -4.9285969   -1.8897292  946.2203  946.8735
2021 04 21 03 33 00    -4.9270560   -1.8888548  946.2175  946.8672
2021 04 21 03 34 00    -4.9255939   -1.8881275  946.2147  946.8601
2021 04 21 03 35 00    -4.9241106   -1.8875094  946.2120  946.8525
2021 04 21 03 36 00    -4.9226116   -1.8868313  946.2092  946.8441
2021 04 21 03 37 00    -4.9210842   -1.8859945  946.2063  946.8352
2021 04 21 03 38 00    -4.9194710   -1.8851689  946.2034  946.8275
2021 04 21 03 39 00    -4.9178213   -1.8843544  946.2003  946.8221
2021 04 21 03 40 00    -4.9160383   -1.8833298  946.1974  946.8173
2021 04 21 03 41 00    -4.9140100   -1.8822412  946.1947  946.8128
2021 04 21 03 42 00    -4.9120715   -1.8814459  946.1920  946.8114
2021 04 21 03 43 00    -4.9103449   -1.8807795  946.1889  946.8124
2021 04 21 03 44 00    -4.9084768   -1.8798843  946.1858  946.8115
2021 04 21 03 45 00    -4.9065558   -1.8788760  946.1828  946.8094
2021 04 21 03 46 00    -4.9047650   -1.8779226  946.1799  946.8089
2021 04 21 03 47 00    -4.9027592   -1.8768849  946.1771  946.8098
2021 04 21 03 48 00    -4.9004884   -1.8757376  946.1744  946.8103
2021 04 21 03 49 00    -4.8983728   -1.8746544  946.1719  946.8095
2021 04 21 03 50 00    -4.8964018   -1.8735925  946.1697  946.8083
2021 04 21 03 51 00    -4.8941749   -1.8723784  946.1673  946.8082
2021 04 21 03 52 00    -4.8917213   -1.8711383  946.1644  946.8084
2021 04 21 03 53 00    -4.8894062   -1.8700502  946.1615  946.8067
2021 04 21 03 54 00    -4.8872315   -1.8689597  946.1587  946.8032
2021 04 21 03 55 00    -4.8850060   -1.8677575  946.1559  946.8016
2021 04 21 03 56 00    -4.8827524   -1.8666330  946.1534  946.8052
2021 04 21 03 57 00    -4.8804693   -1.8656533  946.1511  946.8121
2021 04 21 03 58 00    -4.8780846   -1.8646213  946.1485  946.8181
2021 04 21 03 59 00    -4.8756265   -1.8634016  946.1459  946.8206
2021 04 21 04 00 00    -4.8731398   -1.8620478  946.1437  946.8195
2021 04 21 04 01 00    -4.8705913   -1.8606691  946.1419  946.8167
2021 04 21 04 02 00    -4.8678880   -1.8593056  946.1396  946.8156
2021 04 21 04 03 00    -4.8651161   -1.8579680  946.1371  946.8168
2021 04 21 04 04 00    -4.8625552   -1.8567404  946.1348  946.8174
2021 04 21 04 05 00    -4.8601443   -1.8556025  946.1326  946.8156
2021 04 21 04 06 00    -4.8575187   -1.8543343  946.1301  946.8128
2021 04 21 04 07 00    -4.8547364   -1.8529171  946.1277  946.8130
2021 04 21 04 08 00    -4.8521046   -1.8515078  946.1254  946.8183
2021 04 21 04 09 00    -4.8494773   -1.8500179  946.1232  946.8264
2021 04 21 04 10 00    -4.8466015   -1.8483888  946.1210  946.8337
2021 04 21 04 11 00    -4.8436227   -1.8468432  946.1190  946.8391
2021 04 21 04 12 00    -4.8407044   -1.8454263  946.1172  946.8426
2021 04 21 04 13 00    -4.8377681   -1.8439219  946.1155  946.8436
2021 04 21 04 14 00    -4.8347772   -1.8423822  946.1139  946.8429
2021 04 21 04 15 00    -4.8318312   -1.8409887  946.1119  946.8417
2021 04 21 04 16 00    -4.8289373   -1.8395602  946.1100  946.8403
2021 04 21 04 17 00    -4.8259985   -1.8380224  946.1085  946.8402
2021 04 21 04 18 00    -4.8230251   -1.8366502  946.1072  946.8435
2021 04 21 04 19 00    -4.8200316   -1.8353974  946.1056  946.8485
2021 04 21 04 20 00    -4.8169282   -1.8340091  946.1037  946.8518
2021 04 21 04 21 00    -4.8137376   -1.8324929  946.1019  946.8523
2021 04 21 04 22 00    -4.8105715   -1.8308613  946.1004  946.8519
2021 04 21 04 23 00    -4.8074127   -1.8291315  946.0992  946.8521
2021 04 21 04 24 00    -4.8041982   -1.8274530  946.0980  946.8521
2021 04 21 04 25 00    -4.8009449   -1.8258320  946.0967  946.8519
2021 04 21 04 26 00    -4.7976422   -1.8241766  946.0949  946.8521
2021 04 21 04 27 00    -4.7942917   -1.8225202  946.0931  946.8519
2021 04 21 04 28 00    -4.7909592   -1.8208926  946.0917  946.8512
2021 04 21 04 29 00    -4.7876022   -1.8192238  946.0907  946.8522
2021 04 21 04 30 00    -4.7841727   -1.8174759  946.0898  946.8557
2021 04 21 04 31 00    -4.7807587   -1.8157041  946.0888  946.8603
2021 04 21 04 32 00    -4.7774079   -1.8139683  946.0879  946.8645
2021 04 21 04 33 00    -4.7740397   -1.8122138  946.0869  946.8677
2021 04 21 04 34 00    -4.7705500   -1.8103751  946.0858  946.8711
2021 04 21 04 35 00    -4.7669822   -1.8085466  946.0846  946.8766
2021 04 21 04 36 00    -4.7634690   -1.8067977  946.0833  946.8818
2021 04 21 04 37 00    -4.7599816   -1.8050439  946.0822  946.8837
2021 04 21 04 38 00    -4.7563801   -1.8032407  946.0814  946.8859
2021 04 21 04 39 00    -4.7526221   -1.8014533  946.0810  946.8913
2021 04 21 04 40 00    -4.7488357   -1.7997383  946.0809  946.8972
2021 04 21 04 41 00    -4.7452251   -1.7980767  946.0809  946.9031
2021 04 21 04 42 00    -4.7417520   -1.7963632  946.0808  946.9113
2021 04 21 04 43 00    -4.7381270   -1.7944617  946.0808  946.9201
2021 04 21 04 44 00    -4.7343443   -1.7924354  946.0810  946.9274
2021 04 21 04 45 00    -4.7306408   -1.7905324  946.0815  946.9337
2021 04 21 04 46 00    -4.7268806   -1.7886695  946.0820  946.9406
2021 04 21 04 47 00    -4.7229054   -1.7865842  946.0822  946.9484
2021 04 21 04 48 00    -4.7190436   -1.7845334  946.0823  946.9564
2021 04 21 04 49 00    -4.7153869   -1.7827898  946.0828  946.9642
2021 04 21 04 50 00    -4.7115545   -1.7810021  946.0837  946.9727
2021 04 21 04 51 00    -4.7075067   -1.7789236  946.0847  946.9832
2021 04 21 04 52 00    -4.7035765   -1.7768661  946.0859  946.9946
2021 04 21 04 53 00    -4.6998311   -1.7750194  946.0873  947.0054
2021 04 21 04 54 00    -4.6959307   -1.7731188  946.0888  947.0152
2021 04 21 04 55 00    -4.6917203   -1.7710587  946.0905  947.0249
2021 04 21 04 56 00    -4.6876489   -1.7691040  946.0922  947.0340
2021 04 21 04 57 00    -4.6839129   -1.7673006  946.0939  947.0415
2021 04 21 04 58 00    -4.6800223   -1.7654364  946.0955  947.0489
2021 04 21 04 59 00    -4.6759484   -1.7634800  946.0969  947.0585
2021 04 21 05 00 00    -4.6720767   -1.7614571  946.0984  947.0694
2021 04 21 05 01 00    -4.6681424   -1.7592823  946.1005  947.0799
2021 04 21 05 02 00    -4.6639274   -1.7570606  946.1032  947.0908
2021 04 21 05 03 00    -4.6598039   -1.7550296  946.1056  947.1028
2021 04 21 05 04 00    -4.6558346   -1.7531334  946.1077  947.1146
2021 04 21 05 05 00    -4.6518144   -1.7511526  946.1100  947.1246
2021 04 21 05 06 00    -4.6477936   -1.7490642  946.1127  947.1324
2021 04 21 05 07 00    -4.6437444   -1.7469684  946.1151  947.1386
2021 04 21 05 08 00    -4.6395102   -1.7448987  946.1175  947.1435
2021 04 21 05 09 00    -4.6352085   -1.7428490  946.1199  947.1482
2021 04 21 05 10 00    -4.6310415   -1.7408031  946.1227  947.1552
2021 04 21 05 11 00    -4.6269225   -1.7387044  946.1255  947.1646
2021 04 21 05 12 00    -4.6227026   -1.7365483  946.1283  947.1738
2021 04 21 05 13 00    -4.6183808   -1.7343750  946.1310  947.1803
2021 04 21 05 14 00    -4.6140420   -1.7322179  946.1337  947.1844
2021 04 21 05 15 00    -4.6098612   -1.7301691  946.1365  947.1878
2021 04 21 05 16 00    -4.6058755   -1.7281811  946.1394  947.1912
2021 04 21 05 17 00    -4.6018479   -1.7260474  946.1419  947.1947
2021 04 21 05 18 00    -4.5976420   -1.7238438  946.1442  947.1979
2021 04 21 05 19 00    -4.5934524   -1.7218316  946.1468  947.2006
2021 04 21 05 20 00    -4.5894409   -1.7199246  946.1498  947.2021
2021 04 21 05 21 00    -4.5853386   -1.7178226  946.1528  947.2026
2021 04 21 05 22 00    -4.5809193   -1.7155455  946.1557  947.2040
2021 04 21 05 23 00    -4.5765226   -1.7133522  946.1585  947.2088
2021 04 21 05 24 00    -4.5723931   -1.7112644  946.1612  947.2169
2021 04 21 05 25 00    -4.5682790   -1.7091679  946.1641  947.2257
2021 04 21 05 26 00    -4.5640209   -1.7070727  946.1670  947.2339
2021 04 21 05 27 00    -4.5597671   -1.7049519  946.1699  947.2425
2021 04 21 05 28 00    -4.5556340   -1.7028014  946.1727  947.2512
2021 04 21 05 29 00    -4.5514373   -1.7006529  946.1757  947.2584
2021 04 21 05 30 00    -4.5470138   -1.6984203  946.1790  947.2650
2021 04 21 05 31 00    -4.5426117   -1.6962063  946.1825  947.2731
2021 04 21 05 32 00    -4.5384215   -1.6941835  946.1859  947.2814
2021 04 21 05 33 00    -4.5342120   -1.6921154  946.1891  947.2884
2021 04 21 05 34 00    -4.5297937   -1.6898236  946.1922  947.2949
2021 04 21 05 35 00    -4.5253481   -1.6875963  946.1956  947.3011
2021 04 21 05 36 00    -4.5210611   -1.6855683  946.1992  947.3067
2021 04 21 05 37 00    -4.5167805   -1.6834637  946.2025  947.3114
2021 04 21 05 38 00    -4.5123400   -1.6811394  946.2055  947.3154
2021 04 21 05 39 00    -4.5078335   -1.6787657  946.2086  947.3196
2021 04 21 05 40 00    -4.5034306   -1.6765239  946.2123  947.3241
2021 04 21 05 41 00    -4.4991507   -1.6743773  946.2160  947.3266
2021 04 21 05 42 00    -4.4948379   -1.6721943  946.2194  947.3262
2021 04 21 05 43 00    -4.4904828   -1.6700793  946.2224  947.3244
2021 04 21 05 44 00    -4.4862028   -1.6681313  946.2255  947.3223
2021 04 21 05 45 00    -4.4818436   -1.6660563  946.2287  947.3202
2021 04 21 05 46 00    -4.4773334   -1.6637148  946.2318  947.3190
2021 04 21 05 47 00    -4.4729836   -1.6614568  946.2350  947.3194
2021 04 21 05 48 00    -4.4688721   -1.6594320  946.2382  947.3205
2021 04 21 05 49 00    -4.4647281   -1.6573891  946.2416  947.3208
2021 04 21 05 50 00    -4.4604152   -1.6551590  946.2449  947.3190
2021 04 21 05 51 00    -4.4559190   -1.6528020  946.2479  947.3153
2021 04 21 05 52 00    -4.4513751   -1.6505220  946.2507  947.3123
2021 04 21 05 53 00    -4.4470820   -1.6484477  946.2537  947.3118
2021 04 21 05 54 00    -4.4429712   -1.6464148  946.2566  947.3120
2021 04 21 05 55 00    -4.4387036   -1.6442578  946.2594  947.3111
2021 04 21 05 56 00    -4.4343390   -1.6420811  946.2621  947.3085
2021 04 21 05 57 00    -4.4300787   -1.6399652  946.2645  947.3040
2021 04 21 05 58 00    -4.4258047   -1.6378250  946.2669  947.2992
2021 04 21 05 59 00    -4.4214474   -1.6356696  946.2697  947.2964
2021 04 21 06 00 00    -4.4171222   -1.6335856  946.2723  947.2957
2021 04 21 06 01 00    -4.4128787   -1.6315401  946.2746  947.2943
2021 04 21 06 02 00    -4.4087316   -1.6294459  946.2771  947.2907
2021 04 21 06 03 00    -4.4045991   -1.6272825  946.2798  947.2856
2021 04 21 06 04 00    -4.4003365   -1.6251085  946.2821  947.2814
2021 04 21 06 05 00    -4.3959968   -1.6229792  946.2842  947.2793
2021 04 21 06 06 00    -4.3917199   -1.6208465  946.2868  947.2805
2021 04 21 06 07 00    -4.3874961   -1.6186441  946.2896  947.2856
2021 04 21 06 08 00    -4.3832150   -1.6164369  946.2919  947.2928
2021 04 21 06 09 00    -4.3788446   -1.6143124  946.2939  947.2985
2021 04 21 06 10 00    -4.3744772   -1.6121577  946.2962  947.3020
2021 04 21 06 11 00    -4.3701626   -1.6098966  946.2988  947.3061
2021 04 21 06 12 00    -4.3659150   -1.6077715  946.3015  947.3128
2021 04 21 06 13 00    -4.3617513   -1.6058497  946.3045  947.3215
2021 04 21 06 14 00    -4.3575419   -1.6037963  946.3074  947.3320
2021 04 21 06 15 00    -4.3532042   -1.6015063  946.3100  947.3430
2021 04 21 06 16 00    -4.3488711   -1.5992382  946.3127  947.3521
2021 04 21 06 17 00    -4.3446354   -1.5971206  946.3157  947.3595
2021 04 21 06 18 00    -4.3404859   -1.5950510  946.3189  947.3654
2021 04 21 06 19 00    -4.3363377   -1.5929659  946.3221  947.3677
2021 04 21 06 20 00    -4.3320801   -1.5909133  946.3250  947.3654
2021 04 21 06 21 00    -4.3277940   -1.5889105  946.3276  947.3623
2021 04 21 06 22 00    -4.3236502   -1.5869074  946.3303  947.3611
2021 04 21 06 23 00    -4.3196393   -1.5848306  946.3332  947.3603
2021 04 21 06 24 00    -4.3155635   -1.5826331  946.3358  947.3581
2021 04 21 06 25 00    -4.3113462   -1.5804017  946.3386  947.3565
2021 04 21 06 26 00    -4.3071559   -1.5782742  946.3417  947.3563
2021 04 21 06 27 00    -4.3029762   -1.5762400  946.3447  947.3563
2021 04 21 06 28 00    -4.2987222   -1.5742707  946.3475  947.3567
2021 04 21 06 29 00    -4.2945895   -1.5723445  946.3500  947.3589
2021 04 21 06 30 00    -4.2905390   -1.5702714  946.3525  947.3623
2021 04 21 06 31 00    -4.2863644   -1.5680321  946.3554  947.3658
2021 04 21 06 32 00    -4.2822244   -1.5659062  946.3586  947.3703
2021 04 21 06 33 00    -4.2782004   -1.5639497  946.3613  947.3758
2021 04 21 06 34 00    -4.2741012   -1.5619383  946.3635  947.3797
2021 04 21 06 35 00    -4.2699397   -1.5598301  946.3662  947.3806
2021 04 21 06 36 00    -4.2658785   -1.5578340  946.3692  947.3807
2021 04 21 06 37 00    -4.2619147   -1.5559764  946.3721  947.3827
2021 04 21 06 38 00    -4.2580149   -1.5540274  946.3751  947.3866
2021 04 21 06 39 00    -4.2541802   -1.5519503  946.3782  947.3900
2021 04 21 06 40 00    -4.2502315   -1.5498802  946.3812  947.3930
2021 04 21 06 41 00    -4.2460670   -1.5478277  946.3840  947.3976
2021 04 21 06 42 00    -4.2419307   -1.5458485  946.3868  947.4022
2021 04 21 06 43 00    -4.2379387   -1.5440011  946.3897  947.4037
2021 04 21 06 44 00    -4.2339388   -1.5420887  946.3928  947.4032
2021 04 21 06 45 00    -4.2299630   -1.5399891  946.3957  947.4035
2021 04 21 06 46 00    -4.2261222   -1.5378888  946.3985  947.4058
2021 04 21 06 47 00    -4.2222792   -1.5359056  946.4015  947.4113
2021 04 21 06 48 00    -4.2183148   -1.5339362  946.4044  947.4187
2021 04 21 06 49 00    -4.2144370   -1.5319772  946.4074  947.4240
2021 04 21 06 50 00    -4.2107385   -1.5301230  946.4106  947.4259
2021 04 21 06 51 00    -4.2069247   -1.5282792  946.4139  947.4268
2021 04 21 06 52 00    -4.2029819   -1.5263896  946.4169  947.4274
2021 04 21 06 53 00    -4.1991859   -1.5245277  946.4200  947.4264
2021 04 21 06 54 00    -4.1954516   -1.5225808  946.4231  947.4234
2021 04 21 06 55 00    -4.1916330   -1.5205635  946.4260  947.4197
2021 04 21 06 56 00    -4.1878678   -1.5187262  946.4288  947.4159
2021 04 21 06 57 00    -4.1841861   -1.5169807  946.4315  947.4120
2021 04 21 06 58 00    -4.1804894   -1.5151027  946.4343  947.4091
2021 04 21 06 59 00    -4.1767575   -1.5131801  946.4372  947.4097
2021 04 21 07 00 00    -4.1729961   -1.5112891  946.4396  947.4127
2021 04 21 07 01 00    -4.1692793   -1.5093559  946.4419  947.4132
2021 04 21 07 02 00    -4.1656122   -1.5074226  946.4447  947.4104
2021 04 21 07 03 00    -4.1618824   -1.5055810  946.4474  947.4086
2021 04 21 07 04 00    -4.1581574   -1.5037715  946.4498  947.4088
2021 04 21 07 05 00    -4.1546666   -1.5019704  946.4525  947.4081
2021 04 21 07 06 00    -4.1514113   -1.5003029  946.4553  947.4065
2021 04 21 07 07 00    -4.1479507   -1.4986899  946.4580  947.4057
2021 04 21 07 08 00    -4.1441262   -1.4969184  946.4609  947.4057
2021 04 21 07 09 00    -4.1404341   -1.4950206  946.4638  947.4071
2021 04 21 07 10 00    -4.1369457   -1.4931324  946.4662  947.4104
2021 04 21 07 11 00    -4.1333754   -1.4913583  946.4687  947.4143
2021 04 21 07 12 00    -4.1299353   -1.4897019  946.4717  947.4181
2021 04 21 07 13 00    -4.1266178   -1.4879513  946.4746  947.4229
2021 04 21 07 14 00    -4.1230512   -1.4860411  946.4770  947.4298
2021 04 21 07 15 00    -4.1194046   -1.4842671  946.4795  947.4378
2021 04 21 07 16 00    -4.1159839   -1.4827211  946.4822  947.4445
2021 04 21 07 17 00    -4.1126236   -1.4810993  946.4849  947.4479
2021 04 21 07 18 00    -4.1091993   -1.4793450  946.4877  947.4478
2021 04 21 07 19 00    -4.1058323   -1.4776320  946.4906  947.4447
2021 04 21 07 20 00    -4.1024970   -1.4758915  946.4936  947.4395
2021 04 21 07 21 00    -4.0990776   -1.4740805  946.4967  947.4353
2021 04 21 07 22 00    -4.0956670   -1.4723925  946.4995  947.4355
2021 04 21 07 23 00    -4.0923921   -1.4709118  946.5018  947.4396
2021 04 21 07 24 00    -4.0891565   -1.4694241  946.5043  947.4456
2021 04 21 07 25 00    -4.0858664   -1.4677377  946.5072  947.4522
2021 04 21 07 26 00    -4.0826178   -1.4659771  946.5103  947.4572
2021 04 21 07 27 00    -4.0794670   -1.4643585  946.5134  947.4600
2021 04 21 07 28 00    -4.0763100   -1.4628714  946.5167  947.4635
2021 04 21 07 29 00    -4.0731062   -1.4613488  946.5197  947.4684
2021 04 21 07 30 00    -4.0699489   -1.4597921  946.5225  947.4719
2021 04 21 07 31 00    -4.0668295   -1.4582400  946.5255  947.4722
2021 04 21 07 32 00    -4.0636972   -1.4565591  946.5284  947.4708
2021 04 21 07 33 00    -4.0606805   -1.4549032  946.5313  947.4695
2021 04 21 07 34 00    -4.0578346   -1.4535669  946.5340  947.4696
2021 04 21 07 35 00    -4.0549023   -1.4522491  946.5366  947.4704
2021 04 21 07 36 00    -4.0517571   -1.4505997  946.5395  947.4693
2021 04 21 07 37 00    -4.0486874   -1.4489534  946.5425  947.4648
2021 04 21 07 38 00    -4.0458014   -1.4475912  946.5451  947.4587
2021 04 21 07 39 00    -4.0428685   -1.4462640  946.5476  947.4536
2021 04 21 07 40 00    -4.0398786   -1.4447741  946.5501  947.4489
2021 04 21 07 41 00    -4.0369624   -1.4431738  946.5524  947.4428
2021 04 21 07 42 00    -4.0340863   -1.4416347  946.5546  947.4360
2021 04 21 07 43 00    -4.0312453   -1.4403320  946.5572  947.4290
2021 04 21 07 44 00    -4.0284932   -1.4390974  946.5601  947.4209
2021 04 21 07 45 00    -4.0257578   -1.4376378  946.5624  947.4123
2021 04 21 07 46 00    -4.0229879   -1.4361224  946.5640  947.4045
2021 04 21 07 47 00    -4.0202869   -1.4348119  946.5658  947.3989
2021 04 21 07 48 00    -4.0176502   -1.4335298  946.5681  947.3961
2021 04 21 07 49 00    -4.0148974   -1.4320850  946.5703  947.3958
2021 04 21 07 50 00    -4.0120500   -1.4306418  946.5720  947.3985
2021 04 21 07 51 00    -4.0093079   -1.4293603  946.5736  947.4045
2021 04 21 07 52 00    -4.0066736   -1.4281021  946.5758  947.4137
2021 04 21 07 53 00    -4.0040817   -1.4267576  946.5783  947.4252
2021 04 21 07 54 00    -4.0014704   -1.4254097  946.5805  947.4366
2021 04 21 07 55 00    -3.9987114   -1.4240278  946.5827  947.4455
2021 04 21 07 56 00    -3.9959309   -1.4225844  946.5852  947.4518
2021 04 21 07 57 00    -3.9933800   -1.4212311  946.5879  947.4556
2021 04 21 07 58 00    -3.9909827   -1.4200182  946.5904  947.4572
2021 04 21 07 59 00    -3.9884959   -1.4188597  946.5932  947.4587
2021 04 21 08 00 00    -3.9858739   -1.4176742  946.5958  947.4612
2021 04 21 08 01 00    -3.9832690   -1.4163687  946.5980  947.4633
2021 04 21 08 02 00    -3.9807975   -1.4149723  946.6003  947.4647
2021 04 21 08 03 00    -3.9784476   -1.4136585  946.6029  947.4657
2021 04 21 08 04 00    -3.9760804   -1.4124115  946.6053  947.4664
2021 04 21 08 05 00    -3.9735962   -1.4111400  946.6077  947.4682
2021 04 21 08 06 00    -3.9712259   -1.4100406  946.6104  947.4721
2021 04 21 08 07 00    -3.9691239   -1.4091301  946.6133  947.4762
2021 04 21 08 08 00    -3.9670194   -1.4080222  946.6157  947.4780
2021 04 21 08 09 00    -3.9647540   -1.4066648  946.6180  947.4768
2021 04 21 08 10 00    -3.9624089   -1.4054145  946.6206  947.4724
2021 04 21 08 11 00    -3.9600191   -1.4043922  946.6230  947.4654
2021 04 21 08 12 00    -3.9577034   -1.4034155  946.6249  947.4589
2021 04 21 08 13 00    -3.9555714   -1.4023433  946.6270  947.4551
2021 04 21 08 14 00    -3.9535492   -1.4012452  946.6295  947.4536
2021 04 21 08 15 00    -3.9516224   -1.4003283  946.6317  947.4523
2021 04 21 08 16 00    -3.9496793   -1.3995735  946.6335  947.4508
2021 04 21 08 17 00    -3.9474739   -1.3985927  946.6353  947.4504
2021 04 21 08 18 00    -3.9452065   -1.3972441  946.6376  947.4507
2021 04 21 08 19 00    -3.9431437   -1.3959505  946.6399  947.4519
2021 04 21 08 20 00    -3.9411337   -1.3950346  946.6415  947.4544
2021 04 21 08 21 00    -3.9391545   -1.3942377  946.6430  947.4570
2021 04 21 08 22 00    -3.9372290   -1.3931557  946.6450  947.4595
2021 04 21 08 23 00    -3.9352022   -1.3919296  946.6474  947.4629
2021 04 21 08 24 00    -3.9331597   -1.3909988  946.6495  947.4645
2021 04 21 08 25 00    -3.9311809   -1.3902170  946.6511  947.4643
2021 04 21 08 26 00    -3.9291754   -1.3891687  946.6528  947.4649
2021 04 21 08 27 00    -3.9272682   -1.3880599  946.6552  947.4652
2021 04 21 08 28 00    -3.9255172   -1.3872358  946.6576  947.4638
2021 04 21 08 29 00    -3.9237556   -1.3864661  946.6594  947.4632
2021 04 21 08 30 00    -3.9220006   -1.3854665  946.6608  947.4635
2021 04 21 08 31 00    -3.9203446   -1.3844181  946.6626  947.4625
2021 04 21 08 32 00    -3.9186813   -1.3835467  946.6646  947.4608
2021 04 21 08 33 00    -3.9168807   -1.3827586  946.6664  947.4598
2021 04 21 08 34 00    -3.9150240   -1.3819143  946.6678  947.4590
2021 04 21 08 35 00    -3.9133476   -1.3810939  946.6693  947.4587
2021 04 21 08 36 00    -3.9118724   -1.3803723  946.6710  947.4597
2021 04 21 08 37 00    -3.9103039   -1.3795946  946.6728  947.4612
2021 04 21 08 38 00    -3.9085593   -1.3787122  946.6746  947.4610
2021 04 21 08 39 00    -3.9069127   -1.3778955  946.6760  947.4594
2021 04 21 08 40 00    -3.9054110   -1.3771443  946.6773  947.4582
2021 04 21 08 41 00    -3.9038198   -1.3763707  946.6788  947.4575
2021 04 21 08 42 00    -3.9021631   -1.3756291  946.6807  947.4561
2021 04 21 08 43 00    -3.9006674   -1.3749161  946.6827  947.4546
2021 04 21 08 44 00    -3.8993183   -1.3741705  946.6843  947.4542
2021 04 21 08 45 00    -3.8979471   -1.3734805  946.6855  947.4549
2021 04 21 08 46 00    -3.8965423   -1.3728961  946.6866  947.4559
2021 04 21 08 47 00    -3.8951652   -1.3722559  946.6878  947.4556
2021 04 21 08 48 00    -3.8937959   -1.3715068  946.6893  947.4540
2021 04 21 08 49 00    -3.8924142   -1.3707926  946.6910  947.4533
2021 04 21 08 50 00    -3.8910264   -1.3701305  946.6925  947.4530
2021 04 21 08 51 00    -3.8896127   -1.3694532  946.6935  947.4491
2021 04 21 08 52 00    -3.8882097   -1.3688025  946.6944  947.4400
2021 04 21 08 53 00    -3.8869222   -1.3681785  946.6950  947.4283
2021 04 21 08 54 00    -3.8856639   -1.3674698  946.6956  947.4182
2021 04 21 08 55 00    -3.8842702   -1.3666638  946.6963  947.4138
2021 04 21 08 56 00    -3.8829180   -1.3659238  946.6969  947.4146
2021 04 21 08 57 00    -3.8818130   -1.3653852  946.6976  947.4152
2021 04 21 08 58 00    -3.8807518   -1.3649837  946.6985  947.4135
2021 04 21 08 59 00    -3.8795425   -1.3645488  946.6994  947.4128
2021 04 21 09 00 00    -3.8783307   -1.3639966  946.7000  947.4159
2021 04 21 09 01 00    -3.8771725   -1.3633608  946.7007  947.4201
2021 04 21 09 02 00    -3.8759855   -1.3626931  946.7015  947.4194
2021 04 21 09 03 00    -3.8748849   -1.3620799  946.7021  947.4120
2021 04 21 09 04 00    -3.8738667   -1.3615852  946.7024  947.4046
2021 04 21 09 05 00    -3.8727227   -1.3610753  946.7026  947.4057
2021 04 21 09 06 00    -3.8715665   -1.3604724  946.7029  947.4153
2021 04 21 09 07 00    -3.8705860   -1.3598744  946.7034  947.4258
2021 04 21 09 08 00    -3.8695464   -1.3592635  946.7041  947.4327
2021 04 21 09 09 00    -3.8683389   -1.3587059  946.7048  947.4370
2021 04 21 09 10 00    -3.8673035   -1.3583647  946.7061  947.4400
2021 04 21 09 11 00    -3.8664782   -1.3580374  946.7079  947.4419
2021 04 21 09 12 00    -3.8655477   -1.3574933  946.7092  947.4437
2021 04 21 09 13 00    -3.8645152   -1.3569013  946.7097  947.4467
2021 04 21 09 14 00    -3.8635021   -1.3563877  946.7100  947.4501
2021 04 21 09 15 00    -3.8625164   -1.3558794  946.7107  947.4514
2021 04 21 09 16 00    -3.8616502   -1.3553887  946.7117  947.4494
2021 04 21 09 17 00    -3.8608587   -1.3549595  946.7127  947.4425
2021 04 21 09 18 00    -3.8600698   -1.3546420  946.7133  947.4320
2021 04 21 09 19 00    -3.8594303   -1.3544682  946.7135  947.4225
2021 04 21 09 20 00    -3.8588721   -1.3542692  946.7135  947.4155
2021 04 21 09 21 00    -3.8581739   -1.3539011  946.7137  947.4109
2021 04 21 09 22 00    -3.8573570   -1.3534246  946.7140  947.4097
2021 04 21 09 23 00    -3.8564818   -1.3528935  946.7140  947.4073
2021 04 21 09 24 00    -3.8556707   -1.3524220  946.7140  947.3987
2021 04 21 09 25 00    -3.8550836   -1.3521352  946.7139  947.3878
2021 04 21 09 26 00    -3.8545692   -1.3519254  946.7136  947.3786
2021 04 21 09 27 00    -3.8539342   -1.3517061  946.7131  947.3716
2021 04 21 09 28 00    -3.8532126   -1.3514674  946.7122  947.3658
2021 04 21 09 29 00    -3.8524726   -1.3511017  946.7112  947.3567
2021 04 21 09 30 00    -3.8517500   -1.3506455  946.7104  947.3412
2021 04 21 09 31 00    -3.8510367   -1.3502653  946.7095  947.3265
2021 04 21 09 32 00    -3.8503715   -1.3499406  946.7078  947.3209
2021 04 21 09 33 00    -3.8498036   -1.3495264  946.7058  947.3172
2021 04 21 09 34 00    -3.8492029   -1.3490555  946.7041  947.3040
2021 04 21 09 35 00    -3.8485551   -1.3487227  946.7027  947.2928
2021 04 21 09 36 00    -3.8480669   -1.3485671  946.7013  947.3010
2021 04 21 09 37 00    -3.8477042   -1.3484557  946.6996  947.3151
2021 04 21 09 38 00    -3.8472212   -1.3482791  946.6978  947.3116
2021 04 21 09 39 00    -3.8465430   -1.3479754  946.6960  947.2943
2021 04 21 09 40 00    -3.8457865   -1.3475865  946.6941  947.2802
2021 04 21 09 41 00    -3.8451512   -1.3472348  946.6918  947.2792
2021 04 21 09 42 00    -3.8447416   -1.3469695  946.6896  947.2927
2021 04 21 09 43 00    -3.8443566   -1.3467542  946.6881  947.3089
2021 04 21 09 44 00    -3.8437550   -1.3465169  946.6873  947.3118
2021 04 21 09 45 00    -3.8431561   -1.3462915  946.6865  947.2993
2021 04 21 09 46 00    -3.8428273   -1.3461268  946.6854  947.2834
2021 04 21 09 47 00    -3.8425108   -1.3458746  946.6840  947.2753
2021 04 21 09 48 00    -3.8420534   -1.3455324  946.6825  947.2761
2021 04 21 09 49 00    -3.8416155   -1.3452645  946.6811  947.2897
2021 04 21 09 50 00    -3.8411046   -1.3450281  946.6797  947.3274
2021 04 21 09 51 00    -3.8405088   -1.3448067  946.6785  947.3756
2021 04 21 09 52 00    -3.8400562   -1.3446550  946.6782  947.3954
2021 04 21 09 53 00    -3.8395964   -1.3444133  946.6783  947.3806
2021 04 21 09 54 00    -3.8388905   -1.3440091  946.6780  947.3742
2021 04 21 09 55 00    -3.8382188   -1.3436724  946.6776  947.3971
2021 04 21 09 56 00    -3.8378114   -1.3434563  946.6776  947.4206
2021 04 21 09 57 00    -3.8373921   -1.3431604  946.6780  947.4268
2021 04 21 09 58 00    -3.8368286   -1.3428624  946.6784  947.4271
2021 04 21 09 59 00    -3.8363255   -1.3427222  946.6786  947.4316
2021 04 21 10 00 00    -3.8358532   -1.3425108  946.6790  947.4488
2021 04 21 10 01 00    -3.8352789   -1.3421339  946.6799  947.4890
2021 04 21 10 02 00    -3.8347194   -1.3418521  946.6815  947.5292
2021 04 21 10 03 00    -3.8342420   -1.3416581  946.6835  947.5310
2021 04 21 10 04 00    -3.8337591   -1.3413978  946.6850  947.5112
2021 04 21 10 05 00    -3.8331733   -1.3411337  946.6863  947.5127
2021 04 21 10 06 00    -3.8324071   -1.3408357  946.6880  947.5347
2021 04 21 10 07 00    -3.8315658   -1.3404140  946.6903  947.5586
2021 04 21 10 08 00    -3.8308821   -1.3400104  946.6927  947.5784
2021 04 21 10 09 00    -3.8304057   -1.3397115  946.6952  947.5913
2021 04 21 10 10 00    -3.8299577   -1.3394530  946.6977  947.6043
2021 04 21 10 11 00    -3.8294534   -1.3393089  946.7002  947.6312
2021 04 21 10 12 00    -3.8291125   -1.3392944  946.7029  947.6659
2021 04 21 10 13 00    -3.8289987   -1.3392308  946.7060  947.6912
2021 04 21 10 14 00    -3.8287065   -1.3390195  946.7095  947.7072
2021 04 21 10 15 00    -3.8280848   -1.3387402  946.7133  947.7219
2021 04 21 10 16 00    -3.8276378   -1.3385961  946.7172  947.7376
2021 04 21 10 17 00    -3.8275493   -1.3385565  946.7210  947.7574
2021 04 21 10 18 00    -3.8273291   -1.3383162  946.7249  947.7782
2021 04 21 10 19 00    -3.8268294   -1.3378791  946.7290  947.7868
2021 04 21 10 20 00    -3.8263439   -1.3375103  946.7329  947.7807
2021 04 21 10 21 00    -3.8260105   -1.3373948  946.7368  947.7786
2021 04 21 10 22 00    -3.8257813   -1.3374849  946.7409  947.7923
2021 04 21 10 23 00    -3.8255064   -1.3374334  946.7451  947.8038
2021 04 21 10 24 00    -3.8252266   -1.3371988  946.7489  947.8004
2021 04 21 10 25 00    -3.8251184   -1.3371009  946.7527  947.7998
2021 04 21 10 26 00    -3.8250387   -1.3371051  946.7567  947.8104
2021 04 21 10 27 00    -3.8247753   -1.3370135  946.7608  947.8197
2021 04 21 10 28 00    -3.8243088   -1.3368000  946.7647  947.8269
2021 04 21 10 29 00    -3.8237256   -1.3364754  946.7687  947.8346
2021 04 21 10 30 00    -3.8233057   -1.3362161  946.7730  947.8375
2021 04 21 10 31 00    -3.8231624   -1.3361624  946.7774  947.8399
2021 04 21 10 32 00    -3.8230207   -1.3361267  946.7817  947.8479
2021 04 21 10 33 00    -3.8227873   -1.3359832  946.7861  947.8559
2021 04 21 10 34 00    -3.8225286   -1.3358397  946.7902  947.8622
2021 04 21 10 35 00    -3.8221582   -1.3357444  946.7940  947.8701
2021 04 21 10 36 00    -3.8217642   -1.3356209  946.7979  947.8703
2021 04 21 10 37 00    -3.8215433   -1.3354476  946.8020  947.8557
2021 04 21 10 38 00    -3.8214130   -1.3353088  946.8061  947.8412
2021 04 21 10 39 00    -3.8211786   -1.3351691  946.8102  947.8388
2021 04 21 10 40 00    -3.8208565   -1.3349483  946.8141  947.8394
2021 04 21 10 41 00    -3.8206344   -1.3347834  946.8176  947.8347
2021 04 21 10 42 00    -3.8205584   -1.3347459  946.8207  947.8255
2021 04 21 10 43 00    -3.8204822   -1.3347231  946.8237  947.8035
2021 04 21 10 44 00    -3.8203648   -1.3347443  946.8267  947.7678
2021 04 21 10 45 00    -3.8202460   -1.3348502  946.8296  947.7439
2021 04 21 10 46 00    -3.8200911   -1.3348727  946.8319  947.7416
2021 04 21 10 47 00    -3.8199638   -1.3347667  946.8334  947.7338
2021 04 21 10 48 00    -3.8198819   -1.3346766  946.8347  947.7046
2021 04 21 10 49 00    -3.8196782   -1.3345967  946.8362  947.6712
2021 04 21 10 50 00    -3.8194170   -1.3344942  946.8380  947.6518
2021 04 21 10 51 00    -3.8192352   -1.3344025  946.8394  947.6432
2021 04 21 10 52 00    -3.8189699   -1.3342068  946.8402  947.6315
2021 04 21 10 53 00    -3.8185840   -1.3338713  946.8407  947.6128
2021 04 21 10 54 00    -3.8182692   -1.3336052  946.8410  947.5944
2021 04 21 10 55 00    -3.8180565   -1.3335214  946.8409  947.5787
2021 04 21 10 56 00    -3.8178452   -1.3334806  946.8407  947.5643
2021 04 21 10 57 00    -3.8176287   -1.3333696  946.8405  947.5553
2021 04 21 10 58 00    -3.8174171   -1.3332413  946.8402  947.5501
2021 04 21 10 59 00    -3.8171023   -1.3330668  946.8400  947.5410
2021 04 21 11 00 00    -3.8166962   -1.3328250  946.8398  947.5314
2021 04 21 11 01 00    -3.8163539   -1.3326977  946.8394  947.5271
2021 04 21 11 02 00    -3.8160477   -1.3326640  946.8382  947.5169
2021 04 21 11 03 00    -3.8157105   -1.3325478  946.8366  947.4909
2021 04 21 11 04 00    -3.8153611   -1.3323981  946.8347  947.4641
2021 04 21 11 05 00    -3.8149536   -1.3322387  946.8331  947.4537
2021 04 21 11 06 00    -3.8145442   -1.3320369  946.8315  947.4524
2021 04 21 11 07 00    -3.8141743   -1.3318087  946.8295  947.4453
2021 04 21 11 08 00    -3.8137132   -1.3315078  946.8273  947.4333
2021 04 21 11 09 00    -3.8132318   -1.3311995  946.8255  947.4249
2021 04 21 11 10 00    -3.8128236   -1.3309694  946.8240  947.4208
2021 04 21 11 11 00    -3.8123167   -1.3307328  946.8222  947.4207
2021 04 21 11 12 00    -3.8117554   -1.3305212  946.8200  947.4304
2021 04 21 11 13 00    -3.8113062   -1.3304115  946.8179  947.4482
2021 04 21 11 14 00    -3.8107797   -1.3302037  946.8164  947.4609
2021 04 21 11 15 00    -3.8101276   -1.3297792  946.8154  947.4651
2021 04 21 11 16 00    -3.8096426   -1.3293861  946.8148  947.4706
2021 04 21 11 17 00    -3.8092014   -1.3291706  946.8141  947.4753
2021 04 21 11 18 00    -3.8084574   -1.3289496  946.8129  947.4698
2021 04 21 11 19 00    -3.8076189   -1.3285630  946.8113  947.4651
2021 04 21 11 20 00    -3.8069637   -1.3280811  946.8098  947.4716
2021 04 21 11 21 00    -3.8063831   -1.3277483  946.8088  947.4759
2021 04 21 11 22 00    -3.8058131   -1.3276434  946.8080  947.4678
2021 04 21 11 23 00    -3.8051900   -1.3274312  946.8069  947.4541
2021 04 21 11 24 00    -3.8043718   -1.3268991  946.8059  947.4451
2021 04 21 11 25 00    -3.8034969   -1.3263203  946.8050  947.4449
2021 04 21 11 26 00    -3.8027622   -1.3259100  946.8039  947.4517
2021 04 21 11 27 00    -3.8021155   -1.3256144  946.8025  947.4596
2021 04 21 11 28 00    -3.8014138   -1.3253427  946.8013  947.4585
2021 04 21 11 29 00    -3.8004909   -1.3249066  946.8001  947.4473
2021 04 21 11 30 00    -3.7994775   -1.3243220  946.7990  947.4394
2021 04 21 11 31 00    -3.7987418   -1.3239010  946.7978  947.4452
2021 04 21 11 32 00    -3.7980583   -1.3235467  946.7969  947.4624
2021 04 21 11 33 00    -3.7969898   -1.3229907  946.7962  947.4804
2021 04 21 11 34 00    -3.7958322   -1.3224560  946.7960  947.4919
2021 04 21 11 35 00    -3.7949528   -1.3220799  946.7962  947.5027
2021 04 21 11 36 00    -3.7941349   -1.3216629  946.7967  947.5182
2021 04 21 11 37 00    -3.7931783   -1.3212206  946.7974  947.5285
2021 04 21 11 38 00    -3.7921385   -1.3208081  946.7979  947.5248
2021 04 21 11 39 00    -3.7910496   -1.3203016  946.7983  947.5156
2021 04 21 11 40 00    -3.7899288   -1.3197121  946.7987  947.5106
2021 04 21 11 41 00    -3.7887820   -1.3191101  946.7993  947.5092
2021 04 21 11 42 00    -3.7876152   -1.3184928  946.7999  947.5147
2021 04 21 11 43 00    -3.7865269   -1.3179417  946.8005  947.5261
2021 04 21 11 44 00    -3.7856206   -1.3175141  946.8011  947.5284
2021 04 21 11 45 00    -3.7847367   -1.3170303  946.8016  947.5161
2021 04 21 11 46 00    -3.7836207   -1.3163354  946.8015  947.5000
2021 04 21 11 47 00    -3.7824675   -1.3156699  946.8010  947.4866
2021 04 21 11 48 00    -3.7815321   -1.3152540  946.8002  947.4760
2021 04 21 11 49 00    -3.7805503   -1.3148500  946.7994  947.4680
2021 04 21 11 50 00    -3.7793521   -1.3143201  946.7986  947.4595
2021 04 21 11 51 00    -3.7782038   -1.3138442  946.7978  947.4488
2021 04 21 11 52 00    -3.7772454   -1.3134044  946.7970  947.4392
2021 04 21 11 53 00    -3.7763355   -1.3129182  946.7957  947.4305
2021 04 21 11 54 00    -3.7752807   -1.3124384  946.7939  947.4162
2021 04 21 11 55 00    -3.7740260   -1.3118714  946.7920  947.3965
2021 04 21 11 56 00    -3.7727334   -1.3111652  946.7903  947.3786
2021 04 21 11 57 00    -3.7714767   -1.3104698  946.7886  947.3684
2021 04 21 11 58 00    -3.7702056   -1.3098388  946.7865  947.3653
2021 04 21 11 59 00    -3.7689377   -1.3091901  946.7843  947.3649
2021 04 21 12 00 00    -3.7675424   -1.3084291  946.7824  947.3610
2021 04 21 12 01 00    -3.7659869   -1.3075619  946.7803  947.3520
2021 04 21 12 02 00    -3.7645049   -1.3067305  946.7779  947.3419
2021 04 21 12 03 00    -3.7630670   -1.3060011  946.7755  947.3339
2021 04 21 12 04 00    -3.7615641   -1.3052998  946.7733  947.3256
2021 04 21 12 05 00    -3.7600717   -1.3045636  946.7710  947.3157
2021 04 21 12 06 00    -3.7585314   -1.3037985  946.7683  947.3076
2021 04 21 12 07 00    -3.7569138   -1.3030437  946.7657  947.3022
2021 04 21 12 08 00    -3.7553680   -1.3023147  946.7636  947.2972
2021 04 21 12 09 00    -3.7538772   -1.3015463  946.7613  947.2935
2021 04 21 12 10 00    -3.7522369   -1.3006527  946.7585  947.2916
2021 04 21 12 11 00    -3.7504257   -1.2996684  946.7559  947.2870
2021 04 21 12 12 00    -3.7486100   -1.2987430  946.7538  947.2790
2021 04 21 12 13 00    -3.7468292   -1.2980015  946.7517  947.2704
2021 04 21 12 14 00    -3.7450330   -1.2973233  946.7492  947.2623
2021 04 21 12 15 00    -3.7432639   -1.2964447  946.7467  947.2615
2021 04 21 12 16 00    -3.7414984   -1.2953597  946.7440  947.2721
2021 04 21 12 17 00    -3.7396405   -1.2942801  946.7410  947.2784
2021 04 21 12 18 00    -3.7377837   -1.2933521  946.7384  947.2689
2021 04 21 12 19 00    -3.7359972   -1.2925416  946.7363  947.2534
2021 04 21 12 20 00    -3.7341703   -1.2917336  946.7338  947.2434
2021 04 21 12 21 00    -3.7322452   -1.2908491  946.7309  947.2366
2021 04 21 12 22 00    -3.7301570   -1.2897659  946.7282  947.2259
2021 04 21 12 23 00    -3.7279680   -1.2885401  946.7254  947.2146
2021 04 21 12 24 00    -3.7259104   -1.2874437  946.7223  947.2079
2021 04 21 12 25 00    -3.7239035   -1.2864732  946.7193  947.2011
2021 04 21 12 26 00    -3.7217923   -1.2855212  946.7163  947.1929
2021 04 21 12 27 00    -3.7197148   -1.2845975  946.7133  947.1863
2021 04 21 12 28 00    -3.7176353   -1.2834952  946.7102  947.1793
2021 04 21 12 29 00    -3.7153165   -1.2821399  946.7070  947.1719
2021 04 21 12 30 00    -3.7128071   -1.2808769  946.7038  947.1677
2021 04 21 12 31 00    -3.7104043   -1.2798045  946.7008  947.1645
2021 04 21 12 32 00    -3.7081827   -1.2786187  946.6977  947.1592
2021 04 21 12 33 00    -3.7059215   -1.2772518  946.6947  947.1562
2021 04 21 12 34 00    -3.7035128   -1.2759822  946.6916  947.1600
2021 04 21 12 35 00    -3.7010711   -1.2749370  946.6884  947.1591
2021 04 21 12 36 00    -3.6987578   -1.2739375  946.6848  947.1395
2021 04 21 12 37 00    -3.6965303   -1.2728229  946.6811  947.1198
2021 04 21 12 38 00    -3.6941136   -1.2715787  946.6779  947.1215
2021 04 21 12 39 00    -3.6914819   -1.2702455  946.6751  947.1216
2021 04 21 12 40 00    -3.6888805   -1.2689366  946.6720  947.0984
2021 04 21 12 41 00    -3.6863166   -1.2676629  946.6687  947.0715
2021 04 21 12 42 00    -3.6836274   -1.2662676  946.6652  947.0604
2021 04 21 12 43 00    -3.6808438   -1.2648077  946.6617  947.0630
2021 04 21 12 44 00    -3.6780947   -1.2634769  946.6582  947.0731
2021 04 21 12 45 00    -3.6753858   -1.2621719  946.6545  947.0828
2021 04 21 12 46 00    -3.6726172   -1.2607488  946.6509  947.0842
2021 04 21 12 47 00    -3.6696858   -1.2593492  946.6475  947.0782
2021 04 21 12 48 00    -3.6666212   -1.2580354  946.6443  947.0762
2021 04 21 12 49 00    -3.6636103   -1.2566173  946.6411  947.0885
2021 04 21 12 50 00    -3.6607344   -1.2550441  946.6381  947.1025
2021 04 21 12 51 00    -3.6578488   -1.2534849  946.6354  947.0977
2021 04 21 12 52 00    -3.6548846   -1.2520032  946.6327  947.0805
2021 04 21 12 53 00    -3.6520003   -1.2505831  946.6295  947.0712
2021 04 21 12 54 00    -3.6491948   -1.2492100  946.6260  947.0745
2021 04 21 12 55 00    -3.6461254   -1.2477029  946.6231  947.0781
2021 04 21 12 56 00    -3.6427354   -1.2460112  946.6203  947.0715
2021 04 21 12 57 00    -3.6394483   -1.2443574  946.6172  947.0634
2021 04 21 12 58 00    -3.6363069   -1.2427352  946.6139  947.0641
2021 04 21 12 59 00    -3.6329810   -1.2410282  946.6106  947.0669
2021 04 21 13 00 00    -3.6296192   -1.2394039  946.6073  947.0669
2021 04 21 13 01 00    -3.6264763   -1.2379094  946.6042  947.0693
2021 04 21 13 02 00    -3.6232702   -1.2362897  946.6013  947.0738
2021 04 21 13 03 00    -3.6197717   -1.2344759  946.5986  947.0734
2021 04 21 13 04 00    -3.6162912   -1.2327080  946.5957  947.0679
2021 04 21 13 05 00    -3.6130409   -1.2311456  946.5926  947.0623
2021 04 21 13 06 00    -3.6096777   -1.2296020  946.5896  947.0577
2021 04 21 13 07 00    -3.6060309   -1.2278379  946.5866  947.0509
2021 04 21 13 08 00    -3.6024450   -1.2259475  946.5832  947.0407
2021 04 21 13 09 00    -3.5989747   -1.2240965  946.5799  947.0304
2021 04 21 13 10 00    -3.5953396   -1.2222199  946.5767  947.0236
2021 04 21 13 11 00    -3.5915904   -1.2202954  946.5734  947.0207
2021 04 21 13 12 00    -3.5878652   -1.2184113  946.5702  947.0218
2021 04 21 13 13 00    -3.5840688   -1.2165585  946.5672  947.0287
2021 04 21 13 14 00    -3.5802519   -1.2146965  946.5643  947.0424
2021 04 21 13 15 00    -3.5764791   -1.2127386  946.5617  947.0597
2021 04 21 13 16 00    -3.5725899   -1.2107095  946.5590  947.0725
2021 04 21 13 17 00    -3.5686607   -1.2088640  946.5564  947.0721
2021 04 21 13 18 00    -3.5647716   -1.2070804  946.5539  947.0580
2021 04 21 13 19 00    -3.5607091   -1.2049740  946.5512  947.0406
2021 04 21 13 20 00    -3.5566294   -1.2027814  946.5484  947.0289
2021 04 21 13 21 00    -3.5527999   -1.2008918  946.5454  947.0219
2021 04 21 13 22 00    -3.5489651   -1.1990744  946.5423  947.0142
2021 04 21 13 23 00    -3.5449178   -1.1971022  946.5390  947.0048
2021 04 21 13 24 00    -3.5407620   -1.1950494  946.5359  946.9977
2021 04 21 13 25 00    -3.5365239   -1.1928309  946.5327  946.9938
2021 04 21 13 26 00    -3.5322235   -1.1904824  946.5293  946.9893
2021 04 21 13 27 00    -3.5279525   -1.1882943  946.5260  946.9837
2021 04 21 13 28 00    -3.5237145   -1.1862837  946.5229  946.9803
2021 04 21 13 29 00    -3.5194599   -1.1842174  946.5200  946.9792
2021 04 21 13 30 00    -3.5151128   -1.1819918  946.5171  946.9779
2021 04 21 13 31 00    -3.5105927   -1.1797361  946.5141  946.9757
2021 04 21 13 32 00    -3.5060583   -1.1775785  946.5112  946.9728
2021 04 21 13 33 00    -3.5017305   -1.1753842  946.5084  946.9686
2021 04 21 13 34 00    -3.4974072   -1.1730610  946.5056  946.9611
2021 04 21 13 35 00    -3.4928364   -1.1707677  946.5025  946.9495
2021 04 21 13 36 00    -3.4881653   -1.1684904  946.4990  946.9347
2021 04 21 13 37 00    -3.4835395   -1.1661087  946.4953  946.9180
2021 04 21 13 38 00    -3.4789359   -1.1637703  946.4915  946.9007
2021 04 21 13 39 00    -3.4743132   -1.1615209  946.4878  946.8856
2021 04 21 13 40 00    -3.4696042   -1.1591563  946.4841  946.8737
2021 04 21 13 41 00    -3.4648482   -1.1567165  946.4803  946.8635
2021 04 21 13 42 00    -3.4601587   -1.1544127  946.4767  946.8538
2021 04 21 13 43 00    -3.4554728   -1.1521631  946.4730  946.8453
2021 04 21 13 44 00    -3.4506721   -1.1497735  946.4690  946.8398
2021 04 21 13 45 00    -3.4458501   -1.1473114  946.4648  946.8366
2021 04 21 13 46 00    -3.4410105   -1.1448702  946.4607  946.8329
2021 04 21 13 47 00    -3.4359068   -1.1423391  946.4567  946.8269
2021 04 21 13 48 00    -3.4306274   -1.1396936  946.4526  946.8195
2021 04 21 13 49 00    -3.4255397   -1.1370913  946.4484  946.8114
2021 04 21 13 50 00    -3.4206513   -1.1346180  946.4444  946.8026
2021 04 21 13 51 00    -3.4156945   -1.1322289  946.4407  946.7950
2021 04 21 13 52 00    -3.4105137   -1.1297800  946.4369  946.7901
2021 04 21 13 53 00    -3.4051887   -1.1271271  946.4329  946.7845
2021 04 21 13 54 00    -3.3999275   -1.1243622  946.4284  946.7761
2021 04 21 13 55 00    -3.3947429   -1.1216625  946.4239  946.7687
2021 04 21 13 56 00    -3.3894087   -1.1189940  946.4195  946.7679
2021 04 21 13 57 00    -3.3839125   -1.1162975  946.4154  946.7754
2021 04 21 13 58 00    -3.3784953   -1.1136323  946.4115  946.7857
2021 04 21 13 59 00    -3.3731405   -1.1109687  946.4079  946.7911
2021 04 21 14 00 00    -3.3676255   -1.1081478  946.4044  946.7924
2021 04 21 14 01 00    -3.3619621   -1.1051223  946.4008  946.7938
2021 04 21 14 02 00    -3.3563282   -1.1021428  946.3971  946.7961
2021 04 21 14 03 00    -3.3507719   -1.0994288  946.3934  946.7977
2021 04 21 14 04 00    -3.3451958   -1.0968015  946.3900  946.7975
2021 04 21 14 05 00    -3.3395364   -1.0940594  946.3868  946.7946
2021 04 21 14 06 00    -3.3338100   -1.0912161  946.3833  946.7909
2021 04 21 14 07 00    -3.3280357   -1.0882777  946.3795  946.7891
2021 04 21 14 08 00    -3.3222714   -1.0853447  946.3759  946.7889
2021 04 21 14 09 00    -3.3165412   -1.0825439  946.3725  946.7893
2021 04 21 14 10 00    -3.3106936   -1.0797057  946.3693  946.7904
2021 04 21 14 11 00    -3.3047330   -1.0766815  946.3658  946.7926
2021 04 21 14 12 00    -3.2989424   -1.0736806  946.3624  946.7942
2021 04 21 14 13 00    -3.2932329   -1.0708073  946.3593  946.7934
2021 04 21 14 14 00    -3.2872392   -1.0678804  946.3561  946.7920
2021 04 21 14 15 00    -3.2810951   -1.0649002  946.3526  946.7908
2021 04 21 14 16 00    -3.2750560   -1.0619352  946.3488  946.7850
2021 04 21 14 17 00    -3.2689853   -1.0588519  946.3452  946.7736
2021 04 21 14 18 00    -3.2628636   -1.0557193  946.3417  946.7651
2021 04 21 14 19 00    -3.2568604   -1.0527298  946.3379  946.7623
2021 04 21 14 20 00    -3.2509123   -1.0497232  946.3341  946.7594
2021 04 21 14 21 00    -3.2448269   -1.0465831  946.3306  946.7540
2021 04 21 14 22 00    -3.2385191   -1.0434590  946.3273  946.7458
2021 04 21 14 23 00    -3.2321517   -1.0403182  946.3239  946.7332
2021 04 21 14 24 00    -3.2259121   -1.0371064  946.3202  946.7157
2021 04 21 14 25 00    -3.2196237   -1.0339212  946.3162  946.6958
2021 04 21 14 26 00    -3.2131960   -1.0307612  946.3123  946.6790
2021 04 21 14 27 00    -3.2068715   -1.0276329  946.3084  946.6702
2021 04 21 14 28 00    -3.2005608   -1.0244465  946.3043  946.6676
2021 04 21 14 29 00    -3.1940164   -1.0210263  946.3000  946.6638
2021 04 21 14 30 00    -3.1874466   -1.0175973  946.2956  946.6547
2021 04 21 14 31 00    -3.1809572   -1.0143363  946.2912  946.6433
2021 04 21 14 32 00    -3.1742996   -1.0109732  946.2870  946.6352
2021 04 21 14 33 00    -3.1675498   -1.0075502  946.2831  946.6323
2021 04 21 14 34 00    -3.1609763   -1.0043525  946.2793  946.6323
2021 04 21 14 35 00    -3.1545245   -1.0012472  946.2753  946.6326
2021 04 21 14 36 00    -3.1479823   -0.9980105  946.2712  946.6311
2021 04 21 14 37 00    -3.1412904   -0.9946649  946.2671  946.6270
2021 04 21 14 38 00    -3.1346209   -0.9912914  946.2630  946.6215
2021 04 21 14 39 00    -3.1280688   -0.9879194  946.2589  946.6187
2021 04 21 14 40 00    -3.1214219   -0.9845565  946.2550  946.6200
2021 04 21 14 41 00    -3.1145545   -0.9811921  946.2511  946.6209
2021 04 21 14 42 00    -3.1076141   -0.9777764  946.2470  946.6181
2021 04 21 14 43 00    -3.1007467   -0.9743257  946.2427  946.6149
2021 04 21 14 44 00    -3.0939181   -0.9708865  946.2387  946.6167
2021 04 21 14 45 00    -3.0869497   -0.9673985  946.2349  946.6217
2021 04 21 14 46 00    -3.0798872   -0.9638985  946.2314  946.6180
2021 04 21 14 47 00    -3.0729917   -0.9604946  946.2277  946.5999
2021 04 21 14 48 00    -3.0661075   -0.9570335  946.2239  946.5804
2021 04 21 14 49 00    -3.0588728   -0.9533615  946.2202  946.5727
2021 04 21 14 50 00    -3.0515082   -0.9496864  946.2163  946.5743
2021 04 21 14 51 00    -3.0444128   -0.9461844  946.2122  946.5766
2021 04 21 14 52 00    -3.0374838   -0.9427067  946.2082  946.5773
2021 04 21 14 53 00    -3.0304820   -0.9391307  946.2045  946.5771
2021 04 21 14 54 00    -3.0232374   -0.9354294  946.2005  946.5748
2021 04 21 14 55 00    -3.0157513   -0.9316210  946.1964  946.5724
2021 04 21 14 56 00    -3.0084720   -0.9279755  946.1925  946.5741
2021 04 21 14 57 00    -3.0015097   -0.9246245  946.1890  946.5786
2021 04 21 14 58 00    -2.9943285   -0.9212179  946.1856  946.5807
2021 04 21 14 59 00    -2.9868415   -0.9174816  946.1821  946.5798
2021 04 21 15 00 00    -2.9794367   -0.9135773  946.1784  946.5774
2021 04 21 15 01 00    -2.9721173   -0.9097739  946.1746  946.5697
2021 04 21 15 02 00    -2.9646998   -0.9061129  946.1709  946.5569
2021 04 21 15 03 00    -2.9572836   -0.9024534  946.1671  946.5487
2021 04 21 15 04 00    -2.9499137   -0.8987002  946.1631  946.5493
2021 04 21 15 05 00    -2.9423563   -0.8948568  946.1593  946.5542
2021 04 21 15 06 00    -2.9346386   -0.8910079  946.1556  946.5583
2021 04 21 15 07 00    -2.9271267   -0.8873065  946.1521  946.5569
2021 04 21 15 08 00    -2.9198241   -0.8837687  946.1486  946.5500
2021 04 21 15 09 00    -2.9124433   -0.8801996  946.1448  946.5448
2021 04 21 15 10 00    -2.9049309   -0.8764752  946.1409  946.5447
2021 04 21 15 11 00    -2.8973596   -0.8726871  946.1374  946.5459
2021 04 21 15 12 00    -2.8898149   -0.8689142  946.1341  946.5471
2021 04 21 15 13 00    -2.8822694   -0.8650666  946.1305  946.5497
2021 04 21 15 14 00    -2.8745664   -0.8611545  946.1269  946.5500
2021 04 21 15 15 00    -2.8668147   -0.8573643  946.1234  946.5467
2021 04 21 15 16 00    -2.8591397   -0.8536175  946.1200  946.5465
2021 04 21 15 17 00    -2.8513689   -0.8496682  946.1170  946.5518
2021 04 21 15 18 00    -2.8435258   -0.8456349  946.1142  946.5552
2021 04 21 15 19 00    -2.8357758   -0.8417285  946.1113  946.5586
2021 04 21 15 20 00    -2.8280031   -0.8378316  946.1083  946.5722
2021 04 21 15 21 00    -2.8201249   -0.8338739  946.1055  946.5876
2021 04 21 15 22 00    -2.8122524   -0.8299941  946.1029  946.5957
2021 04 21 15 23 00    -2.8044412   -0.8261250  946.1006  946.6096
2021 04 21 15 24 00    -2.7966523   -0.8221016  946.0987  946.6334
2021 04 21 15 25 00    -2.7887486   -0.8179829  946.0970  946.6494
2021 04 21 15 26 00    -2.7806673   -0.8138993  946.0951  946.6499
2021 04 21 15 27 00    -2.7726307   -0.8099688  946.0930  946.6536
2021 04 21 15 28 00    -2.7647801   -0.8062094  946.0914  946.6752
2021 04 21 15 29 00    -2.7568512   -0.8023340  946.0903  946.6954
2021 04 21 15 30 00    -2.7486677   -0.7980961  946.0892  946.6966
2021 04 21 15 31 00    -2.7405018   -0.7937864  946.0880  946.6896
2021 04 21 15 32 00    -2.7325495   -0.7898109  946.0872  946.6853
2021 04 21 15 33 00    -2.7245640   -0.7859493  946.0868  946.6910
2021 04 21 15 34 00    -2.7163585   -0.7818405  946.0866  946.7101
2021 04 21 15 35 00    -2.7081753   -0.7777165  946.0863  946.7369
2021 04 21 15 36 00    -2.7001685   -0.7737296  946.0862  946.7636
2021 04 21 15 37 00    -2.6921795   -0.7696690  946.0864  946.7760
2021 04 21 15 38 00    -2.6841316   -0.7656371  946.0869  946.7717
2021 04 21 15 39 00    -2.6759596   -0.7616952  946.0875  946.7683
2021 04 21 15 40 00    -2.6677033   -0.7576100  946.0880  946.7780
2021 04 21 15 41 00    -2.6596425   -0.7535076  946.0885  946.7959
2021 04 21 15 42 00    -2.6517263   -0.7495836  946.0889  946.8121
2021 04 21 15 43 00    -2.6436275   -0.7455672  946.0893  946.8228
2021 04 21 15 44 00    -2.6353373   -0.7413174  946.0900  946.8279
2021 04 21 15 45 00    -2.6270998   -0.7371359  946.0908  946.8243
2021 04 21 15 46 00    -2.6190145   -0.7331509  946.0916  946.8115
2021 04 21 15 47 00    -2.6109331   -0.7291177  946.0924  946.7951
2021 04 21 15 48 00    -2.6028342   -0.7249608  946.0932  946.7829
2021 04 21 15 49 00    -2.5948862   -0.7209511  946.0936  946.7813
2021 04 21 15 50 00    -2.5869901   -0.7171396  946.0938  946.7897
2021 04 21 15 51 00    -2.5789845   -0.7132769  946.0939  946.8029
2021 04 21 15 52 00    -2.5709535   -0.7092552  946.0942  946.8105
2021 04 21 15 53 00    -2.5628673   -0.7050733  946.0950  946.8012
2021 04 21 15 54 00    -2.5546855   -0.7008576  946.0961  946.7834
2021 04 21 15 55 00    -2.5465287   -0.6967898  946.0971  946.7814
2021 04 21 15 56 00    -2.5383054   -0.6927498  946.0977  946.7967
2021 04 21 15 57 00    -2.5300135   -0.6886291  946.0982  946.8047
2021 04 21 15 58 00    -2.5219509   -0.6845685  946.0987  946.7970
2021 04 21 15 59 00    -2.5139633   -0.6805660  946.0991  946.7901
2021 04 21 16 00 00    -2.5056749   -0.6764453  946.0993  946.7953
2021 04 21 16 01 00    -2.4973223   -0.6721970  946.0994  946.8066
2021 04 21 16 02 00    -2.4891752   -0.6680439  946.0996  946.8179
2021 04 21 16 03 00    -2.4810263   -0.6640901  946.1002  946.8306
2021 04 21 16 04 00    -2.4728202   -0.6601760  946.1013  946.8437
2021 04 21 16 05 00    -2.4647158   -0.6561888  946.1026  946.8546
2021 04 21 16 06 00    -2.4565337   -0.6520409  946.1041  946.8664
2021 04 21 16 07 00    -2.4481089   -0.6476417  946.1059  946.8820
2021 04 21 16 08 00    -2.4397449   -0.6432279  946.1075  946.8971
2021 04 21 16 09 00    -2.4315398   -0.6390567  946.1089  946.9054
2021 04 21 16 10 00    -2.4232817   -0.6350332  946.1104  946.9030
2021 04 21 16 11 00    -2.4151139   -0.6310366  946.1123  946.8919
2021 04 21 16 12 00    -2.4071268   -0.6270128  946.1142  946.8803
2021 04 21 16 13 00    -2.3990781   -0.6229349  946.1159  946.8754
2021 04 21 16 14 00    -2.3909328   -0.6189054  946.1174  946.8790
2021 04 21 16 15 00    -2.3828198   -0.6149596  946.1188  946.8889
2021 04 21 16 16 00    -2.3747743   -0.6110065  946.1203  946.8978
2021 04 21 16 17 00    -2.3666728   -0.6069349  946.1220  946.9034
2021 04 21 16 18 00    -2.3583441   -0.6026823  946.1236  946.9088
2021 04 21 16 19 00    -2.3499885   -0.5984121  946.1250  946.9142
2021 04 21 16 20 00    -2.3419604   -0.5943182  946.1263  946.9189
2021 04 21 16 21 00    -2.3341228   -0.5903207  946.1282  946.9253
2021 04 21 16 22 00    -2.3260681   -0.5862877  946.1305  946.9344
2021 04 21 16 23 00    -2.3177696   -0.5822440  946.1325  946.9433
2021 04 21 16 24 00    -2.3095527   -0.5782154  946.1340  946.9498
2021 04 21 16 25 00    -2.3015769   -0.5741670  946.1356  946.9548
2021 04 21 16 26 00    -2.2936656   -0.5701032  946.1378  946.9599
2021 04 21 16 27 00    -2.2856353   -0.5660368  946.1401  946.9663
2021 04 21 16 28 00    -2.2775255   -0.5619712  946.1421  946.9753
2021 04 21 16 29 00    -2.2694525   -0.5579476  946.1441  946.9847
2021 04 21 16 30 00    -2.2614437   -0.5539814  946.1465  946.9907
2021 04 21 16 31 00    -2.2534627   -0.5499971  946.1490  946.9901
2021 04 21 16 32 00    -2.2455424   -0.5459142  946.1510  946.9832
2021 04 21 16 33 00    -2.2377026   -0.5418350  946.1528  946.9747
2021 04 21 16 34 00    -2.2297799   -0.5379304  946.1549  946.9693
2021 04 21 16 35 00    -2.2217021   -0.5341202  946.1572  946.9664
2021 04 21 16 36 00    -2.2136738   -0.5301986  946.1592  946.9622
2021 04 21 16 37 00    -2.2058280   -0.5261549  946.1607  946.9558
2021 04 21 16 38 00    -2.1980994   -0.5221936  946.1618  946.9512
2021 04 21 16 39 00    -2.1903900   -0.5184135  946.1632  946.9506
2021 04 21 16 40 00    -2.1825831   -0.5145502  946.1650  946.9516
2021 04 21 16 41 00    -2.1747118   -0.5104615  946.1668  946.9520
2021 04 21 16 42 00    -2.1669377   -0.5064459  946.1682  946.9537
2021 04 21 16 43 00    -2.1592428   -0.5026629  946.1695  946.9581
2021 04 21 16 44 00    -2.1515323   -0.4989409  946.1710  946.9626
2021 04 21 16 45 00    -2.1436903   -0.4950983  946.1728  946.9640
2021 04 21 16 46 00    -2.1357171   -0.4910937  946.1746  946.9612
2021 04 21 16 47 00    -2.1279543   -0.4870964  946.1762  946.9568
2021 04 21 16 48 00    -2.1204645   -0.4832716  946.1776  946.9555
2021 04 21 16 49 00    -2.1128872   -0.4795378  946.1790  946.9584
2021 04 21 16 50 00    -2.1051810   -0.4757499  946.1804  946.9613
2021 04 21 16 51 00    -2.0975160   -0.4718951  946.1820  946.9609
2021 04 21 16 52 00    -2.0898740   -0.4680585  946.1836  946.9592
2021 04 21 16 53 00    -2.0822445   -0.4643061  946.1847  946.9579
2021 04 21 16 54 00    -2.0746465   -0.4605357  946.1854  946.9569
2021 04 21 16 55 00    -2.0670460   -0.4566282  946.1863  946.9560
2021 04 21 16 56 00    -2.0595269   -0.4527845  946.1875  946.9555
2021 04 21 16 57 00    -2.0521629   -0.4491869  946.1888  946.9543
2021 04 21 16 58 00    -2.0447801   -0.4455569  946.1899  946.9524
2021 04 21 16 59 00    -2.0372919   -0.4417403  946.1911  946.9511
2021 04 21 17 00 00    -2.0298736   -0.4380422  946.1923  946.9516
2021 04 21 17 01 00    -2.0225310   -0.4345412  946.1935  946.9559
2021 04 21 17 02 00    -2.0151678   -0.4309985  946.1946  946.9653
2021 04 21 17 03 00    -2.0078786   -0.4273991  946.1955  946.9757
2021 04 21 17 04 00    -2.0006827   -0.4237948  946.1966  946.9820
2021 04 21 17 05 00    -1.9934190   -0.4199992  946.1979  946.9863
2021 04 21 17 06 00    -1.9860081   -0.4160177  946.1996  946.9920
2021 04 21 17 07 00    -1.9785875   -0.4121725  946.2014  946.9981
2021 04 21 17 08 00    -1.9713390   -0.4085566  946.2030  947.0009
2021 04 21 17 09 00    -1.9642911   -0.4050695  946.2044  946.9978
2021 04 21 17 10 00    -1.9573508   -0.4016690  946.2056  946.9909
2021 04 21 17 11 00    -1.9503772   -0.3982234  946.2068  946.9854
2021 04 21 17 12 00    -1.9433224   -0.3946469  946.2083  946.9827
2021 04 21 17 13 00    -1.9362736   -0.3910351  946.2100  946.9818
2021 04 21 17 14 00    -1.9293128   -0.3875348  946.2114  946.9832
2021 04 21 17 15 00    -1.9224634   -0.3842195  946.2123  946.9851
2021 04 21 17 16 00    -1.9156528   -0.3809472  946.2131  946.9857
2021 04 21 17 17 00    -1.9087943   -0.3775320  946.2142  946.9883
2021 04 21 17 18 00    -1.9018933   -0.3740142  946.2156  946.9941
2021 04 21 17 19 00    -1.8949746   -0.3705514  946.2173  946.9996
2021 04 21 17 20 00    -1.8881353   -0.3672258  946.2189  947.0044
2021 04 21 17 21 00    -1.8814793   -0.3639291  946.2203  947.0113
2021 04 21 17 22 00    -1.8748535   -0.3604622  946.2216  947.0203
2021 04 21 17 23 00    -1.8680658   -0.3568799  946.2231  947.0298
2021 04 21 17 24 00    -1.8612395   -0.3534677  946.2251  947.0390
2021 04 21 17 25 00    -1.8545637   -0.3503238  946.2273  947.0488
2021 04 21 17 26 00    -1.8480402   -0.3472383  946.2293  947.0611
2021 04 21 17 27 00    -1.8415638   -0.3439395  946.2313  947.0762
2021 04 21 17 28 00    -1.8349978   -0.3404558  946.2336  947.0917
2021 04 21 17 29 00    -1.8283380   -0.3371056  946.2362  947.1059
2021 04 21 17 30 00    -1.8216812   -0.3338717  946.2387  947.1181
2021 04 21 17 31 00    -1.8151107   -0.3304859  946.2413  947.1278
2021 04 21 17 32 00    -1.8087115   -0.3271048  946.2444  947.1350
2021 04 21 17 33 00    -1.8023827   -0.3239420  946.2473  947.1418
2021 04 21 17 34 00    -1.7959928   -0.3208604  946.2499  947.1500
2021 04 21 17 35 00    -1.7896755   -0.3177367  946.2526  947.1612
2021 04 21 17 36 00    -1.7835663   -0.3145902  946.2554  947.1740
2021 04 21 17 37 00    -1.7775345   -0.3114378  946.2583  947.1849
2021 04 21 17 38 00    -1.7714174   -0.3083062  946.2613  947.1927
2021 04 21 17 39 00    -1.7653568   -0.3053263  946.2646  947.1985
2021 04 21 17 40 00    -1.7594821   -0.3025226  946.2678  947.2028
2021 04 21 17 41 00    -1.7536039   -0.2996885  946.2710  947.2063
2021 04 21 17 42 00    -1.7476546   -0.2967568  946.2741  947.2110
2021 04 21 17 43 00    -1.7418278   -0.2938029  946.2771  947.2172
2021 04 21 17 44 00    -1.7361223   -0.2908250  946.2803  947.2245
2021 04 21 17 45 00    -1.7302713   -0.2878809  946.2835  947.2354
2021 04 21 17 46 00    -1.7242528   -0.2849864  946.2869  947.2555
2021 04 21 17 47 00    -1.7183303   -0.2819832  946.2905  947.2871
2021 04 21 17 48 00    -1.7125500   -0.2789145  946.2943  947.3206
2021 04 21 17 49 00    -1.7068875   -0.2760522  946.2984  947.3453
2021 04 21 17 50 00    -1.7013607   -0.2733836  946.3027  947.3613
2021 04 21 17 51 00    -1.6957844   -0.2707312  946.3071  947.3675
2021 04 21 17 52 00    -1.6901721   -0.2680684  946.3114  947.3627
2021 04 21 17 53 00    -1.6847687   -0.2654104  946.3155  947.3611
2021 04 21 17 54 00    -1.6795092   -0.2628289  946.3195  947.3731
2021 04 21 17 55 00    -1.6741969   -0.2602416  946.3236  947.3906
2021 04 21 17 56 00    -1.6688971   -0.2574610  946.3281  947.4087
2021 04 21 17 57 00    -1.6636930   -0.2546854  946.3328  947.4279
2021 04 21 17 58 00    -1.6584904   -0.2521201  946.3375  947.4445
2021 04 21 17 59 00    -1.6533498   -0.2496110  946.3423  947.4585
2021 04 21 18 00 00    -1.6483356   -0.2470602  946.3476  947.4719
2021 04 21 18 01 00    -1.6432837   -0.2445234  946.3528  947.4811
2021 04 21 18 02 00    -1.6382393   -0.2420151  946.3578  947.4872
2021 04 21 18 03 00    -1.6333516   -0.2394956  946.3627  947.4968
2021 04 21 18 04 00    -1.6285723   -0.2370166  946.3677  947.5105
2021 04 21 18 05 00    -1.6239004   -0.2347131  946.3725  947.5242
2021 04 21 18 06 00    -1.6192960   -0.2324837  946.3775  947.5366
2021 04 21 18 07 00    -1.6146418   -0.2300984  946.3829  947.5461
2021 04 21 18 08 00    -1.6100436   -0.2276653  946.3882  947.5531
2021 04 21 18 09 00    -1.6055740   -0.2253858  946.3934  947.5612
2021 04 21 18 10 00    -1.6011378   -0.2231911  946.3984  947.5702
2021 04 21 18 11 00    -1.5967888   -0.2210391  946.4034  947.5774
2021 04 21 18 12 00    -1.5924879   -0.2189374  946.4085  947.5834
2021 04 21 18 13 00    -1.5880207   -0.2167501  946.4138  947.5919
2021 04 21 18 14 00    -1.5834808   -0.2144644  946.4192  947.6052
2021 04 21 18 15 00    -1.5791920   -0.2122678  946.4243  947.6202
2021 04 21 18 16 00    -1.5751792   -0.2102363  946.4294  947.6322
2021 04 21 18 17 00    -1.5711133   -0.2082401  946.4351  947.6427
2021 04 21 18 18 00    -1.5668597   -0.2061804  946.4410  947.6546
2021 04 21 18 19 00    -1.5627568   -0.2041254  946.4466  947.6648
2021 04 21 18 20 00    -1.5590199   -0.2021339  946.4520  947.6719
2021 04 21 18 21 00    -1.5554077   -0.2002029  946.4574  947.6793
2021 04 21 18 22 00    -1.5518124   -0.1984051  946.4629  947.6879
2021 04 21 18 23 00    -1.5482726   -0.1967034  946.4683  947.6944
2021 04 21 18 24 00    -1.5445790   -0.1948858  946.4739  947.6998
2021 04 21 18 25 00    -1.5407945   -0.1929569  946.4795  947.7102
2021 04 21 18 26 00    -1.5372695   -0.1911373  946.4851  947.7246
2021 04 21 18 27 00    -1.5340005   -0.1895506  946.4907  947.7359
2021 04 21 18 28 00    -1.5308049   -0.1880999  946.4963  947.7443
2021 04 21 18 29 00    -1.5274525   -0.1864786  946.5020  947.7549
2021 04 21 18 30 00    -1.5238390   -0.1845906  946.5078  947.7657
2021 04 21 18 31 00    -1.5204430   -0.1828140  946.5136  947.7713
2021 04 21 18 32 00    -1.5175432   -0.1813541  946.5193  947.7733
2021 04 21 18 33 00    -1.5146386   -0.1799381  946.5250  947.7780
2021 04 21 18 34 00    -1.5114761   -0.1784182  946.5307  947.7866
2021 04 21 18 35 00    -1.5083569   -0.1768726  946.5364  947.7969
2021 04 21 18 36 00    -1.5054892   -0.1753916  946.5419  947.8077
2021 04 21 18 37 00    -1.5028696   -0.1740819  946.5474  947.8181
2021 04 21 18 38 00    -1.5002725   -0.1727842  946.5530  947.8256
2021 04 21 18 39 00    -1.4975194   -0.1713247  946.5588  947.8301
2021 04 21 18 40 00    -1.4949148   -0.1699892  946.5648  947.8334
2021 04 21 18 41 00    -1.4926197   -0.1689199  946.5707  947.8394
2021 04 21 18 42 00    -1.4902460   -0.1678431  946.5761  947.8513
2021 04 21 18 43 00    -1.4877830   -0.1667269  946.5816  947.8646
2021 04 21 18 44 00    -1.4856152   -0.1656937  946.5873  947.8693
2021 04 21 18 45 00    -1.4835844   -0.1645864  946.5932  947.8666
2021 04 21 18 46 00    -1.4813569   -0.1633433  946.5989  947.8691
2021 04 21 18 47 00    -1.4791387   -0.1622588  946.6046  947.8779
2021 04 21 18 48 00    -1.4772068   -0.1614362  946.6106  947.8807
2021 04 21 18 49 00    -1.4753389   -0.1605344  946.6166  947.8779
2021 04 21 18 50 00    -1.4732863   -0.1594092  946.6224  947.8839
2021 04 21 18 51 00    -1.4713092   -0.1583583  946.6280  947.8993
2021 04 21 18 52 00    -1.4695839   -0.1574977  946.6334  947.9123
2021 04 21 18 53 00    -1.4678930   -0.1566372  946.6390  947.9214
2021 04 21 18 54 00    -1.4662562   -0.1557852  946.6449  947.9309
2021 04 21 18 55 00    -1.4647800   -0.1550798  946.6509  947.9395
2021 04 21 18 56 00    -1.4632393   -0.1543991  946.6566  947.9461
2021 04 21 18 57 00    -1.4616632   -0.1536531  946.6622  947.9534
2021 04 21 18 58 00    -1.4603868   -0.1530246  946.6680  947.9634
2021 04 21 18 59 00    -1.4592467   -0.1524687  946.6740  947.9755
2021 04 21 19 00 00    -1.4579238   -0.1517380  946.6802  947.9856
2021 04 21 19 01 00    -1.4566873   -0.1509951  946.6864  947.9949
2021 04 21 19 02 00    -1.4557349   -0.1505208  946.6923  948.0124
2021 04 21 19 03 00    -1.4547343   -0.1501338  946.6982  948.0369
2021 04 21 19 04 00    -1.4536026   -0.1495924  946.7044  948.0544
2021 04 21 19 05 00    -1.4526334   -0.1489983  946.7107  948.0647
2021 04 21 19 06 00    -1.4518399   -0.1484574  946.7169  948.0765
2021 04 21 19 07 00    -1.4510579   -0.1479621  946.7233  948.0858
2021 04 21 19 08 00    -1.4503423   -0.1476079  946.7297  948.0900
2021 04 21 19 09 00    -1.4498292   -0.1474887  946.7360  948.0960
2021 04 21 19 10 00    -1.4494852   -0.1474350  946.7422  948.1034
2021 04 21 19 11 00    -1.4490725   -0.1471355  946.7486  948.1108
2021 04 21 19 12 00    -1.4485035   -0.1466892  946.7549  948.1202
2021 04 21 19 13 00    -1.4481215   -0.1465986  946.7609  948.1303
2021 04 21 19 14 00    -1.4481825   -0.1468894  946.7667  948.1416
2021 04 21 19 15 00    -1.4483261   -0.1469890  946.7728  948.1537
2021 04 21 19 16 00    -1.4481436   -0.1467382  946.7791  948.1614
2021 04 21 19 17 00    -1.4479072   -0.1466020  946.7856  948.1687
2021 04 21 19 18 00    -1.4479699   -0.1467126  946.7923  948.1819
2021 04 21 19 19 00    -1.4481916   -0.1467876  946.7992  948.1947
2021 04 21 19 20 00    -1.4484767   -0.1468929  946.8058  948.2017
2021 04 21 19 21 00    -1.4487909   -0.1471423  946.8122  948.2083
2021 04 21 19 22 00    -1.4490843   -0.1473515  946.8186  948.2208
2021 04 21 19 23 00    -1.4496414   -0.1475879  946.8251  948.2328
2021 04 21 19 24 00    -1.4504570   -0.1479414  946.8318  948.2342
2021 04 21 19 25 00    -1.4510797   -0.1481747  946.8385  948.2338
2021 04 21 19 26 00    -1.4515635   -0.1483163  946.8451  948.2452
2021 04 21 19 27 00    -1.4523224   -0.1486683  946.8515  948.2612
2021 04 21 19 28 00    -1.4533520   -0.1492545  946.8579  948.2722
2021 04 21 19 29 00    -1.4542859   -0.1498085  946.8643  948.2856
2021 04 21 19 30 00    -1.4549501   -0.1501352  946.8708  948.3036
2021 04 21 19 31 00    -1.4556946   -0.1504182  946.8773  948.3185
2021 04 21 19 32 00    -1.4569798   -0.1509927  946.8839  948.3295
2021 04 21 19 33 00    -1.4586324   -0.1518136  946.8907  948.3385
2021 04 21 19 34 00    -1.4600613   -0.1525539  946.8976  948.3445
2021 04 21 19 35 00    -1.4611984   -0.1531534  946.9045  948.3492
2021 04 21 19 36 00    -1.4625341   -0.1538752  946.9114  948.3575
2021 04 21 19 37 00    -1.4642171   -0.1548134  946.9181  948.3695
2021 04 21 19 38 00    -1.4658409   -0.1557039  946.9249  948.3814
2021 04 21 19 39 00    -1.4673497   -0.1564413  946.9318  948.3912
2021 04 21 19 40 00    -1.4691845   -0.1573049  946.9388  948.3980
2021 04 21 19 41 00    -1.4713372   -0.1583909  946.9458  948.4007
2021 04 21 19 42 00    -1.4734211   -0.1594393  946.9527  948.4029
2021 04 21 19 43 00    -1.4753638   -0.1603483  946.9596  948.4092
2021 04 21 19 44 00    -1.4773129   -0.1612962  946.9662  948.4169
2021 04 21 19 45 00    -1.4793943   -0.1623432  946.9728  948.4216
2021 04 21 19 46 00    -1.4816210   -0.1633754  946.9794  948.4239
2021 04 21 19 47 00    -1.4839194   -0.1644335  946.9862  948.4264
2021 04 21 19 48 00    -1.4863506   -0.1656742  946.9929  948.4291
2021 04 21 19 49 00    -1.4889470   -0.1670069  946.9996  948.4318
2021 04 21 19 50 00    -1.4915216   -0.1682259  947.0064  948.4351
2021 04 21 19 51 00    -1.4940797   -0.1694948  947.0130  948.4403
2021 04 21 19 52 00    -1.4968614   -0.1710499  947.0195  948.4482
2021 04 21 19 53 00    -1.4998223   -0.1726464  947.0261  948.4572
2021 04 21 19 54 00    -1.5027243   -0.1740632  947.0328  948.4655
2021 04 21 19 55 00    -1.5055471   -0.1754797  947.0394  948.4730
2021 04 21 19 56 00    -1.5084322   -0.1769870  947.0459  948.4790
2021 04 21 19 57 00    -1.5115235   -0.1785703  947.0525  948.4811
2021 04 21 19 58 00    -1.5148437   -0.1802541  947.0589  948.4790
2021 04 21 19 59 00    -1.5181805   -0.1818758  947.0651  948.4768
2021 04 21 20 00 00    -1.5214137   -0.1833447  947.0712  948.4785
2021 04 21 20 01 00    -1.5247985   -0.1849129  947.0777  948.4829
2021 04 21 20 02 00    -1.5284361   -0.1867172  947.0843  948.4863
2021 04 21 20 03 00    -1.5320309   -0.1885544  947.0908  948.4879
2021 04 21 20 04 00    -1.5355645   -0.1903029  947.0969  948.4909
2021 04 21 20 05 00    -1.5392566   -0.1920613  947.1032  948.4984
2021 04 21 20 06 00    -1.5430143   -0.1938813  947.1094  948.5096
2021 04 21 20 07 00    -1.5468510   -0.1957653  947.1155  948.5187
2021 04 21 20 08 00    -1.5509749   -0.1978441  947.1216  948.5227
2021 04 21 20 09 00    -1.5552246   -0.2001535  947.1280  948.5247
2021 04 21 20 10 00    -1.5593704   -0.2023756  947.1342  948.5269
2021 04 21 20 11 00    -1.5634889   -0.2043278  947.1403  948.5267
2021 04 21 20 12 00    -1.5677064   -0.2063193  947.1463  948.5224
2021 04 21 20 13 00    -1.5720812   -0.2086091  947.1523  948.5166
2021 04 21 20 14 00    -1.5765800   -0.2110646  947.1583  948.5131
2021 04 21 20 15 00    -1.5811199   -0.2134675  947.1641  948.5115
2021 04 21 20 16 00    -1.5857269   -0.2157373  947.1696  948.5087
2021 04 21 20 17 00    -1.5903954   -0.2178796  947.1752  948.5032
2021 04 21 20 18 00    -1.5950841   -0.2200504  947.1809  948.4980
2021 04 21 20 19 00    -1.5999000   -0.2225013  947.1867  948.4969
2021 04 21 20 20 00    -1.6048825   -0.2252116  947.1922  948.4992
2021 04 21 20 21 00    -1.6099385   -0.2278903  947.1975  948.4999
2021 04 21 20 22 00    -1.6150579   -0.2303792  947.2028  948.4951
2021 04 21 20 23 00    -1.6202377   -0.2328336  947.2083  948.4856
2021 04 21 20 24 00    -1.6253548   -0.2354207  947.2137  948.4744
2021 04 21 20 25 00    -1.6304315   -0.2380742  947.2188  948.4657
2021 04 21 20 26 00    -1.6357850   -0.2407684  947.2239  948.4623
2021 04 21 20 27 00    -1.6414301   -0.2435323  947.2289  948.4626
2021 04 21 20 28 00    -1.6469928   -0.2462791  947.2340  948.4629
2021 04 21 20 29 00    -1.6524817   -0.2490211  947.2391  948.4634
2021 04 21 20 30 00    -1.6580803   -0.2517961  947.2438  948.4656
2021 04 21 20 31 00    -1.6636917   -0.2545501  947.2481  948.4680
2021 04 21 20 32 00    -1.6693574   -0.2573549  947.2525  948.4699
2021 04 21 20 33 00    -1.6752340   -0.2603059  947.2575  948.4731
2021 04 21 20 34 00    -1.6812088   -0.2633000  947.2626  948.4778
2021 04 21 20 35 00    -1.6870715   -0.2662047  947.2673  948.4831
2021 04 21 20 36 00    -1.6928711   -0.2691330  947.2719  948.4898
2021 04 21 20 37 00    -1.6988633   -0.2722755  947.2769  948.4983
2021 04 21 20 38 00    -1.7051385   -0.2755538  947.2818  948.5068
2021 04 21 20 39 00    -1.7115223   -0.2787698  947.2867  948.5129
2021 04 21 20 40 00    -1.7178776   -0.2818905  947.2916  948.5150
2021 04 21 20 41 00    -1.7242696   -0.2850114  947.2964  948.5138
2021 04 21 20 42 00    -1.7306450   -0.2881814  947.3011  948.5119
2021 04 21 20 43 00    -1.7369231   -0.2914237  947.3058  948.5102
2021 04 21 20 44 00    -1.7434739   -0.2948435  947.3106  948.5087
2021 04 21 20 45 00    -1.7504477   -0.2983397  947.3153  948.5078
2021 04 21 20 46 00    -1.7573574   -0.3016404  947.3200  948.5057
2021 04 21 20 47 00    -1.7641212   -0.3048631  947.3245  948.5007
2021 04 21 20 48 00    -1.7710436   -0.3083045  947.3287  948.4957
2021 04 21 20 49 00    -1.7780228   -0.3119062  947.3328  948.4930
2021 04 21 20 50 00    -1.7849971   -0.3154569  947.3371  948.4899
2021 04 21 20 51 00    -1.7921348   -0.3189514  947.3415  948.4856
2021 04 21 20 52 00    -1.7993764   -0.3225764  947.3457  948.4833
2021 04 21 20 53 00    -1.8065924   -0.3263677  947.3497  948.4828
2021 04 21 20 54 00    -1.8137680   -0.3300744  947.3536  948.4825
2021 04 21 20 55 00    -1.8210356   -0.3336316  947.3575  948.4835
2021 04 21 20 56 00    -1.8285596   -0.3372352  947.3615  948.4859
2021 04 21 20 57 00    -1.8360957   -0.3408430  947.3655  948.4878
2021 04 21 20 58 00    -1.8433142   -0.3443637  947.3695  948.4887
2021 04 21 20 59 00    -1.8505016   -0.3480576  947.3736  948.4890
2021 04 21 21 00 00    -1.8581541   -0.3520595  947.3776  948.4899
2021 04 21 21 01 00    -1.8661341   -0.3560425  947.3814  948.4921
2021 04 21 21 02 00    -1.8740137   -0.3598549  947.3850  948.4952
2021 04 21 21 03 00    -1.8819158   -0.3637619  947.3888  948.4987
2021 04 21 21 04 00    -1.8900519   -0.3678341  947.3926  948.5020
2021 04 21 21 05 00    -1.8981516   -0.3719069  947.3965  948.5047
2021 04 21 21 06 00    -1.9060654   -0.3759662  947.4003  948.5084
2021 04 21 21 07 00    -1.9140863   -0.3800780  947.4038  948.5150
2021 04 21 21 08 00    -1.9223967   -0.3842260  947.4073  948.5240
2021 04 21 21 09 00    -1.9307290   -0.3883487  947.4114  948.5335
2021 04 21 21 10 00    -1.9388857   -0.3924667  947.4155  948.5440
2021 04 21 21 11 00    -1.9470646   -0.3965986  947.4195  948.5564
2021 04 21 21 12 00    -1.9553627   -0.4006320  947.4236  948.5689
2021 04 21 21 13 00    -1.9637001   -0.4046707  947.4277  948.5810
2021 04 21 21 14 00    -1.9721045   -0.4089688  947.4321  948.5930
2021 04 21 21 15 00    -1.9806188   -0.4133746  947.4369  948.6048
2021 04 21 21 16 00    -1.9892366   -0.4176637  947.4418  948.6162
2021 04 21 21 17 00    -1.9979390   -0.4219871  947.4463  948.6258
2021 04 21 21 18 00    -2.0067621   -0.4264939  947.4504  948.6321
2021 04 21 21 19 00    -2.0156705   -0.4310497  947.4546  948.6358
2021 04 21 21 20 00    -2.0244519   -0.4354990  947.4590  948.6390
2021 04 21 21 21 00    -2.0331990   -0.4399493  947.4633  948.6438
2021 04 21 21 22 00    -2.0421703   -0.4444706  947.4678  948.6496
2021 04 21 21 23 00    -2.0511957   -0.4488898  947.4723  948.6549
2021 04 21 21 24 00    -2.0602527   -0.4533227  947.4769  948.6610
2021 04 21 21 25 00    -2.0695865   -0.4580690  947.4816  948.6690
2021 04 21 21 26 00    -2.0789368   -0.4629096  947.4861  948.6767
2021 04 21 21 27 00    -2.0880687   -0.4674908  947.4906  948.6833
2021 04 21 21 28 00    -2.0972498   -0.4719242  947.4951  948.6918
2021 04 21 21 29 00    -2.1065965   -0.4764561  947.4997  948.7028
2021 04 21 21 30 00    -2.1159842   -0.4810829  947.5044  948.7135
2021 04 21 21 31 00    -2.1253925   -0.4857226  947.5092  948.7222
2021 04 21 21 32 00    -2.1349715   -0.4905228  947.5139  948.7300
2021 04 21 21 33 00    -2.1446797   -0.4955109  947.5186  948.7362
2021 04 21 21 34 00    -2.1542124   -0.5003570  947.5233  948.7386
2021 04 21 21 35 00    -2.1637462   -0.5050716  947.5280  948.7383
2021 04 21 21 36 00    -2.1736497   -0.5099692  947.5327  948.7395
2021 04 21 21 37 00    -2.1835838   -0.5149325  947.5374  948.7442
2021 04 21 21 38 00    -2.1932089   -0.5197678  947.5420  948.7516
2021 04 21 21 39 00    -2.2029219   -0.5246613  947.5465  948.7614
2021 04 21 21 40 00    -2.2129981   -0.5296951  947.5512  948.7732
2021 04 21 21 41 00    -2.2231317   -0.5347250  947.5562  948.7846
2021 04 21 21 42 00    -2.2331240   -0.5397719  947.5615  948.7939
2021 04 21 21 43 00    -2.2430374   -0.5448554  947.5667  948.8017
2021 04 21 21 44 00    -2.2529802   -0.5498535  947.5715  948.8084
2021 04 21 21 45 00    -2.2631176   -0.5548402  947.5762  948.8129
2021 04 21 21 46 00    -2.2734406   -0.5599850  947.5810  948.8151
2021 04 21 21 47 00    -2.2838133   -0.5652712  947.5857  948.8174
2021 04 21 21 48 00    -2.2942034   -0.5705831  947.5904  948.8210
2021 04 21 21 49 00    -2.3045854   -0.5758128  947.5953  948.8237
2021 04 21 21 50 00    -2.3149577   -0.5809378  947.6003  948.8245
2021 04 21 21 51 00    -2.3253880   -0.5860890  947.6051  948.8261
2021 04 21 21 52 00    -2.3359226   -0.5914207  947.6100  948.8296
2021 04 21 21 53 00    -2.3465208   -0.5968361  947.6148  948.8341
2021 04 21 21 54 00    -2.3571504   -0.6021709  947.6193  948.8389
2021 04 21 21 55 00    -2.3679000   -0.6075318  947.6239  948.8426
2021 04 21 21 56 00    -2.3787398   -0.6129613  947.6286  948.8427
2021 04 21 21 57 00    -2.3894363   -0.6182901  947.6331  948.8383
2021 04 21 21 58 00    -2.4000540   -0.6235705  947.6374  948.8316
2021 04 21 21 59 00    -2.4110505   -0.6290624  947.6416  948.8241
2021 04 21 22 00 00    -2.4223392   -0.6347129  947.6458  948.8143
2021 04 21 22 01 00    -2.4332859   -0.6401716  947.6498  948.8022
2021 04 21 22 02 00    -2.4440784   -0.6454809  947.6538  948.7924
2021 04 21 22 03 00    -2.4552337   -0.6509590  947.6578  948.7871
2021 04 21 22 04 00    -2.4663892   -0.6565583  947.6617  948.7859
2021 04 21 22 05 00    -2.4773173   -0.6621446  947.6653  948.7892
2021 04 21 22 06 00    -2.4883120   -0.6676647  947.6689  948.7968
2021 04 21 22 07 00    -2.4993473   -0.6730501  947.6727  948.8058
2021 04 21 22 08 00    -2.5104363   -0.6785325  947.6766  948.8137
2021 04 21 22 09 00    -2.5217317   -0.6842683  947.6806  948.8202
2021 04 21 22 10 00    -2.5330157   -0.6899989  947.6849  948.8259
2021 04 21 22 11 00    -2.5441612   -0.6956183  947.6892  948.8312
2021 04 21 22 12 00    -2.5553542   -0.7012395  947.6934  948.8359
2021 04 21 22 13 00    -2.5666864   -0.7069135  947.6973  948.8387
2021 04 21 22 14 00    -2.5781757   -0.7126606  947.7012  948.8383
2021 04 21 22 15 00    -2.5897318   -0.7184090  947.7050  948.8356
2021 04 21 22 16 00    -2.6012058   -0.7241119  947.7088  948.8322
2021 04 21 22 17 00    -2.6126076   -0.7298519  947.7127  948.8290
2021 04 21 22 18 00    -2.6239790   -0.7356616  947.7164  948.8282
2021 04 21 22 19 00    -2.6354265   -0.7415314  947.7198  948.8318
2021 04 21 22 20 00    -2.6470728   -0.7474418  947.7234  948.8385
2021 04 21 22 21 00    -2.6588383   -0.7532900  947.7275  948.8452
2021 04 21 22 22 00    -2.6705263   -0.7590134  947.7317  948.8504
2021 04 21 22 23 00    -2.6820564   -0.7647424  947.7356  948.8532
2021 04 21 22 24 00    -2.6936354   -0.7706405  947.7394  948.8540
2021 04 21 22 25 00    -2.7054184   -0.7766311  947.7430  948.8546
2021 04 21 22 26 00    -2.7172432   -0.7825118  947.7466  948.8552
2021 04 21 22 27 00    -2.7289722   -0.7882442  947.7501  948.8552
2021 04 21 22 28 00    -2.7406511   -0.7940012  947.7537  948.8558
2021 04 21 22 29 00    -2.7524161   -0.7999612  947.7574  948.8591
2021 04 21 22 30 00    -2.7642821   -0.8060193  947.7609  948.8663
2021 04 21 22 31 00    -2.7760779   -0.8119682  947.7644  948.8756
2021 04 21 22 32 00    -2.7877608   -0.8178279  947.7681  948.8853
2021 04 21 22 33 00    -2.7993917   -0.8236410  947.7719  948.8958
2021 04 21 22 34 00    -2.8110902   -0.8294271  947.7759  948.9081
2021 04 21 22 35 00    -2.8230724   -0.8353458  947.7799  948.9210
2021 04 21 22 36 00    -2.8351968   -0.8414463  947.7841  948.9323
2021 04 21 22 37 00    -2.8471177   -0.8475335  947.7884  948.9411
2021 04 21 22 38 00    -2.8588874   -0.8534603  947.7925  948.9481
2021 04 21 22 39 00    -2.8707402   -0.8593329  947.7964  948.9552
2021 04 21 22 40 00    -2.8827634   -0.8653349  947.8006  948.9635
2021 04 21 22 41 00    -2.8949330   -0.8714864  947.8050  948.9729
2021 04 21 22 42 00    -2.9071300   -0.8776770  947.8095  948.9823
2021 04 21 22 43 00    -2.9191946   -0.8837506  947.8139  948.9912
2021 04 21 22 44 00    -2.9310460   -0.8895817  947.8183  949.0008
2021 04 21 22 45 00    -2.9428199   -0.8952945  947.8227  949.0131
2021 04 21 22 46 00    -2.9548023   -0.9012174  947.8272  949.0282
2021 04 21 22 47 00    -2.9669606   -0.9074034  947.8319  949.0435
2021 04 21 22 48 00    -2.9789639   -0.9135877  947.8368  949.0574
2021 04 21 22 49 00    -2.9908006   -0.9196180  947.8417  949.0704
2021 04 21 22 50 00    -3.0027022   -0.9255409  947.8465  949.0875
2021 04 21 22 51 00    -3.0147058   -0.9314710  947.8517  949.1201
2021 04 21 22 52 00    -3.0266105   -0.9373811  947.8573  949.1645
2021 04 21 22 53 00    -3.0383320   -0.9431761  947.8630  949.1923
2021 04 21 22 54 00    -3.0502064   -0.9490940  947.8686  949.1947
2021 04 21 22 55 00    -3.0624181   -0.9552859  947.8743  949.1944
2021 04 21 22 56 00    -3.0747055   -0.9614135  947.8799  949.2019
2021 04 21 22 57 00    -3.0868814   -0.9673459  947.8853  949.2108
2021 04 21 22 58 00    -3.0989634   -0.9733636  947.8909  949.2226
2021 04 21 22 59 00    -3.1111395   -0.9795634  947.8967  949.2388
2021 04 21 23 00 00    -3.1234745   -0.9857134  947.9026  949.2507
2021 04 21 23 01 00    -3.1356808   -0.9916862  947.9082  949.2552
2021 04 21 23 02 00    -3.1477478   -0.9977439  947.9138  949.2618
2021 04 21 23 03 00    -3.1599512   -1.0040245  947.9196  949.2753
2021 04 21 23 04 00    -3.1722790   -1.0102682  947.9257  949.2889
2021 04 21 23 05 00    -3.1846900   -1.0164219  947.9320  949.2970
2021 04 21 23 06 00    -3.1972103   -1.0226722  947.9381  949.2983
2021 04 21 23 07 00    -3.2096480   -1.0289644  947.9439  949.2952
2021 04 21 23 08 00    -3.2219180   -1.0351398  947.9493  949.2942
2021 04 21 23 09 00    -3.2341711   -1.0412418  947.9548  949.2958
2021 04 21 23 10 00    -3.2464820   -1.0473838  947.9607  949.2946
2021 04 21 23 11 00    -3.2588984   -1.0535727  947.9667  949.2916
2021 04 21 23 12 00    -3.2713591   -1.0598169  947.9722  949.2893
2021 04 21 23 13 00    -3.2836602   -1.0661041  947.9777  949.2886
2021 04 21 23 14 00    -3.2958890   -1.0723020  947.9832  949.2911
2021 04 21 23 15 00    -3.3082621   -1.0783776  947.9886  949.2954
2021 04 21 23 16 00    -3.3206713   -1.0844853  947.9938  949.2973
2021 04 21 23 17 00    -3.3329309   -1.0906720  947.9991  949.2963
2021 04 21 23 18 00    -3.3450808   -1.0968193  948.0045  949.2946
2021 04 21 23 19 00    -3.3573179   -1.1029300  948.0099  949.2912
2021 04 21 23 20 00    -3.3696908   -1.1090856  948.0150  949.2862
2021 04 21 23 21 00    -3.3819686   -1.1152598  948.0199  949.2848
2021 04 21 23 22 00    -3.3941293   -1.1214440  948.0248  949.2893
2021 04 21 23 23 00    -3.4064193   -1.1276429  948.0296  949.2949
2021 04 21 23 24 00    -3.4187936   -1.1338127  948.0344  949.2986
2021 04 21 23 25 00    -3.4310399   -1.1399569  948.0394  949.3026
2021 04 21 23 26 00    -3.4431785   -1.1460619  948.0446  949.3083
2021 04 21 23 27 00    -3.4553672   -1.1521435  948.0498  949.3137
2021 04 21 23 28 00    -3.4676396   -1.1582723  948.0548  949.3151
2021 04 21 23 29 00    -3.4798999   -1.1644157  948.0597  949.3113
2021 04 21 23 30 00    -3.4921528   -1.1706110  948.0647  949.3055
2021 04 21 23 31 00    -3.5044313   -1.1769124  948.0697  949.3010
2021 04 21 23 32 00    -3.5166614   -1.1830771  948.0745  949.2979
2021 04 21 23 33 00    -3.5288423   -1.1889487  948.0792  949.2947
2021 04 21 23 34 00    -3.5410932   -1.1948632  948.0838  949.2927
2021 04 21 23 35 00    -3.5534147   -1.2010912  948.0881  949.2963
2021 04 21 23 36 00    -3.5655796   -1.2073524  948.0923  949.3048
2021 04 21 23 37 00    -3.5775479   -1.2133872  948.0966  949.3112
2021 04 21 23 38 00    -3.5895897   -1.2193548  948.1012  949.3134
2021 04 21 23 39 00    -3.6017120   -1.2254015  948.1058  949.3155
2021 04 21 23 40 00    -3.6136701   -1.2314190  948.1107  949.3196
2021 04 21 23 41 00    -3.6254475   -1.2372960  948.1155  949.3257
2021 04 21 23 42 00    -3.6372674   -1.2431877  948.1200  949.3320
2021 04 21 23 43 00    -3.6492196   -1.2492358  948.1245  949.3346
2021 04 21 23 44 00    -3.6611500   -1.2552356  948.1292  949.3370
2021 04 21 23 45 00    -3.6730536   -1.2611212  948.1338  949.3483
2021 04 21 23 46 00    -3.6850040   -1.2671223  948.1385  949.3685
2021 04 21 23 47 00    -3.6969006   -1.2731886  948.1433  949.3867
2021 04 21 23 48 00    -3.7087102   -1.2790954  948.1484  949.3960
2021 04 21 23 49 00    -3.7204625   -1.2848914  948.1535  949.4046
2021 04 21 23 50 00    -3.7322086   -1.2907293  948.1587  949.4203
2021 04 21 23 51 00    -3.7440572   -1.2966526  948.1641  949.4359
2021 04 21 23 52 00    -3.7558918   -1.3025971  948.1693  949.4443
2021 04 21 23 53 00    -3.7675397   -1.3084282  948.1741  949.4510
2021 04 21 23 54 00    -3.7792111   -1.3142263  948.1791  949.4603
2021 04 21 23 55 00    -3.7910800   -1.3202192  948.1844  949.4668
2021 04 21 23 56 00    -3.8028835   -1.3262647  948.1899  949.4693
2021 04 21 23 57 00    -3.8144671   -1.3321026  948.1954  949.4745
2021 04 21 23 58 00    -3.8259974   -1.3378487  948.2010  949.4829
2021 04 21 23 59 00    -3.8375195   -1.3435970  948.2062  949.4890
