[TSF-file]     v01.0

[TIMEFORMAT]   DATETIME
[INCREMENT]    60
[CHANNELS]
    BF:SG056:G1-F60 
    BF:SG056:G2-F60 
    BF:SG056:Br1-F60
    BF:SG056:Br2-F60
[UNITS]
    Volt
    Volt
    mbar
    mbar
[UNDETVAL]                      9999.999
[PHASE_LAG_1_DEG_CPD]           0.0402
[PHASE_LAG_1_DEG_CPD_ERROR]     0.0002
[N_LATITUDE_DEG]                48.3294
[N_LATITUDE_DEG_ERROR]          0.0001
[E_LONGITUDE_DEG]               008.3284
[E_LONGITUDE_DEG_ERROR]         0.0001
[HEIGHT_M_1]                    589.20
[HEIGHT_M_1_ERROR]              0.01
[GRAVITY_CAL_1_UGAL_V]          -40.1100
[GRAVITY_CAL_1_UGAL_V_ERROR]    0.0300
[PRESSURE_CAL_MBAR_V]           1.0000
[PRESSURE_CAL_MBAR_V_ERROR]     0.0001
[AUTHOR]                        Thomas Forbriger@kit.edu
[PHASE_LAG_2_DEG_CPD]           0.0402
[PHASE_LAG_2_DEG_CPD_ERROR]     0.0002
[HEIGHT_M_2]                    589.40
[HEIGHT_M_2_ERROR]              0.01
[GRAVITY_CAL_2_UGAL_V]          -80.0699
[GRAVITY_CAL_2_UGAL_V_ERROR]    0.0600
[PRESSURE_ADMIT_HPA_NMS2]       -3.4000
[PRESSURE_MEAN_HPA]             0980.0
[COMMENT]                           
software upgrade and FitPC2 replacement on 29. July 2019



Date           Time     G1-F60        G2-F60        Br1-F60       Br2-F60      
[DATA]
2021 04 04 00 00 00    -4.2548137   -1.5467711  953.2679  954.1287
2021 04 04 00 01 00    -4.2610231   -1.5498130  953.2656  954.1186
2021 04 04 00 02 00    -4.2671185   -1.5528940  953.2639  954.1068
2021 04 04 00 03 00    -4.2730297   -1.5558534  953.2628  954.0899
2021 04 04 00 04 00    -4.2788246   -1.5587198  953.2617  954.0676
2021 04 04 00 05 00    -4.2845712   -1.5616125  953.2598  954.0454
2021 04 04 00 06 00    -4.2905416   -1.5646625  953.2568  954.0278
2021 04 04 00 07 00    -4.2968087   -1.5678867  953.2532  954.0140
2021 04 04 00 08 00    -4.3028652   -1.5709549  953.2494  954.0055
2021 04 04 00 09 00    -4.3085381   -1.5736961  953.2454  954.0034
2021 04 04 00 10 00    -4.3142363   -1.5764135  953.2415  954.0019
2021 04 04 00 11 00    -4.3200512   -1.5792714  953.2386  953.9970
2021 04 04 00 12 00    -4.3257877   -1.5821613  953.2365  953.9929
2021 04 04 00 13 00    -4.3314251   -1.5850548  953.2345  953.9911
2021 04 04 00 14 00    -4.3370407   -1.5879271  953.2318  953.9862
2021 04 04 00 15 00    -4.3426806   -1.5907297  953.2285  953.9775
2021 04 04 00 16 00    -4.3482624   -1.5935126  953.2251  953.9712
2021 04 04 00 17 00    -4.3537047   -1.5962814  953.2217  953.9720
2021 04 04 00 18 00    -4.3590300   -1.5989286  953.2190  953.9798
2021 04 04 00 19 00    -4.3641878   -1.6014921  953.2172  953.9925
2021 04 04 00 20 00    -4.3692890   -1.6041838  953.2152  954.0063
2021 04 04 00 21 00    -4.3745788   -1.6069338  953.2129  954.0149
2021 04 04 00 22 00    -4.3798940   -1.6094379  953.2115  954.0178
2021 04 04 00 23 00    -4.3850185   -1.6118147  953.2106  954.0230
2021 04 04 00 24 00    -4.3901576   -1.6144491  953.2097  954.0335
2021 04 04 00 25 00    -4.3954270   -1.6172663  953.2089  954.0436
2021 04 04 00 26 00    -4.4005840   -1.6198957  953.2079  954.0461
2021 04 04 00 27 00    -4.4054941   -1.6222551  953.2069  954.0385
2021 04 04 00 28 00    -4.4104004   -1.6245669  953.2058  954.0263
2021 04 04 00 29 00    -4.4155384   -1.6270757  953.2042  954.0170
2021 04 04 00 30 00    -4.4207864   -1.6298185  953.2023  954.0111
2021 04 04 00 31 00    -4.4259412   -1.6325508  953.2005  954.0038
2021 04 04 00 32 00    -4.4309684   -1.6349868  953.1989  953.9956
2021 04 04 00 33 00    -4.4358787   -1.6372247  953.1976  953.9907
2021 04 04 00 34 00    -4.4407105   -1.6396597  953.1960  953.9891
2021 04 04 00 35 00    -4.4455629   -1.6423177  953.1940  953.9889
2021 04 04 00 36 00    -4.4504295   -1.6448382  953.1919  953.9899
2021 04 04 00 37 00    -4.4551661   -1.6471152  953.1903  953.9888
2021 04 04 00 38 00    -4.4597667   -1.6493893  953.1886  953.9823
2021 04 04 00 39 00    -4.4644382   -1.6518144  953.1868  953.9679
2021 04 04 00 40 00    -4.4692583   -1.6542359  953.1846  953.9495
2021 04 04 00 41 00    -4.4741170   -1.6565293  953.1816  953.9367
2021 04 04 00 42 00    -4.4789844   -1.6588703  953.1784  953.9277
2021 04 04 00 43 00    -4.4837657   -1.6613234  953.1756  953.9136
2021 04 04 00 44 00    -4.4883213   -1.6637095  953.1728  953.8955
2021 04 04 00 45 00    -4.4928134   -1.6660267  953.1694  953.8789
2021 04 04 00 46 00    -4.4973824   -1.6683443  953.1655  953.8671
2021 04 04 00 47 00    -4.5018699   -1.6705338  953.1612  953.8615
2021 04 04 00 48 00    -4.5062761   -1.6725974  953.1564  953.8555
2021 04 04 00 49 00    -4.5108051   -1.6747669  953.1520  953.8432
2021 04 04 00 50 00    -4.5153154   -1.6770375  953.1482  953.8301
2021 04 04 00 51 00    -4.5195433   -1.6792043  953.1441  953.8228
2021 04 04 00 52 00    -4.5236961   -1.6812768  953.1401  953.8221
2021 04 04 00 53 00    -4.5279248   -1.6833163  953.1363  953.8238
2021 04 04 00 54 00    -4.5321127   -1.6853491  953.1329  953.8245
2021 04 04 00 55 00    -4.5363593   -1.6874734  953.1299  953.8272
2021 04 04 00 56 00    -4.5405271   -1.6895982  953.1269  953.8312
2021 04 04 00 57 00    -4.5444422   -1.6916537  953.1237  953.8327
2021 04 04 00 58 00    -4.5484935   -1.6937666  953.1206  953.8358
2021 04 04 00 59 00    -4.5527009   -1.6958157  953.1177  953.8407
2021 04 04 01 00 00    -4.5566335   -1.6976697  953.1148  953.8396
2021 04 04 01 01 00    -4.5603881   -1.6995178  953.1121  953.8357
2021 04 04 01 02 00    -4.5642744   -1.7014742  953.1098  953.8381
2021 04 04 01 03 00    -4.5682274   -1.7034759  953.1078  953.8442
2021 04 04 01 04 00    -4.5720600   -1.7054417  953.1056  953.8486
2021 04 04 01 05 00    -4.5758177   -1.7073480  953.1032  953.8497
2021 04 04 01 06 00    -4.5795896   -1.7092511  953.1011  953.8473
2021 04 04 01 07 00    -4.5832987   -1.7111197  953.0995  953.8459
2021 04 04 01 08 00    -4.5869837   -1.7129188  953.0975  953.8485
2021 04 04 01 09 00    -4.5907293   -1.7147596  953.0954  953.8524
2021 04 04 01 10 00    -4.5944763   -1.7167034  953.0939  953.8532
2021 04 04 01 11 00    -4.5982016   -1.7186494  953.0921  953.8467
2021 04 04 01 12 00    -4.6018548   -1.7205041  953.0894  953.8376
2021 04 04 01 13 00    -4.6053582   -1.7222624  953.0867  953.8358
2021 04 04 01 14 00    -4.6087927   -1.7238984  953.0851  953.8406
2021 04 04 01 15 00    -4.6122472   -1.7254935  953.0841  953.8444
2021 04 04 01 16 00    -4.6157096   -1.7272604  953.0829  953.8449
2021 04 04 01 17 00    -4.6192418   -1.7291769  953.0814  953.8416
2021 04 04 01 18 00    -4.6228101   -1.7309937  953.0797  953.8340
2021 04 04 01 19 00    -4.6261683   -1.7326257  953.0782  953.8296
2021 04 04 01 20 00    -4.6293572   -1.7342446  953.0770  953.8362
2021 04 04 01 21 00    -4.6326096   -1.7359333  953.0755  953.8425
2021 04 04 01 22 00    -4.6358595   -1.7375307  953.0734  953.8336
2021 04 04 01 23 00    -4.6390904   -1.7390291  953.0713  953.8196
2021 04 04 01 24 00    -4.6424530   -1.7406664  953.0699  953.8157
2021 04 04 01 25 00    -4.6458653   -1.7424594  953.0686  953.8138
2021 04 04 01 26 00    -4.6491867   -1.7441951  953.0668  953.8055
2021 04 04 01 27 00    -4.6524443   -1.7458173  953.0648  953.8014
2021 04 04 01 28 00    -4.6556454   -1.7474119  953.0627  953.8015
2021 04 04 01 29 00    -4.6587338   -1.7490048  953.0601  953.7932
2021 04 04 01 30 00    -4.6617172   -1.7505511  953.0572  953.7820
2021 04 04 01 31 00    -4.6646757   -1.7520616  953.0546  953.7821
2021 04 04 01 32 00    -4.6676582   -1.7535990  953.0529  953.7914
2021 04 04 01 33 00    -4.6706700   -1.7551338  953.0516  953.7971
2021 04 04 01 34 00    -4.6736593   -1.7565701  953.0501  953.7903
2021 04 04 01 35 00    -4.6765252   -1.7578778  953.0481  953.7754
2021 04 04 01 36 00    -4.6792756   -1.7591528  953.0453  953.7632
2021 04 04 01 37 00    -4.6820033   -1.7605348  953.0422  953.7540
2021 04 04 01 38 00    -4.6848693   -1.7620644  953.0393  953.7402
2021 04 04 01 39 00    -4.6880038   -1.7636725  953.0367  953.7249
2021 04 04 01 40 00    -4.6911446   -1.7652371  953.0339  953.7195
2021 04 04 01 41 00    -4.6939228   -1.7666475  953.0310  953.7204
2021 04 04 01 42 00    -4.6963902   -1.7678947  953.0279  953.7137
2021 04 04 01 43 00    -4.6988410   -1.7690855  953.0250  953.7040
2021 04 04 01 44 00    -4.7014511   -1.7703316  953.0225  953.7051
2021 04 04 01 45 00    -4.7041103   -1.7716227  953.0196  953.7144
2021 04 04 01 46 00    -4.7066114   -1.7728950  953.0164  953.7198
2021 04 04 01 47 00    -4.7090586   -1.7741769  953.0139  953.7165
2021 04 04 01 48 00    -4.7117075   -1.7754994  953.0116  953.7057
2021 04 04 01 49 00    -4.7144290   -1.7768150  953.0089  953.6879
2021 04 04 01 50 00    -4.7168957   -1.7780763  953.0056  953.6727
2021 04 04 01 51 00    -4.7191689   -1.7792120  953.0027  953.6748
2021 04 04 01 52 00    -4.7215482   -1.7802655  953.0003  953.6811
2021 04 04 01 53 00    -4.7241288   -1.7815057  952.9974  953.6705
2021 04 04 01 54 00    -4.7267412   -1.7829534  952.9937  953.6562
2021 04 04 01 55 00    -4.7291632   -1.7842901  952.9904  953.6516
2021 04 04 01 56 00    -4.7314443   -1.7854811  952.9872  953.6463
2021 04 04 01 57 00    -4.7337575   -1.7866711  952.9833  953.6399
2021 04 04 01 58 00    -4.7360542   -1.7877525  952.9792  953.6411
2021 04 04 01 59 00    -4.7382782   -1.7887363  952.9758  953.6463
2021 04 04 02 00 00    -4.7404997   -1.7898361  952.9732  953.6533
2021 04 04 02 01 00    -4.7426329   -1.7909892  952.9709  953.6638
2021 04 04 02 02 00    -4.7445597   -1.7920111  952.9689  953.6732
2021 04 04 02 03 00    -4.7465351   -1.7929925  952.9669  953.6781
2021 04 04 02 04 00    -4.7487731   -1.7940473  952.9651  953.6798
2021 04 04 02 05 00    -4.7509584   -1.7950584  952.9638  953.6794
2021 04 04 02 06 00    -4.7528618   -1.7959515  952.9625  953.6774
2021 04 04 02 07 00    -4.7547614   -1.7968911  952.9603  953.6681
2021 04 04 02 08 00    -4.7568404   -1.7980015  952.9576  953.6492
2021 04 04 02 09 00    -4.7589198   -1.7991399  952.9550  953.6397
2021 04 04 02 10 00    -4.7609276   -1.8001810  952.9528  953.6484
2021 04 04 02 11 00    -4.7629149   -1.8011466  952.9505  953.6531
2021 04 04 02 12 00    -4.7647532   -1.8020347  952.9479  953.6472
2021 04 04 02 13 00    -4.7664680   -1.8029584  952.9456  953.6472
2021 04 04 02 14 00    -4.7683375   -1.8040662  952.9440  953.6532
2021 04 04 02 15 00    -4.7702462   -1.8051730  952.9427  953.6567
2021 04 04 02 16 00    -4.7719141   -1.8060487  952.9408  953.6558
2021 04 04 02 17 00    -4.7735857   -1.8067801  952.9383  953.6452
2021 04 04 02 18 00    -4.7754340   -1.8074832  952.9356  953.6263
2021 04 04 02 19 00    -4.7772609   -1.8082816  952.9324  953.6136
2021 04 04 02 20 00    -4.7791681   -1.8093902  952.9293  953.6098
2021 04 04 02 21 00    -4.7811694   -1.8105568  952.9273  953.6006
2021 04 04 02 22 00    -4.7827799   -1.8112162  952.9254  953.5809
2021 04 04 02 23 00    -4.7841686   -1.8116233  952.9222  953.5626
2021 04 04 02 24 00    -4.7860372   -1.8124997  952.9187  953.5531
2021 04 04 02 25 00    -4.7880104   -1.8136460  952.9157  953.5483
2021 04 04 02 26 00    -4.7894245   -1.8144597  952.9125  953.5423
2021 04 04 02 27 00    -4.7907297   -1.8150917  952.9088  953.5305
2021 04 04 02 28 00    -4.7923644   -1.8158989  952.9048  953.5167
2021 04 04 02 29 00    -4.7940182   -1.8167816  952.9007  953.5079
2021 04 04 02 30 00    -4.7955254   -1.8175510  952.8965  953.5047
2021 04 04 02 31 00    -4.7969300   -1.8181581  952.8929  953.5111
2021 04 04 02 32 00    -4.7981985   -1.8186917  952.8899  953.5253
2021 04 04 02 33 00    -4.7995162   -1.8193804  952.8870  953.5348
2021 04 04 02 34 00    -4.8009752   -1.8202248  952.8838  953.5388
2021 04 04 02 35 00    -4.8023298   -1.8209800  952.8806  953.5438
2021 04 04 02 36 00    -4.8035954   -1.8216217  952.8779  953.5478
2021 04 04 02 37 00    -4.8050369   -1.8222712  952.8760  953.5477
2021 04 04 02 38 00    -4.8065376   -1.8229313  952.8743  953.5431
2021 04 04 02 39 00    -4.8078445   -1.8236259  952.8723  953.5333
2021 04 04 02 40 00    -4.8090650   -1.8243842  952.8693  953.5215
2021 04 04 02 41 00    -4.8102968   -1.8251031  952.8655  953.5136
2021 04 04 02 42 00    -4.8114584   -1.8257221  952.8620  953.5094
2021 04 04 02 43 00    -4.8125698   -1.8262789  952.8595  953.5001
2021 04 04 02 44 00    -4.8136471   -1.8267402  952.8571  953.4872
2021 04 04 02 45 00    -4.8146784   -1.8271058  952.8538  953.4877
2021 04 04 02 46 00    -4.8157410   -1.8275399  952.8503  953.5020
2021 04 04 02 47 00    -4.8168620   -1.8281735  952.8475  953.5063
2021 04 04 02 48 00    -4.8179700   -1.8288791  952.8453  953.4936
2021 04 04 02 49 00    -4.8190284   -1.8294440  952.8428  953.4842
2021 04 04 02 50 00    -4.8200543   -1.8298890  952.8399  953.4905
2021 04 04 02 51 00    -4.8210619   -1.8303443  952.8369  953.5033
2021 04 04 02 52 00    -4.8220223   -1.8308076  952.8344  953.5121
2021 04 04 02 53 00    -4.8228863   -1.8312027  952.8325  953.5199
2021 04 04 02 54 00    -4.8237934   -1.8315626  952.8308  953.5325
2021 04 04 02 55 00    -4.8248167   -1.8320063  952.8292  953.5462
2021 04 04 02 56 00    -4.8256866   -1.8325136  952.8280  953.5548
2021 04 04 02 57 00    -4.8263697   -1.8329319  952.8275  953.5600
2021 04 04 02 58 00    -4.8270546   -1.8331717  952.8273  953.5660
2021 04 04 02 59 00    -4.8278115   -1.8333944  952.8266  953.5720
2021 04 04 03 00 00    -4.8287452   -1.8338196  952.8247  953.5733
2021 04 04 03 01 00    -4.8296642   -1.8342954  952.8231  953.5689
2021 04 04 03 02 00    -4.8302972   -1.8346545  952.8229  953.5644
2021 04 04 03 03 00    -4.8308649   -1.8350400  952.8229  953.5630
2021 04 04 03 04 00    -4.8315737   -1.8354314  952.8220  953.5627
2021 04 04 03 05 00    -4.8323808   -1.8357224  952.8210  953.5609
2021 04 04 03 06 00    -4.8332825   -1.8360641  952.8203  953.5538
2021 04 04 03 07 00    -4.8341275   -1.8364720  952.8191  953.5469
2021 04 04 03 08 00    -4.8346884   -1.8367717  952.8179  953.5516
2021 04 04 03 09 00    -4.8351015   -1.8370077  952.8169  953.5617
2021 04 04 03 10 00    -4.8356594   -1.8373221  952.8158  953.5661
2021 04 04 03 11 00    -4.8364171   -1.8377863  952.8150  953.5712
2021 04 04 03 12 00    -4.8372815   -1.8383465  952.8149  953.5778
2021 04 04 03 13 00    -4.8381096   -1.8387666  952.8146  953.5739
2021 04 04 03 14 00    -4.8387411   -1.8389833  952.8135  953.5604
2021 04 04 03 15 00    -4.8391363   -1.8391556  952.8117  953.5469
2021 04 04 03 16 00    -4.8395328   -1.8394144  952.8094  953.5384
2021 04 04 03 17 00    -4.8401487   -1.8398216  952.8070  953.5389
2021 04 04 03 18 00    -4.8407937   -1.8401997  952.8053  953.5457
2021 04 04 03 19 00    -4.8412891   -1.8403585  952.8043  953.5502
2021 04 04 03 20 00    -4.8417025   -1.8404664  952.8038  953.5530
2021 04 04 03 21 00    -4.8420638   -1.8406970  952.8034  953.5541
2021 04 04 03 22 00    -4.8424476   -1.8409904  952.8026  953.5465
2021 04 04 03 23 00    -4.8430054   -1.8413448  952.8009  953.5352
2021 04 04 03 24 00    -4.8436954   -1.8417375  952.7986  953.5316
2021 04 04 03 25 00    -4.8442229   -1.8419310  952.7964  953.5315
2021 04 04 03 26 00    -4.8444731   -1.8419520  952.7948  953.5306
2021 04 04 03 27 00    -4.8447768   -1.8421846  952.7938  953.5353
2021 04 04 03 28 00    -4.8453392   -1.8426010  952.7928  953.5462
2021 04 04 03 29 00    -4.8458515   -1.8427547  952.7909  953.5529
2021 04 04 03 30 00    -4.8460127   -1.8425841  952.7887  953.5507
2021 04 04 03 31 00    -4.8460520   -1.8425399  952.7873  953.5493
2021 04 04 03 32 00    -4.8463950   -1.8429228  952.7871  953.5553
2021 04 04 03 33 00    -4.8469690   -1.8434058  952.7872  953.5580
2021 04 04 03 34 00    -4.8473523   -1.8434839  952.7869  953.5499
2021 04 04 03 35 00    -4.8474697   -1.8433050  952.7867  953.5365
2021 04 04 03 36 00    -4.8476513   -1.8434230  952.7859  953.5204
2021 04 04 03 37 00    -4.8480991   -1.8438635  952.7839  953.5040
2021 04 04 03 38 00    -4.8486043   -1.8442183  952.7812  953.4925
2021 04 04 03 39 00    -4.8488909   -1.8443008  952.7786  953.4811
2021 04 04 03 40 00    -4.8490296   -1.8442459  952.7765  953.4691
2021 04 04 03 41 00    -4.8492504   -1.8443033  952.7741  953.4660
2021 04 04 03 42 00    -4.8495375   -1.8445306  952.7712  953.4675
2021 04 04 03 43 00    -4.8498365   -1.8447698  952.7686  953.4622
2021 04 04 03 44 00    -4.8501837   -1.8449289  952.7672  953.4535
2021 04 04 03 45 00    -4.8504039   -1.8450084  952.7657  953.4467
2021 04 04 03 46 00    -4.8504643   -1.8450926  952.7627  953.4401
2021 04 04 03 47 00    -4.8506301   -1.8452681  952.7586  953.4367
2021 04 04 03 48 00    -4.8508897   -1.8454141  952.7553  953.4370
2021 04 04 03 49 00    -4.8510394   -1.8453895  952.7532  953.4378
2021 04 04 03 50 00    -4.8510179   -1.8452627  952.7512  953.4423
2021 04 04 03 51 00    -4.8508969   -1.8451699  952.7488  953.4471
2021 04 04 03 52 00    -4.8508878   -1.8451534  952.7459  953.4413
2021 04 04 03 53 00    -4.8510719   -1.8451990  952.7432  953.4319
2021 04 04 03 54 00    -4.8512686   -1.8453001  952.7411  953.4336
2021 04 04 03 55 00    -4.8513676   -1.8453837  952.7388  953.4374
2021 04 04 03 56 00    -4.8513918   -1.8453887  952.7359  953.4328
2021 04 04 03 57 00    -4.8513140   -1.8453890  952.7330  953.4287
2021 04 04 03 58 00    -4.8511420   -1.8454019  952.7311  953.4288
2021 04 04 03 59 00    -4.8510319   -1.8453689  952.7299  953.4287
2021 04 04 04 00 00    -4.8510578   -1.8453439  952.7281  953.4313
2021 04 04 04 01 00    -4.8511048   -1.8453773  952.7256  953.4340
2021 04 04 04 02 00    -4.8511416   -1.8454079  952.7235  953.4332
2021 04 04 04 03 00    -4.8511502   -1.8453639  952.7218  953.4347
2021 04 04 04 04 00    -4.8509575   -1.8452165  952.7196  953.4392
2021 04 04 04 05 00    -4.8506308   -1.8450247  952.7175  953.4413
2021 04 04 04 06 00    -4.8504507   -1.8449010  952.7162  953.4440
2021 04 04 04 07 00    -4.8503843   -1.8448676  952.7154  953.4476
2021 04 04 04 08 00    -4.8502618   -1.8448479  952.7141  953.4443
2021 04 04 04 09 00    -4.8501157   -1.8447951  952.7128  953.4353
2021 04 04 04 10 00    -4.8500329   -1.8447698  952.7114  953.4305
2021 04 04 04 11 00    -4.8499643   -1.8447915  952.7094  953.4315
2021 04 04 04 12 00    -4.8497887   -1.8447775  952.7076  953.4370
2021 04 04 04 13 00    -4.8495277   -1.8446989  952.7067  953.4485
2021 04 04 04 14 00    -4.8492888   -1.8445297  952.7059  953.4584
2021 04 04 04 15 00    -4.8490928   -1.8443140  952.7042  953.4573
2021 04 04 04 16 00    -4.8489738   -1.8442574  952.7020  953.4531
2021 04 04 04 17 00    -4.8489155   -1.8443162  952.7005  953.4550
2021 04 04 04 18 00    -4.8486918   -1.8441803  952.6996  953.4562
2021 04 04 04 19 00    -4.8482882   -1.8438929  952.6985  953.4512
2021 04 04 04 20 00    -4.8480493   -1.8438002  952.6972  953.4476
2021 04 04 04 21 00    -4.8480231   -1.8439117  952.6963  953.4476
2021 04 04 04 22 00    -4.8478935   -1.8439049  952.6956  953.4435
2021 04 04 04 23 00    -4.8476302   -1.8437221  952.6944  953.4350
2021 04 04 04 24 00    -4.8474380   -1.8436452  952.6925  953.4291
2021 04 04 04 25 00    -4.8471578   -1.8436327  952.6904  953.4286
2021 04 04 04 26 00    -4.8466682   -1.8433653  952.6888  953.4362
2021 04 04 04 27 00    -4.8463311   -1.8429648  952.6880  953.4530
2021 04 04 04 28 00    -4.8461210   -1.8426860  952.6876  953.4711
2021 04 04 04 29 00    -4.8456244   -1.8424772  952.6869  953.4788
2021 04 04 04 30 00    -4.8450663   -1.8423577  952.6863  953.4743
2021 04 04 04 31 00    -4.8447857   -1.8423412  952.6862  953.4686
2021 04 04 04 32 00    -4.8445122   -1.8422258  952.6860  953.4681
2021 04 04 04 33 00    -4.8441271   -1.8419795  952.6852  953.4647
2021 04 04 04 34 00    -4.8438364   -1.8417915  952.6839  953.4514
2021 04 04 04 35 00    -4.8436057   -1.8416785  952.6823  953.4305
2021 04 04 04 36 00    -4.8433599   -1.8414977  952.6803  953.4124
2021 04 04 04 37 00    -4.8431345   -1.8413164  952.6784  953.4096
2021 04 04 04 38 00    -4.8427588   -1.8412335  952.6770  953.4201
2021 04 04 04 39 00    -4.8420848   -1.8410176  952.6759  953.4329
2021 04 04 04 40 00    -4.8414381   -1.8406281  952.6745  953.4495
2021 04 04 04 41 00    -4.8410693   -1.8403810  952.6732  953.4688
2021 04 04 04 42 00    -4.8406846   -1.8402446  952.6729  953.4759
2021 04 04 04 43 00    -4.8401592   -1.8399760  952.6731  953.4680
2021 04 04 04 44 00    -4.8396472   -1.8395965  952.6727  953.4578
2021 04 04 04 45 00    -4.8391195   -1.8392312  952.6715  953.4500
2021 04 04 04 46 00    -4.8387310   -1.8390251  952.6700  953.4388
2021 04 04 04 47 00    -4.8387060   -1.8390443  952.6681  953.4253
2021 04 04 04 48 00    -4.8387183   -1.8391134  952.6657  953.4154
2021 04 04 04 49 00    -4.8383734   -1.8390417  952.6639  953.4104
2021 04 04 04 50 00    -4.8377692   -1.8388200  952.6627  953.4035
2021 04 04 04 51 00    -4.8371489   -1.8385193  952.6607  953.3896
2021 04 04 04 52 00    -4.8366906   -1.8382377  952.6585  953.3764
2021 04 04 04 53 00    -4.8364052   -1.8380249  952.6564  953.3708
2021 04 04 04 54 00    -4.8359968   -1.8377793  952.6541  953.3649
2021 04 04 04 55 00    -4.8353787   -1.8374529  952.6511  953.3533
2021 04 04 04 56 00    -4.8348767   -1.8371800  952.6479  953.3461
2021 04 04 04 57 00    -4.8345426   -1.8370171  952.6451  953.3513
2021 04 04 04 58 00    -4.8340558   -1.8368368  952.6433  953.3621
2021 04 04 04 59 00    -4.8333882   -1.8365476  952.6421  953.3687
2021 04 04 05 00 00    -4.8327837   -1.8362103  952.6405  953.3693
2021 04 04 05 01 00    -4.8322174   -1.8359247  952.6382  953.3701
2021 04 04 05 02 00    -4.8315358   -1.8357143  952.6359  953.3733
2021 04 04 05 03 00    -4.8308075   -1.8354837  952.6336  953.3732
2021 04 04 05 04 00    -4.8301901   -1.8351142  952.6315  953.3701
2021 04 04 05 05 00    -4.8297212   -1.8346870  952.6304  953.3732
2021 04 04 05 06 00    -4.8292445   -1.8343677  952.6293  953.3816
2021 04 04 05 07 00    -4.8286040   -1.8341349  952.6275  953.3890
2021 04 04 05 08 00    -4.8279165   -1.8338863  952.6258  953.3943
2021 04 04 05 09 00    -4.8273224   -1.8335688  952.6251  953.3941
2021 04 04 05 10 00    -4.8267474   -1.8331931  952.6250  953.3897
2021 04 04 05 11 00    -4.8261596   -1.8328673  952.6243  953.3939
2021 04 04 05 12 00    -4.8255375   -1.8326071  952.6233  953.4049
2021 04 04 05 13 00    -4.8247913   -1.8322975  952.6225  953.4049
2021 04 04 05 14 00    -4.8241258   -1.8320156  952.6219  953.3970
2021 04 04 05 15 00    -4.8236797   -1.8318226  952.6210  953.3963
2021 04 04 05 16 00    -4.8230459   -1.8314460  952.6201  953.3984
2021 04 04 05 17 00    -4.8220500   -1.8308033  952.6196  953.3981
2021 04 04 05 18 00    -4.8211601   -1.8302625  952.6191  953.4066
2021 04 04 05 19 00    -4.8206295   -1.8300361  952.6187  953.4237
2021 04 04 05 20 00    -4.8200890   -1.8298375  952.6186  953.4361
2021 04 04 05 21 00    -4.8192802   -1.8293795  952.6187  953.4459
2021 04 04 05 22 00    -4.8184687   -1.8287863  952.6186  953.4574
2021 04 04 05 23 00    -4.8178357   -1.8283360  952.6185  953.4585
2021 04 04 05 24 00    -4.8172294   -1.8281792  952.6187  953.4492
2021 04 04 05 25 00    -4.8165081   -1.8281291  952.6188  953.4434
2021 04 04 05 26 00    -4.8156277   -1.8278039  952.6186  953.4384
2021 04 04 05 27 00    -4.8147990   -1.8272711  952.6181  953.4273
2021 04 04 05 28 00    -4.8142703   -1.8268941  952.6177  953.4188
2021 04 04 05 29 00    -4.8137870   -1.8266841  952.6172  953.4170
2021 04 04 05 30 00    -4.8130754   -1.8264363  952.6160  953.4126
2021 04 04 05 31 00    -4.8123085   -1.8260518  952.6148  953.4027
2021 04 04 05 32 00    -4.8116244   -1.8255762  952.6139  953.3959
2021 04 04 05 33 00    -4.8109339   -1.8251424  952.6132  953.3963
2021 04 04 05 34 00    -4.8101656   -1.8247997  952.6127  953.4012
2021 04 04 05 35 00    -4.8093277   -1.8244671  952.6119  953.4096
2021 04 04 05 36 00    -4.8085088   -1.8241126  952.6105  953.4233
2021 04 04 05 37 00    -4.8078393   -1.8238084  952.6096  953.4407
2021 04 04 05 38 00    -4.8072064   -1.8234894  952.6099  953.4545
2021 04 04 05 39 00    -4.8062119   -1.8229247  952.6107  953.4642
2021 04 04 05 40 00    -4.8048893   -1.8221595  952.6114  953.4760
2021 04 04 05 41 00    -4.8038616   -1.8216054  952.6125  953.4887
2021 04 04 05 42 00    -4.8032026   -1.8213053  952.6141  953.4985
2021 04 04 05 43 00    -4.8023911   -1.8208415  952.6157  953.5071
2021 04 04 05 44 00    -4.8014997   -1.8202894  952.6171  953.5151
2021 04 04 05 45 00    -4.8007830   -1.8200100  952.6185  953.5210
2021 04 04 05 46 00    -4.7999047   -1.8197310  952.6201  953.5241
2021 04 04 05 47 00    -4.7987810   -1.8191592  952.6219  953.5232
2021 04 04 05 48 00    -4.7977940   -1.8186202  952.6235  953.5229
2021 04 04 05 49 00    -4.7969266   -1.8182264  952.6251  953.5316
2021 04 04 05 50 00    -4.7959865   -1.8176897  952.6273  953.5459
2021 04 04 05 51 00    -4.7951009   -1.8170913  952.6303  953.5550
2021 04 04 05 52 00    -4.7942351   -1.8166473  952.6330  953.5599
2021 04 04 05 53 00    -4.7932237   -1.8162550  952.6351  953.5671
2021 04 04 05 54 00    -4.7922761   -1.8158556  952.6370  953.5724
2021 04 04 05 55 00    -4.7915079   -1.8154785  952.6393  953.5705
2021 04 04 05 56 00    -4.7906229   -1.8150347  952.6415  953.5647
2021 04 04 05 57 00    -4.7895989   -1.8145723  952.6433  953.5597
2021 04 04 05 58 00    -4.7887405   -1.8142048  952.6444  953.5569
2021 04 04 05 59 00    -4.7880089   -1.8137841  952.6452  953.5568
2021 04 04 06 00 00    -4.7870860   -1.8132027  952.6464  953.5608
2021 04 04 06 01 00    -4.7859045   -1.8125948  952.6477  953.5673
2021 04 04 06 02 00    -4.7847479   -1.8120651  952.6493  953.5729
2021 04 04 06 03 00    -4.7838716   -1.8116565  952.6510  953.5788
2021 04 04 06 04 00    -4.7831214   -1.8113295  952.6525  953.5860
2021 04 04 06 05 00    -4.7821494   -1.8109311  952.6541  953.5904
2021 04 04 06 06 00    -4.7809538   -1.8104235  952.6564  953.5909
2021 04 04 06 07 00    -4.7798177   -1.8098318  952.6588  953.5931
2021 04 04 06 08 00    -4.7788626   -1.8091888  952.6606  953.5966
2021 04 04 06 09 00    -4.7780160   -1.8086994  952.6624  953.5960
2021 04 04 06 10 00    -4.7771498   -1.8084001  952.6649  953.5914
2021 04 04 06 11 00    -4.7761172   -1.8079726  952.6668  953.5828
2021 04 04 06 12 00    -4.7750254   -1.8073534  952.6674  953.5688
2021 04 04 06 13 00    -4.7741671   -1.8068508  952.6674  953.5551
2021 04 04 06 14 00    -4.7733340   -1.8064675  952.6672  953.5491
2021 04 04 06 15 00    -4.7721662   -1.8059309  952.6667  953.5483
2021 04 04 06 16 00    -4.7710039   -1.8053218  952.6659  953.5487
2021 04 04 06 17 00    -4.7701644   -1.8048442  952.6658  953.5511
2021 04 04 06 18 00    -4.7693161   -1.8043567  952.6659  953.5542
2021 04 04 06 19 00    -4.7682274   -1.8037415  952.6657  953.5558
2021 04 04 06 20 00    -4.7669986   -1.8031174  952.6659  953.5584
2021 04 04 06 21 00    -4.7656707   -1.8025076  952.6668  953.5644
2021 04 04 06 22 00    -4.7643957   -1.8018899  952.6679  953.5724
2021 04 04 06 23 00    -4.7633692   -1.8013353  952.6692  953.5794
2021 04 04 06 24 00    -4.7624051   -1.8008396  952.6705  953.5832
2021 04 04 06 25 00    -4.7613331   -1.8003529  952.6714  953.5825
2021 04 04 06 26 00    -4.7602684   -1.7998705  952.6721  953.5748
2021 04 04 06 27 00    -4.7592423   -1.7994103  952.6729  953.5591
2021 04 04 06 28 00    -4.7582373   -1.7989427  952.6729  953.5396
2021 04 04 06 29 00    -4.7572146   -1.7983268  952.6717  953.5221
2021 04 04 06 30 00    -4.7561098   -1.7975880  952.6698  953.5071
2021 04 04 06 31 00    -4.7550400   -1.7970017  952.6681  953.4907
2021 04 04 06 32 00    -4.7540582   -1.7966331  952.6667  953.4721
2021 04 04 06 33 00    -4.7530035   -1.7962488  952.6648  953.4561
2021 04 04 06 34 00    -4.7518782   -1.7957376  952.6625  953.4469
2021 04 04 06 35 00    -4.7508171   -1.7952087  952.6599  953.4427
2021 04 04 06 36 00    -4.7497873   -1.7947171  952.6571  953.4378
2021 04 04 06 37 00    -4.7487646   -1.7942172  952.6541  953.4291
2021 04 04 06 38 00    -4.7477671   -1.7937063  952.6516  953.4144
2021 04 04 06 39 00    -4.7466655   -1.7931830  952.6494  953.3937
2021 04 04 06 40 00    -4.7454238   -1.7925616  952.6467  953.3755
2021 04 04 06 41 00    -4.7442297   -1.7918579  952.6431  953.3687
2021 04 04 06 42 00    -4.7431222   -1.7912269  952.6389  953.3722
2021 04 04 06 43 00    -4.7418958   -1.7906521  952.6355  953.3795
2021 04 04 06 44 00    -4.7405664   -1.7900447  952.6332  953.3844
2021 04 04 06 45 00    -4.7393659   -1.7894804  952.6308  953.3809
2021 04 04 06 46 00    -4.7381834   -1.7889085  952.6277  953.3674
2021 04 04 06 47 00    -4.7367677   -1.7881321  952.6246  953.3488
2021 04 04 06 48 00    -4.7353336   -1.7872603  952.6220  953.3297
2021 04 04 06 49 00    -4.7342279   -1.7866152  952.6191  953.3084
2021 04 04 06 50 00    -4.7332650   -1.7861951  952.6151  953.2841
2021 04 04 06 51 00    -4.7320170   -1.7856782  952.6100  953.2660
2021 04 04 06 52 00    -4.7305017   -1.7849299  952.6048  953.2635
2021 04 04 06 53 00    -4.7290576   -1.7841455  952.6005  953.2753
2021 04 04 06 54 00    -4.7277372   -1.7834768  952.5973  953.2913
2021 04 04 06 55 00    -4.7263707   -1.7828613  952.5943  953.3022
2021 04 04 06 56 00    -4.7250502   -1.7822241  952.5915  953.3042
2021 04 04 06 57 00    -4.7237918   -1.7815439  952.5897  953.3012
2021 04 04 06 58 00    -4.7222927   -1.7808508  952.5882  953.3012
2021 04 04 06 59 00    -4.7206532   -1.7802213  952.5864  953.3069
2021 04 04 07 00 00    -4.7191171   -1.7795515  952.5845  953.3152
2021 04 04 07 01 00    -4.7174506   -1.7786823  952.5829  953.3253
2021 04 04 07 02 00    -4.7156649   -1.7777393  952.5814  953.3382
2021 04 04 07 03 00    -4.7140453   -1.7768489  952.5803  953.3523
2021 04 04 07 04 00    -4.7125001   -1.7759439  952.5799  953.3630
2021 04 04 07 05 00    -4.7109512   -1.7750935  952.5799  953.3670
2021 04 04 07 06 00    -4.7095059   -1.7744076  952.5800  953.3712
2021 04 04 07 07 00    -4.7080290   -1.7737109  952.5800  953.3780
2021 04 04 07 08 00    -4.7064060   -1.7729064  952.5803  953.3744
2021 04 04 07 09 00    -4.7049161   -1.7722373  952.5807  953.3631
2021 04 04 07 10 00    -4.7035927   -1.7716683  952.5808  953.3598
2021 04 04 07 11 00    -4.7020120   -1.7708770  952.5801  953.3613
2021 04 04 07 12 00    -4.7002267   -1.7700374  952.5796  953.3571
2021 04 04 07 13 00    -4.6985971   -1.7693731  952.5796  953.3491
2021 04 04 07 14 00    -4.6970514   -1.7685858  952.5794  953.3469
2021 04 04 07 15 00    -4.6954627   -1.7675837  952.5787  953.3557
2021 04 04 07 16 00    -4.6937844   -1.7666038  952.5783  953.3661
2021 04 04 07 17 00    -4.6920037   -1.7657778  952.5786  953.3688
2021 04 04 07 18 00    -4.6903031   -1.7650738  952.5792  953.3700
2021 04 04 07 19 00    -4.6886302   -1.7642184  952.5797  953.3792
2021 04 04 07 20 00    -4.6868286   -1.7631993  952.5802  953.3947
2021 04 04 07 21 00    -4.6850692   -1.7623599  952.5816  953.4088
2021 04 04 07 22 00    -4.6833551   -1.7615631  952.5834  953.4189
2021 04 04 07 23 00    -4.6815340   -1.7605557  952.5849  953.4257
2021 04 04 07 24 00    -4.6797295   -1.7596198  952.5863  953.4281
2021 04 04 07 25 00    -4.6779517   -1.7588915  952.5885  953.4318
2021 04 04 07 26 00    -4.6760240   -1.7580749  952.5914  953.4417
2021 04 04 07 27 00    -4.6740349   -1.7570119  952.5947  953.4485
2021 04 04 07 28 00    -4.6721607   -1.7558609  952.5977  953.4464
2021 04 04 07 29 00    -4.6703237   -1.7548324  952.6001  953.4468
2021 04 04 07 30 00    -4.6684285   -1.7539569  952.6022  953.4567
2021 04 04 07 31 00    -4.6666078   -1.7531442  952.6043  953.4618
2021 04 04 07 32 00    -4.6649252   -1.7523357  952.6060  953.4517
2021 04 04 07 33 00    -4.6631638   -1.7514283  952.6073  953.4382
2021 04 04 07 34 00    -4.6612729   -1.7503589  952.6083  953.4353
2021 04 04 07 35 00    -4.6594861   -1.7493719  952.6096  953.4404
2021 04 04 07 36 00    -4.6577259   -1.7486215  952.6113  953.4436
2021 04 04 07 37 00    -4.6557276   -1.7477490  952.6128  953.4401
2021 04 04 07 38 00    -4.6536984   -1.7466306  952.6138  953.4332
2021 04 04 07 39 00    -4.6518801   -1.7456665  952.6148  953.4290
2021 04 04 07 40 00    -4.6499940   -1.7448935  952.6155  953.4289
2021 04 04 07 41 00    -4.6479519   -1.7440245  952.6154  953.4297
2021 04 04 07 42 00    -4.6461326   -1.7430523  952.6151  953.4307
2021 04 04 07 43 00    -4.6444705   -1.7420509  952.6151  953.4350
2021 04 04 07 44 00    -4.6424426   -1.7409779  952.6154  953.4403
2021 04 04 07 45 00    -4.6401022   -1.7398440  952.6158  953.4390
2021 04 04 07 46 00    -4.6380006   -1.7388061  952.6163  953.4316
2021 04 04 07 47 00    -4.6361634   -1.7379163  952.6170  953.4246
2021 04 04 07 48 00    -4.6341319   -1.7369178  952.6172  953.4182
2021 04 04 07 49 00    -4.6317730   -1.7356480  952.6167  953.4131
2021 04 04 07 50 00    -4.6293427   -1.7343054  952.6163  953.4139
2021 04 04 07 51 00    -4.6270824   -1.7331496  952.6166  953.4191
2021 04 04 07 52 00    -4.6249659   -1.7321967  952.6173  953.4273
2021 04 04 07 53 00    -4.6227442   -1.7312097  952.6184  953.4370
2021 04 04 07 54 00    -4.6204501   -1.7300662  952.6199  953.4408
2021 04 04 07 55 00    -4.6183351   -1.7289316  952.6213  953.4391
2021 04 04 07 56 00    -4.6162427   -1.7278767  952.6226  953.4427
2021 04 04 07 57 00    -4.6139373   -1.7267675  952.6242  953.4532
2021 04 04 07 58 00    -4.6114986   -1.7255349  952.6255  953.4649
2021 04 04 07 59 00    -4.6090069   -1.7242368  952.6268  953.4762
2021 04 04 08 00 00    -4.6065840   -1.7230260  952.6288  953.4882
2021 04 04 08 01 00    -4.6043329   -1.7219477  952.6313  953.5011
2021 04 04 08 02 00    -4.6019656   -1.7207481  952.6336  953.5165
2021 04 04 08 03 00    -4.5993120   -1.7193337  952.6362  953.5332
2021 04 04 08 04 00    -4.5968637   -1.7180671  952.6392  953.5423
2021 04 04 08 05 00    -4.5948307   -1.7170894  952.6418  953.5390
2021 04 04 08 06 00    -4.5926502   -1.7160546  952.6436  953.5345
2021 04 04 08 07 00    -4.5901257   -1.7148299  952.6453  953.5396
2021 04 04 08 08 00    -4.5876224   -1.7136205  952.6472  953.5478
2021 04 04 08 09 00    -4.5852147   -1.7124162  952.6492  953.5494
2021 04 04 08 10 00    -4.5826651   -1.7110381  952.6512  953.5511
2021 04 04 08 11 00    -4.5799032   -1.7095280  952.6533  953.5589
2021 04 04 08 12 00    -4.5771839   -1.7080561  952.6554  953.5631
2021 04 04 08 13 00    -4.5747081   -1.7067748  952.6577  953.5580
2021 04 04 08 14 00    -4.5723042   -1.7057207  952.6596  953.5497
2021 04 04 08 15 00    -4.5698270   -1.7046391  952.6609  953.5444
2021 04 04 08 16 00    -4.5673391   -1.7033253  952.6623  953.5455
2021 04 04 08 17 00    -4.5647765   -1.7019558  952.6640  953.5512
2021 04 04 08 18 00    -4.5621264   -1.7007337  952.6665  953.5559
2021 04 04 08 19 00    -4.5595833   -1.6995967  952.6689  953.5571
2021 04 04 08 20 00    -4.5571100   -1.6983902  952.6699  953.5547
2021 04 04 08 21 00    -4.5544708   -1.6970658  952.6700  953.5504
2021 04 04 08 22 00    -4.5517163   -1.6957073  952.6711  953.5464
2021 04 04 08 23 00    -4.5490534   -1.6943993  952.6732  953.5396
2021 04 04 08 24 00    -4.5464089   -1.6930538  952.6746  953.5320
2021 04 04 08 25 00    -4.5436188   -1.6915883  952.6749  953.5328
2021 04 04 08 26 00    -4.5407745   -1.6901337  952.6751  953.5413
2021 04 04 08 27 00    -4.5379976   -1.6887510  952.6758  953.5466
2021 04 04 08 28 00    -4.5352122   -1.6873140  952.6768  953.5429
2021 04 04 08 29 00    -4.5322843   -1.6858059  952.6780  953.5321
2021 04 04 08 30 00    -4.5292447   -1.6843242  952.6789  953.5198
2021 04 04 08 31 00    -4.5263393   -1.6829030  952.6791  953.5093
2021 04 04 08 32 00    -4.5236986   -1.6815710  952.6788  953.4999
2021 04 04 08 33 00    -4.5210804   -1.6802982  952.6785  953.4920
2021 04 04 08 34 00    -4.5182711   -1.6789222  952.6779  953.4819
2021 04 04 08 35 00    -4.5153974   -1.6773649  952.6767  953.4662
2021 04 04 08 36 00    -4.5124636   -1.6757458  952.6747  953.4546
2021 04 04 08 37 00    -4.5093601   -1.6742629  952.6730  953.4550
2021 04 04 08 38 00    -4.5063022   -1.6729279  952.6721  953.4605
2021 04 04 08 39 00    -4.5034303   -1.6715112  952.6717  953.4606
2021 04 04 08 40 00    -4.5005889   -1.6699286  952.6707  953.4524
2021 04 04 08 41 00    -4.4976191   -1.6683138  952.6691  953.4469
2021 04 04 08 42 00    -4.4944987   -1.6667886  952.6679  953.4549
2021 04 04 08 43 00    -4.4913783   -1.6653662  952.6674  953.4703
2021 04 04 08 44 00    -4.4882308   -1.6638362  952.6672  953.4804
2021 04 04 08 45 00    -4.4848992   -1.6620431  952.6666  953.4809
2021 04 04 08 46 00    -4.4815408   -1.6602492  952.6658  953.4754
2021 04 04 08 47 00    -4.4782948   -1.6587410  952.6656  953.4729
2021 04 04 08 48 00    -4.4749871   -1.6573238  952.6663  953.4792
2021 04 04 08 49 00    -4.4714628   -1.6555704  952.6670  953.4893
2021 04 04 08 50 00    -4.4678546   -1.6535399  952.6674  953.4984
2021 04 04 08 51 00    -4.4644677   -1.6518020  952.6675  953.5078
2021 04 04 08 52 00    -4.4612927   -1.6504830  952.6679  953.5120
2021 04 04 08 53 00    -4.4580184   -1.6490346  952.6692  953.5061
2021 04 04 08 54 00    -4.4546909   -1.6472063  952.6707  953.5039
2021 04 04 08 55 00    -4.4514969   -1.6453206  952.6717  953.5102
2021 04 04 08 56 00    -4.4482101   -1.6436146  952.6726  953.5074
2021 04 04 08 57 00    -4.4446524   -1.6419478  952.6737  953.5010
2021 04 04 08 58 00    -4.4409862   -1.6400961  952.6744  953.5099
2021 04 04 08 59 00    -4.4373955   -1.6381698  952.6740  953.5120
2021 04 04 09 00 00    -4.4339188   -1.6364587  952.6730  953.4855
2021 04 04 09 01 00    -4.4304737   -1.6349546  952.6727  953.4646
2021 04 04 09 02 00    -4.4270389   -1.6333861  952.6731  953.4777
2021 04 04 09 03 00    -4.4235721   -1.6315429  952.6725  953.4919
2021 04 04 09 04 00    -4.4199211   -1.6295415  952.6712  953.4789
2021 04 04 09 05 00    -4.4161690   -1.6276876  952.6700  953.4638
2021 04 04 09 06 00    -4.4125030   -1.6259677  952.6689  953.4669
2021 04 04 09 07 00    -4.4088818   -1.6241427  952.6681  953.4699
2021 04 04 09 08 00    -4.4052232   -1.6222150  952.6677  953.4607
2021 04 04 09 09 00    -4.4014620   -1.6202800  952.6674  953.4537
2021 04 04 09 10 00    -4.3976114   -1.6183405  952.6677  953.4608
2021 04 04 09 11 00    -4.3938828   -1.6164705  952.6690  953.4753
2021 04 04 09 12 00    -4.3902251   -1.6146513  952.6703  953.4821
2021 04 04 09 13 00    -4.3863474   -1.6127126  952.6703  953.4712
2021 04 04 09 14 00    -4.3823820   -1.6106904  952.6689  953.4463
2021 04 04 09 15 00    -4.3785384   -1.6087328  952.6664  953.4199
2021 04 04 09 16 00    -4.3747025   -1.6068463  952.6630  953.4021
2021 04 04 09 17 00    -4.3708757   -1.6050258  952.6599  953.3999
2021 04 04 09 18 00    -4.3670682   -1.6031944  952.6588  953.4140
2021 04 04 09 19 00    -4.3630889   -1.6011619  952.6596  953.4304
2021 04 04 09 20 00    -4.3589780   -1.5989850  952.6596  953.4342
2021 04 04 09 21 00    -4.3549771   -1.5969657  952.6579  953.4255
2021 04 04 09 22 00    -4.3510754   -1.5951258  952.6558  953.4174
2021 04 04 09 23 00    -4.3471112   -1.5931685  952.6544  953.4249
2021 04 04 09 24 00    -4.3430640   -1.5910533  952.6537  953.4442
2021 04 04 09 25 00    -4.3389524   -1.5890048  952.6533  953.4538
2021 04 04 09 26 00    -4.3347273   -1.5869863  952.6531  953.4442
2021 04 04 09 27 00    -4.3304572   -1.5848890  952.6526  953.4229
2021 04 04 09 28 00    -4.3263134   -1.5828290  952.6512  953.4011
2021 04 04 09 29 00    -4.3222134   -1.5807333  952.6490  953.3916
2021 04 04 09 30 00    -4.3179576   -1.5784811  952.6468  953.3960
2021 04 04 09 31 00    -4.3136688   -1.5763220  952.6448  953.3917
2021 04 04 09 32 00    -4.3094622   -1.5743427  952.6424  953.3645
2021 04 04 09 33 00    -4.3052051   -1.5723260  952.6390  953.3380
2021 04 04 09 34 00    -4.3009143   -1.5702459  952.6357  953.3360
2021 04 04 09 35 00    -4.2965791   -1.5680647  952.6337  953.3584
2021 04 04 09 36 00    -4.2920316   -1.5656918  952.6332  953.3929
2021 04 04 09 37 00    -4.2874376   -1.5633426  952.6330  953.4084
2021 04 04 09 38 00    -4.2830361   -1.5611424  952.6322  953.3878
2021 04 04 09 39 00    -4.2786201   -1.5588809  952.6309  953.3648
2021 04 04 09 40 00    -4.2739950   -1.5565306  952.6297  953.3682
2021 04 04 09 41 00    -4.2693187   -1.5542159  952.6286  953.3809
2021 04 04 09 42 00    -4.2647039   -1.5519141  952.6271  953.3877
2021 04 04 09 43 00    -4.2601093   -1.5496534  952.6256  953.3904
2021 04 04 09 44 00    -4.2555148   -1.5473933  952.6246  953.3841
2021 04 04 09 45 00    -4.2508651   -1.5449654  952.6240  953.3708
2021 04 04 09 46 00    -4.2461520   -1.5425064  952.6235  953.3605
2021 04 04 09 47 00    -4.2414872   -1.5402302  952.6230  953.3475
2021 04 04 09 48 00    -4.2368655   -1.5379886  952.6222  953.3260
2021 04 04 09 49 00    -4.2321763   -1.5356466  952.6206  953.3060
2021 04 04 09 50 00    -4.2273899   -1.5332772  952.6184  953.2947
2021 04 04 09 51 00    -4.2225396   -1.5308795  952.6159  953.2880
2021 04 04 09 52 00    -4.2176394   -1.5284113  952.6129  953.2797
2021 04 04 09 53 00    -4.2126972   -1.5259071  952.6094  953.2628
2021 04 04 09 54 00    -4.2078539   -1.5234388  952.6061  953.2392
2021 04 04 09 55 00    -4.2031024   -1.5209883  952.6034  953.2415
2021 04 04 09 56 00    -4.1981942   -1.5184757  952.6004  953.2833
2021 04 04 09 57 00    -4.1931834   -1.5159957  952.5966  953.2981
2021 04 04 09 58 00    -4.1882366   -1.5136129  952.5919  953.2362
2021 04 04 09 59 00    -4.1832305   -1.5111521  952.5869  953.1683
2021 04 04 10 00 00    -4.1780728   -1.5085664  952.5826  953.1740
2021 04 04 10 01 00    -4.1729399   -1.5059687  952.5789  953.2281
2021 04 04 10 02 00    -4.1679887   -1.5033773  952.5758  953.2673
2021 04 04 10 03 00    -4.1629602   -1.5007875  952.5738  953.2788
2021 04 04 10 04 00    -4.1576185   -1.4982128  952.5728  953.2791
2021 04 04 10 05 00    -4.1523383   -1.4957208  952.5721  953.2633
2021 04 04 10 06 00    -4.1473100   -1.4932938  952.5704  953.2275
2021 04 04 10 07 00    -4.1420331   -1.4906865  952.5669  953.1993
2021 04 04 10 08 00    -4.1363776   -1.4878409  952.5633  953.2025
2021 04 04 10 09 00    -4.1308311   -1.4849710  952.5620  953.2364
2021 04 04 10 10 00    -4.1255663   -1.4822409  952.5630  953.2879
2021 04 04 10 11 00    -4.1203585   -1.4796941  952.5638  953.3277
2021 04 04 10 12 00    -4.1150632   -1.4771373  952.5625  953.3357
2021 04 04 10 13 00    -4.1096582   -1.4743899  952.5592  953.3252
2021 04 04 10 14 00    -4.1040684   -1.4715711  952.5561  953.3052
2021 04 04 10 15 00    -4.0982872   -1.4687351  952.5547  953.2688
2021 04 04 10 16 00    -4.0926651   -1.4659307  952.5538  953.2252
2021 04 04 10 17 00    -4.0873857   -1.4633351  952.5521  953.1977
2021 04 04 10 18 00    -4.0820246   -1.4607359  952.5499  953.1977
2021 04 04 10 19 00    -4.0764222   -1.4578141  952.5482  953.2048
2021 04 04 10 20 00    -4.0708542   -1.4547670  952.5459  953.1938
2021 04 04 10 21 00    -4.0652558   -1.4518864  952.5422  953.1801
2021 04 04 10 22 00    -4.0595250   -1.4491564  952.5383  953.1764
2021 04 04 10 23 00    -4.0538717   -1.4464301  952.5351  953.1461
2021 04 04 10 24 00    -4.0483032   -1.4435980  952.5319  953.0878
2021 04 04 10 25 00    -4.0426055   -1.4406965  952.5279  953.0688
2021 04 04 10 26 00    -4.0368030   -1.4378538  952.5234  953.1062
2021 04 04 10 27 00    -4.0310378   -1.4350619  952.5189  953.1452
2021 04 04 10 28 00    -4.0253102   -1.4322148  952.5150  953.1589
2021 04 04 10 29 00    -4.0195891   -1.4293064  952.5121  953.1587
2021 04 04 10 30 00    -4.0137789   -1.4263317  952.5090  953.1444
2021 04 04 10 31 00    -4.0077846   -1.4233075  952.5049  953.1103
2021 04 04 10 32 00    -4.0017501   -1.4203864  952.5006  953.0728
2021 04 04 10 33 00    -3.9958442   -1.4175244  952.4968  953.0574
2021 04 04 10 34 00    -3.9899607   -1.4144809  952.4931  953.0630
2021 04 04 10 35 00    -3.9838722   -1.4112805  952.4895  953.0637
2021 04 04 10 36 00    -3.9776294   -1.4081744  952.4866  953.0560
2021 04 04 10 37 00    -3.9715125   -1.4052359  952.4846  953.0674
2021 04 04 10 38 00    -3.9654772   -1.4022319  952.4825  953.1020
2021 04 04 10 39 00    -3.9593108   -1.3990676  952.4795  953.1244
2021 04 04 10 40 00    -3.9531316   -1.3960361  952.4757  953.1100
2021 04 04 10 41 00    -3.9469902   -1.3931274  952.4715  953.0686
2021 04 04 10 42 00    -3.9407343   -1.3899246  952.4675  953.0241
2021 04 04 10 43 00    -3.9344111   -1.3864931  952.4642  953.0003
2021 04 04 10 44 00    -3.9281358   -1.3832704  952.4615  953.0106
2021 04 04 10 45 00    -3.9219689   -1.3802903  952.4584  953.0409
2021 04 04 10 46 00    -3.9158356   -1.3772887  952.4544  953.0452
2021 04 04 10 47 00    -3.9095348   -1.3741787  952.4501  953.0026
2021 04 04 10 48 00    -3.9031194   -1.3710306  952.4459  952.9527
2021 04 04 10 49 00    -3.8966944   -1.3677857  952.4416  952.9316
2021 04 04 10 50 00    -3.8902077   -1.3644040  952.4374  952.9317
2021 04 04 10 51 00    -3.8837783   -1.3611135  952.4336  952.9446
2021 04 04 10 52 00    -3.8774240   -1.3579709  952.4307  952.9626
2021 04 04 10 53 00    -3.8709300   -1.3547151  952.4275  952.9598
2021 04 04 10 54 00    -3.8644420   -1.3513950  952.4232  952.9317
2021 04 04 10 55 00    -3.8581435   -1.3482279  952.4182  952.9050
2021 04 04 10 56 00    -3.8517321   -1.3450432  952.4132  952.8886
2021 04 04 10 57 00    -3.8450736   -1.3417381  952.4086  952.8676
2021 04 04 10 58 00    -3.8383785   -1.3385420  952.4039  952.8414
2021 04 04 10 59 00    -3.8317175   -1.3354204  952.3996  952.8253
2021 04 04 11 00 00    -3.8250667   -1.3320929  952.3958  952.8234
2021 04 04 11 01 00    -3.8183470   -1.3285479  952.3920  952.8284
2021 04 04 11 02 00    -3.8115151   -1.3250204  952.3875  952.8331
2021 04 04 11 03 00    -3.8047088   -1.3216589  952.3826  952.8259
2021 04 04 11 04 00    -3.7978826   -1.3182952  952.3781  952.7984
2021 04 04 11 05 00    -3.7909229   -1.3147414  952.3739  952.7660
2021 04 04 11 06 00    -3.7840581   -1.3111406  952.3700  952.7543
2021 04 04 11 07 00    -3.7773359   -1.3076302  952.3668  952.7737
2021 04 04 11 08 00    -3.7705071   -1.3042295  952.3637  952.8181
2021 04 04 11 09 00    -3.7635623   -1.3009165  952.3604  952.8614
2021 04 04 11 10 00    -3.7565197   -1.2974924  952.3570  952.8661
2021 04 04 11 11 00    -3.7493782   -1.2939265  952.3536  952.8304
2021 04 04 11 12 00    -3.7423529   -1.2904125  952.3498  952.7961
2021 04 04 11 13 00    -3.7354161   -1.2869036  952.3454  952.7888
2021 04 04 11 14 00    -3.7283098   -1.2832836  952.3407  952.7923
2021 04 04 11 15 00    -3.7210920   -1.2796550  952.3362  952.7923
2021 04 04 11 16 00    -3.7139428   -1.2761247  952.3318  952.7934
2021 04 04 11 17 00    -3.7069574   -1.2726831  952.3272  952.7941
2021 04 04 11 18 00    -3.7001597   -1.2692095  952.3222  952.7841
2021 04 04 11 19 00    -3.6933084   -1.2656247  952.3168  952.7594
2021 04 04 11 20 00    -3.6861478   -1.2620316  952.3118  952.7307
2021 04 04 11 21 00    -3.6787353   -1.2584537  952.3073  952.7185
2021 04 04 11 22 00    -3.6712906   -1.2548058  952.3028  952.7249
2021 04 04 11 23 00    -3.6639390   -1.2510806  952.2973  952.7267
2021 04 04 11 24 00    -3.6566740   -1.2473300  952.2911  952.7177
2021 04 04 11 25 00    -3.6494015   -1.2436784  952.2852  952.7237
2021 04 04 11 26 00    -3.6419760   -1.2401343  952.2802  952.7483
2021 04 04 11 27 00    -3.6344400   -1.2364855  952.2766  952.7594
2021 04 04 11 28 00    -3.6269481   -1.2326608  952.2747  952.7471
2021 04 04 11 29 00    -3.6195508   -1.2288442  952.2729  952.7331
2021 04 04 11 30 00    -3.6123183   -1.2251422  952.2699  952.7259
2021 04 04 11 31 00    -3.6051149   -1.2214868  952.2660  952.7150
2021 04 04 11 32 00    -3.5976237   -1.2178400  952.2623  952.6974
2021 04 04 11 33 00    -3.5899474   -1.2141564  952.2590  952.6789
2021 04 04 11 34 00    -3.5823660   -1.2103444  952.2554  952.6599
2021 04 04 11 35 00    -3.5748917   -1.2065311  952.2514  952.6416
2021 04 04 11 36 00    -3.5674603   -1.2028938  952.2472  952.6248
2021 04 04 11 37 00    -3.5598701   -1.1992135  952.2426  952.6061
2021 04 04 11 38 00    -3.5521221   -1.1952801  952.2376  952.5879
2021 04 04 11 39 00    -3.5446135   -1.1913960  952.2328  952.5764
2021 04 04 11 40 00    -3.5372196   -1.1877501  952.2282  952.5693
2021 04 04 11 41 00    -3.5295082   -1.1840225  952.2236  952.5612
2021 04 04 11 42 00    -3.5216424   -1.1800865  952.2187  952.5553
2021 04 04 11 43 00    -3.5138880   -1.1761544  952.2137  952.5629
2021 04 04 11 44 00    -3.5061545   -1.1722163  952.2089  952.5813
2021 04 04 11 45 00    -3.4983666   -1.1682181  952.2042  952.5864
2021 04 04 11 46 00    -3.4906326   -1.1643572  952.1994  952.5729
2021 04 04 11 47 00    -3.4829617   -1.1605947  952.1946  952.5674
2021 04 04 11 48 00    -3.4751510   -1.1566178  952.1900  952.5730
2021 04 04 11 49 00    -3.4671383   -1.1524552  952.1855  952.5620
2021 04 04 11 50 00    -3.4590719   -1.1483744  952.1814  952.5315
2021 04 04 11 51 00    -3.4510870   -1.1444399  952.1774  952.5079
2021 04 04 11 52 00    -3.4432525   -1.1405937  952.1728  952.5039
2021 04 04 11 53 00    -3.4354413   -1.1367484  952.1676  952.5093
2021 04 04 11 54 00    -3.4274952   -1.1328062  952.1621  952.5046
2021 04 04 11 55 00    -3.4195137   -1.1288268  952.1566  952.4767
2021 04 04 11 56 00    -3.4115096   -1.1248728  952.1519  952.4372
2021 04 04 11 57 00    -3.4033705   -1.1208417  952.1476  952.4174
2021 04 04 11 58 00    -3.3952968   -1.1167364  952.1432  952.4290
2021 04 04 11 59 00    -3.3874403   -1.1126955  952.1388  952.4469
2021 04 04 12 00 00    -3.3795518   -1.1087186  952.1347  952.4481
2021 04 04 12 01 00    -3.3714229   -1.1046928  952.1304  952.4387
2021 04 04 12 02 00    -3.3631611   -1.1006078  952.1259  952.4299
2021 04 04 12 03 00    -3.3550185   -1.0965195  952.1209  952.4225
2021 04 04 12 04 00    -3.3469966   -1.0924255  952.1159  952.4118
2021 04 04 12 05 00    -3.3389105   -1.0883591  952.1111  952.3918
2021 04 04 12 06 00    -3.3308554   -1.0843468  952.1063  952.3673
2021 04 04 12 07 00    -3.3228503   -1.0802789  952.1008  952.3468
2021 04 04 12 08 00    -3.3146249   -1.0761512  952.0939  952.3318
2021 04 04 12 09 00    -3.3063302   -1.0721487  952.0861  952.3237
2021 04 04 12 10 00    -3.2982923   -1.0682033  952.0784  952.3206
2021 04 04 12 11 00    -3.2902523   -1.0640477  952.0713  952.3130
2021 04 04 12 12 00    -3.2819023   -1.0597368  952.0650  952.2948
2021 04 04 12 13 00    -3.2733524   -1.0554219  952.0594  952.2690
2021 04 04 12 14 00    -3.2648027   -1.0510914  952.0531  952.2420
2021 04 04 12 15 00    -3.2564832   -1.0469081  952.0462  952.2192
2021 04 04 12 16 00    -3.2483376   -1.0429288  952.0400  952.2037
2021 04 04 12 17 00    -3.2399069   -1.0387908  952.0344  952.1917
2021 04 04 12 18 00    -3.2313065   -1.0344586  952.0277  952.1775
2021 04 04 12 19 00    -3.2230635   -1.0302894  952.0203  952.1624
2021 04 04 12 20 00    -3.2149412   -1.0262326  952.0137  952.1459
2021 04 04 12 21 00    -3.2065772   -1.0220747  952.0069  952.1168
2021 04 04 12 22 00    -3.1982322   -1.0178964  951.9991  952.0739
2021 04 04 12 23 00    -3.1899908   -1.0137407  951.9921  952.0438
2021 04 04 12 24 00    -3.1816327   -1.0095022  951.9863  952.0460
2021 04 04 12 25 00    -3.1731637   -1.0052120  951.9793  952.0519
2021 04 04 12 26 00    -3.1646821   -1.0010461  951.9705  952.0236
2021 04 04 12 27 00    -3.1562155   -0.9969625  951.9620  951.9750
2021 04 04 12 28 00    -3.1477688   -0.9926916  951.9553  951.9511
2021 04 04 12 29 00    -3.1392747   -0.9882315  951.9489  951.9582
2021 04 04 12 30 00    -3.1307173   -0.9838856  951.9417  951.9618
2021 04 04 12 31 00    -3.1221737   -0.9797441  951.9336  951.9528
2021 04 04 12 32 00    -3.1134845   -0.9755127  951.9260  951.9500
2021 04 04 12 33 00    -3.1045601   -0.9710313  951.9197  951.9541
2021 04 04 12 34 00    -3.0958135   -0.9665597  951.9141  951.9546
2021 04 04 12 35 00    -3.0873585   -0.9622617  951.9080  951.9475
2021 04 04 12 36 00    -3.0788296   -0.9579734  951.9014  951.9348
2021 04 04 12 37 00    -3.0701723   -0.9535811  951.8950  951.9241
2021 04 04 12 38 00    -3.0614465   -0.9491821  951.8883  951.9169
2021 04 04 12 39 00    -3.0526363   -0.9448932  951.8804  951.9080
2021 04 04 12 40 00    -3.0438837   -0.9405625  951.8720  951.8968
2021 04 04 12 41 00    -3.0352669   -0.9360351  951.8644  951.8874
2021 04 04 12 42 00    -3.0267041   -0.9315731  951.8573  951.8864
2021 04 04 12 43 00    -3.0179451   -0.9273022  951.8505  951.8889
2021 04 04 12 44 00    -3.0088344   -0.9229541  951.8439  951.8672
2021 04 04 12 45 00    -2.9997681   -0.9185122  951.8370  951.8139
2021 04 04 12 46 00    -2.9911206   -0.9141577  951.8295  951.7754
2021 04 04 12 47 00    -2.9826815   -0.9099002  951.8220  951.7830
2021 04 04 12 48 00    -2.9741525   -0.9057016  951.8147  951.7995
2021 04 04 12 49 00    -2.9654976   -0.9014664  951.8073  951.7900
2021 04 04 12 50 00    -2.9567803   -0.8970416  951.8004  951.7695
2021 04 04 12 51 00    -2.9479853   -0.8924639  951.7943  951.7542
2021 04 04 12 52 00    -2.9390904   -0.8879530  951.7881  951.7393
2021 04 04 12 53 00    -2.9302330   -0.8835982  951.7811  951.7280
2021 04 04 12 54 00    -2.9214488   -0.8792331  951.7745  951.7401
2021 04 04 12 55 00    -2.9125627   -0.8747005  951.7695  951.7791
2021 04 04 12 56 00    -2.9035586   -0.8700687  951.7642  951.8121
2021 04 04 12 57 00    -2.8945101   -0.8654942  951.7571  951.8069
2021 04 04 12 58 00    -2.8854685   -0.8610658  951.7492  951.7666
2021 04 04 12 59 00    -2.8765820   -0.8567124  951.7415  951.7188
2021 04 04 13 00 00    -2.8678245   -0.8521930  951.7344  951.6991
2021 04 04 13 01 00    -2.8590073   -0.8474962  951.7283  951.7185
2021 04 04 13 02 00    -2.8501050   -0.8429783  951.7228  951.7413
2021 04 04 13 03 00    -2.8411487   -0.8387491  951.7173  951.7366
2021 04 04 13 04 00    -2.8321513   -0.8344711  951.7112  951.7132
2021 04 04 13 05 00    -2.8232362   -0.8299700  951.7043  951.6897
2021 04 04 13 06 00    -2.8144495   -0.8254536  951.6969  951.6772
2021 04 04 13 07 00    -2.8056101   -0.8210497  951.6900  951.6728
2021 04 04 13 08 00    -2.7966122   -0.8166113  951.6842  951.6607
2021 04 04 13 09 00    -2.7875723   -0.8120481  951.6781  951.6387
2021 04 04 13 10 00    -2.7786061   -0.8075376  951.6708  951.6248
2021 04 04 13 11 00    -2.7696820   -0.8031886  951.6631  951.6255
2021 04 04 13 12 00    -2.7607220   -0.7987690  951.6565  951.6258
2021 04 04 13 13 00    -2.7518045   -0.7942141  951.6507  951.6192
2021 04 04 13 14 00    -2.7429830   -0.7897837  951.6449  951.6139
2021 04 04 13 15 00    -2.7340580   -0.7853871  951.6385  951.6104
2021 04 04 13 16 00    -2.7249360   -0.7807443  951.6315  951.6031
2021 04 04 13 17 00    -2.7158302   -0.7760383  951.6244  951.5919
2021 04 04 13 18 00    -2.7068727   -0.7715419  951.6180  951.5782
2021 04 04 13 19 00    -2.6979423   -0.7671280  951.6119  951.5668
2021 04 04 13 20 00    -2.6889970   -0.7626435  951.6052  951.5640
2021 04 04 13 21 00    -2.6801718   -0.7581875  951.5977  951.5599
2021 04 04 13 22 00    -2.6714587   -0.7538523  951.5900  951.5374
2021 04 04 13 23 00    -2.6626611   -0.7495424  951.5827  951.5068
2021 04 04 13 24 00    -2.6537037   -0.7450932  951.5753  951.4965
2021 04 04 13 25 00    -2.6447173   -0.7405643  951.5674  951.5044
2021 04 04 13 26 00    -2.6358164   -0.7361448  951.5597  951.4976
2021 04 04 13 27 00    -2.6269734   -0.7317494  951.5527  951.4676
2021 04 04 13 28 00    -2.6180624   -0.7271906  951.5460  951.4423
2021 04 04 13 29 00    -2.6090005   -0.7225496  951.5390  951.4268
2021 04 04 13 30 00    -2.5998717   -0.7179722  951.5316  951.4063
2021 04 04 13 31 00    -2.5908296   -0.7134464  951.5235  951.3941
2021 04 04 13 32 00    -2.5819207   -0.7089793  951.5153  951.3942
2021 04 04 13 33 00    -2.5730141   -0.7045621  951.5078  951.3824
2021 04 04 13 34 00    -2.5639989   -0.7001254  951.5010  951.3581
2021 04 04 13 35 00    -2.5550154   -0.6957143  951.4937  951.3364
2021 04 04 13 36 00    -2.5461446   -0.6912287  951.4854  951.3193
2021 04 04 13 37 00    -2.5371423   -0.6864779  951.4769  951.3084
2021 04 04 13 38 00    -2.5279032   -0.6817161  951.4695  951.3037
2021 04 04 13 39 00    -2.5187704   -0.6772562  951.4633  951.3030
2021 04 04 13 40 00    -2.5099349   -0.6729285  951.4571  951.3084
2021 04 04 13 41 00    -2.5010613   -0.6684934  951.4502  951.3190
2021 04 04 13 42 00    -2.4919772   -0.6639792  951.4430  951.3276
2021 04 04 13 43 00    -2.4829181   -0.6594721  951.4364  951.3225
2021 04 04 13 44 00    -2.4740047   -0.6550005  951.4303  951.3063
2021 04 04 13 45 00    -2.4652047   -0.6506380  951.4240  951.2971
2021 04 04 13 46 00    -2.4564756   -0.6464250  951.4176  951.2878
2021 04 04 13 47 00    -2.4477186   -0.6421131  951.4110  951.2586
2021 04 04 13 48 00    -2.4388482   -0.6375176  951.4040  951.2222
2021 04 04 13 49 00    -2.4298879   -0.6329249  951.3966  951.2023
2021 04 04 13 50 00    -2.4209260   -0.6284883  951.3896  951.1977
2021 04 04 13 51 00    -2.4120363   -0.6240787  951.3826  951.1929
2021 04 04 13 52 00    -2.4032647   -0.6197477  951.3751  951.1790
2021 04 04 13 53 00    -2.3945674   -0.6154274  951.3676  951.1578
2021 04 04 13 54 00    -2.3858321   -0.6109527  951.3607  951.1339
2021 04 04 13 55 00    -2.3769648   -0.6064380  951.3538  951.1096
2021 04 04 13 56 00    -2.3679130   -0.6019370  951.3461  951.0913
2021 04 04 13 57 00    -2.3588450   -0.5973830  951.3384  951.0952
2021 04 04 13 58 00    -2.3500070   -0.5928659  951.3316  951.1255
2021 04 04 13 59 00    -2.3412342   -0.5884160  951.3251  951.1528
2021 04 04 14 00 00    -2.3322984   -0.5839478  951.3178  951.1393
2021 04 04 14 01 00    -2.3234267   -0.5795388  951.3096  951.0905
2021 04 04 14 02 00    -2.3147858   -0.5753206  951.3018  951.0561
2021 04 04 14 03 00    -2.3061871   -0.5711627  951.2947  951.0537
2021 04 04 14 04 00    -2.2975001   -0.5668519  951.2875  951.0510
2021 04 04 14 05 00    -2.2887079   -0.5623808  951.2803  951.0374
2021 04 04 14 06 00    -2.2798026   -0.5577811  951.2734  951.0229
2021 04 04 14 07 00    -2.2709014   -0.5531958  951.2662  951.0003
2021 04 04 14 08 00    -2.2622333   -0.5489598  951.2581  950.9691
2021 04 04 14 09 00    -2.2538167   -0.5449863  951.2501  950.9474
2021 04 04 14 10 00    -2.2453204   -0.5407850  951.2421  950.9373
2021 04 04 14 11 00    -2.2365409   -0.5362758  951.2338  950.9181
2021 04 04 14 12 00    -2.2277056   -0.5317720  951.2255  950.8840
2021 04 04 14 13 00    -2.2190676   -0.5274136  951.2173  950.8570
2021 04 04 14 14 00    -2.2105362   -0.5231091  951.2090  950.8477
2021 04 04 14 15 00    -2.2019039   -0.5187432  951.1999  950.8406
2021 04 04 14 16 00    -2.1932130   -0.5143323  951.1908  950.8245
2021 04 04 14 17 00    -2.1846420   -0.5100308  951.1827  950.8092
2021 04 04 14 18 00    -2.1761443   -0.5058516  951.1751  950.8053
2021 04 04 14 19 00    -2.1675681   -0.5016177  951.1668  950.8052
2021 04 04 14 20 00    -2.1589518   -0.4972858  951.1581  950.8014
2021 04 04 14 21 00    -2.1502890   -0.4929249  951.1499  950.7990
2021 04 04 14 22 00    -2.1415283   -0.4885360  951.1425  950.7976
2021 04 04 14 23 00    -2.1328727   -0.4841575  951.1350  950.7869
2021 04 04 14 24 00    -2.1244182   -0.4798789  951.1269  950.7653
2021 04 04 14 25 00    -2.1160318   -0.4757504  951.1184  950.7441
2021 04 04 14 26 00    -2.1077076   -0.4717077  951.1105  950.7333
2021 04 04 14 27 00    -2.0993801   -0.4675469  951.1032  950.7322
2021 04 04 14 28 00    -2.0908785   -0.4631971  951.0958  950.7337
2021 04 04 14 29 00    -2.0822686   -0.4588772  951.0881  950.7307
2021 04 04 14 30 00    -2.0737643   -0.4547597  951.0800  950.7206
2021 04 04 14 31 00    -2.0653313   -0.4506231  951.0716  950.7053
2021 04 04 14 32 00    -2.0567694   -0.4462135  951.0634  950.6862
2021 04 04 14 33 00    -2.0482108   -0.4417804  951.0556  950.6689
2021 04 04 14 34 00    -2.0398426   -0.4375892  951.0480  950.6652
2021 04 04 14 35 00    -2.0314829   -0.4334508  951.0404  950.6737
2021 04 04 14 36 00    -2.0230566   -0.4292248  951.0325  950.6715
2021 04 04 14 37 00    -2.0147285   -0.4250238  951.0247  950.6490
2021 04 04 14 38 00    -2.0064912   -0.4209015  951.0170  950.6271
2021 04 04 14 39 00    -1.9981564   -0.4168005  951.0092  950.6220
2021 04 04 14 40 00    -1.9897444   -0.4126551  951.0010  950.6233
2021 04 04 14 41 00    -1.9814625   -0.4083914  950.9928  950.6150
2021 04 04 14 42 00    -1.9731652   -0.4040047  950.9848  950.5960
2021 04 04 14 43 00    -1.9647347   -0.3997380  950.9769  950.5808
2021 04 04 14 44 00    -1.9564925   -0.3957244  950.9691  950.5836
2021 04 04 14 45 00    -1.9484324   -0.3917047  950.9617  950.5987
2021 04 04 14 46 00    -1.9402183   -0.3875393  950.9550  950.6053
2021 04 04 14 47 00    -1.9318935   -0.3833572  950.9485  950.5978
2021 04 04 14 48 00    -1.9237624   -0.3793130  950.9415  950.5898
2021 04 04 14 49 00    -1.9158341   -0.3754342  950.9340  950.5850
2021 04 04 14 50 00    -1.9078239   -0.3714896  950.9267  950.5764
2021 04 04 14 51 00    -1.8996724   -0.3673453  950.9200  950.5663
2021 04 04 14 52 00    -1.8915349   -0.3632003  950.9135  950.5590
2021 04 04 14 53 00    -1.8834945   -0.3592181  950.9065  950.5535
2021 04 04 14 54 00    -1.8755880   -0.3553358  950.8991  950.5521
2021 04 04 14 55 00    -1.8677505   -0.3514285  950.8917  950.5535
2021 04 04 14 56 00    -1.8598347   -0.3474867  950.8845  950.5534
2021 04 04 14 57 00    -1.8518984   -0.3436082  950.8775  950.5487
2021 04 04 14 58 00    -1.8441222   -0.3397762  950.8707  950.5336
2021 04 04 14 59 00    -1.8364115   -0.3358649  950.8637  950.5066
2021 04 04 15 00 00    -1.8286297   -0.3319166  950.8563  950.4779
2021 04 04 15 01 00    -1.8208742   -0.3280359  950.8487  950.4571
2021 04 04 15 02 00    -1.8131227   -0.3241427  950.8417  950.4419
2021 04 04 15 03 00    -1.8052292   -0.3201361  950.8349  950.4289
2021 04 04 15 04 00    -1.7973229   -0.3161284  950.8272  950.4212
2021 04 04 15 05 00    -1.7896438   -0.3122813  950.8188  950.4206
2021 04 04 15 06 00    -1.7820294   -0.3084366  950.8110  950.4238
2021 04 04 15 07 00    -1.7742650   -0.3044646  950.8038  950.4232
2021 04 04 15 08 00    -1.7665455   -0.3006292  950.7971  950.4154
2021 04 04 15 09 00    -1.7589602   -0.2969463  950.7905  950.4071
2021 04 04 15 10 00    -1.7514691   -0.2931866  950.7837  950.3997
2021 04 04 15 11 00    -1.7441007   -0.2894309  950.7764  950.3849
2021 04 04 15 12 00    -1.7366035   -0.2857641  950.7689  950.3620
2021 04 04 15 13 00    -1.7289435   -0.2821269  950.7611  950.3431
2021 04 04 15 14 00    -1.7215158   -0.2784487  950.7534  950.3369
2021 04 04 15 15 00    -1.7143186   -0.2746620  950.7464  950.3346
2021 04 04 15 16 00    -1.7070757   -0.2708900  950.7398  950.3217
2021 04 04 15 17 00    -1.6997776   -0.2672448  950.7327  950.3017
2021 04 04 15 18 00    -1.6925443   -0.2636050  950.7253  950.2862
2021 04 04 15 19 00    -1.6853749   -0.2599129  950.7181  950.2726
2021 04 04 15 20 00    -1.6780940   -0.2562684  950.7111  950.2550
2021 04 04 15 21 00    -1.6707794   -0.2527411  950.7033  950.2385
2021 04 04 15 22 00    -1.6637870   -0.2493077  950.6950  950.2276
2021 04 04 15 23 00    -1.6569368   -0.2458289  950.6868  950.2166
2021 04 04 15 24 00    -1.6497125   -0.2421624  950.6792  950.2040
2021 04 04 15 25 00    -1.6422036   -0.2383935  950.6723  950.1988
2021 04 04 15 26 00    -1.6348696   -0.2347272  950.6653  950.2044
2021 04 04 15 27 00    -1.6278623   -0.2312425  950.6577  950.2130
2021 04 04 15 28 00    -1.6209891   -0.2278534  950.6498  950.2161
2021 04 04 15 29 00    -1.6140037   -0.2243673  950.6426  950.2117
2021 04 04 15 30 00    -1.6069018   -0.2207285  950.6361  950.2038
2021 04 04 15 31 00    -1.5998142   -0.2171028  950.6292  950.1961
2021 04 04 15 32 00    -1.5928597   -0.2136357  950.6218  950.1903
2021 04 04 15 33 00    -1.5861767   -0.2103610  950.6153  950.1854
2021 04 04 15 34 00    -1.5796051   -0.2071566  950.6095  950.1793
2021 04 04 15 35 00    -1.5728317   -0.2038185  950.6031  950.1736
2021 04 04 15 36 00    -1.5659145   -0.2003338  950.5957  950.1726
2021 04 04 15 37 00    -1.5590746   -0.1968728  950.5885  950.1731
2021 04 04 15 38 00    -1.5523460   -0.1935040  950.5820  950.1682
2021 04 04 15 39 00    -1.5455893   -0.1900903  950.5755  950.1590
2021 04 04 15 40 00    -1.5388252   -0.1866169  950.5689  950.1491
2021 04 04 15 41 00    -1.5323044   -0.1833112  950.5618  950.1385
2021 04 04 15 42 00    -1.5259292   -0.1801803  950.5544  950.1281
2021 04 04 15 43 00    -1.5193132   -0.1769388  950.5473  950.1196
2021 04 04 15 44 00    -1.5124933   -0.1734872  950.5409  950.1139
2021 04 04 15 45 00    -1.5059177   -0.1700741  950.5343  950.1097
2021 04 04 15 46 00    -1.4997662   -0.1668910  950.5274  950.1041
2021 04 04 15 47 00    -1.4936641   -0.1637771  950.5207  950.0972
2021 04 04 15 48 00    -1.4873195   -0.1606676  950.5145  950.0898
2021 04 04 15 49 00    -1.4809793   -0.1577429  950.5083  950.0810
2021 04 04 15 50 00    -1.4748315   -0.1548544  950.5014  950.0714
2021 04 04 15 51 00    -1.4686808   -0.1517213  950.4943  950.0639
2021 04 04 15 52 00    -1.4624845   -0.1485080  950.4877  950.0615
2021 04 04 15 53 00    -1.4564165   -0.1454488  950.4811  950.0629
2021 04 04 15 54 00    -1.4503696   -0.1423887  950.4742  950.0624
2021 04 04 15 55 00    -1.4440934   -0.1391436  950.4676  950.0571
2021 04 04 15 56 00    -1.4377644   -0.1359538  950.4613  950.0497
2021 04 04 15 57 00    -1.4318104   -0.1330880  950.4549  950.0432
2021 04 04 15 58 00    -1.4261883   -0.1303191  950.4482  950.0375
2021 04 04 15 59 00    -1.4204832   -0.1274023  950.4416  950.0325
2021 04 04 16 00 00    -1.4145963   -0.1244509  950.4349  950.0284
2021 04 04 16 01 00    -1.4087122   -0.1215262  950.4281  950.0245
2021 04 04 16 02 00    -1.4028989   -0.1185509  950.4218  950.0205
2021 04 04 16 03 00    -1.3971340   -0.1155998  950.4159  950.0173
2021 04 04 16 04 00    -1.3914566   -0.1128370  950.4100  950.0141
2021 04 04 16 05 00    -1.3858831   -0.1101859  950.4040  950.0094
2021 04 04 16 06 00    -1.3802847   -0.1073959  950.3976  950.0023
2021 04 04 16 07 00    -1.3745728   -0.1044353  950.3912  949.9913
2021 04 04 16 08 00    -1.3688875   -0.1014847  950.3854  949.9780
2021 04 04 16 09 00    -1.3633709   -0.0986707  950.3798  949.9682
2021 04 04 16 10 00    -1.3580377   -0.0960442  950.3738  949.9642
2021 04 04 16 11 00    -1.3528636   -0.0935516  950.3673  949.9607
2021 04 04 16 12 00    -1.3476507   -0.0909577  950.3609  949.9524
2021 04 04 16 13 00    -1.3422192   -0.0881627  950.3543  949.9401
2021 04 04 16 14 00    -1.3367440   -0.0853988  950.3475  949.9273
2021 04 04 16 15 00    -1.3314834   -0.0828189  950.3411  949.9138
2021 04 04 16 16 00    -1.3265116   -0.0803292  950.3342  949.8978
2021 04 04 16 17 00    -1.3216227   -0.0778211  950.3269  949.8818
2021 04 04 16 18 00    -1.3165673   -0.0752687  950.3200  949.8710
2021 04 04 16 19 00    -1.3115430   -0.0727681  950.3133  949.8682
2021 04 04 16 20 00    -1.3067274   -0.0703584  950.3064  949.8723
2021 04 04 16 21 00    -1.3018484   -0.0679103  950.2998  949.8797
2021 04 04 16 22 00    -1.2967583   -0.0653579  950.2935  949.8845
2021 04 04 16 23 00    -1.2916616   -0.0627718  950.2869  949.8840
2021 04 04 16 24 00    -1.2867607   -0.0602612  950.2804  949.8788
2021 04 04 16 25 00    -1.2820103   -0.0578463  950.2744  949.8687
2021 04 04 16 26 00    -1.2772589   -0.0554930  950.2689  949.8594
2021 04 04 16 27 00    -1.2725680   -0.0532489  950.2634  949.8613
2021 04 04 16 28 00    -1.2680881   -0.0510763  950.2573  949.8680
2021 04 04 16 29 00    -1.2636870   -0.0488216  950.2505  949.8598
2021 04 04 16 30 00    -1.2591590   -0.0465008  950.2436  949.8351
2021 04 04 16 31 00    -1.2546232   -0.0442425  950.2371  949.8171
2021 04 04 16 32 00    -1.2502242   -0.0420411  950.2310  949.8191
2021 04 04 16 33 00    -1.2458501   -0.0398609  950.2250  949.8207
2021 04 04 16 34 00    -1.2414128   -0.0377327  950.2184  949.8053
2021 04 04 16 35 00    -1.2370003   -0.0356393  950.2117  949.7899
2021 04 04 16 36 00    -1.2327408   -0.0335191  950.2053  949.7907
2021 04 04 16 37 00    -1.2286579   -0.0313563  950.1993  949.7988
2021 04 04 16 38 00    -1.2245331   -0.0292014  950.1933  949.8011
2021 04 04 16 39 00    -1.2201091   -0.0271154  950.1874  949.8029
2021 04 04 16 40 00    -1.2156075   -0.0250609  950.1817  949.8147
2021 04 04 16 41 00    -1.2114148   -0.0228743  950.1760  949.8243
2021 04 04 16 42 00    -1.2074173   -0.0205829  950.1702  949.8145
2021 04 04 16 43 00    -1.2034642   -0.0185438  950.1646  949.7957
2021 04 04 16 44 00    -1.1997287   -0.0168337  950.1590  949.7855
2021 04 04 16 45 00    -1.1961908   -0.0151245  950.1530  949.7804
2021 04 04 16 46 00    -1.1926345   -0.0132993  950.1466  949.7734
2021 04 04 16 47 00    -1.1889186   -0.0113896  950.1405  949.7742
2021 04 04 16 48 00    -1.1850237   -0.0093969  950.1350  949.7898
2021 04 04 16 49 00    -1.1812217   -0.0075760  950.1297  949.8076
2021 04 04 16 50 00    -1.1777171   -0.0060472  950.1245  949.8134
2021 04 04 16 51 00    -1.1742354   -0.0044065  950.1193  949.8084
2021 04 04 16 52 00    -1.1705807   -0.0024619  950.1141  949.8005
2021 04 04 16 53 00    -1.1670581   -0.0006068  950.1089  949.7888
2021 04 04 16 54 00    -1.1638681    0.0009900  950.1036  949.7707
2021 04 04 16 55 00    -1.1607846    0.0025795  950.0982  949.7508
2021 04 04 16 56 00    -1.1576984    0.0041575  950.0927  949.7342
2021 04 04 16 57 00    -1.1545993    0.0056566  950.0871  949.7252
2021 04 04 16 58 00    -1.1513784    0.0072569  950.0813  949.7244
2021 04 04 16 59 00    -1.1481937    0.0089070  950.0748  949.7237
2021 04 04 17 00 00    -1.1451537    0.0104819  950.0684  949.7204
2021 04 04 17 01 00    -1.1420757    0.0120343  950.0629  949.7200
2021 04 04 17 02 00    -1.1390359    0.0134835  950.0583  949.7216
2021 04 04 17 03 00    -1.1361747    0.0148764  950.0536  949.7189
2021 04 04 17 04 00    -1.1333389    0.0164140  950.0482  949.7120
2021 04 04 17 05 00    -1.1305275    0.0179382  950.0428  949.7058
2021 04 04 17 06 00    -1.1278442    0.0192511  950.0373  949.7010
2021 04 04 17 07 00    -1.1251193    0.0205126  950.0323  949.6954
2021 04 04 17 08 00    -1.1222863    0.0218405  950.0275  949.6939
2021 04 04 17 09 00    -1.1196175    0.0231797  950.0225  949.7036
2021 04 04 17 10 00    -1.1172160    0.0244937  950.0169  949.7187
2021 04 04 17 11 00    -1.1147199    0.0257640  950.0114  949.7271
2021 04 04 17 12 00    -1.1119738    0.0270220  950.0066  949.7286
2021 04 04 17 13 00    -1.1094555    0.0282896  950.0026  949.7298
2021 04 04 17 14 00    -1.1073498    0.0294928  949.9989  949.7301
2021 04 04 17 15 00    -1.1052173    0.0305465  949.9943  949.7257
2021 04 04 17 16 00    -1.1029043    0.0314986  949.9889  949.7191
2021 04 04 17 17 00    -1.1006635    0.0325318  949.9837  949.7135
2021 04 04 17 18 00    -1.0985794    0.0336611  949.9795  949.7059
2021 04 04 17 19 00    -1.0965976    0.0346762  949.9752  949.6965
2021 04 04 17 20 00    -1.0947093    0.0355452  949.9704  949.6934
2021 04 04 17 21 00    -1.0928107    0.0365004  949.9656  949.7016
2021 04 04 17 22 00    -1.0907793    0.0376401  949.9609  949.7147
2021 04 04 17 23 00    -1.0887135    0.0387212  949.9562  949.7237
2021 04 04 17 24 00    -1.0868697    0.0395190  949.9517  949.7281
2021 04 04 17 25 00    -1.0852572    0.0402055  949.9478  949.7340
2021 04 04 17 26 00    -1.0835495    0.0410785  949.9440  949.7415
2021 04 04 17 27 00    -1.0818175    0.0421010  949.9397  949.7440
2021 04 04 17 28 00    -1.0804461    0.0429878  949.9355  949.7403
2021 04 04 17 29 00    -1.0792039    0.0436390  949.9318  949.7338
2021 04 04 17 30 00    -1.0777809    0.0442637  949.9281  949.7242
2021 04 04 17 31 00    -1.0763568    0.0450258  949.9239  949.7117
2021 04 04 17 32 00    -1.0749666    0.0457894  949.9190  949.6971
2021 04 04 17 33 00    -1.0736338    0.0463323  949.9137  949.6812
2021 04 04 17 34 00    -1.0725634    0.0467074  949.9088  949.6669
2021 04 04 17 35 00    -1.0716243    0.0472140  949.9046  949.6564
2021 04 04 17 36 00    -1.0706324    0.0478764  949.9007  949.6490
2021 04 04 17 37 00    -1.0696910    0.0484203  949.8960  949.6453
2021 04 04 17 38 00    -1.0687717    0.0488284  949.8906  949.6468
2021 04 04 17 39 00    -1.0677637    0.0492577  949.8854  949.6512
2021 04 04 17 40 00    -1.0667865    0.0496912  949.8808  949.6531
2021 04 04 17 41 00    -1.0659505    0.0500861  949.8763  949.6511
2021 04 04 17 42 00    -1.0651597    0.0504840  949.8717  949.6486
2021 04 04 17 43 00    -1.0643371    0.0508905  949.8671  949.6506
2021 04 04 17 44 00    -1.0636019    0.0512664  949.8625  949.6600
2021 04 04 17 45 00    -1.0630150    0.0516367  949.8580  949.6759
2021 04 04 17 46 00    -1.0623742    0.0520375  949.8537  949.6946
2021 04 04 17 47 00    -1.0616596    0.0523436  949.8501  949.7114
2021 04 04 17 48 00    -1.0612250    0.0524630  949.8470  949.7237
2021 04 04 17 49 00    -1.0610707    0.0526044  949.8440  949.7319
2021 04 04 17 50 00    -1.0608148    0.0528478  949.8413  949.7378
2021 04 04 17 51 00    -1.0604672    0.0529225  949.8384  949.7413
2021 04 04 17 52 00    -1.0601990    0.0528652  949.8349  949.7392
2021 04 04 17 53 00    -1.0599293    0.0529845  949.8310  949.7328
2021 04 04 17 54 00    -1.0596574    0.0531720  949.8273  949.7287
2021 04 04 17 55 00    -1.0595706    0.0531542  949.8239  949.7296
2021 04 04 17 56 00    -1.0597982    0.0529840  949.8207  949.7314
2021 04 04 17 57 00    -1.0602193    0.0528352  949.8172  949.7284
2021 04 04 17 58 00    -1.0605193    0.0528003  949.8132  949.7167
2021 04 04 17 59 00    -1.0605958    0.0528345  949.8093  949.6962
2021 04 04 18 00 00    -1.0607816    0.0527204  949.8058  949.6745
2021 04 04 18 01 00    -1.0612809    0.0524370  949.8024  949.6628
2021 04 04 18 02 00    -1.0618502    0.0522111  949.7990  949.6637
2021 04 04 18 03 00    -1.0623081    0.0520457  949.7952  949.6706
2021 04 04 18 04 00    -1.0626966    0.0517988  949.7903  949.6794
2021 04 04 18 05 00    -1.0631676    0.0514721  949.7855  949.6903
2021 04 04 18 06 00    -1.0638042    0.0511317  949.7819  949.7008
2021 04 04 18 07 00    -1.0644197    0.0508404  949.7794  949.7049
2021 04 04 18 08 00    -1.0650148    0.0505834  949.7770  949.7010
2021 04 04 18 09 00    -1.0659190    0.0501900  949.7744  949.6920
2021 04 04 18 10 00    -1.0670021    0.0496387  949.7711  949.6810
2021 04 04 18 11 00    -1.0678587    0.0491590  949.7670  949.6700
2021 04 04 18 12 00    -1.0687378    0.0487295  949.7624  949.6628
2021 04 04 18 13 00    -1.0698937    0.0481753  949.7581  949.6602
2021 04 04 18 14 00    -1.0710570    0.0475607  949.7543  949.6585
2021 04 04 18 15 00    -1.0723083    0.0468958  949.7513  949.6557
2021 04 04 18 16 00    -1.0738120    0.0461894  949.7479  949.6538
2021 04 04 18 17 00    -1.0751757    0.0456526  949.7433  949.6563
2021 04 04 18 18 00    -1.0762675    0.0452189  949.7389  949.6645
2021 04 04 18 19 00    -1.0774829    0.0445658  949.7360  949.6785
2021 04 04 18 20 00    -1.0788943    0.0437521  949.7335  949.6980
2021 04 04 18 21 00    -1.0802207    0.0430926  949.7301  949.7196
2021 04 04 18 22 00    -1.0814896    0.0425435  949.7273  949.7354
2021 04 04 18 23 00    -1.0829701    0.0417807  949.7254  949.7405
2021 04 04 18 24 00    -1.0846265    0.0407758  949.7231  949.7382
2021 04 04 18 25 00    -1.0862233    0.0398517  949.7201  949.7329
2021 04 04 18 26 00    -1.0878995    0.0391227  949.7167  949.7259
2021 04 04 18 27 00    -1.0899341    0.0383362  949.7136  949.7208
2021 04 04 18 28 00    -1.0920447    0.0373616  949.7108  949.7218
2021 04 04 18 29 00    -1.0939515    0.0363164  949.7079  949.7299
2021 04 04 18 30 00    -1.0959351    0.0352631  949.7049  949.7433
2021 04 04 18 31 00    -1.0979831    0.0342325  949.7024  949.7584
2021 04 04 18 32 00    -1.0998184    0.0332518  949.7002  949.7740
2021 04 04 18 33 00    -1.1017331    0.0321654  949.6983  949.7917
2021 04 04 18 34 00    -1.1040362    0.0309589  949.6972  949.8113
2021 04 04 18 35 00    -1.1063927    0.0299320  949.6964  949.8303
2021 04 04 18 36 00    -1.1085418    0.0290365  949.6950  949.8470
2021 04 04 18 37 00    -1.1107953    0.0279024  949.6937  949.8602
2021 04 04 18 38 00    -1.1133093    0.0265547  949.6930  949.8675
2021 04 04 18 39 00    -1.1158355    0.0252178  949.6920  949.8668
2021 04 04 18 40 00    -1.1183954    0.0238766  949.6907  949.8593
2021 04 04 18 41 00    -1.1211949    0.0224807  949.6902  949.8489
2021 04 04 18 42 00    -1.1241013    0.0210693  949.6903  949.8396
2021 04 04 18 43 00    -1.1269025    0.0196462  949.6896  949.8327
2021 04 04 18 44 00    -1.1296615    0.0182191  949.6874  949.8281
2021 04 04 18 45 00    -1.1325235    0.0168176  949.6847  949.8285
2021 04 04 18 46 00    -1.1354367    0.0154347  949.6826  949.8378
2021 04 04 18 47 00    -1.1382889    0.0140568  949.6811  949.8554
2021 04 04 18 48 00    -1.1411319    0.0126061  949.6802  949.8760
2021 04 04 18 49 00    -1.1440475    0.0110030  949.6802  949.8955
2021 04 04 18 50 00    -1.1471346    0.0093566  949.6806  949.9126
2021 04 04 18 51 00    -1.1504087    0.0078060  949.6800  949.9267
2021 04 04 18 52 00    -1.1536327    0.0063050  949.6788  949.9385
2021 04 04 18 53 00    -1.1568050    0.0046934  949.6785  949.9514
2021 04 04 18 54 00    -1.1601599    0.0029526  949.6788  949.9663
2021 04 04 18 55 00    -1.1635932    0.0012671  949.6788  949.9792
2021 04 04 18 56 00    -1.1669389   -0.0003287  949.6786  949.9887
2021 04 04 18 57 00    -1.1703219   -0.0020281  949.6791  949.9952
2021 04 04 18 58 00    -1.1739346   -0.0039572  949.6798  949.9961
2021 04 04 18 59 00    -1.1777756   -0.0060020  949.6797  949.9894
2021 04 04 19 00 00    -1.1815992   -0.0078856  949.6784  949.9790
2021 04 04 19 01 00    -1.1853358   -0.0096290  949.6770  949.9717
2021 04 04 19 02 00    -1.1892039   -0.0115338  949.6765  949.9707
2021 04 04 19 03 00    -1.1931845   -0.0135387  949.6767  949.9765
2021 04 04 19 04 00    -1.1971410   -0.0154761  949.6771  949.9863
2021 04 04 19 05 00    -1.2011281   -0.0174815  949.6780  949.9956
2021 04 04 19 06 00    -1.2051144   -0.0195092  949.6788  950.0017
2021 04 04 19 07 00    -1.2090871   -0.0214193  949.6787  950.0065
2021 04 04 19 08 00    -1.2132078   -0.0234050  949.6783  950.0125
2021 04 04 19 09 00    -1.2175485   -0.0256026  949.6784  950.0181
2021 04 04 19 10 00    -1.2220471   -0.0278696  949.6789  950.0197
2021 04 04 19 11 00    -1.2265456   -0.0301418  949.6790  950.0182
2021 04 04 19 12 00    -1.2309248   -0.0324551  949.6784  950.0185
2021 04 04 19 13 00    -1.2352516   -0.0347181  949.6776  950.0241
2021 04 04 19 14 00    -1.2396253   -0.0368788  949.6770  950.0344
2021 04 04 19 15 00    -1.2441050   -0.0390802  949.6769  950.0459
2021 04 04 19 16 00    -1.2487411   -0.0414111  949.6778  950.0525
2021 04 04 19 17 00    -1.2535567   -0.0437852  949.6797  950.0491
2021 04 04 19 18 00    -1.2584789   -0.0461435  949.6810  950.0354
2021 04 04 19 19 00    -1.2633760   -0.0485336  949.6803  950.0165
2021 04 04 19 20 00    -1.2683064   -0.0509908  949.6786  949.9989
2021 04 04 19 21 00    -1.2733827   -0.0535371  949.6773  949.9886
2021 04 04 19 22 00    -1.2783760   -0.0561140  949.6763  949.9892
2021 04 04 19 23 00    -1.2830797   -0.0585441  949.6751  950.0002
2021 04 04 19 24 00    -1.2878763   -0.0609220  949.6740  950.0172
2021 04 04 19 25 00    -1.2930671   -0.0635150  949.6733  950.0353
2021 04 04 19 26 00    -1.2982631   -0.0661963  949.6731  950.0497
2021 04 04 19 27 00    -1.3033012   -0.0687958  949.6731  950.0584
2021 04 04 19 28 00    -1.3085342   -0.0714422  949.6735  950.0615
2021 04 04 19 29 00    -1.3139950   -0.0741480  949.6745  950.0571
2021 04 04 19 30 00    -1.3194845   -0.0768632  949.6753  950.0435
2021 04 04 19 31 00    -1.3250879   -0.0796829  949.6750  950.0236
2021 04 04 19 32 00    -1.3309319   -0.0826013  949.6737  950.0024
2021 04 04 19 33 00    -1.3367472   -0.0854735  949.6722  949.9838
2021 04 04 19 34 00    -1.3422593   -0.0882162  949.6708  949.9707
2021 04 04 19 35 00    -1.3477582   -0.0909390  949.6691  949.9648
2021 04 04 19 36 00    -1.3535617   -0.0938284  949.6672  949.9637
2021 04 04 19 37 00    -1.3594910   -0.0968478  949.6655  949.9610
2021 04 04 19 38 00    -1.3652621   -0.0998089  949.6641  949.9537
2021 04 04 19 39 00    -1.3710197   -0.1027452  949.6623  949.9482
2021 04 04 19 40 00    -1.3771057   -0.1057642  949.6599  949.9500
2021 04 04 19 41 00    -1.3832671   -0.1087328  949.6577  949.9550
2021 04 04 19 42 00    -1.3891371   -0.1116363  949.6563  949.9568
2021 04 04 19 43 00    -1.3950926   -0.1147053  949.6556  949.9540
2021 04 04 19 44 00    -1.4013920   -0.1179580  949.6542  949.9473
2021 04 04 19 45 00    -1.4076691   -0.1211720  949.6519  949.9400
2021 04 04 19 46 00    -1.4137969   -0.1242033  949.6496  949.9372
2021 04 04 19 47 00    -1.4200335   -0.1272369  949.6478  949.9385
2021 04 04 19 48 00    -1.4264664   -0.1305442  949.6459  949.9366
2021 04 04 19 49 00    -1.4329677   -0.1338845  949.6434  949.9262
2021 04 04 19 50 00    -1.4395576   -0.1369616  949.6410  949.9086
2021 04 04 19 51 00    -1.4462960   -0.1400917  949.6390  949.8887
2021 04 04 19 52 00    -1.4529676   -0.1435323  949.6366  949.8720
2021 04 04 19 53 00    -1.4595471   -0.1470511  949.6335  949.8625
2021 04 04 19 54 00    -1.4663318   -0.1504752  949.6306  949.8627
2021 04 04 19 55 00    -1.4732238   -0.1538492  949.6281  949.8710
2021 04 04 19 56 00    -1.4798839   -0.1571787  949.6257  949.8806
2021 04 04 19 57 00    -1.4864849   -0.1604887  949.6235  949.8847
2021 04 04 19 58 00    -1.4933329   -0.1638825  949.6211  949.8826
2021 04 04 19 59 00    -1.5001729   -0.1673188  949.6179  949.8800
2021 04 04 20 00 00    -1.5067855   -0.1706869  949.6145  949.8818
2021 04 04 20 01 00    -1.5135540   -0.1740835  949.6122  949.8874
2021 04 04 20 02 00    -1.5207367   -0.1776442  949.6108  949.8948
2021 04 04 20 03 00    -1.5280429   -0.1813148  949.6088  949.9035
2021 04 04 20 04 00    -1.5351777   -0.1849863  949.6061  949.9131
2021 04 04 20 05 00    -1.5422100   -0.1885828  949.6039  949.9226
2021 04 04 20 06 00    -1.5493827   -0.1920507  949.6027  949.9312
2021 04 04 20 07 00    -1.5566875   -0.1954717  949.6019  949.9358
2021 04 04 20 08 00    -1.5639239   -0.1989960  949.6005  949.9346
2021 04 04 20 09 00    -1.5711343   -0.2026429  949.5986  949.9303
2021 04 04 20 10 00    -1.5784155   -0.2063319  949.5969  949.9254
2021 04 04 20 11 00    -1.5857786   -0.2100470  949.5954  949.9182
2021 04 04 20 12 00    -1.5933821   -0.2138682  949.5938  949.9094
2021 04 04 20 13 00    -1.6011749   -0.2177755  949.5924  949.9025
2021 04 04 20 14 00    -1.6088687   -0.2216655  949.5905  949.8966
2021 04 04 20 15 00    -1.6165073   -0.2255551  949.5878  949.8871
2021 04 04 20 16 00    -1.6242900   -0.2294898  949.5847  949.8708
2021 04 04 20 17 00    -1.6321787   -0.2334423  949.5818  949.8485
2021 04 04 20 18 00    -1.6400584   -0.2373920  949.5791  949.8241
2021 04 04 20 19 00    -1.6479988   -0.2414276  949.5760  949.8038
2021 04 04 20 20 00    -1.6561246   -0.2456146  949.5724  949.7907
2021 04 04 20 21 00    -1.6642772   -0.2497900  949.5684  949.7820
2021 04 04 20 22 00    -1.6723050   -0.2538469  949.5644  949.7720
2021 04 04 20 23 00    -1.6803448   -0.2578667  949.5610  949.7593
2021 04 04 20 24 00    -1.6884467   -0.2618701  949.5581  949.7468
2021 04 04 20 25 00    -1.6965611   -0.2659078  949.5544  949.7388
2021 04 04 20 26 00    -1.7046308   -0.2699735  949.5499  949.7375
2021 04 04 20 27 00    -1.7126314   -0.2739124  949.5455  949.7395
2021 04 04 20 28 00    -1.7207905   -0.2778543  949.5417  949.7385
2021 04 04 20 29 00    -1.7290911   -0.2820158  949.5384  949.7319
2021 04 04 20 30 00    -1.7372083   -0.2862289  949.5352  949.7237
2021 04 04 20 31 00    -1.7452709   -0.2903161  949.5316  949.7191
2021 04 04 20 32 00    -1.7535946   -0.2943744  949.5280  949.7206
2021 04 04 20 33 00    -1.7621276   -0.2985161  949.5245  949.7261
2021 04 04 20 34 00    -1.7706276   -0.3027153  949.5208  949.7296
2021 04 04 20 35 00    -1.7790203   -0.3069441  949.5173  949.7267
2021 04 04 20 36 00    -1.7875117   -0.3112476  949.5142  949.7189
2021 04 04 20 37 00    -1.7962455   -0.3156347  949.5106  949.7094
2021 04 04 20 38 00    -1.8051177   -0.3201070  949.5060  949.6974
2021 04 04 20 39 00    -1.8139615   -0.3246528  949.5016  949.6801
2021 04 04 20 40 00    -1.8227372   -0.3291490  949.4982  949.6577
2021 04 04 20 41 00    -1.8315508   -0.3334813  949.4949  949.6320
2021 04 04 20 42 00    -1.8404296   -0.3377142  949.4905  949.6031
2021 04 04 20 43 00    -1.8493871   -0.3420888  949.4848  949.5722
2021 04 04 20 44 00    -1.8584607   -0.3466973  949.4787  949.5443
2021 04 04 20 45 00    -1.8674527   -0.3512986  949.4728  949.5228
2021 04 04 20 46 00    -1.8763065   -0.3557571  949.4668  949.5066
2021 04 04 20 47 00    -1.8853434   -0.3602317  949.4603  949.4936
2021 04 04 20 48 00    -1.8946268   -0.3648447  949.4544  949.4827
2021 04 04 20 49 00    -1.9038123   -0.3695036  949.4492  949.4747
2021 04 04 20 50 00    -1.9127338   -0.3740417  949.4439  949.4721
2021 04 04 20 51 00    -1.9216727   -0.3784980  949.4379  949.4753
2021 04 04 20 52 00    -1.9308200   -0.3829790  949.4320  949.4823
2021 04 04 20 53 00    -1.9399397   -0.3874593  949.4266  949.4918
2021 04 04 20 54 00    -1.9489803   -0.3920389  949.4216  949.5007
2021 04 04 20 55 00    -1.9581684   -0.3967886  949.4168  949.5062
2021 04 04 20 56 00    -1.9674555   -0.4014780  949.4125  949.5111
2021 04 04 20 57 00    -1.9766577   -0.4059688  949.4083  949.5203
2021 04 04 20 58 00    -1.9858240   -0.4104740  949.4042  949.5347
2021 04 04 20 59 00    -1.9951157   -0.4151817  949.4005  949.5505
2021 04 04 21 00 00    -2.0044434   -0.4199235  949.3970  949.5632
2021 04 04 21 01 00    -2.0136382   -0.4245337  949.3931  949.5702
2021 04 04 21 02 00    -2.0228160   -0.4290926  949.3892  949.5719
2021 04 04 21 03 00    -2.0320938   -0.4336713  949.3855  949.5706
2021 04 04 21 04 00    -2.0415125   -0.4383836  949.3821  949.5708
2021 04 04 21 05 00    -2.0510636   -0.4432409  949.3788  949.5736
2021 04 04 21 06 00    -2.0605411   -0.4480323  949.3759  949.5775
2021 04 04 21 07 00    -2.0699467   -0.4527561  949.3731  949.5818
2021 04 04 21 08 00    -2.0795379   -0.4575280  949.3697  949.5841
2021 04 04 21 09 00    -2.0892802   -0.4623403  949.3659  949.5803
2021 04 04 21 10 00    -2.0989742   -0.4672362  949.3623  949.5719
2021 04 04 21 11 00    -2.1086757   -0.4722044  949.3594  949.5660
2021 04 04 21 12 00    -2.1184483   -0.4770795  949.3565  949.5649
2021 04 04 21 13 00    -2.1281825   -0.4818399  949.3530  949.5632
2021 04 04 21 14 00    -2.1379104   -0.4866844  949.3489  949.5569
2021 04 04 21 15 00    -2.1477641   -0.4916849  949.3445  949.5480
2021 04 04 21 16 00    -2.1577302   -0.4967076  949.3410  949.5388
2021 04 04 21 17 00    -2.1677263   -0.5016764  949.3379  949.5271
2021 04 04 21 18 00    -2.1777459   -0.5066784  949.3343  949.5091
2021 04 04 21 19 00    -2.1878742   -0.5118302  949.3298  949.4852
2021 04 04 21 20 00    -2.1981203   -0.5170434  949.3249  949.4626
2021 04 04 21 21 00    -2.2082800   -0.5220824  949.3199  949.4475
2021 04 04 21 22 00    -2.2182355   -0.5269425  949.3146  949.4400
2021 04 04 21 23 00    -2.2282161   -0.5318593  949.3097  949.4357
2021 04 04 21 24 00    -2.2383425   -0.5369208  949.3056  949.4281
2021 04 04 21 25 00    -2.2484518   -0.5420583  949.3015  949.4129
2021 04 04 21 26 00    -2.2585816   -0.5472749  949.2968  949.3916
2021 04 04 21 27 00    -2.2689032   -0.5525308  949.2918  949.3705
2021 04 04 21 28 00    -2.2793028   -0.5576887  949.2871  949.3573
2021 04 04 21 29 00    -2.2894897   -0.5627282  949.2828  949.3528
2021 04 04 21 30 00    -2.2994594   -0.5677408  949.2782  949.3507
2021 04 04 21 31 00    -2.3094944   -0.5727618  949.2727  949.3488
2021 04 04 21 32 00    -2.3196710   -0.5778413  949.2667  949.3507
2021 04 04 21 33 00    -2.3298792   -0.5830175  949.2615  949.3573
2021 04 04 21 34 00    -2.3401598   -0.5881708  949.2571  949.3664
2021 04 04 21 35 00    -2.3505174   -0.5932544  949.2525  949.3747
2021 04 04 21 36 00    -2.3608009   -0.5983907  949.2479  949.3803
2021 04 04 21 37 00    -2.3710349   -0.6036026  949.2436  949.3834
2021 04 04 21 38 00    -2.3813912   -0.6087957  949.2395  949.3837
2021 04 04 21 39 00    -2.3918335   -0.6139205  949.2357  949.3818
2021 04 04 21 40 00    -2.4022044   -0.6190469  949.2320  949.3792
2021 04 04 21 41 00    -2.4125421   -0.6242807  949.2279  949.3738
2021 04 04 21 42 00    -2.4230171   -0.6295900  949.2241  949.3630
2021 04 04 21 43 00    -2.4336285   -0.6348963  949.2202  949.3491
2021 04 04 21 44 00    -2.4442392   -0.6402214  949.2153  949.3353
2021 04 04 21 45 00    -2.4549036   -0.6455675  949.2099  949.3208
2021 04 04 21 46 00    -2.4656395   -0.6508221  949.2045  949.3041
2021 04 04 21 47 00    -2.4762078   -0.6560022  949.1992  949.2839
2021 04 04 21 48 00    -2.4866769   -0.6613547  949.1947  949.2589
2021 04 04 21 49 00    -2.4973208   -0.6668628  949.1911  949.2302
2021 04 04 21 50 00    -2.5080770   -0.6722094  949.1864  949.2038
2021 04 04 21 51 00    -2.5188680   -0.6774165  949.1801  949.1836
2021 04 04 21 52 00    -2.5297167   -0.6828472  949.1736  949.1689
2021 04 04 21 53 00    -2.5405351   -0.6885812  949.1674  949.1581
2021 04 04 21 54 00    -2.5513282   -0.6941976  949.1614  949.1471
2021 04 04 21 55 00    -2.5621159   -0.6993529  949.1552  949.1288
2021 04 04 21 56 00    -2.5727990   -0.7043538  949.1486  949.1047
2021 04 04 21 57 00    -2.5834627   -0.7096935  949.1416  949.0852
2021 04 04 21 58 00    -2.5942320   -0.7153010  949.1344  949.0749
2021 04 04 21 59 00    -2.6049835   -0.7208132  949.1276  949.0692
2021 04 04 22 00 00    -2.6156980   -0.7261816  949.1214  949.0633
2021 04 04 22 01 00    -2.6265442   -0.7315508  949.1150  949.0567
2021 04 04 22 02 00    -2.6375022   -0.7369567  949.1082  949.0501
2021 04 04 22 03 00    -2.6484328   -0.7423813  949.1017  949.0442
2021 04 04 22 04 00    -2.6592858   -0.7478035  949.0960  949.0385
2021 04 04 22 05 00    -2.6700749   -0.7531944  949.0909  949.0276
2021 04 04 22 06 00    -2.6808633   -0.7586047  949.0849  949.0048
2021 04 04 22 07 00    -2.6916977   -0.7640696  949.0781  948.9720
2021 04 04 22 08 00    -2.7026895   -0.7695702  949.0711  948.9378
2021 04 04 22 09 00    -2.7138822   -0.7751775  949.0637  948.9057
2021 04 04 22 10 00    -2.7249640   -0.7808087  949.0562  948.8754
2021 04 04 22 11 00    -2.7357862   -0.7862339  949.0490  948.8520
2021 04 04 22 12 00    -2.7466270   -0.7915692  949.0419  948.8416
2021 04 04 22 13 00    -2.7576053   -0.7970875  949.0341  948.8405
2021 04 04 22 14 00    -2.7685362   -0.8027141  949.0260  948.8408
2021 04 04 22 15 00    -2.7792798   -0.8081969  949.0180  948.8412
2021 04 04 22 16 00    -2.7899595   -0.8134827  949.0105  948.8457
2021 04 04 22 17 00    -2.8007657   -0.8187618  949.0035  948.8572
2021 04 04 22 18 00    -2.8115603   -0.8241749  948.9971  948.8755
2021 04 04 22 19 00    -2.8221313   -0.8295695  948.9907  948.8947
2021 04 04 22 20 00    -2.8326778   -0.8348164  948.9846  948.9070
2021 04 04 22 21 00    -2.8434256   -0.8400666  948.9789  948.9131
2021 04 04 22 22 00    -2.8542633   -0.8454878  948.9730  948.9224
2021 04 04 22 23 00    -2.8650745   -0.8510501  948.9667  948.9368
2021 04 04 22 24 00    -2.8758599   -0.8565674  948.9609  948.9443
2021 04 04 22 25 00    -2.8867327   -0.8619346  948.9563  948.9358
2021 04 04 22 26 00    -2.8978157   -0.8672839  948.9515  948.9171
2021 04 04 22 27 00    -2.9089302   -0.8727616  948.9460  948.8970
2021 04 04 22 28 00    -2.9198790   -0.8783314  948.9404  948.8740
2021 04 04 22 29 00    -2.9307889   -0.8839150  948.9350  948.8463
2021 04 04 22 30 00    -2.9418547   -0.8895269  948.9291  948.8185
2021 04 04 22 31 00    -2.9531027   -0.8951516  948.9223  948.7917
2021 04 04 22 32 00    -2.9643072   -0.9006700  948.9147  948.7625
2021 04 04 22 33 00    -2.9752542   -0.9060770  948.9069  948.7307
2021 04 04 22 34 00    -2.9861394   -0.9115527  948.8994  948.7011
2021 04 04 22 35 00    -2.9971742   -0.9171759  948.8920  948.6819
2021 04 04 22 36 00    -3.0082815   -0.9228366  948.8846  948.6773
2021 04 04 22 37 00    -3.0193856   -0.9284036  948.8776  948.6794
2021 04 04 22 38 00    -3.0303529   -0.9338070  948.8710  948.6783
2021 04 04 22 39 00    -3.0411318   -0.9391360  948.8645  948.6711
2021 04 04 22 40 00    -3.0520206   -0.9446136  948.8576  948.6584
2021 04 04 22 41 00    -3.0631521   -0.9502717  948.8502  948.6421
2021 04 04 22 42 00    -3.0742588   -0.9558896  948.8424  948.6268
2021 04 04 22 43 00    -3.0853539   -0.9614479  948.8351  948.6174
2021 04 04 22 44 00    -3.0965753   -0.9670404  948.8286  948.6155
2021 04 04 22 45 00    -3.1075256   -0.9724639  948.8221  948.6193
2021 04 04 22 46 00    -3.1180864   -0.9776846  948.8152  948.6247
2021 04 04 22 47 00    -3.1287224   -0.9830005  948.8080  948.6266
2021 04 04 22 48 00    -3.1394743   -0.9884198  948.8009  948.6197
2021 04 04 22 49 00    -3.1501997   -0.9937989  948.7943  948.6027
2021 04 04 22 50 00    -3.1610751   -0.9992801  948.7881  948.5799
2021 04 04 22 51 00    -3.1720606   -1.0049217  948.7819  948.5567
2021 04 04 22 52 00    -3.1829989   -1.0105143  948.7758  948.5354
2021 04 04 22 53 00    -3.1939579   -1.0159763  948.7690  948.5162
2021 04 04 22 54 00    -3.2048916   -1.0213369  948.7611  948.5002
2021 04 04 22 55 00    -3.2157112   -1.0266189  948.7530  948.4900
2021 04 04 22 56 00    -3.2265018   -1.0319674  948.7452  948.4850
2021 04 04 22 57 00    -3.2373656   -1.0375097  948.7375  948.4786
2021 04 04 22 58 00    -3.2483562   -1.0431959  948.7303  948.4629
2021 04 04 22 59 00    -3.2593749   -1.0488122  948.7240  948.4343
2021 04 04 23 00 00    -3.2702763   -1.0541800  948.7175  948.3951
2021 04 04 23 01 00    -3.2811946   -1.0594717  948.7095  948.3512
2021 04 04 23 02 00    -3.2923476   -1.0649868  948.7004  948.3074
2021 04 04 23 03 00    -3.3035399   -1.0706294  948.6913  948.2648
2021 04 04 23 04 00    -3.3143993   -1.0761001  948.6822  948.2300
2021 04 04 23 05 00    -3.3250206   -1.0814092  948.6728  948.2138
2021 04 04 23 06 00    -3.3357689   -1.0867728  948.6638  948.2166
2021 04 04 23 07 00    -3.3466900   -1.0922778  948.6558  948.2241
2021 04 04 23 08 00    -3.3575277   -1.0977952  948.6483  948.2232
2021 04 04 23 09 00    -3.3680941   -1.1031346  948.6400  948.2143
2021 04 04 23 10 00    -3.3786057   -1.1084066  948.6307  948.2030
2021 04 04 23 11 00    -3.3894299   -1.1138161  948.6214  948.1895
2021 04 04 23 12 00    -3.4003719   -1.1191879  948.6129  948.1700
2021 04 04 23 13 00    -3.4110802   -1.1244497  948.6051  948.1426
2021 04 04 23 14 00    -3.4217428   -1.1298509  948.5971  948.1101
2021 04 04 23 15 00    -3.4325739   -1.1353507  948.5883  948.0748
2021 04 04 23 16 00    -3.4435072   -1.1408142  948.5789  948.0369
2021 04 04 23 17 00    -3.4543570   -1.1462766  948.5694  948.0005
2021 04 04 23 18 00    -3.4649140   -1.1516018  948.5599  947.9770
2021 04 04 23 19 00    -3.4753202   -1.1568034  948.5505  947.9765
2021 04 04 23 20 00    -3.4858120   -1.1621266  948.5412  947.9976
2021 04 04 23 21 00    -3.4961935   -1.1674054  948.5324  948.0308
2021 04 04 23 22 00    -3.5063441   -1.1724085  948.5245  948.0621
2021 04 04 23 23 00    -3.5165656   -1.1774077  948.5172  948.0736
2021 04 04 23 24 00    -3.5270074   -1.1826082  948.5102  948.0569
2021 04 04 23 25 00    -3.5375158   -1.1878428  948.5025  948.0252
2021 04 04 23 26 00    -3.5480402   -1.1930458  948.4940  947.9985
2021 04 04 23 27 00    -3.5586356   -1.1983136  948.4856  947.9850
2021 04 04 23 28 00    -3.5692200   -1.2035951  948.4778  947.9790
2021 04 04 23 29 00    -3.5795785   -1.2087132  948.4702  947.9682
2021 04 04 23 30 00    -3.5896737   -1.2137139  948.4624  947.9474
2021 04 04 23 31 00    -3.5998940   -1.2189336  948.4540  947.9247
2021 04 04 23 32 00    -3.6104775   -1.2244197  948.4451  947.9081
2021 04 04 23 33 00    -3.6208966   -1.2297286  948.4359  947.8953
2021 04 04 23 34 00    -3.6307787   -1.2346979  948.4270  947.8799
2021 04 04 23 35 00    -3.6407414   -1.2397057  948.4186  947.8589
2021 04 04 23 36 00    -3.6512659   -1.2449338  948.4104  947.8322
2021 04 04 23 37 00    -3.6619043   -1.2501682  948.4019  947.7992
2021 04 04 23 38 00    -3.6722339   -1.2552832  948.3928  947.7652
2021 04 04 23 39 00    -3.6823662   -1.2603523  948.3835  947.7448
2021 04 04 23 40 00    -3.6924243   -1.2654351  948.3741  947.7452
2021 04 04 23 41 00    -3.7023924   -1.2704759  948.3651  947.7557
2021 04 04 23 42 00    -3.7123265   -1.2754245  948.3568  947.7608
2021 04 04 23 43 00    -3.7222841   -1.2803773  948.3486  947.7543
2021 04 04 23 44 00    -3.7322186   -1.2854048  948.3406  947.7408
2021 04 04 23 45 00    -3.7421721   -1.2904225  948.3327  947.7277
2021 04 04 23 46 00    -3.7522301   -1.2953971  948.3245  947.7169
2021 04 04 23 47 00    -3.7622514   -1.3003647  948.3158  947.7066
2021 04 04 23 48 00    -3.7721530   -1.3052782  948.3070  947.6963
2021 04 04 23 49 00    -3.7820582   -1.3101678  948.2984  947.6848
2021 04 04 23 50 00    -3.7919268   -1.3151543  948.2900  947.6692
2021 04 04 23 51 00    -3.8017045   -1.3202069  948.2818  947.6525
2021 04 04 23 52 00    -3.8115810   -1.3252609  948.2738  947.6438
2021 04 04 23 53 00    -3.8215942   -1.3302447  948.2659  947.6440
2021 04 04 23 54 00    -3.8314505   -1.3350333  948.2577  947.6445
2021 04 04 23 55 00    -3.8409775   -1.3397654  948.2493  947.6430
2021 04 04 23 56 00    -3.8503530   -1.3446467  948.2407  947.6478
2021 04 04 23 57 00    -3.8597799   -1.3495604  948.2326  947.6609
2021 04 04 23 58 00    -3.8692239   -1.3543300  948.2255  947.6685
2021 04 04 23 59 00    -3.8785615   -1.3589092  948.2192  947.6589
