[TSF-file]     v01.0

[TIMEFORMAT]   DATETIME
[INCREMENT]    60
[CHANNELS]
    BF:SG056:G1-F60 
    BF:SG056:G2-F60 
    BF:SG056:Br1-F60
    BF:SG056:Br2-F60
[UNITS]
    Volt
    Volt
    mbar
    mbar
[UNDETVAL]                      9999.999
[PHASE_LAG_1_DEG_CPD]           0.0402
[PHASE_LAG_1_DEG_CPD_ERROR]     0.0002
[N_LATITUDE_DEG]                48.3294
[N_LATITUDE_DEG_ERROR]          0.0001
[E_LONGITUDE_DEG]               008.3284
[E_LONGITUDE_DEG_ERROR]         0.0001
[HEIGHT_M_1]                    589.20
[HEIGHT_M_1_ERROR]              0.01
[GRAVITY_CAL_1_UGAL_V]          -40.1100
[GRAVITY_CAL_1_UGAL_V_ERROR]    0.0300
[PRESSURE_CAL_MBAR_V]           1.0000
[PRESSURE_CAL_MBAR_V_ERROR]     0.0001
[AUTHOR]                        Thomas Forbriger@kit.edu
[PHASE_LAG_2_DEG_CPD]           0.0402
[PHASE_LAG_2_DEG_CPD_ERROR]     0.0002
[HEIGHT_M_2]                    589.40
[HEIGHT_M_2_ERROR]              0.01
[GRAVITY_CAL_2_UGAL_V]          -80.0699
[GRAVITY_CAL_2_UGAL_V_ERROR]    0.0600
[PRESSURE_ADMIT_HPA_NMS2]       -3.4000
[PRESSURE_MEAN_HPA]             0980.0
[COMMENT]                           
software upgrade and FitPC2 replacement on 29. July 2019



Date           Time     G1-F60        G2-F60        Br1-F60       Br2-F60      
[DATA]
2021 04 20 00 00 00    -4.3184597   -1.5836327  948.7033  949.2952
2021 04 20 00 01 00    -4.3242811   -1.5864552  948.6996  949.2892
2021 04 20 00 02 00    -4.3301056   -1.5893648  948.6961  949.2836
2021 04 20 00 03 00    -4.3359084   -1.5923655  948.6928  949.2742
2021 04 20 00 04 00    -4.3416231   -1.5953813  948.6893  949.2608
2021 04 20 00 05 00    -4.3472461   -1.5982118  948.6856  949.2458
2021 04 20 00 06 00    -4.3528856   -1.6009251  948.6819  949.2317
2021 04 20 00 07 00    -4.3586221   -1.6038031  948.6781  949.2212
2021 04 20 00 08 00    -4.3643372   -1.6067696  948.6744  949.2129
2021 04 20 00 09 00    -4.3698769   -1.6094709  948.6705  949.2034
2021 04 20 00 10 00    -4.3752985   -1.6119664  948.6664  949.1946
2021 04 20 00 11 00    -4.3807166   -1.6146421  948.6626  949.1902
2021 04 20 00 12 00    -4.3861149   -1.6174859  948.6588  949.1883
2021 04 20 00 13 00    -4.3914282   -1.6202331  948.6551  949.1861
2021 04 20 00 14 00    -4.3967203   -1.6229165  948.6513  949.1856
2021 04 20 00 15 00    -4.4020979   -1.6256566  948.6476  949.1868
2021 04 20 00 16 00    -4.4073922   -1.6283579  948.6439  949.1863
2021 04 20 00 17 00    -4.4124183   -1.6309278  948.6402  949.1834
2021 04 20 00 18 00    -4.4173734   -1.6334104  948.6364  949.1798
2021 04 20 00 19 00    -4.4224996   -1.6359013  948.6326  949.1746
2021 04 20 00 20 00    -4.4276667   -1.6384463  948.6290  949.1662
2021 04 20 00 21 00    -4.4326380   -1.6409444  948.6252  949.1559
2021 04 20 00 22 00    -4.4375874   -1.6433977  948.6211  949.1458
2021 04 20 00 23 00    -4.4427876   -1.6460099  948.6169  949.1369
2021 04 20 00 24 00    -4.4480332   -1.6486978  948.6128  949.1286
2021 04 20 00 25 00    -4.4530304   -1.6511468  948.6089  949.1205
2021 04 20 00 26 00    -4.4578198   -1.6534281  948.6048  949.1134
2021 04 20 00 27 00    -4.4625201   -1.6558128  948.6006  949.1083
2021 04 20 00 28 00    -4.4672464   -1.6582639  948.5964  949.1056
2021 04 20 00 29 00    -4.4721171   -1.6606615  948.5922  949.1033
2021 04 20 00 30 00    -4.4770208   -1.6630493  948.5880  949.0986
2021 04 20 00 31 00    -4.4817176   -1.6654160  948.5839  949.0922
2021 04 20 00 32 00    -4.4862214   -1.6676894  948.5799  949.0860
2021 04 20 00 33 00    -4.4907600   -1.6699601  948.5758  949.0787
2021 04 20 00 34 00    -4.4954289   -1.6723440  948.5717  949.0702
2021 04 20 00 35 00    -4.5001441   -1.6747360  948.5676  949.0627
2021 04 20 00 36 00    -4.5047756   -1.6770038  948.5635  949.0582
2021 04 20 00 37 00    -4.5091848   -1.6791667  948.5595  949.0576
2021 04 20 00 38 00    -4.5133588   -1.6812429  948.5553  949.0605
2021 04 20 00 39 00    -4.5175919   -1.6833346  948.5510  949.0639
2021 04 20 00 40 00    -4.5221219   -1.6856106  948.5471  949.0639
2021 04 20 00 41 00    -4.5265712   -1.6878826  948.5432  949.0592
2021 04 20 00 42 00    -4.5307102   -1.6899757  948.5393  949.0507
2021 04 20 00 43 00    -4.5351148   -1.6921976  948.5351  949.0394
2021 04 20 00 44 00    -4.5396448   -1.6944706  948.5308  949.0277
2021 04 20 00 45 00    -4.5435331   -1.6963481  948.5263  949.0184
2021 04 20 00 46 00    -4.5472980   -1.6981456  948.5219  949.0109
2021 04 20 00 47 00    -4.5515287   -1.7002947  948.5175  949.0033
2021 04 20 00 48 00    -4.5557054   -1.7025153  948.5129  948.9960
2021 04 20 00 49 00    -4.5596364   -1.7045552  948.5083  948.9892
2021 04 20 00 50 00    -4.5635897   -1.7064740  948.5041  948.9820
2021 04 20 00 51 00    -4.5676305   -1.7083628  948.4999  948.9760
2021 04 20 00 52 00    -4.5717528   -1.7103587  948.4957  948.9735
2021 04 20 00 53 00    -4.5757815   -1.7124690  948.4915  948.9725
2021 04 20 00 54 00    -4.5795040   -1.7144667  948.4873  948.9684
2021 04 20 00 55 00    -4.5830507   -1.7162514  948.4831  948.9622
2021 04 20 00 56 00    -4.5867232   -1.7180604  948.4788  948.9568
2021 04 20 00 57 00    -4.5905560   -1.7200116  948.4745  948.9512
2021 04 20 00 58 00    -4.5942739   -1.7218555  948.4699  948.9446
2021 04 20 00 59 00    -4.5977586   -1.7235011  948.4653  948.9398
2021 04 20 01 00 00    -4.6012390   -1.7251873  948.4608  948.9377
2021 04 20 01 01 00    -4.6048763   -1.7270549  948.4565  948.9356
2021 04 20 01 02 00    -4.6085186   -1.7289532  948.4523  948.9327
2021 04 20 01 03 00    -4.6120259   -1.7307145  948.4481  948.9297
2021 04 20 01 04 00    -4.6155456   -1.7324602  948.4439  948.9258
2021 04 20 01 05 00    -4.6191851   -1.7343361  948.4396  948.9201
2021 04 20 01 06 00    -4.6226586   -1.7361400  948.4352  948.9129
2021 04 20 01 07 00    -4.6257682   -1.7377006  948.4310  948.9045
2021 04 20 01 08 00    -4.6288805   -1.7392594  948.4268  948.8954
2021 04 20 01 09 00    -4.6322042   -1.7409361  948.4223  948.8888
2021 04 20 01 10 00    -4.6354517   -1.7425633  948.4176  948.8872
2021 04 20 01 11 00    -4.6386317   -1.7442159  948.4131  948.8895
2021 04 20 01 12 00    -4.6419094   -1.7459134  948.4091  948.8935
2021 04 20 01 13 00    -4.6450718   -1.7474226  948.4052  948.8987
2021 04 20 01 14 00    -4.6480352   -1.7488469  948.4010  948.9044
2021 04 20 01 15 00    -4.6510156   -1.7504049  948.3970  948.9079
2021 04 20 01 16 00    -4.6540661   -1.7519918  948.3931  948.9076
2021 04 20 01 17 00    -4.6571421   -1.7535347  948.3894  948.9043
2021 04 20 01 18 00    -4.6602140   -1.7550325  948.3857  948.8981
2021 04 20 01 19 00    -4.6630830   -1.7563685  948.3818  948.8890
2021 04 20 01 20 00    -4.6657972   -1.7576613  948.3776  948.8777
2021 04 20 01 21 00    -4.6687426   -1.7591780  948.3733  948.8655
2021 04 20 01 22 00    -4.6718051   -1.7607620  948.3690  948.8535
2021 04 20 01 23 00    -4.6746417   -1.7621128  948.3646  948.8427
2021 04 20 01 24 00    -4.6773900   -1.7633301  948.3601  948.8341
2021 04 20 01 25 00    -4.6801247   -1.7646258  948.3557  948.8275
2021 04 20 01 26 00    -4.6827458   -1.7660392  948.3515  948.8221
2021 04 20 01 27 00    -4.6854350   -1.7675785  948.3472  948.8172
2021 04 20 01 28 00    -4.6881931   -1.7690948  948.3426  948.8115
2021 04 20 01 29 00    -4.6906953   -1.7703511  948.3377  948.8057
2021 04 20 01 30 00    -4.6930661   -1.7714509  948.3330  948.8044
2021 04 20 01 31 00    -4.6956367   -1.7725971  948.3289  948.8098
2021 04 20 01 32 00    -4.6981782   -1.7737529  948.3250  948.8189
2021 04 20 01 33 00    -4.7004779   -1.7749039  948.3211  948.8277
2021 04 20 01 34 00    -4.7027728   -1.7761156  948.3170  948.8335
2021 04 20 01 35 00    -4.7051210   -1.7773534  948.3129  948.8358
2021 04 20 01 36 00    -4.7073722   -1.7785177  948.3090  948.8362
2021 04 20 01 37 00    -4.7095628   -1.7795641  948.3052  948.8355
2021 04 20 01 38 00    -4.7117115   -1.7805157  948.3011  948.8337
2021 04 20 01 39 00    -4.7138005   -1.7814880  948.2973  948.8309
2021 04 20 01 40 00    -4.7160106   -1.7826450  948.2938  948.8285
2021 04 20 01 41 00    -4.7182708   -1.7838745  948.2902  948.8281
2021 04 20 01 42 00    -4.7202385   -1.7849302  948.2861  948.8289
2021 04 20 01 43 00    -4.7220934   -1.7859080  948.2821  948.8289
2021 04 20 01 44 00    -4.7241974   -1.7869272  948.2782  948.8264
2021 04 20 01 45 00    -4.7263436   -1.7878807  948.2745  948.8204
2021 04 20 01 46 00    -4.7283551   -1.7888336  948.2706  948.8097
2021 04 20 01 47 00    -4.7304452   -1.7899250  948.2667  948.7946
2021 04 20 01 48 00    -4.7325683   -1.7910456  948.2626  948.7796
2021 04 20 01 49 00    -4.7344581   -1.7920564  948.2582  948.7712
2021 04 20 01 50 00    -4.7361922   -1.7930242  948.2540  948.7709
2021 04 20 01 51 00    -4.7380650   -1.7940341  948.2502  948.7737
2021 04 20 01 52 00    -4.7399828   -1.7949100  948.2461  948.7743
2021 04 20 01 53 00    -4.7415861   -1.7955331  948.2420  948.7715
2021 04 20 01 54 00    -4.7430644   -1.7962240  948.2380  948.7660
2021 04 20 01 55 00    -4.7448027   -1.7971460  948.2342  948.7598
2021 04 20 01 56 00    -4.7465591   -1.7980005  948.2302  948.7546
2021 04 20 01 57 00    -4.7480856   -1.7987267  948.2262  948.7518
2021 04 20 01 58 00    -4.7496577   -1.7995857  948.2223  948.7506
2021 04 20 01 59 00    -4.7513526   -1.8005520  948.2185  948.7488
2021 04 20 02 00 00    -4.7527921   -1.8012777  948.2148  948.7445
2021 04 20 02 01 00    -4.7540239   -1.8018042  948.2110  948.7389
2021 04 20 02 02 00    -4.7555830   -1.8026177  948.2070  948.7340
2021 04 20 02 03 00    -4.7573773   -1.8036585  948.2030  948.7300
2021 04 20 02 04 00    -4.7588935   -1.8044530  948.1990  948.7250
2021 04 20 02 05 00    -4.7601469   -1.8050082  948.1951  948.7174
2021 04 20 02 06 00    -4.7614281   -1.8055814  948.1911  948.7076
2021 04 20 02 07 00    -4.7628718   -1.8062818  948.1869  948.6985
2021 04 20 02 08 00    -4.7643273   -1.8070317  948.1829  948.6915
2021 04 20 02 09 00    -4.7655910   -1.8076745  948.1791  948.6854
2021 04 20 02 10 00    -4.7668504   -1.8082998  948.1749  948.6796
2021 04 20 02 11 00    -4.7681738   -1.8090135  948.1704  948.6741
2021 04 20 02 12 00    -4.7692622   -1.8096550  948.1660  948.6686
2021 04 20 02 13 00    -4.7702014   -1.8101782  948.1619  948.6638
2021 04 20 02 14 00    -4.7712378   -1.8106615  948.1577  948.6613
2021 04 20 02 15 00    -4.7723189   -1.8111258  948.1537  948.6618
2021 04 20 02 16 00    -4.7734357   -1.8116265  948.1497  948.6659
2021 04 20 02 17 00    -4.7744184   -1.8120722  948.1456  948.6732
2021 04 20 02 18 00    -4.7751620   -1.8124157  948.1416  948.6799
2021 04 20 02 19 00    -4.7759995   -1.8128436  948.1378  948.6831
2021 04 20 02 20 00    -4.7768349   -1.8132884  948.1340  948.6830
2021 04 20 02 21 00    -4.7773972   -1.8135745  948.1304  948.6807
2021 04 20 02 22 00    -4.7781101   -1.8138983  948.1268  948.6767
2021 04 20 02 23 00    -4.7791455   -1.8144506  948.1232  948.6727
2021 04 20 02 24 00    -4.7800263   -1.8150350  948.1194  948.6693
2021 04 20 02 25 00    -4.7806974   -1.8154260  948.1155  948.6655
2021 04 20 02 26 00    -4.7814167   -1.8156799  948.1115  948.6609
2021 04 20 02 27 00    -4.7820610   -1.8159494  948.1076  948.6558
2021 04 20 02 28 00    -4.7826072   -1.8162926  948.1037  948.6503
2021 04 20 02 29 00    -4.7832952   -1.8166678  948.0997  948.6456
2021 04 20 02 30 00    -4.7840513   -1.8169929  948.0960  948.6432
2021 04 20 02 31 00    -4.7846192   -1.8171704  948.0924  948.6434
2021 04 20 02 32 00    -4.7850489   -1.8172604  948.0888  948.6424
2021 04 20 02 33 00    -4.7856048   -1.8175419  948.0848  948.6367
2021 04 20 02 34 00    -4.7862719   -1.8180223  948.0809  948.6282
2021 04 20 02 35 00    -4.7868052   -1.8184316  948.0771  948.6219
2021 04 20 02 36 00    -4.7871730   -1.8187237  948.0733  948.6189
2021 04 20 02 37 00    -4.7874702   -1.8189116  948.0693  948.6182
2021 04 20 02 38 00    -4.7877462   -1.8189304  948.0655  948.6205
2021 04 20 02 39 00    -4.7880295   -1.8189131  948.0620  948.6255
2021 04 20 02 40 00    -4.7883473   -1.8190641  948.0585  948.6297
2021 04 20 02 41 00    -4.7886723   -1.8193351  948.0551  948.6315
2021 04 20 02 42 00    -4.7888834   -1.8195238  948.0516  948.6320
2021 04 20 02 43 00    -4.7890282   -1.8196115  948.0481  948.6309
2021 04 20 02 44 00    -4.7892103   -1.8196695  948.0449  948.6268
2021 04 20 02 45 00    -4.7893642   -1.8196689  948.0415  948.6206
2021 04 20 02 46 00    -4.7895365   -1.8196926  948.0379  948.6135
2021 04 20 02 47 00    -4.7897760   -1.8198521  948.0342  948.6052
2021 04 20 02 48 00    -4.7899553   -1.8200175  948.0305  948.5956
2021 04 20 02 49 00    -4.7899984   -1.8199976  948.0269  948.5858
2021 04 20 02 50 00    -4.7900091   -1.8199007  948.0231  948.5765
2021 04 20 02 51 00    -4.7901483   -1.8199945  948.0192  948.5678
2021 04 20 02 52 00    -4.7903658   -1.8201788  948.0153  948.5604
2021 04 20 02 53 00    -4.7904621   -1.8202053  948.0116  948.5542
2021 04 20 02 54 00    -4.7903530   -1.8201600  948.0077  948.5485
2021 04 20 02 55 00    -4.7901556   -1.8201394  948.0039  948.5440
2021 04 20 02 56 00    -4.7900531   -1.8200401  948.0000  948.5420
2021 04 20 02 57 00    -4.7900048   -1.8198761  947.9962  948.5415
2021 04 20 02 58 00    -4.7898677   -1.8197942  947.9924  948.5400
2021 04 20 02 59 00    -4.7896846   -1.8198038  947.9888  948.5372
2021 04 20 03 00 00    -4.7894787   -1.8197561  947.9853  948.5352
2021 04 20 03 01 00    -4.7891472   -1.8195384  947.9817  948.5353
2021 04 20 03 02 00    -4.7887663   -1.8192371  947.9781  948.5361
2021 04 20 03 03 00    -4.7885132   -1.8190894  947.9747  948.5355
2021 04 20 03 04 00    -4.7882975   -1.8191266  947.9711  948.5327
2021 04 20 03 05 00    -4.7879167   -1.8190500  947.9674  948.5280
2021 04 20 03 06 00    -4.7874824   -1.8187639  947.9636  948.5224
2021 04 20 03 07 00    -4.7872221   -1.8185341  947.9600  948.5175
2021 04 20 03 08 00    -4.7869508   -1.8183810  947.9564  948.5129
2021 04 20 03 09 00    -4.7864934   -1.8181377  947.9528  948.5071
2021 04 20 03 10 00    -4.7861110   -1.8179205  947.9491  948.5007
2021 04 20 03 11 00    -4.7857999   -1.8177866  947.9452  948.4949
2021 04 20 03 12 00    -4.7852411   -1.8175725  947.9413  948.4895
2021 04 20 03 13 00    -4.7844930   -1.8172819  947.9376  948.4851
2021 04 20 03 14 00    -4.7838176   -1.8169692  947.9342  948.4836
2021 04 20 03 15 00    -4.7832744   -1.8165867  947.9307  948.4857
2021 04 20 03 16 00    -4.7827909   -1.8161765  947.9271  948.4901
2021 04 20 03 17 00    -4.7822111   -1.8158124  947.9234  948.4950
2021 04 20 03 18 00    -4.7814410   -1.8155097  947.9198  948.4984
2021 04 20 03 19 00    -4.7806703   -1.8152705  947.9166  948.4986
2021 04 20 03 20 00    -4.7800869   -1.8150481  947.9136  948.4969
2021 04 20 03 21 00    -4.7795196   -1.8147267  947.9102  948.4965
2021 04 20 03 22 00    -4.7787815   -1.8142617  947.9066  948.4968
2021 04 20 03 23 00    -4.7779941   -1.8138131  947.9032  948.4936
2021 04 20 03 24 00    -4.7772111   -1.8134568  947.9000  948.4856
2021 04 20 03 25 00    -4.7763426   -1.8130669  947.8967  948.4771
2021 04 20 03 26 00    -4.7755200   -1.8126421  947.8933  948.4717
2021 04 20 03 27 00    -4.7748501   -1.8122272  947.8898  948.4684
2021 04 20 03 28 00    -4.7741444   -1.8118062  947.8866  948.4643
2021 04 20 03 29 00    -4.7733668   -1.8114473  947.8834  948.4606
2021 04 20 03 30 00    -4.7726546   -1.8111051  947.8800  948.4605
2021 04 20 03 31 00    -4.7718618   -1.8106244  947.8764  948.4628
2021 04 20 03 32 00    -4.7708588   -1.8100797  947.8730  948.4632
2021 04 20 03 33 00    -4.7698522   -1.8096330  947.8698  948.4600
2021 04 20 03 34 00    -4.7689784   -1.8092578  947.8667  948.4544
2021 04 20 03 35 00    -4.7681043   -1.8088658  947.8635  948.4484
2021 04 20 03 36 00    -4.7670910   -1.8084115  947.8602  948.4426
2021 04 20 03 37 00    -4.7660192   -1.8078684  947.8569  948.4352
2021 04 20 03 38 00    -4.7650001   -1.8072616  947.8535  948.4244
2021 04 20 03 39 00    -4.7639327   -1.8066870  947.8500  948.4113
2021 04 20 03 40 00    -4.7628761   -1.8062881  947.8462  948.3988
2021 04 20 03 41 00    -4.7620384   -1.8060336  947.8421  948.3891
2021 04 20 03 42 00    -4.7611682   -1.8056532  947.8383  948.3837
2021 04 20 03 43 00    -4.7599594   -1.8050174  947.8347  948.3833
2021 04 20 03 44 00    -4.7586570   -1.8042911  947.8311  948.3869
2021 04 20 03 45 00    -4.7574641   -1.8036809  947.8274  948.3926
2021 04 20 03 46 00    -4.7562427   -1.8031562  947.8239  948.3979
2021 04 20 03 47 00    -4.7550082   -1.8025445  947.8207  948.4014
2021 04 20 03 48 00    -4.7538554   -1.8018530  947.8177  948.4025
2021 04 20 03 49 00    -4.7526486   -1.8011911  947.8145  948.4013
2021 04 20 03 50 00    -4.7513043   -1.8005705  947.8112  948.3979
2021 04 20 03 51 00    -4.7499938   -1.7999483  947.8078  948.3949
2021 04 20 03 52 00    -4.7487636   -1.7992924  947.8045  948.3937
2021 04 20 03 53 00    -4.7474265   -1.7986100  947.8013  948.3928
2021 04 20 03 54 00    -4.7460165   -1.7979182  947.7979  948.3909
2021 04 20 03 55 00    -4.7446863   -1.7972122  947.7946  948.3899
2021 04 20 03 56 00    -4.7433704   -1.7965475  947.7915  948.3916
2021 04 20 03 57 00    -4.7420653   -1.7959661  947.7884  948.3955
2021 04 20 03 58 00    -4.7407803   -1.7953333  947.7856  948.3990
2021 04 20 03 59 00    -4.7393346   -1.7945610  947.7831  948.4002
2021 04 20 04 00 00    -4.7377832   -1.7938170  947.7802  948.3999
2021 04 20 04 01 00    -4.7364030   -1.7932443  947.7769  948.4004
2021 04 20 04 02 00    -4.7351099   -1.7926702  947.7735  948.4025
2021 04 20 04 03 00    -4.7335615   -1.7918425  947.7705  948.4053
2021 04 20 04 04 00    -4.7317999   -1.7909105  947.7680  948.4080
2021 04 20 04 05 00    -4.7302250   -1.7901886  947.7655  948.4117
2021 04 20 04 06 00    -4.7288764   -1.7895275  947.7627  948.4169
2021 04 20 04 07 00    -4.7273755   -1.7886422  947.7599  948.4217
2021 04 20 04 08 00    -4.7256712   -1.7877015  947.7576  948.4252
2021 04 20 04 09 00    -4.7241020   -1.7869661  947.7553  948.4288
2021 04 20 04 10 00    -4.7227223   -1.7863041  947.7529  948.4333
2021 04 20 04 11 00    -4.7212654   -1.7854934  947.7506  948.4376
2021 04 20 04 12 00    -4.7196423   -1.7846607  947.7484  948.4402
2021 04 20 04 13 00    -4.7179670   -1.7839889  947.7460  948.4398
2021 04 20 04 14 00    -4.7163422   -1.7833424  947.7435  948.4380
2021 04 20 04 15 00    -4.7147968   -1.7825261  947.7413  948.4370
2021 04 20 04 16 00    -4.7131964   -1.7815373  947.7390  948.4355
2021 04 20 04 17 00    -4.7114129   -1.7805707  947.7365  948.4315
2021 04 20 04 18 00    -4.7095588   -1.7797743  947.7341  948.4273
2021 04 20 04 19 00    -4.7078018   -1.7789737  947.7322  948.4263
2021 04 20 04 20 00    -4.7061610   -1.7780391  947.7302  948.4281
2021 04 20 04 21 00    -4.7045200   -1.7771011  947.7279  948.4294
2021 04 20 04 22 00    -4.7028385   -1.7762349  947.7258  948.4278
2021 04 20 04 23 00    -4.7012094   -1.7754433  947.7239  948.4240
2021 04 20 04 24 00    -4.6995352   -1.7746381  947.7217  948.4201
2021 04 20 04 25 00    -4.6977099   -1.7737190  947.7191  948.4169
2021 04 20 04 26 00    -4.6959717   -1.7728486  947.7167  948.4141
2021 04 20 04 27 00    -4.6943539   -1.7720544  947.7147  948.4112
2021 04 20 04 28 00    -4.6925312   -1.7711024  947.7126  948.4081
2021 04 20 04 29 00    -4.6905753   -1.7701204  947.7100  948.4054
2021 04 20 04 30 00    -4.6887969   -1.7693291  947.7074  948.4049
2021 04 20 04 31 00    -4.6870814   -1.7685068  947.7055  948.4082
2021 04 20 04 32 00    -4.6851788   -1.7674841  947.7038  948.4144
2021 04 20 04 33 00    -4.6831545   -1.7664456  947.7014  948.4209
2021 04 20 04 34 00    -4.6812579   -1.7655484  947.6988  948.4268
2021 04 20 04 35 00    -4.6795561   -1.7647105  947.6968  948.4338
2021 04 20 04 36 00    -4.6777803   -1.7637199  947.6955  948.4414
2021 04 20 04 37 00    -4.6757112   -1.7625379  947.6941  948.4465
2021 04 20 04 38 00    -4.6735662   -1.7614158  947.6924  948.4475
2021 04 20 04 39 00    -4.6716193   -1.7605389  947.6905  948.4458
2021 04 20 04 40 00    -4.6697110   -1.7597396  947.6888  948.4429
2021 04 20 04 41 00    -4.6676581   -1.7587478  947.6873  948.4407
2021 04 20 04 42 00    -4.6656778   -1.7576126  947.6860  948.4410
2021 04 20 04 43 00    -4.6639309   -1.7566675  947.6845  948.4427
2021 04 20 04 44 00    -4.6621920   -1.7559647  947.6828  948.4435
2021 04 20 04 45 00    -4.6602101   -1.7551267  947.6814  948.4435
2021 04 20 04 46 00    -4.6580926   -1.7540325  947.6802  948.4448
2021 04 20 04 47 00    -4.6561083   -1.7529741  947.6788  948.4474
2021 04 20 04 48 00    -4.6542634   -1.7520355  947.6775  948.4491
2021 04 20 04 49 00    -4.6523305   -1.7510199  947.6762  948.4486
2021 04 20 04 50 00    -4.6501963   -1.7498529  947.6745  948.4483
2021 04 20 04 51 00    -4.6480325   -1.7486886  947.6725  948.4502
2021 04 20 04 52 00    -4.6460161   -1.7476695  947.6710  948.4535
2021 04 20 04 53 00    -4.6440485   -1.7466798  947.6700  948.4555
2021 04 20 04 54 00    -4.6419366   -1.7455780  947.6689  948.4557
2021 04 20 04 55 00    -4.6398112   -1.7445753  947.6676  948.4551
2021 04 20 04 56 00    -4.6379513   -1.7438045  947.6661  948.4539
2021 04 20 04 57 00    -4.6360781   -1.7428836  947.6647  948.4512
2021 04 20 04 58 00    -4.6338391   -1.7416768  947.6636  948.4474
2021 04 20 04 59 00    -4.6315413   -1.7405490  947.6625  948.4446
2021 04 20 05 00 00    -4.6294220   -1.7395259  947.6612  948.4444
2021 04 20 05 01 00    -4.6272826   -1.7384202  947.6598  948.4483
2021 04 20 05 02 00    -4.6250760   -1.7373552  947.6586  948.4570
2021 04 20 05 03 00    -4.6230134   -1.7364051  947.6574  948.4678
2021 04 20 05 04 00    -4.6210743   -1.7353832  947.6564  948.4765
2021 04 20 05 05 00    -4.6189894   -1.7342359  947.6555  948.4812
2021 04 20 05 06 00    -4.6167881   -1.7331351  947.6547  948.4825
2021 04 20 05 07 00    -4.6145985   -1.7320436  947.6542  948.4807
2021 04 20 05 08 00    -4.6123578   -1.7308222  947.6537  948.4765
2021 04 20 05 09 00    -4.6101640   -1.7296739  947.6530  948.4715
2021 04 20 05 10 00    -4.6080571   -1.7286918  947.6520  948.4662
2021 04 20 05 11 00    -4.6058957   -1.7276163  947.6509  948.4606
2021 04 20 05 12 00    -4.6037165   -1.7264710  947.6499  948.4560
2021 04 20 05 13 00    -4.6015207   -1.7254499  947.6489  948.4548
2021 04 20 05 14 00    -4.5992803   -1.7244061  947.6479  948.4596
2021 04 20 05 15 00    -4.5971292   -1.7232184  947.6469  948.4710
2021 04 20 05 16 00    -4.5949868   -1.7220443  947.6463  948.4861
2021 04 20 05 17 00    -4.5926260   -1.7208982  947.6461  948.5008
2021 04 20 05 18 00    -4.5901690   -1.7196798  947.6459  948.5128
2021 04 20 05 19 00    -4.5879102   -1.7185308  947.6459  948.5219
2021 04 20 05 20 00    -4.5857869   -1.7174992  947.6461  948.5282
2021 04 20 05 21 00    -4.5834652   -1.7163604  947.6465  948.5318
2021 04 20 05 22 00    -4.5809043   -1.7151102  947.6468  948.5346
2021 04 20 05 23 00    -4.5784660   -1.7139170  947.6475  948.5400
2021 04 20 05 24 00    -4.5762574   -1.7127661  947.6486  948.5519
2021 04 20 05 25 00    -4.5739643   -1.7116276  947.6499  948.5693
2021 04 20 05 26 00    -4.5715813   -1.7105269  947.6511  948.5859
2021 04 20 05 27 00    -4.5693387   -1.7094366  947.6523  948.5972
2021 04 20 05 28 00    -4.5671446   -1.7083706  947.6536  948.6044
2021 04 20 05 29 00    -4.5648529   -1.7072375  947.6548  948.6089
2021 04 20 05 30 00    -4.5624762   -1.7058684  947.6562  948.6109
2021 04 20 05 31 00    -4.5600759   -1.7044757  947.6581  948.6111
2021 04 20 05 32 00    -4.5577632   -1.7033895  947.6598  948.6116
2021 04 20 05 33 00    -4.5555345   -1.7024789  947.6611  948.6135
2021 04 20 05 34 00    -4.5533462   -1.7014707  947.6621  948.6169
2021 04 20 05 35 00    -4.5512542   -1.7003932  947.6633  948.6227
2021 04 20 05 36 00    -4.5491016   -1.6992996  947.6648  948.6298
2021 04 20 05 37 00    -4.5466764   -1.6980635  947.6667  948.6353
2021 04 20 05 38 00    -4.5441782   -1.6967465  947.6687  948.6395
2021 04 20 05 39 00    -4.5418683   -1.6955672  947.6703  948.6432
2021 04 20 05 40 00    -4.5396285   -1.6944961  947.6716  948.6444
2021 04 20 05 41 00    -4.5372614   -1.6933852  947.6729  948.6423
2021 04 20 05 42 00    -4.5348183   -1.6921702  947.6747  948.6394
2021 04 20 05 43 00    -4.5324373   -1.6909623  947.6763  948.6378
2021 04 20 05 44 00    -4.5301916   -1.6899642  947.6773  948.6360
2021 04 20 05 45 00    -4.5280564   -1.6889857  947.6783  948.6325
2021 04 20 05 46 00    -4.5258377   -1.6877168  947.6795  948.6296
2021 04 20 05 47 00    -4.5234889   -1.6863561  947.6805  948.6300
2021 04 20 05 48 00    -4.5211505   -1.6851310  947.6815  948.6317
2021 04 20 05 49 00    -4.5186995   -1.6839087  947.6830  948.6322
2021 04 20 05 50 00    -4.5161523   -1.6826938  947.6848  948.6320
2021 04 20 05 51 00    -4.5138415   -1.6816036  947.6864  948.6304
2021 04 20 05 52 00    -4.5116405   -1.6804771  947.6872  948.6253
2021 04 20 05 53 00    -4.5092636   -1.6792372  947.6878  948.6179
2021 04 20 05 54 00    -4.5068912   -1.6780674  947.6887  948.6121
2021 04 20 05 55 00    -4.5046002   -1.6769750  947.6896  948.6103
2021 04 20 05 56 00    -4.5022931   -1.6759120  947.6901  948.6113
2021 04 20 05 57 00    -4.5001515   -1.6749250  947.6907  948.6114
2021 04 20 05 58 00    -4.4980546   -1.6737643  947.6918  948.6078
2021 04 20 05 59 00    -4.4955352   -1.6722680  947.6932  948.6009
2021 04 20 06 00 00    -4.4928484   -1.6708686  947.6941  948.5927
2021 04 20 06 01 00    -4.4906114   -1.6698620  947.6947  948.5850
2021 04 20 06 02 00    -4.4886098   -1.6689762  947.6949  948.5786
2021 04 20 06 03 00    -4.4863590   -1.6679546  947.6949  948.5742
2021 04 20 06 04 00    -4.4839585   -1.6667744  947.6949  948.5719
2021 04 20 06 05 00    -4.4815818   -1.6654916  947.6951  948.5719
2021 04 20 06 06 00    -4.4792093   -1.6642742  947.6955  948.5732
2021 04 20 06 07 00    -4.4768234   -1.6631742  947.6958  948.5752
2021 04 20 06 08 00    -4.4743926   -1.6619906  947.6962  948.5781
2021 04 20 06 09 00    -4.4720135   -1.6607024  947.6967  948.5818
2021 04 20 06 10 00    -4.4697353   -1.6595056  947.6972  948.5853
2021 04 20 06 11 00    -4.4673241   -1.6583787  947.6978  948.5887
2021 04 20 06 12 00    -4.4646690   -1.6571496  947.6983  948.5937
2021 04 20 06 13 00    -4.4620241   -1.6558602  947.6992  948.6042
2021 04 20 06 14 00    -4.4596400   -1.6547035  947.7006  948.6210
2021 04 20 06 15 00    -4.4573701   -1.6536238  947.7023  948.6376
2021 04 20 06 16 00    -4.4548849   -1.6523502  947.7037  948.6461
2021 04 20 06 17 00    -4.4523265   -1.6509232  947.7047  948.6473
2021 04 20 06 18 00    -4.4500740   -1.6496573  947.7058  948.6461
2021 04 20 06 19 00    -4.4479406   -1.6485643  947.7072  948.6429
2021 04 20 06 20 00    -4.4455857   -1.6474264  947.7090  948.6372
2021 04 20 06 21 00    -4.4431363   -1.6462358  947.7107  948.6327
2021 04 20 06 22 00    -4.4407449   -1.6450844  947.7121  948.6315
2021 04 20 06 23 00    -4.4383291   -1.6439102  947.7130  948.6317
2021 04 20 06 24 00    -4.4358827   -1.6426480  947.7136  948.6330
2021 04 20 06 25 00    -4.4335126   -1.6413763  947.7146  948.6354
2021 04 20 06 26 00    -4.4312126   -1.6401600  947.7159  948.6365
2021 04 20 06 27 00    -4.4288672   -1.6390071  947.7176  948.6354
2021 04 20 06 28 00    -4.4264026   -1.6379030  947.7194  948.6344
2021 04 20 06 29 00    -4.4238617   -1.6367519  947.7207  948.6353
2021 04 20 06 30 00    -4.4214056   -1.6355424  947.7217  948.6382
2021 04 20 06 31 00    -4.4191276   -1.6343725  947.7228  948.6406
2021 04 20 06 32 00    -4.4168838   -1.6331980  947.7241  948.6393
2021 04 20 06 33 00    -4.4145249   -1.6319338  947.7254  948.6345
2021 04 20 06 34 00    -4.4120780   -1.6306546  947.7265  948.6299
2021 04 20 06 35 00    -4.4096279   -1.6294295  947.7277  948.6259
2021 04 20 06 36 00    -4.4073171   -1.6282240  947.7289  948.6197
2021 04 20 06 37 00    -4.4051662   -1.6270889  947.7300  948.6123
2021 04 20 06 38 00    -4.4028699   -1.6260573  947.7309  948.6081
2021 04 20 06 39 00    -4.4002764   -1.6249252  947.7317  948.6080
2021 04 20 06 40 00    -4.3977608   -1.6236602  947.7323  948.6101
2021 04 20 06 41 00    -4.3955509   -1.6225153  947.7329  948.6120
2021 04 20 06 42 00    -4.3932792   -1.6214136  947.7337  948.6127
2021 04 20 06 43 00    -4.3907080   -1.6200844  947.7348  948.6129
2021 04 20 06 44 00    -4.3880508   -1.6186297  947.7360  948.6144
2021 04 20 06 45 00    -4.3855717   -1.6172951  947.7374  948.6175
2021 04 20 06 46 00    -4.3832904   -1.6161275  947.7385  948.6211
2021 04 20 06 47 00    -4.3809289   -1.6150210  947.7396  948.6249
2021 04 20 06 48 00    -4.3784695   -1.6138645  947.7406  948.6298
2021 04 20 06 49 00    -4.3761226   -1.6126173  947.7416  948.6354
2021 04 20 06 50 00    -4.3736677   -1.6112672  947.7426  948.6402
2021 04 20 06 51 00    -4.3710292   -1.6099611  947.7441  948.6416
2021 04 20 06 52 00    -4.3685897   -1.6088700  947.7457  948.6377
2021 04 20 06 53 00    -4.3663312   -1.6077958  947.7469  948.6311
2021 04 20 06 54 00    -4.3639817   -1.6065541  947.7479  948.6269
2021 04 20 06 55 00    -4.3616249   -1.6053182  947.7490  948.6256
2021 04 20 06 56 00    -4.3593556   -1.6041919  947.7500  948.6229
2021 04 20 06 57 00    -4.3570574   -1.6030455  947.7509  948.6183
2021 04 20 06 58 00    -4.3546810   -1.6017601  947.7516  948.6156
2021 04 20 06 59 00    -4.3523671   -1.6004487  947.7525  948.6144
2021 04 20 07 00 00    -4.3501593   -1.5992648  947.7534  948.6107
2021 04 20 07 01 00    -4.3478260   -1.5980929  947.7543  948.6054
2021 04 20 07 02 00    -4.3452845   -1.5969098  947.7552  948.6024
2021 04 20 07 03 00    -4.3427053   -1.5958244  947.7559  948.6024
2021 04 20 07 04 00    -4.3401867   -1.5946384  947.7566  948.6035
2021 04 20 07 05 00    -4.3378167   -1.5932766  947.7573  948.6058
2021 04 20 07 06 00    -4.3355913   -1.5920364  947.7580  948.6110
2021 04 20 07 07 00    -4.3332525   -1.5909374  947.7590  948.6177
2021 04 20 07 08 00    -4.3307573   -1.5897728  947.7602  948.6213
2021 04 20 07 09 00    -4.3283330   -1.5885672  947.7617  948.6214
2021 04 20 07 10 00    -4.3259680   -1.5873850  947.7632  948.6234
2021 04 20 07 11 00    -4.3236263   -1.5862772  947.7645  948.6293
2021 04 20 07 12 00    -4.3214116   -1.5853125  947.7656  948.6337
2021 04 20 07 13 00    -4.3191159   -1.5842835  947.7667  948.6328
2021 04 20 07 14 00    -4.3165093   -1.5829782  947.7678  948.6301
2021 04 20 07 15 00    -4.3138810   -1.5815719  947.7687  948.6290
2021 04 20 07 16 00    -4.3114963   -1.5802547  947.7696  948.6303
2021 04 20 07 17 00    -4.3091798   -1.5789896  947.7709  948.6364
2021 04 20 07 18 00    -4.3067810   -1.5777088  947.7725  948.6479
2021 04 20 07 19 00    -4.3043031   -1.5764197  947.7743  948.6570
2021 04 20 07 20 00    -4.3017393   -1.5751921  947.7758  948.6560
2021 04 20 07 21 00    -4.2992441   -1.5740432  947.7772  948.6490
2021 04 20 07 22 00    -4.2969690   -1.5729421  947.7787  948.6445
2021 04 20 07 23 00    -4.2946906   -1.5718203  947.7803  948.6408
2021 04 20 07 24 00    -4.2922249   -1.5705464  947.7818  948.6325
2021 04 20 07 25 00    -4.2898077   -1.5692137  947.7827  948.6213
2021 04 20 07 26 00    -4.2875218   -1.5680755  947.7833  948.6127
2021 04 20 07 27 00    -4.2851541   -1.5670968  947.7840  948.6086
2021 04 20 07 28 00    -4.2827912   -1.5660506  947.7851  948.6090
2021 04 20 07 29 00    -4.2806301   -1.5648511  947.7864  948.6133
2021 04 20 07 30 00    -4.2784829   -1.5636396  947.7872  948.6175
2021 04 20 07 31 00    -4.2760918   -1.5625368  947.7877  948.6149
2021 04 20 07 32 00    -4.2734932   -1.5613601  947.7886  948.6078
2021 04 20 07 33 00    -4.2709039   -1.5599550  947.7897  948.6023
2021 04 20 07 34 00    -4.2684718   -1.5585146  947.7906  948.5986
2021 04 20 07 35 00    -4.2661381   -1.5572453  947.7914  948.5969
2021 04 20 07 36 00    -4.2638117   -1.5561092  947.7922  948.5991
2021 04 20 07 37 00    -4.2615159   -1.5550279  947.7929  948.6023
2021 04 20 07 38 00    -4.2592394   -1.5540173  947.7935  948.6018
2021 04 20 07 39 00    -4.2569489   -1.5530160  947.7944  948.5979
2021 04 20 07 40 00    -4.2546661   -1.5518757  947.7956  948.5924
2021 04 20 07 41 00    -4.2522953   -1.5505595  947.7963  948.5859
2021 04 20 07 42 00    -4.2497683   -1.5491663  947.7964  948.5801
2021 04 20 07 43 00    -4.2472803   -1.5478355  947.7964  948.5787
2021 04 20 07 44 00    -4.2449203   -1.5466653  947.7966  948.5819
2021 04 20 07 45 00    -4.2426147   -1.5456502  947.7971  948.5847
2021 04 20 07 46 00    -4.2403820   -1.5446093  947.7979  948.5832
2021 04 20 07 47 00    -4.2381139   -1.5433625  947.7988  948.5791
2021 04 20 07 48 00    -4.2357127   -1.5420751  947.7992  948.5752
2021 04 20 07 49 00    -4.2333225   -1.5409688  947.7991  948.5689
2021 04 20 07 50 00    -4.2310349   -1.5399165  947.7991  948.5579
2021 04 20 07 51 00    -4.2287847   -1.5387504  947.7992  948.5472
2021 04 20 07 52 00    -4.2264779   -1.5375164  947.7991  948.5461
2021 04 20 07 53 00    -4.2241066   -1.5363711  947.7987  948.5558
2021 04 20 07 54 00    -4.2216870   -1.5353104  947.7985  948.5641
2021 04 20 07 55 00    -4.2191351   -1.5340318  947.7988  948.5608
2021 04 20 07 56 00    -4.2165086   -1.5325459  947.7991  948.5512
2021 04 20 07 57 00    -4.2140760   -1.5313545  947.7992  948.5424
2021 04 20 07 58 00    -4.2119122   -1.5304812  947.7986  948.5330
2021 04 20 07 59 00    -4.2097938   -1.5294654  947.7972  948.5229
2021 04 20 08 00 00    -4.2074987   -1.5282354  947.7957  948.5156
2021 04 20 08 01 00    -4.2050168   -1.5268870  947.7946  948.5102
2021 04 20 08 02 00    -4.2025137   -1.5254770  947.7940  948.5036
2021 04 20 08 03 00    -4.2000691   -1.5242751  947.7935  948.4996
2021 04 20 08 04 00    -4.1976198   -1.5232265  947.7927  948.5051
2021 04 20 08 05 00    -4.1952283   -1.5219901  947.7919  948.5174
2021 04 20 08 06 00    -4.1930137   -1.5207331  947.7911  948.5259
2021 04 20 08 07 00    -4.1908231   -1.5196998  947.7907  948.5256
2021 04 20 08 08 00    -4.1884094   -1.5186323  947.7906  948.5229
2021 04 20 08 09 00    -4.1858300   -1.5173729  947.7904  948.5264
2021 04 20 08 10 00    -4.1833502   -1.5161405  947.7898  948.5313
2021 04 20 08 11 00    -4.1809989   -1.5149491  947.7887  948.5238
2021 04 20 08 12 00    -4.1784995   -1.5135990  947.7875  948.5054
2021 04 20 08 13 00    -4.1758420   -1.5122686  947.7867  948.4952
2021 04 20 08 14 00    -4.1734194   -1.5111917  947.7863  948.5011
2021 04 20 08 15 00    -4.1712471   -1.5101212  947.7857  948.5085
2021 04 20 08 16 00    -4.1689260   -1.5088998  947.7849  948.5035
2021 04 20 08 17 00    -4.1664848   -1.5077460  947.7840  948.4900
2021 04 20 08 18 00    -4.1641336   -1.5066776  947.7831  948.4805
2021 04 20 08 19 00    -4.1616948   -1.5054822  947.7820  948.4780
2021 04 20 08 20 00    -4.1591758   -1.5041949  947.7807  948.4754
2021 04 20 08 21 00    -4.1568316   -1.5029488  947.7794  948.4719
2021 04 20 08 22 00    -4.1545379   -1.5016816  947.7783  948.4702
2021 04 20 08 23 00    -4.1521148   -1.5004344  947.7771  948.4636
2021 04 20 08 24 00    -4.1496396   -1.4992603  947.7758  948.4509
2021 04 20 08 25 00    -4.1471575   -1.4979894  947.7746  948.4425
2021 04 20 08 26 00    -4.1446708   -1.4966156  947.7734  948.4400
2021 04 20 08 27 00    -4.1421643   -1.4952882  947.7718  948.4362
2021 04 20 08 28 00    -4.1396623   -1.4940498  947.7698  948.4301
2021 04 20 08 29 00    -4.1372315   -1.4928780  947.7680  948.4226
2021 04 20 08 30 00    -4.1347856   -1.4916448  947.7666  948.4138
2021 04 20 08 31 00    -4.1322626   -1.4902950  947.7653  948.4076
2021 04 20 08 32 00    -4.1297920   -1.4890458  947.7638  948.4057
2021 04 20 08 33 00    -4.1274280   -1.4880058  947.7622  948.4061
2021 04 20 08 34 00    -4.1250184   -1.4869286  947.7605  948.4068
2021 04 20 08 35 00    -4.1225060   -1.4856715  947.7589  948.4073
2021 04 20 08 36 00    -4.1200034   -1.4843766  947.7576  948.4081
2021 04 20 08 37 00    -4.1175076   -1.4830903  947.7564  948.4075
2021 04 20 08 38 00    -4.1150119   -1.4817871  947.7551  948.4019
2021 04 20 08 39 00    -4.1126229   -1.4805676  947.7535  948.3944
2021 04 20 08 40 00    -4.1102847   -1.4794203  947.7515  948.3901
2021 04 20 08 41 00    -4.1077784   -1.4781630  947.7496  948.3861
2021 04 20 08 42 00    -4.1050821   -1.4768464  947.7481  948.3800
2021 04 20 08 43 00    -4.1024729   -1.4756700  947.7463  948.3735
2021 04 20 08 44 00    -4.1000623   -1.4745202  947.7439  948.3633
2021 04 20 08 45 00    -4.0975900   -1.4732197  947.7418  948.3491
2021 04 20 08 46 00    -4.0949794   -1.4718439  947.7403  948.3393
2021 04 20 08 47 00    -4.0924673   -1.4705321  947.7391  948.3373
2021 04 20 08 48 00    -4.0900115   -1.4693461  947.7372  948.3401
2021 04 20 08 49 00    -4.0873832   -1.4681155  947.7349  948.3451
2021 04 20 08 50 00    -4.0846928   -1.4666774  947.7327  948.3488
2021 04 20 08 51 00    -4.0820827   -1.4652976  947.7311  948.3493
2021 04 20 08 52 00    -4.0795040   -1.4641372  947.7296  948.3502
2021 04 20 08 53 00    -4.0769595   -1.4628719  947.7281  948.3557
2021 04 20 08 54 00    -4.0742827   -1.4613550  947.7263  948.3639
2021 04 20 08 55 00    -4.0713452   -1.4598496  947.7245  948.3704
2021 04 20 08 56 00    -4.0685292   -1.4585188  947.7231  948.3742
2021 04 20 08 57 00    -4.0660853   -1.4572787  947.7220  948.3756
2021 04 20 08 58 00    -4.0636533   -1.4560253  947.7211  948.3753
2021 04 20 08 59 00    -4.0609633   -1.4546992  947.7201  948.3739
2021 04 20 09 00 00    -4.0582272   -1.4532784  947.7186  948.3690
2021 04 20 09 01 00    -4.0555840   -1.4517913  947.7168  948.3606
2021 04 20 09 02 00    -4.0528589   -1.4503007  947.7153  948.3539
2021 04 20 09 03 00    -4.0500454   -1.4488968  947.7142  948.3516
2021 04 20 09 04 00    -4.0474197   -1.4476962  947.7129  948.3515
2021 04 20 09 05 00    -4.0450001   -1.4466856  947.7113  948.3516
2021 04 20 09 06 00    -4.0424608   -1.4455791  947.7095  948.3534
2021 04 20 09 07 00    -4.0397405   -1.4442114  947.7081  948.3551
2021 04 20 09 08 00    -4.0370464   -1.4427744  947.7074  948.3538
2021 04 20 09 09 00    -4.0342615   -1.4413474  947.7068  948.3564
2021 04 20 09 10 00    -4.0312445   -1.4398345  947.7061  948.3684
2021 04 20 09 11 00    -4.0283310   -1.4383077  947.7054  948.3810
2021 04 20 09 12 00    -4.0256640   -1.4369071  947.7045  948.3826
2021 04 20 09 13 00    -4.0229555   -1.4356865  947.7033  948.3713
2021 04 20 09 14 00    -4.0202295   -1.4345680  947.7016  948.3561
2021 04 20 09 15 00    -4.0176131   -1.4333366  947.7002  948.3503
2021 04 20 09 16 00    -4.0148945   -1.4318919  947.6993  948.3554
2021 04 20 09 17 00    -4.0120421   -1.4303622  947.6988  948.3596
2021 04 20 09 18 00    -4.0092574   -1.4288958  947.6982  948.3604
2021 04 20 09 19 00    -4.0065300   -1.4275337  947.6976  948.3667
2021 04 20 09 20 00    -4.0037782   -1.4262358  947.6969  948.3767
2021 04 20 09 21 00    -4.0009925   -1.4249181  947.6960  948.3766
2021 04 20 09 22 00    -3.9981997   -1.4235435  947.6946  948.3607
2021 04 20 09 23 00    -3.9955471   -1.4221946  947.6928  948.3359
2021 04 20 09 24 00    -3.9930365   -1.4209133  947.6910  948.3137
2021 04 20 09 25 00    -3.9903259   -1.4195752  947.6893  948.3000
2021 04 20 09 26 00    -3.9872897   -1.4181149  947.6878  948.2936
2021 04 20 09 27 00    -3.9842494   -1.4166526  947.6865  948.2943
2021 04 20 09 28 00    -3.9813833   -1.4152459  947.6851  948.3008
2021 04 20 09 29 00    -3.9785035   -1.4137078  947.6832  948.3029
2021 04 20 09 30 00    -3.9754477   -1.4119414  947.6809  948.2890
2021 04 20 09 31 00    -3.9724335   -1.4103237  947.6789  948.2661
2021 04 20 09 32 00    -3.9697351   -1.4091264  947.6775  948.2561
2021 04 20 09 33 00    -3.9670815   -1.4079023  947.6758  948.2607
2021 04 20 09 34 00    -3.9640892   -1.4062677  947.6735  948.2635
2021 04 20 09 35 00    -3.9609204   -1.4045405  947.6710  948.2612
2021 04 20 09 36 00    -3.9579123   -1.4030659  947.6692  948.2600
2021 04 20 09 37 00    -3.9551074   -1.4017713  947.6679  948.2609
2021 04 20 09 38 00    -3.9522868   -1.4004677  947.6663  948.2614
2021 04 20 09 39 00    -3.9492358   -1.3990124  947.6643  948.2617
2021 04 20 09 40 00    -3.9460409   -1.3973742  947.6621  948.2644
2021 04 20 09 41 00    -3.9429713   -1.3957283  947.6600  948.2666
2021 04 20 09 42 00    -3.9400655   -1.3941812  947.6578  948.2612
2021 04 20 09 43 00    -3.9370807   -1.3926362  947.6557  948.2483
2021 04 20 09 44 00    -3.9339602   -1.3911003  947.6541  948.2366
2021 04 20 09 45 00    -3.9309611   -1.3896371  947.6525  948.2286
2021 04 20 09 46 00    -3.9280817   -1.3882093  947.6503  948.2183
2021 04 20 09 47 00    -3.9250376   -1.3867746  947.6479  948.2101
2021 04 20 09 48 00    -3.9217933   -1.3852489  947.6461  948.2186
2021 04 20 09 49 00    -3.9185061   -1.3835945  947.6447  948.2409
2021 04 20 09 50 00    -3.9152596   -1.3818916  947.6437  948.2602
2021 04 20 09 51 00    -3.9120829   -1.3802348  947.6428  948.2690
2021 04 20 09 52 00    -3.9090425   -1.3787456  947.6416  948.2682
2021 04 20 09 53 00    -3.9060896   -1.3772983  947.6398  948.2605
2021 04 20 09 54 00    -3.9029482   -1.3755664  947.6381  948.2563
2021 04 20 09 55 00    -3.8996092   -1.3737561  947.6369  948.2590
2021 04 20 09 56 00    -3.8963686   -1.3722564  947.6357  948.2564
2021 04 20 09 57 00    -3.8932168   -1.3708005  947.6338  948.2448
2021 04 20 09 58 00    -3.8900548   -1.3691589  947.6316  948.2362
2021 04 20 09 59 00    -3.8869632   -1.3676016  947.6298  948.2360
2021 04 20 10 00 00    -3.8837753   -1.3660931  947.6287  948.2428
2021 04 20 10 01 00    -3.8803028   -1.3643423  947.6278  948.2581
2021 04 20 10 02 00    -3.8768255   -1.3624940  947.6264  948.2712
2021 04 20 10 03 00    -3.8735857   -1.3608241  947.6249  948.2649
2021 04 20 10 04 00    -3.8703122   -1.3592018  947.6234  948.2499
2021 04 20 10 05 00    -3.8667975   -1.3574487  947.6218  948.2447
2021 04 20 10 06 00    -3.8633407   -1.3557509  947.6203  948.2440
2021 04 20 10 07 00    -3.8601260   -1.3542424  947.6190  948.2420
2021 04 20 10 08 00    -3.8568893   -1.3527270  947.6173  948.2353
2021 04 20 10 09 00    -3.8535220   -1.3510379  947.6148  948.2145
2021 04 20 10 10 00    -3.8501571   -1.3492304  947.6121  948.1906
2021 04 20 10 11 00    -3.8467563   -1.3474530  947.6100  948.1793
2021 04 20 10 12 00    -3.8433552   -1.3457664  947.6083  948.1696
2021 04 20 10 13 00    -3.8400607   -1.3441032  947.6065  948.1583
2021 04 20 10 14 00    -3.8366514   -1.3424151  947.6042  948.1647
2021 04 20 10 15 00    -3.8330676   -1.3407297  947.6021  948.1869
2021 04 20 10 16 00    -3.8296181   -1.3390352  947.6003  948.1992
2021 04 20 10 17 00    -3.8262927   -1.3372767  947.5986  948.1855
2021 04 20 10 18 00    -3.8227539   -1.3354488  947.5963  948.1510
2021 04 20 10 19 00    -3.8189986   -1.3335919  947.5938  948.1276
2021 04 20 10 20 00    -3.8154760   -1.3318133  947.5917  948.1356
2021 04 20 10 21 00    -3.8122510   -1.3301912  947.5896  948.1385
2021 04 20 10 22 00    -3.8087825   -1.3285631  947.5869  948.1073
2021 04 20 10 23 00    -3.8050376   -1.3267537  947.5839  948.0787
2021 04 20 10 24 00    -3.8015180   -1.3249268  947.5812  948.0817
2021 04 20 10 25 00    -3.7981316   -1.3232222  947.5784  948.0874
2021 04 20 10 26 00    -3.7944637   -1.3214616  947.5752  948.0737
2021 04 20 10 27 00    -3.7907546   -1.3196381  947.5720  948.0543
2021 04 20 10 28 00    -3.7872912   -1.3178780  947.5691  948.0439
2021 04 20 10 29 00    -3.7836670   -1.3160168  947.5666  948.0494
2021 04 20 10 30 00    -3.7797813   -1.3140529  947.5641  948.0598
2021 04 20 10 31 00    -3.7760702   -1.3121925  947.5611  948.0563
2021 04 20 10 32 00    -3.7724629   -1.3103065  947.5577  948.0480
2021 04 20 10 33 00    -3.7686349   -1.3083014  947.5544  948.0472
2021 04 20 10 34 00    -3.7646981   -1.3063974  947.5512  948.0436
2021 04 20 10 35 00    -3.7609068   -1.3046171  947.5485  948.0349
2021 04 20 10 36 00    -3.7571978   -1.3027117  947.5460  948.0256
2021 04 20 10 37 00    -3.7533387   -1.3006330  947.5430  948.0144
2021 04 20 10 38 00    -3.7494165   -1.2986038  947.5398  948.0099
2021 04 20 10 39 00    -3.7456472   -1.2967008  947.5372  948.0179
2021 04 20 10 40 00    -3.7419178   -1.2947983  947.5346  948.0244
2021 04 20 10 41 00    -3.7381151   -1.2929032  947.5318  948.0181
2021 04 20 10 42 00    -3.7343449   -1.2911090  947.5291  948.0037
2021 04 20 10 43 00    -3.7305640   -1.2893092  947.5259  947.9814
2021 04 20 10 44 00    -3.7266397   -1.2873502  947.5222  947.9501
2021 04 20 10 45 00    -3.7226871   -1.2853410  947.5183  947.9208
2021 04 20 10 46 00    -3.7188779   -1.2834609  947.5143  947.8979
2021 04 20 10 47 00    -3.7150564   -1.2816143  947.5104  947.8762
2021 04 20 10 48 00    -3.7109579   -1.2796027  947.5065  947.8616
2021 04 20 10 49 00    -3.7067606   -1.2775050  947.5025  947.8610
2021 04 20 10 50 00    -3.7028382   -1.2755430  947.4985  947.8650
2021 04 20 10 51 00    -3.6990142   -1.2736458  947.4946  947.8606
2021 04 20 10 52 00    -3.6948845   -1.2715979  947.4908  947.8484
2021 04 20 10 53 00    -3.6906538   -1.2695311  947.4867  947.8292
2021 04 20 10 54 00    -3.6866630   -1.2676390  947.4822  947.8029
2021 04 20 10 55 00    -3.6826915   -1.2656773  947.4777  947.7825
2021 04 20 10 56 00    -3.6785203   -1.2634384  947.4733  947.7741
2021 04 20 10 57 00    -3.6743561   -1.2612354  947.4689  947.7727
2021 04 20 10 58 00    -3.6702888   -1.2592943  947.4644  947.7803
2021 04 20 10 59 00    -3.6660823   -1.2573059  947.4599  947.7892
2021 04 20 11 00 00    -3.6617338   -1.2551030  947.4556  947.7810
2021 04 20 11 01 00    -3.6574514   -1.2528920  947.4513  947.7613
2021 04 20 11 02 00    -3.6532201   -1.2506601  947.4471  947.7519
2021 04 20 11 03 00    -3.6490274   -1.2483432  947.4425  947.7540
2021 04 20 11 04 00    -3.6448563   -1.2461553  947.4378  947.7506
2021 04 20 11 05 00    -3.6405405   -1.2441303  947.4335  947.7365
2021 04 20 11 06 00    -3.6361331   -1.2420501  947.4295  947.7215
2021 04 20 11 07 00    -3.6318061   -1.2398828  947.4253  947.7104
2021 04 20 11 08 00    -3.6274724   -1.2377083  947.4206  947.6996
2021 04 20 11 09 00    -3.6230318   -1.2355466  947.4156  947.6926
2021 04 20 11 10 00    -3.6186444   -1.2334653  947.4107  947.6931
2021 04 20 11 11 00    -3.6143914   -1.2314184  947.4060  947.6899
2021 04 20 11 12 00    -3.6100314   -1.2292254  947.4015  947.6769
2021 04 20 11 13 00    -3.6054397   -1.2268924  947.3971  947.6645
2021 04 20 11 14 00    -3.6008373   -1.2245820  947.3927  947.6578
2021 04 20 11 15 00    -3.5963711   -1.2223828  947.3880  947.6529
2021 04 20 11 16 00    -3.5919717   -1.2202451  947.3832  947.6503
2021 04 20 11 17 00    -3.5875678   -1.2180535  947.3784  947.6461
2021 04 20 11 18 00    -3.5830576   -1.2157398  947.3736  947.6301
2021 04 20 11 19 00    -3.5783987   -1.2133438  947.3686  947.6051
2021 04 20 11 20 00    -3.5737167   -1.2109584  947.3636  947.5838
2021 04 20 11 21 00    -3.5690753   -1.2086280  947.3585  947.5719
2021 04 20 11 22 00    -3.5644945   -1.2064019  947.3537  947.5674
2021 04 20 11 23 00    -3.5599696   -1.2042415  947.3490  947.5654
2021 04 20 11 24 00    -3.5553090   -1.2019053  947.3443  947.5613
2021 04 20 11 25 00    -3.5504298   -1.1993208  947.3391  947.5533
2021 04 20 11 26 00    -3.5455739   -1.1967826  947.3338  947.5395
2021 04 20 11 27 00    -3.5409132   -1.1945184  947.3285  947.5189
2021 04 20 11 28 00    -3.5362958   -1.1923923  947.3231  947.4999
2021 04 20 11 29 00    -3.5315067   -1.1901167  947.3177  947.4955
2021 04 20 11 30 00    -3.5265410   -1.1875842  947.3124  947.5063
2021 04 20 11 31 00    -3.5216402   -1.1849835  947.3073  947.5105
2021 04 20 11 32 00    -3.5169004   -1.1824880  947.3023  947.4878
2021 04 20 11 33 00    -3.5120140   -1.1800511  947.2972  947.4596
2021 04 20 11 34 00    -3.5069070   -1.1776227  947.2919  947.4571
2021 04 20 11 35 00    -3.5018054   -1.1750490  947.2864  947.4677
2021 04 20 11 36 00    -3.4967221   -1.1722306  947.2810  947.4688
2021 04 20 11 37 00    -3.4917687   -1.1695589  947.2759  947.4606
2021 04 20 11 38 00    -3.4870216   -1.1672526  947.2710  947.4488
2021 04 20 11 39 00    -3.4821919   -1.1649719  947.2660  947.4415
2021 04 20 11 40 00    -3.4771531   -1.1625802  947.2610  947.4495
2021 04 20 11 41 00    -3.4720270   -1.1601778  947.2562  947.4696
2021 04 20 11 42 00    -3.4669009   -1.1576694  947.2514  947.4821
2021 04 20 11 43 00    -3.4618275   -1.1550576  947.2464  947.4726
2021 04 20 11 44 00    -3.4567933   -1.1525288  947.2413  947.4496
2021 04 20 11 45 00    -3.4517554   -1.1500266  947.2362  947.4304
2021 04 20 11 46 00    -3.4466975   -1.1474058  947.2310  947.4197
2021 04 20 11 47 00    -3.4415911   -1.1448088  947.2256  947.4098
2021 04 20 11 48 00    -3.4364344   -1.1423347  947.2201  947.3943
2021 04 20 11 49 00    -3.4313081   -1.1398382  947.2148  947.3747
2021 04 20 11 50 00    -3.4262002   -1.1372510  947.2093  947.3552
2021 04 20 11 51 00    -3.4209499   -1.1345835  947.2038  947.3409
2021 04 20 11 52 00    -3.4155999   -1.1318469  947.1983  947.3362
2021 04 20 11 53 00    -3.4103546   -1.1291752  947.1927  947.3342
2021 04 20 11 54 00    -3.4052145   -1.1266340  947.1868  947.3221
2021 04 20 11 55 00    -3.3999595   -1.1240141  947.1806  947.2961
2021 04 20 11 56 00    -3.3944088   -1.1211798  947.1746  947.2676
2021 04 20 11 57 00    -3.3888131   -1.1184147  947.1691  947.2573
2021 04 20 11 58 00    -3.3834688   -1.1158851  947.1637  947.2691
2021 04 20 11 59 00    -3.3780801   -1.1131848  947.1583  947.2834
2021 04 20 12 00 00    -3.3724155   -1.1101418  947.1528  947.2883
2021 04 20 12 01 00    -3.3667299   -1.1071776  947.1473  947.2862
2021 04 20 12 02 00    -3.3611233   -1.1044585  947.1419  947.2825
2021 04 20 12 03 00    -3.3555104   -1.1017676  947.1366  947.2858
2021 04 20 12 04 00    -3.3499865   -1.0990140  947.1315  947.2975
2021 04 20 12 05 00    -3.3445809   -1.0962212  947.1265  947.3066
2021 04 20 12 06 00    -3.3390596   -1.0934258  947.1213  947.3087
2021 04 20 12 07 00    -3.3332906   -1.0906640  947.1161  947.3109
2021 04 20 12 08 00    -3.3274755   -1.0878474  947.1111  947.3173
2021 04 20 12 09 00    -3.3218491   -1.0849123  947.1065  947.3214
2021 04 20 12 10 00    -3.3163767   -1.0819949  947.1018  947.3153
2021 04 20 12 11 00    -3.3107682   -1.0790970  947.0969  947.3039
2021 04 20 12 12 00    -3.3048458   -1.0760667  947.0920  947.3016
2021 04 20 12 13 00    -3.2989526   -1.0731237  947.0870  947.3050
2021 04 20 12 14 00    -3.2934230   -1.0705084  947.0819  947.2940
2021 04 20 12 15 00    -3.2878762   -1.0678470  947.0765  947.2695
2021 04 20 12 16 00    -3.2819795   -1.0648523  947.0712  947.2573
2021 04 20 12 17 00    -3.2761308   -1.0618632  947.0662  947.2652
2021 04 20 12 18 00    -3.2705542   -1.0590954  947.0613  947.2656
2021 04 20 12 19 00    -3.2648775   -1.0563516  947.0563  947.2413
2021 04 20 12 20 00    -3.2589329   -1.0534960  947.0511  947.2132
2021 04 20 12 21 00    -3.2529421   -1.0505152  947.0461  947.2059
2021 04 20 12 22 00    -3.2471072   -1.0474490  947.0409  947.2187
2021 04 20 12 23 00    -3.2414487   -1.0444734  947.0354  947.2307
2021 04 20 12 24 00    -3.2357363   -1.0416431  947.0298  947.2198
2021 04 20 12 25 00    -3.2297618   -1.0387851  947.0242  947.1889
2021 04 20 12 26 00    -3.2237308   -1.0358894  947.0186  947.1599
2021 04 20 12 27 00    -3.2178773   -1.0330341  947.0133  947.1443
2021 04 20 12 28 00    -3.2119368   -1.0300504  947.0082  947.1383
2021 04 20 12 29 00    -3.2056946   -1.0268420  947.0030  947.1330
2021 04 20 12 30 00    -3.1994552   -1.0236004  946.9975  947.1235
2021 04 20 12 31 00    -3.1933468   -1.0204494  946.9917  947.1150
2021 04 20 12 32 00    -3.1871386   -1.0173239  946.9860  947.1135
2021 04 20 12 33 00    -3.1808948   -1.0142621  946.9803  947.1145
2021 04 20 12 34 00    -3.1748069   -1.0113567  946.9747  947.1085
2021 04 20 12 35 00    -3.1687086   -1.0083677  946.9691  947.0934
2021 04 20 12 36 00    -3.1624673   -1.0050977  946.9633  947.0742
2021 04 20 12 37 00    -3.1562968   -1.0018455  946.9575  947.0603
2021 04 20 12 38 00    -3.1502193   -0.9987361  946.9519  947.0580
2021 04 20 12 39 00    -3.1440111   -0.9955579  946.9466  947.0584
2021 04 20 12 40 00    -3.1377245   -0.9924192  946.9411  947.0480
2021 04 20 12 41 00    -3.1314571   -0.9894230  946.9354  947.0281
2021 04 20 12 42 00    -3.1251193   -0.9862847  946.9298  947.0070
2021 04 20 12 43 00    -3.1187620   -0.9829902  946.9240  946.9944
2021 04 20 12 44 00    -3.1124845   -0.9799072  946.9182  947.0041
2021 04 20 12 45 00    -3.1061966   -0.9770080  946.9126  947.0281
2021 04 20 12 46 00    -3.0998414   -0.9738971  946.9070  947.0361
2021 04 20 12 47 00    -3.0934468   -0.9705421  946.9013  947.0234
2021 04 20 12 48 00    -3.0869145   -0.9671905  946.8957  947.0106
2021 04 20 12 49 00    -3.0801783   -0.9638572  946.8900  946.9991
2021 04 20 12 50 00    -3.0733975   -0.9604459  946.8842  946.9800
2021 04 20 12 51 00    -3.0667482   -0.9570067  946.8783  946.9728
2021 04 20 12 52 00    -3.0603079   -0.9536651  946.8728  947.0004
2021 04 20 12 53 00    -3.0540406   -0.9504929  946.8675  947.0407
2021 04 20 12 54 00    -3.0476792   -0.9474129  946.8623  947.0557
2021 04 20 12 55 00    -3.0410307   -0.9442605  946.8574  947.0455
2021 04 20 12 56 00    -3.0342639   -0.9409170  946.8527  947.0310
2021 04 20 12 57 00    -3.0275423   -0.9374485  946.8477  947.0217
2021 04 20 12 58 00    -3.0208808   -0.9341291  946.8426  947.0194
2021 04 20 12 59 00    -3.0143406   -0.9309651  946.8377  947.0203
2021 04 20 13 00 00    -3.0078187   -0.9276130  946.8328  947.0175
2021 04 20 13 01 00    -3.0011182   -0.9240728  946.8279  947.0117
2021 04 20 13 02 00    -2.9944447   -0.9206886  946.8228  947.0043
2021 04 20 13 03 00    -2.9880168   -0.9175061  946.8175  946.9894
2021 04 20 13 04 00    -2.9815596   -0.9142778  946.8120  946.9685
2021 04 20 13 05 00    -2.9749348   -0.9109356  946.8065  946.9512
2021 04 20 13 06 00    -2.9683035   -0.9075937  946.8009  946.9389
2021 04 20 13 07 00    -2.9616262   -0.9042175  946.7954  946.9284
2021 04 20 13 08 00    -2.9548899   -0.9007545  946.7900  946.9198
2021 04 20 13 09 00    -2.9481699   -0.8973570  946.7848  946.9147
2021 04 20 13 10 00    -2.9414522   -0.8941263  946.7797  946.9130
2021 04 20 13 11 00    -2.9347923   -0.8909560  946.7745  946.9103
2021 04 20 13 12 00    -2.9281882   -0.8877035  946.7690  946.9025
2021 04 20 13 13 00    -2.9215293   -0.8843301  946.7632  946.8919
2021 04 20 13 14 00    -2.9146854   -0.8809045  946.7576  946.8833
2021 04 20 13 15 00    -2.9076200   -0.8774828  946.7520  946.8772
2021 04 20 13 16 00    -2.9006425   -0.8740674  946.7463  946.8662
2021 04 20 13 17 00    -2.8939745   -0.8706551  946.7405  946.8447
2021 04 20 13 18 00    -2.8872806   -0.8672175  946.7348  946.8236
2021 04 20 13 19 00    -2.8802980   -0.8637262  946.7292  946.8178
2021 04 20 13 20 00    -2.8733470   -0.8602267  946.7235  946.8200
2021 04 20 13 21 00    -2.8666484   -0.8567849  946.7176  946.8122
2021 04 20 13 22 00    -2.8598454   -0.8533173  946.7116  946.7921
2021 04 20 13 23 00    -2.8527588   -0.8497693  946.7057  946.7755
2021 04 20 13 24 00    -2.8457245   -0.8463017  946.6998  946.7744
2021 04 20 13 25 00    -2.8388984   -0.8429348  946.6939  946.7794
2021 04 20 13 26 00    -2.8320917   -0.8395374  946.6879  946.7734
2021 04 20 13 27 00    -2.8251171   -0.8360807  946.6818  946.7530
2021 04 20 13 28 00    -2.8179381   -0.8324815  946.6757  946.7298
2021 04 20 13 29 00    -2.8107267   -0.8287237  946.6696  946.7210
2021 04 20 13 30 00    -2.8036447   -0.8250327  946.6637  946.7312
2021 04 20 13 31 00    -2.7965695   -0.8214745  946.6579  946.7446
2021 04 20 13 32 00    -2.7893160   -0.8178346  946.6521  946.7460
2021 04 20 13 33 00    -2.7820844   -0.8141762  946.6462  946.7380
2021 04 20 13 34 00    -2.7751612   -0.8108120  946.6405  946.7321
2021 04 20 13 35 00    -2.7682305   -0.8075363  946.6350  946.7335
2021 04 20 13 36 00    -2.7609557   -0.8039666  946.6297  946.7378
2021 04 20 13 37 00    -2.7536764   -0.8002906  946.6246  946.7371
2021 04 20 13 38 00    -2.7466272   -0.7967197  946.6194  946.7311
2021 04 20 13 39 00    -2.7395953   -0.7931670  946.6139  946.7258
2021 04 20 13 40 00    -2.7324895   -0.7896288  946.6083  946.7222
2021 04 20 13 41 00    -2.7253434   -0.7861294  946.6026  946.7150
2021 04 20 13 42 00    -2.7181770   -0.7826014  946.5969  946.7023
2021 04 20 13 43 00    -2.7110721   -0.7790045  946.5911  946.6900
2021 04 20 13 44 00    -2.7040499   -0.7753901  946.5852  946.6822
2021 04 20 13 45 00    -2.6969181   -0.7717548  946.5796  946.6731
2021 04 20 13 46 00    -2.6895429   -0.7680317  946.5744  946.6639
2021 04 20 13 47 00    -2.6821997   -0.7643094  946.5691  946.6662
2021 04 20 13 48 00    -2.6750809   -0.7606845  946.5634  946.6779
2021 04 20 13 49 00    -2.6679569   -0.7571090  946.5577  946.6870
2021 04 20 13 50 00    -2.6607164   -0.7535341  946.5522  946.6911
2021 04 20 13 51 00    -2.6533741   -0.7499164  946.5470  946.6906
2021 04 20 13 52 00    -2.6459564   -0.7462526  946.5418  946.6807
2021 04 20 13 53 00    -2.6387115   -0.7426142  946.5363  946.6593
2021 04 20 13 54 00    -2.6316945   -0.7390329  946.5309  946.6349
2021 04 20 13 55 00    -2.6246414   -0.7354961  946.5255  946.6206
2021 04 20 13 56 00    -2.6174342   -0.7320053  946.5200  946.6157
2021 04 20 13 57 00    -2.6101845   -0.7285212  946.5142  946.6082
2021 04 20 13 58 00    -2.6029739   -0.7248976  946.5081  946.5923
2021 04 20 13 59 00    -2.5957022   -0.7211205  946.5021  946.5720
2021 04 20 14 00 00    -2.5883404   -0.7174155  946.4962  946.5509
2021 04 20 14 01 00    -2.5810698   -0.7138395  946.4902  946.5332
2021 04 20 14 02 00    -2.5739746   -0.7102942  946.4841  946.5248
2021 04 20 14 03 00    -2.5668583   -0.7067476  946.4781  946.5217
2021 04 20 14 04 00    -2.5595635   -0.7031067  946.4723  946.5112
2021 04 20 14 05 00    -2.5523017   -0.6993697  946.4664  946.4897
2021 04 20 14 06 00    -2.5451325   -0.6956480  946.4602  946.4645
2021 04 20 14 07 00    -2.5377515   -0.6919667  946.4536  946.4435
2021 04 20 14 08 00    -2.5302508   -0.6883612  946.4472  946.4317
2021 04 20 14 09 00    -2.5229268   -0.6847972  946.4407  946.4276
2021 04 20 14 10 00    -2.5156330   -0.6811252  946.4345  946.4252
2021 04 20 14 11 00    -2.5082636   -0.6773610  946.4286  946.4268
2021 04 20 14 12 00    -2.5009857   -0.6736515  946.4227  946.4382
2021 04 20 14 13 00    -2.4937195   -0.6700192  946.4169  946.4544
2021 04 20 14 14 00    -2.4863218   -0.6663978  946.4110  946.4650
2021 04 20 14 15 00    -2.4789484   -0.6627348  946.4051  946.4660
2021 04 20 14 16 00    -2.4716254   -0.6589791  946.3992  946.4610
2021 04 20 14 17 00    -2.4642420   -0.6551694  946.3934  946.4575
2021 04 20 14 18 00    -2.4570081   -0.6514600  946.3877  946.4584
2021 04 20 14 19 00    -2.4499440   -0.6478943  946.3818  946.4615
2021 04 20 14 20 00    -2.4425522   -0.6442889  946.3760  946.4667
2021 04 20 14 21 00    -2.4348027   -0.6404983  946.3704  946.4749
2021 04 20 14 22 00    -2.4272270   -0.6366530  946.3651  946.4821
2021 04 20 14 23 00    -2.4198539   -0.6329036  946.3597  946.4842
2021 04 20 14 24 00    -2.4124494   -0.6291827  946.3542  946.4896
2021 04 20 14 25 00    -2.4051215   -0.6254787  946.3487  946.5116
2021 04 20 14 26 00    -2.3978017   -0.6218482  946.3438  946.5377
2021 04 20 14 27 00    -2.3902583   -0.6181313  946.3390  946.5406
2021 04 20 14 28 00    -2.3826128   -0.6142516  946.3341  946.5261
2021 04 20 14 29 00    -2.3750720   -0.6104610  946.3292  946.5181
2021 04 20 14 30 00    -2.3676858   -0.6068969  946.3242  946.5191
2021 04 20 14 31 00    -2.3604425   -0.6033536  946.3190  946.5205
2021 04 20 14 32 00    -2.3532098   -0.5996188  946.3140  946.5172
2021 04 20 14 33 00    -2.3458844   -0.5957875  946.3093  946.5075
2021 04 20 14 34 00    -2.3385688   -0.5921442  946.3047  946.5016
2021 04 20 14 35 00    -2.3313645   -0.5887257  946.2998  946.5060
2021 04 20 14 36 00    -2.3241336   -0.5852014  946.2949  946.5058
2021 04 20 14 37 00    -2.3166450   -0.5813472  946.2903  946.4939
2021 04 20 14 38 00    -2.3090645   -0.5774442  946.2856  946.4846
2021 04 20 14 39 00    -2.3017693   -0.5737978  946.2805  946.4838
2021 04 20 14 40 00    -2.2946162   -0.5701941  946.2753  946.4854
2021 04 20 14 41 00    -2.2872662   -0.5664832  946.2702  946.4897
2021 04 20 14 42 00    -2.2798643   -0.5629248  946.2656  946.4967
2021 04 20 14 43 00    -2.2726299   -0.5594715  946.2614  946.5012
2021 04 20 14 44 00    -2.2653536   -0.5557654  946.2574  946.5028
2021 04 20 14 45 00    -2.2578576   -0.5518650  946.2531  946.5050
2021 04 20 14 46 00    -2.2504192   -0.5481110  946.2486  946.5072
2021 04 20 14 47 00    -2.2432510   -0.5446023  946.2441  946.5079
2021 04 20 14 48 00    -2.2361447   -0.5411827  946.2397  946.5090
2021 04 20 14 49 00    -2.2289272   -0.5376161  946.2353  946.5121
2021 04 20 14 50 00    -2.2216243   -0.5338428  946.2311  946.5172
2021 04 20 14 51 00    -2.2142815   -0.5300869  946.2273  946.5237
2021 04 20 14 52 00    -2.2070017   -0.5264884  946.2235  946.5304
2021 04 20 14 53 00    -2.1997970   -0.5228757  946.2196  946.5356
2021 04 20 14 54 00    -2.1925824   -0.5191254  946.2158  946.5374
2021 04 20 14 55 00    -2.1853719   -0.5153842  946.2121  946.5358
2021 04 20 14 56 00    -2.1781499   -0.5117653  946.2082  946.5330
2021 04 20 14 57 00    -2.1709691   -0.5082312  946.2039  946.5301
2021 04 20 14 58 00    -2.1639844   -0.5047912  946.1998  946.5277
2021 04 20 14 59 00    -2.1570237   -0.5013959  946.1958  946.5259
2021 04 20 15 00 00    -2.1498045   -0.4978389  946.1920  946.5235
2021 04 20 15 01 00    -2.1424918   -0.4941226  946.1880  946.5210
2021 04 20 15 02 00    -2.1353381   -0.4904902  946.1840  946.5219
2021 04 20 15 03 00    -2.1282832   -0.4869521  946.1803  946.5260
2021 04 20 15 04 00    -2.1212890   -0.4833808  946.1766  946.5271
2021 04 20 15 05 00    -2.1143717   -0.4799091  946.1728  946.5238
2021 04 20 15 06 00    -2.1073511   -0.4766036  946.1690  946.5217
2021 04 20 15 07 00    -2.1001668   -0.4731799  946.1654  946.5198
2021 04 20 15 08 00    -2.0930404   -0.4695350  946.1616  946.5155
2021 04 20 15 09 00    -2.0860204   -0.4659254  946.1579  946.5135
2021 04 20 15 10 00    -2.0789983   -0.4624528  946.1543  946.5155
2021 04 20 15 11 00    -2.0720401   -0.4589719  946.1509  946.5195
2021 04 20 15 12 00    -2.0651423   -0.4553806  946.1475  946.5278
2021 04 20 15 13 00    -2.0581177   -0.4517550  946.1439  946.5420
2021 04 20 15 14 00    -2.0509469   -0.4482439  946.1402  946.5592
2021 04 20 15 15 00    -2.0438222   -0.4447824  946.1371  946.5736
2021 04 20 15 16 00    -2.0368331   -0.4411960  946.1345  946.5814
2021 04 20 15 17 00    -2.0298804   -0.4375618  946.1321  946.5851
2021 04 20 15 18 00    -2.0229167   -0.4340676  946.1294  946.5914
2021 04 20 15 19 00    -2.0159631   -0.4306819  946.1267  946.6012
2021 04 20 15 20 00    -2.0089851   -0.4272060  946.1242  946.6101
2021 04 20 15 21 00    -2.0020888   -0.4236218  946.1217  946.6178
2021 04 20 15 22 00    -1.9953912   -0.4201616  946.1192  946.6272
2021 04 20 15 23 00    -1.9886696   -0.4168621  946.1169  946.6352
2021 04 20 15 24 00    -1.9817751   -0.4135036  946.1150  946.6375
2021 04 20 15 25 00    -1.9749043   -0.4100437  946.1132  946.6366
2021 04 20 15 26 00    -1.9681364   -0.4065609  946.1111  946.6399
2021 04 20 15 27 00    -1.9614114   -0.4031083  946.1091  946.6478
2021 04 20 15 28 00    -1.9547277   -0.3997576  946.1072  946.6529
2021 04 20 15 29 00    -1.9480489   -0.3964716  946.1051  946.6519
2021 04 20 15 30 00    -1.9414469   -0.3932555  946.1027  946.6489
2021 04 20 15 31 00    -1.9349950   -0.3901588  946.1008  946.6465
2021 04 20 15 32 00    -1.9284961   -0.3869907  946.0995  946.6456
2021 04 20 15 33 00    -1.9218583   -0.3836003  946.0980  946.6461
2021 04 20 15 34 00    -1.9152930   -0.3802102  946.0956  946.6448
2021 04 20 15 35 00    -1.9089352   -0.3770906  946.0931  946.6389
2021 04 20 15 36 00    -1.9026714   -0.3740811  946.0913  946.6297
2021 04 20 15 37 00    -1.8962676   -0.3708250  946.0899  946.6215
2021 04 20 15 38 00    -1.8896607   -0.3673984  946.0879  946.6150
2021 04 20 15 39 00    -1.8831496   -0.3641489  946.0854  946.6085
2021 04 20 15 40 00    -1.8769232   -0.3610748  946.0831  946.6036
2021 04 20 15 41 00    -1.8706543   -0.3578579  946.0812  946.6008
2021 04 20 15 42 00    -1.8641561   -0.3544906  946.0791  946.5980
2021 04 20 15 43 00    -1.8577519   -0.3513710  946.0765  946.5944
2021 04 20 15 44 00    -1.8515917   -0.3485085  946.0741  946.5915
2021 04 20 15 45 00    -1.8454904   -0.3454297  946.0718  946.5892
2021 04 20 15 46 00    -1.8393458   -0.3420999  946.0692  946.5857
2021 04 20 15 47 00    -1.8331613   -0.3389375  946.0664  946.5788
2021 04 20 15 48 00    -1.8269843   -0.3359908  946.0640  946.5692
2021 04 20 15 49 00    -1.8208853   -0.3330036  946.0618  946.5609
2021 04 20 15 50 00    -1.8148161   -0.3299128  946.0592  946.5571
2021 04 20 15 51 00    -1.8087091   -0.3268213  946.0564  946.5571
2021 04 20 15 52 00    -1.8026143   -0.3238496  946.0538  946.5577
2021 04 20 15 53 00    -1.7965618   -0.3209517  946.0512  946.5553
2021 04 20 15 54 00    -1.7906161   -0.3179594  946.0486  946.5503
2021 04 20 15 55 00    -1.7847839   -0.3148785  946.0460  946.5459
2021 04 20 15 56 00    -1.7788457   -0.3118296  946.0434  946.5411
2021 04 20 15 57 00    -1.7728100   -0.3088937  946.0408  946.5341
2021 04 20 15 58 00    -1.7669350   -0.3060401  946.0383  946.5252
2021 04 20 15 59 00    -1.7612150   -0.3031566  946.0356  946.5146
2021 04 20 16 00 00    -1.7555072   -0.3002922  946.0328  946.5027
2021 04 20 16 01 00    -1.7498012   -0.2975453  946.0299  946.4919
2021 04 20 16 02 00    -1.7441383   -0.2947975  946.0269  946.4824
2021 04 20 16 03 00    -1.7385142   -0.2919030  946.0238  946.4723
2021 04 20 16 04 00    -1.7328405   -0.2889168  946.0207  946.4609
2021 04 20 16 05 00    -1.7271575   -0.2860469  946.0176  946.4497
2021 04 20 16 06 00    -1.7216068   -0.2833272  946.0143  946.4409
2021 04 20 16 07 00    -1.7160514   -0.2805102  946.0109  946.4352
2021 04 20 16 08 00    -1.7104250   -0.2776369  946.0076  946.4320
2021 04 20 16 09 00    -1.7049596   -0.2749771  946.0046  946.4308
2021 04 20 16 10 00    -1.6996233   -0.2723225  946.0014  946.4294
2021 04 20 16 11 00    -1.6942295   -0.2694424  945.9978  946.4248
2021 04 20 16 12 00    -1.6888071   -0.2666063  945.9943  946.4171
2021 04 20 16 13 00    -1.6833482   -0.2639603  945.9909  946.4088
2021 04 20 16 14 00    -1.6778391   -0.2613776  945.9875  946.4021
2021 04 20 16 15 00    -1.6724622   -0.2588294  945.9841  946.3954
2021 04 20 16 16 00    -1.6673140   -0.2562683  945.9808  946.3845
2021 04 20 16 17 00    -1.6622728   -0.2536463  945.9774  946.3729
2021 04 20 16 18 00    -1.6572711   -0.2510674  945.9738  946.3695
2021 04 20 16 19 00    -1.6522768   -0.2485192  945.9699  946.3699
2021 04 20 16 20 00    -1.6471869   -0.2458867  945.9663  946.3618
2021 04 20 16 21 00    -1.6420600   -0.2432868  945.9628  946.3493
2021 04 20 16 22 00    -1.6369788   -0.2407923  945.9592  946.3453
2021 04 20 16 23 00    -1.6318466   -0.2382355  945.9553  946.3485
2021 04 20 16 24 00    -1.6266846   -0.2356036  945.9515  946.3460
2021 04 20 16 25 00    -1.6217078   -0.2331203  945.9479  946.3333
2021 04 20 16 26 00    -1.6170210   -0.2309317  945.9443  946.3198
2021 04 20 16 27 00    -1.6123738   -0.2288295  945.9406  946.3141
2021 04 20 16 28 00    -1.6075562   -0.2264856  945.9369  946.3160
2021 04 20 16 29 00    -1.6027725   -0.2239453  945.9332  946.3177
2021 04 20 16 30 00    -1.5981006   -0.2214277  945.9296  946.3118
2021 04 20 16 31 00    -1.5934038   -0.2190176  945.9257  946.3009
2021 04 20 16 32 00    -1.5887779   -0.2167432  945.9215  946.2912
2021 04 20 16 33 00    -1.5843174   -0.2145044  945.9173  946.2809
2021 04 20 16 34 00    -1.5798855   -0.2121885  945.9135  946.2669
2021 04 20 16 35 00    -1.5754478   -0.2099476  945.9098  946.2529
2021 04 20 16 36 00    -1.5710863   -0.2078865  945.9058  946.2449
2021 04 20 16 37 00    -1.5666629   -0.2057569  945.9017  946.2424
2021 04 20 16 38 00    -1.5621031   -0.2033647  945.8977  946.2405
2021 04 20 16 39 00    -1.5576244   -0.2008932  945.8937  946.2353
2021 04 20 16 40 00    -1.5533552   -0.1986552  945.8897  946.2284
2021 04 20 16 41 00    -1.5492149   -0.1966821  945.8857  946.2241
2021 04 20 16 42 00    -1.5450563   -0.1947184  945.8817  946.2229
2021 04 20 16 43 00    -1.5408303   -0.1926818  945.8778  946.2211
2021 04 20 16 44 00    -1.5366067   -0.1906734  945.8738  946.2157
2021 04 20 16 45 00    -1.5324279   -0.1886643  945.8696  946.2111
2021 04 20 16 46 00    -1.5283861   -0.1866219  945.8654  946.2133
2021 04 20 16 47 00    -1.5245107   -0.1845391  945.8615  946.2188
2021 04 20 16 48 00    -1.5206103   -0.1824056  945.8577  946.2206
2021 04 20 16 49 00    -1.5166123   -0.1803485  945.8539  946.2217
2021 04 20 16 50 00    -1.5126558   -0.1784165  945.8500  946.2268
2021 04 20 16 51 00    -1.5088262   -0.1765358  945.8462  946.2319
2021 04 20 16 52 00    -1.5050841   -0.1747424  945.8427  946.2323
2021 04 20 16 53 00    -1.5013722   -0.1730116  945.8392  946.2283
2021 04 20 16 54 00    -1.4977186   -0.1711978  945.8356  946.2246
2021 04 20 16 55 00    -1.4940537   -0.1692565  945.8317  946.2257
2021 04 20 16 56 00    -1.4903158   -0.1673133  945.8279  946.2267
2021 04 20 16 57 00    -1.4867335   -0.1655109  945.8244  946.2208
2021 04 20 16 58 00    -1.4833771   -0.1637717  945.8211  946.2140
2021 04 20 16 59 00    -1.4800050   -0.1619726  945.8175  946.2155
2021 04 20 17 00 00    -1.4765046   -0.1601783  945.8142  946.2242
2021 04 20 17 01 00    -1.4729787   -0.1584680  945.8112  946.2306
2021 04 20 17 02 00    -1.4696055   -0.1569179  945.8082  946.2292
2021 04 20 17 03 00    -1.4663697   -0.1555383  945.8047  946.2237
2021 04 20 17 04 00    -1.4630463   -0.1540341  945.8010  946.2216
2021 04 20 17 05 00    -1.4596958   -0.1521962  945.7978  946.2259
2021 04 20 17 06 00    -1.4565777   -0.1503333  945.7950  946.2366
2021 04 20 17 07 00    -1.4535774   -0.1487548  945.7921  946.2515
2021 04 20 17 08 00    -1.4504613   -0.1473035  945.7892  946.2652
2021 04 20 17 09 00    -1.4473080   -0.1457626  945.7867  946.2766
2021 04 20 17 10 00    -1.4442976   -0.1441728  945.7849  946.2903
2021 04 20 17 11 00    -1.4414275   -0.1425782  945.7830  946.3069
2021 04 20 17 12 00    -1.4384632   -0.1409925  945.7807  946.3205
2021 04 20 17 13 00    -1.4354016   -0.1396260  945.7785  946.3267
2021 04 20 17 14 00    -1.4326282   -0.1385278  945.7767  946.3267
2021 04 20 17 15 00    -1.4301735   -0.1372963  945.7751  946.3257
2021 04 20 17 16 00    -1.4276557   -0.1357659  945.7733  946.3276
2021 04 20 17 17 00    -1.4249890   -0.1343261  945.7714  946.3294
2021 04 20 17 18 00    -1.4224120   -0.1332206  945.7694  946.3257
2021 04 20 17 19 00    -1.4200106   -0.1322051  945.7673  946.3185
2021 04 20 17 20 00    -1.4176511   -0.1310011  945.7653  946.3167
2021 04 20 17 21 00    -1.4153322   -0.1296858  945.7631  946.3247
2021 04 20 17 22 00    -1.4131105   -0.1284648  945.7608  946.3393
2021 04 20 17 23 00    -1.4108059   -0.1272869  945.7590  946.3532
2021 04 20 17 24 00    -1.4084400   -0.1261007  945.7579  946.3598
2021 04 20 17 25 00    -1.4063645   -0.1251040  945.7569  946.3611
2021 04 20 17 26 00    -1.4044545   -0.1242064  945.7554  946.3647
2021 04 20 17 27 00    -1.4022715   -0.1230243  945.7540  946.3721
2021 04 20 17 28 00    -1.3999790   -0.1216994  945.7531  946.3817
2021 04 20 17 29 00    -1.3979981   -0.1207360  945.7523  946.3914
2021 04 20 17 30 00    -1.3963255   -0.1201358  945.7513  946.3962
2021 04 20 17 31 00    -1.3947090   -0.1194732  945.7503  946.3961
2021 04 20 17 32 00    -1.3929566   -0.1185185  945.7496  946.3965
2021 04 20 17 33 00    -1.3911285   -0.1174271  945.7490  946.3997
2021 04 20 17 34 00    -1.3894444   -0.1164857  945.7483  946.4059
2021 04 20 17 35 00    -1.3879402   -0.1157877  945.7476  946.4136
2021 04 20 17 36 00    -1.3865186   -0.1151995  945.7471  946.4182
2021 04 20 17 37 00    -1.3851262   -0.1145430  945.7467  946.4179
2021 04 20 17 38 00    -1.3836926   -0.1137618  945.7465  946.4157
2021 04 20 17 39 00    -1.3821910   -0.1129460  945.7463  946.4143
2021 04 20 17 40 00    -1.3807548   -0.1121961  945.7456  946.4145
2021 04 20 17 41 00    -1.3794868   -0.1115509  945.7446  946.4171
2021 04 20 17 42 00    -1.3783450   -0.1109933  945.7436  946.4212
2021 04 20 17 43 00    -1.3772649   -0.1104713  945.7430  946.4264
2021 04 20 17 44 00    -1.3761681   -0.1099464  945.7426  946.4351
2021 04 20 17 45 00    -1.3750682   -0.1093955  945.7421  946.4468
2021 04 20 17 46 00    -1.3741073   -0.1089113  945.7420  946.4573
2021 04 20 17 47 00    -1.3733318   -0.1086467  945.7422  946.4660
2021 04 20 17 48 00    -1.3726143   -0.1084187  945.7425  946.4734
2021 04 20 17 49 00    -1.3717744   -0.1079367  945.7427  946.4767
2021 04 20 17 50 00    -1.3708356   -0.1073820  945.7431  946.4766
2021 04 20 17 51 00    -1.3700407   -0.1070002  945.7433  946.4791
2021 04 20 17 52 00    -1.3695120   -0.1066827  945.7433  946.4863
2021 04 20 17 53 00    -1.3691277   -0.1063952  945.7438  946.4924
2021 04 20 17 54 00    -1.3686426   -0.1062007  945.7448  946.4932
2021 04 20 17 55 00    -1.3680151   -0.1060100  945.7455  946.4930
2021 04 20 17 56 00    -1.3675244   -0.1058030  945.7459  946.4996
2021 04 20 17 57 00    -1.3672299   -0.1055840  945.7463  946.5115
2021 04 20 17 58 00    -1.3669211   -0.1053170  945.7470  946.5202
2021 04 20 17 59 00    -1.3666446   -0.1051272  945.7479  946.5243
2021 04 20 18 00 00    -1.3665107   -0.1050480  945.7488  946.5300
2021 04 20 18 01 00    -1.3663825   -0.1049623  945.7500  946.5379
2021 04 20 18 02 00    -1.3662243   -0.1049259  945.7509  946.5435
2021 04 20 18 03 00    -1.3662280   -0.1049820  945.7515  946.5474
2021 04 20 18 04 00    -1.3664299   -0.1050111  945.7524  946.5546
2021 04 20 18 05 00    -1.3666880   -0.1050108  945.7539  946.5654
2021 04 20 18 06 00    -1.3669388   -0.1051100  945.7555  946.5758
2021 04 20 18 07 00    -1.3671289   -0.1053052  945.7570  946.5827
2021 04 20 18 08 00    -1.3672939   -0.1054791  945.7584  946.5852
2021 04 20 18 09 00    -1.3676334   -0.1056628  945.7599  946.5850
2021 04 20 18 10 00    -1.3681902   -0.1059813  945.7618  946.5848
2021 04 20 18 11 00    -1.3688322   -0.1063737  945.7635  946.5877
2021 04 20 18 12 00    -1.3694584   -0.1066451  945.7648  946.5942
2021 04 20 18 13 00    -1.3700691   -0.1068255  945.7658  946.6016
2021 04 20 18 14 00    -1.3707821   -0.1072092  945.7669  946.6082
2021 04 20 18 15 00    -1.3716034   -0.1077704  945.7685  946.6153
2021 04 20 18 16 00    -1.3723689   -0.1081502  945.7706  946.6249
2021 04 20 18 17 00    -1.3731076   -0.1084670  945.7725  946.6346
2021 04 20 18 18 00    -1.3739943   -0.1089881  945.7739  946.6402
2021 04 20 18 19 00    -1.3749259   -0.1094167  945.7754  946.6433
2021 04 20 18 20 00    -1.3757797   -0.1096650  945.7773  946.6501
2021 04 20 18 21 00    -1.3767657   -0.1101784  945.7795  946.6600
2021 04 20 18 22 00    -1.3779210   -0.1109207  945.7817  946.6700
2021 04 20 18 23 00    -1.3789810   -0.1114216  945.7838  946.6810
2021 04 20 18 24 00    -1.3800155   -0.1117894  945.7861  946.6938
2021 04 20 18 25 00    -1.3813758   -0.1124753  945.7887  946.7078
2021 04 20 18 26 00    -1.3830274   -0.1134186  945.7913  946.7214
2021 04 20 18 27 00    -1.3846384   -0.1142750  945.7936  946.7312
2021 04 20 18 28 00    -1.3862305   -0.1150438  945.7962  946.7375
2021 04 20 18 29 00    -1.3879664   -0.1159266  945.7990  946.7428
2021 04 20 18 30 00    -1.3896517   -0.1168560  945.8017  946.7435
2021 04 20 18 31 00    -1.3912079   -0.1176081  945.8041  946.7436
2021 04 20 18 32 00    -1.3928886   -0.1183079  945.8066  946.7543
2021 04 20 18 33 00    -1.3947540   -0.1192643  945.8091  946.7699
2021 04 20 18 34 00    -1.3966745   -0.1203407  945.8120  946.7782
2021 04 20 18 35 00    -1.3985721   -0.1212002  945.8150  946.7879
2021 04 20 18 36 00    -1.4004188   -0.1219626  945.8177  946.8066
2021 04 20 18 37 00    -1.4023213   -0.1229476  945.8205  946.8239
2021 04 20 18 38 00    -1.4043991   -0.1241373  945.8238  946.8371
2021 04 20 18 39 00    -1.4065371   -0.1253024  945.8276  946.8528
2021 04 20 18 40 00    -1.4085934   -0.1263065  945.8314  946.8668
2021 04 20 18 41 00    -1.4107351   -0.1272730  945.8346  946.8725
2021 04 20 18 42 00    -1.4131432   -0.1284639  945.8377  946.8778
2021 04 20 18 43 00    -1.4156614   -0.1298334  945.8414  946.8905
2021 04 20 18 44 00    -1.4181422   -0.1311045  945.8454  946.9043
2021 04 20 18 45 00    -1.4206423   -0.1322579  945.8490  946.9145
2021 04 20 18 46 00    -1.4232572   -0.1335549  945.8525  946.9260
2021 04 20 18 47 00    -1.4260504   -0.1350969  945.8560  946.9431
2021 04 20 18 48 00    -1.4288838   -0.1365820  945.8596  946.9638
2021 04 20 18 49 00    -1.4315979   -0.1378398  945.8635  946.9803
2021 04 20 18 50 00    -1.4343553   -0.1391856  945.8677  946.9918
2021 04 20 18 51 00    -1.4373263   -0.1407588  945.8719  947.0074
2021 04 20 18 52 00    -1.4403426   -0.1422645  945.8762  947.0252
2021 04 20 18 53 00    -1.4432519   -0.1436533  945.8806  947.0340
2021 04 20 18 54 00    -1.4462648   -0.1452115  945.8852  947.0369
2021 04 20 18 55 00    -1.4495702   -0.1469666  945.8899  947.0442
2021 04 20 18 56 00    -1.4529597   -0.1486631  945.8943  947.0505
2021 04 20 18 57 00    -1.4561846   -0.1501995  945.8984  947.0500
2021 04 20 18 58 00    -1.4593994   -0.1517867  945.9026  947.0546
2021 04 20 18 59 00    -1.4628366   -0.1535765  945.9070  947.0701
2021 04 20 19 00 00    -1.4663538   -0.1553261  945.9114  947.0822
2021 04 20 19 01 00    -1.4698555   -0.1569137  945.9159  947.0881
2021 04 20 19 02 00    -1.4735430   -0.1586332  945.9203  947.1012
2021 04 20 19 03 00    -1.4773828   -0.1605747  945.9246  947.1168
2021 04 20 19 04 00    -1.4811102   -0.1625000  945.9290  947.1222
2021 04 20 19 05 00    -1.4847407   -0.1643665  945.9334  947.1236
2021 04 20 19 06 00    -1.4885128   -0.1663562  945.9380  947.1281
2021 04 20 19 07 00    -1.4924306   -0.1683886  945.9428  947.1297
2021 04 20 19 08 00    -1.4963127   -0.1702368  945.9475  947.1276
2021 04 20 19 09 00    -1.5003509   -0.1721370  945.9517  947.1293
2021 04 20 19 10 00    -1.5047845   -0.1744173  945.9556  947.1360
2021 04 20 19 11 00    -1.5091746   -0.1768059  945.9598  947.1452
2021 04 20 19 12 00    -1.5131782   -0.1788726  945.9644  947.1544
2021 04 20 19 13 00    -1.5172319   -0.1807168  945.9690  947.1592
2021 04 20 19 14 00    -1.5216648   -0.1828272  945.9736  947.1607
2021 04 20 19 15 00    -1.5262592   -0.1853561  945.9782  947.1660
2021 04 20 19 16 00    -1.5307515   -0.1877893  945.9829  947.1741
2021 04 20 19 17 00    -1.5351098   -0.1897784  945.9878  947.1784
2021 04 20 19 18 00    -1.5396108   -0.1917998  945.9925  947.1834
2021 04 20 19 19 00    -1.5444277   -0.1942508  945.9969  947.1926
2021 04 20 19 20 00    -1.5492379   -0.1967979  946.0011  947.1967
2021 04 20 19 21 00    -1.5538645   -0.1991678  946.0054  947.1961
2021 04 20 19 22 00    -1.5585508   -0.2015031  946.0097  947.2003
2021 04 20 19 23 00    -1.5633996   -0.2039391  946.0138  947.2043
2021 04 20 19 24 00    -1.5683754   -0.2065164  946.0181  947.2049
2021 04 20 19 25 00    -1.5734910   -0.2091506  946.0226  947.2088
2021 04 20 19 26 00    -1.5786957   -0.2117131  946.0271  947.2105
2021 04 20 19 27 00    -1.5839555   -0.2142936  946.0315  947.2047
2021 04 20 19 28 00    -1.5892001   -0.2169328  946.0359  947.2014
2021 04 20 19 29 00    -1.5942855   -0.2194401  946.0404  947.2048
2021 04 20 19 30 00    -1.5993800   -0.2218723  946.0446  947.2100
2021 04 20 19 31 00    -1.6047943   -0.2245151  946.0485  947.2185
2021 04 20 19 32 00    -1.6103584   -0.2273432  946.0526  947.2292
2021 04 20 19 33 00    -1.6157503   -0.2301667  946.0571  947.2372
2021 04 20 19 34 00    -1.6211525   -0.2329921  946.0619  947.2450
2021 04 20 19 35 00    -1.6268230   -0.2357951  946.0665  947.2510
2021 04 20 19 36 00    -1.6325133   -0.2384779  946.0707  947.2509
2021 04 20 19 37 00    -1.6380157   -0.2411905  946.0751  947.2521
2021 04 20 19 38 00    -1.6435966   -0.2440930  946.0796  947.2575
2021 04 20 19 39 00    -1.6494127   -0.2470342  946.0839  947.2574
2021 04 20 19 40 00    -1.6553446   -0.2499406  946.0879  947.2559
2021 04 20 19 41 00    -1.6614272   -0.2529711  946.0918  947.2630
2021 04 20 19 42 00    -1.6676221   -0.2560905  946.0958  947.2714
2021 04 20 19 43 00    -1.6736171   -0.2591164  946.1000  947.2746
2021 04 20 19 44 00    -1.6794353   -0.2621030  946.1044  947.2819
2021 04 20 19 45 00    -1.6854934   -0.2651920  946.1088  947.2934
2021 04 20 19 46 00    -1.6918563   -0.2683197  946.1131  947.2965
2021 04 20 19 47 00    -1.6981896   -0.2713852  946.1175  947.2939
2021 04 20 19 48 00    -1.7043803   -0.2744621  946.1219  947.2961
2021 04 20 19 49 00    -1.7106161   -0.2776457  946.1263  947.2981
2021 04 20 19 50 00    -1.7170230   -0.2809125  946.1305  947.2951
2021 04 20 19 51 00    -1.7236442   -0.2842590  946.1346  947.2954
2021 04 20 19 52 00    -1.7304263   -0.2876888  946.1385  947.3014
2021 04 20 19 53 00    -1.7371375   -0.2910734  946.1426  947.3044
2021 04 20 19 54 00    -1.7437240   -0.2943548  946.1468  947.3018
2021 04 20 19 55 00    -1.7503373   -0.2976408  946.1509  947.2999
2021 04 20 19 56 00    -1.7569925   -0.3009691  946.1546  947.3023
2021 04 20 19 57 00    -1.7637913   -0.3043597  946.1583  947.3061
2021 04 20 19 58 00    -1.7708040   -0.3078521  946.1624  947.3088
2021 04 20 19 59 00    -1.7776959   -0.3113066  946.1666  947.3117
2021 04 20 20 00 00    -1.7843597   -0.3146206  946.1704  947.3146
2021 04 20 20 01 00    -1.7911347   -0.3179252  946.1740  947.3165
2021 04 20 20 02 00    -1.7981542   -0.3213887  946.1777  947.3210
2021 04 20 20 03 00    -1.8052820   -0.3250349  946.1818  947.3312
2021 04 20 20 04 00    -1.8124168   -0.3286878  946.1859  947.3414
2021 04 20 20 05 00    -1.8196112   -0.3322628  946.1899  947.3460
2021 04 20 20 06 00    -1.8268304   -0.3358331  946.1936  947.3489
2021 04 20 20 07 00    -1.8339278   -0.3393703  946.1975  947.3555
2021 04 20 20 08 00    -1.8411365   -0.3429718  946.2018  947.3654
2021 04 20 20 09 00    -1.8486823   -0.3467709  946.2063  947.3725
2021 04 20 20 10 00    -1.8562084   -0.3505636  946.2106  947.3748
2021 04 20 20 11 00    -1.8635254   -0.3542553  946.2146  947.3779
2021 04 20 20 12 00    -1.8709764   -0.3580395  946.2185  947.3825
2021 04 20 20 13 00    -1.8786660   -0.3618829  946.2226  947.3865
2021 04 20 20 14 00    -1.8863443   -0.3656412  946.2268  947.3938
2021 04 20 20 15 00    -1.8939135   -0.3694026  946.2311  947.4023
2021 04 20 20 16 00    -1.9015441   -0.3732601  946.2352  947.4053
2021 04 20 20 17 00    -1.9093738   -0.3771443  946.2392  947.4060
2021 04 20 20 18 00    -1.9172918   -0.3810098  946.2433  947.4065
2021 04 20 20 19 00    -1.9251866   -0.3849338  946.2477  947.4047
2021 04 20 20 20 00    -1.9330236   -0.3888995  946.2519  947.4038
2021 04 20 20 21 00    -1.9408483   -0.3928350  946.2557  947.4042
2021 04 20 20 22 00    -1.9488449   -0.3968616  946.2593  947.4026
2021 04 20 20 23 00    -1.9570146   -0.4010683  946.2633  947.4025
2021 04 20 20 24 00    -1.9652273   -0.4053077  946.2674  947.4032
2021 04 20 20 25 00    -1.9733272   -0.4093398  946.2711  947.3988
2021 04 20 20 26 00    -1.9811823   -0.4131479  946.2746  947.3970
2021 04 20 20 27 00    -1.9891320   -0.4170942  946.2782  947.4057
2021 04 20 20 28 00    -1.9974927   -0.4214004  946.2820  947.4123
2021 04 20 20 29 00    -2.0059904   -0.4257946  946.2857  947.4114
2021 04 20 20 30 00    -2.0144184   -0.4299635  946.2894  947.4131
2021 04 20 20 31 00    -2.0227865   -0.4339477  946.2930  947.4186
2021 04 20 20 32 00    -2.0310849   -0.4380590  946.2968  947.4245
2021 04 20 20 33 00    -2.0395586   -0.4424697  946.3007  947.4306
2021 04 20 20 34 00    -2.0483029   -0.4469218  946.3046  947.4312
2021 04 20 20 35 00    -2.0569629   -0.4512286  946.3083  947.4293
2021 04 20 20 36 00    -2.0654924   -0.4555936  946.3121  947.4366
2021 04 20 20 37 00    -2.0741940   -0.4600371  946.3159  947.4463
2021 04 20 20 38 00    -2.0830402   -0.4643776  946.3197  947.4429
2021 04 20 20 39 00    -2.0917475   -0.4686172  946.3233  947.4351
2021 04 20 20 40 00    -2.1003324   -0.4728978  946.3267  947.4378
2021 04 20 20 41 00    -2.1091921   -0.4774271  946.3301  947.4431
2021 04 20 20 42 00    -2.1183750   -0.4820952  946.3336  947.4409
2021 04 20 20 43 00    -2.1273678   -0.4865193  946.3375  947.4388
2021 04 20 20 44 00    -2.1360644   -0.4907618  946.3412  947.4430
2021 04 20 20 45 00    -2.1449241   -0.4951044  946.3445  947.4490
2021 04 20 20 46 00    -2.1540493   -0.4995959  946.3477  947.4492
2021 04 20 20 47 00    -2.1631344   -0.5042300  946.3511  947.4414
2021 04 20 20 48 00    -2.1720727   -0.5088702  946.3545  947.4334
2021 04 20 20 49 00    -2.1810976   -0.5134122  946.3577  947.4331
2021 04 20 20 50 00    -2.1904503   -0.5180431  946.3608  947.4349
2021 04 20 20 51 00    -2.1999102   -0.5228055  946.3639  947.4306
2021 04 20 20 52 00    -2.2091047   -0.5275331  946.3670  947.4255
2021 04 20 20 53 00    -2.2182287   -0.5322045  946.3701  947.4238
2021 04 20 20 54 00    -2.2275933   -0.5368167  946.3734  947.4214
2021 04 20 20 55 00    -2.2370299   -0.5414075  946.3764  947.4189
2021 04 20 20 56 00    -2.2464323   -0.5461256  946.3788  947.4176
2021 04 20 20 57 00    -2.2559233   -0.5509122  946.3814  947.4160
2021 04 20 20 58 00    -2.2653864   -0.5555932  946.3843  947.4170
2021 04 20 20 59 00    -2.2746858   -0.5601658  946.3873  947.4202
2021 04 20 21 00 00    -2.2840511   -0.5647582  946.3902  947.4204
2021 04 20 21 01 00    -2.2937144   -0.5695394  946.3931  947.4185
2021 04 20 21 02 00    -2.3034583   -0.5744900  946.3958  947.4194
2021 04 20 21 03 00    -2.3129637   -0.5793528  946.3984  947.4236
2021 04 20 21 04 00    -2.3223655   -0.5840942  946.4012  947.4295
2021 04 20 21 05 00    -2.3320075   -0.5889955  946.4042  947.4382
2021 04 20 21 06 00    -2.3418452   -0.5940290  946.4073  947.4481
2021 04 20 21 07 00    -2.3515756   -0.5988553  946.4107  947.4541
2021 04 20 21 08 00    -2.3611731   -0.6035303  946.4137  947.4549
2021 04 20 21 09 00    -2.3708000   -0.6083785  946.4165  947.4530
2021 04 20 21 10 00    -2.3805181   -0.6133944  946.4193  947.4539
2021 04 20 21 11 00    -2.3903957   -0.6183657  946.4221  947.4610
2021 04 20 21 12 00    -2.4004476   -0.6232822  946.4249  947.4668
2021 04 20 21 13 00    -2.4104779   -0.6282450  946.4277  947.4643
2021 04 20 21 14 00    -2.4203273   -0.6331409  946.4305  947.4600
2021 04 20 21 15 00    -2.4300965   -0.6378970  946.4334  947.4609
2021 04 20 21 16 00    -2.4399943   -0.6427862  946.4366  947.4656
2021 04 20 21 17 00    -2.4500504   -0.6479055  946.4394  947.4707
2021 04 20 21 18 00    -2.4601200   -0.6530074  946.4419  947.4764
2021 04 20 21 19 00    -2.4701736   -0.6580682  946.4446  947.4841
2021 04 20 21 20 00    -2.4802445   -0.6632163  946.4476  947.4891
2021 04 20 21 21 00    -2.4902757   -0.6683735  946.4507  947.4877
2021 04 20 21 22 00    -2.5003143   -0.6734346  946.4538  947.4871
2021 04 20 21 23 00    -2.5104449   -0.6784429  946.4566  947.4917
2021 04 20 21 24 00    -2.5206699   -0.6835097  946.4593  947.4946
2021 04 20 21 25 00    -2.5310207   -0.6886601  946.4622  947.4943
2021 04 20 21 26 00    -2.5413790   -0.6937864  946.4651  947.4953
2021 04 20 21 27 00    -2.5515853   -0.6988668  946.4677  947.4948
2021 04 20 21 28 00    -2.5617731   -0.7040523  946.4705  947.4887
2021 04 20 21 29 00    -2.5721065   -0.7093660  946.4732  947.4813
2021 04 20 21 30 00    -2.5824849   -0.7145957  946.4755  947.4754
2021 04 20 21 31 00    -2.5927801   -0.7196818  946.4777  947.4681
2021 04 20 21 32 00    -2.6031381   -0.7248270  946.4800  947.4610
2021 04 20 21 33 00    -2.6136871   -0.7300907  946.4822  947.4589
2021 04 20 21 34 00    -2.6242509   -0.7353809  946.4839  947.4595
2021 04 20 21 35 00    -2.6346468   -0.7406680  946.4857  947.4566
2021 04 20 21 36 00    -2.6449322   -0.7459021  946.4880  947.4483
2021 04 20 21 37 00    -2.6553853   -0.7511466  946.4904  947.4410
2021 04 20 21 38 00    -2.6661170   -0.7565284  946.4924  947.4394
2021 04 20 21 39 00    -2.6767748   -0.7618793  946.4940  947.4390
2021 04 20 21 40 00    -2.6870964   -0.7670024  946.4958  947.4364
2021 04 20 21 41 00    -2.6973727   -0.7720469  946.4977  947.4346
2021 04 20 21 42 00    -2.7079633   -0.7772676  946.4996  947.4325
2021 04 20 21 43 00    -2.7187568   -0.7826991  946.5011  947.4278
2021 04 20 21 44 00    -2.7294072   -0.7881254  946.5027  947.4234
2021 04 20 21 45 00    -2.7398545   -0.7933774  946.5043  947.4209
2021 04 20 21 46 00    -2.7503440   -0.7985763  946.5057  947.4192
2021 04 20 21 47 00    -2.7610349   -0.8038774  946.5071  947.4185
2021 04 20 21 48 00    -2.7717833   -0.8091971  946.5085  947.4177
2021 04 20 21 49 00    -2.7823797   -0.8144077  946.5098  947.4156
2021 04 20 21 50 00    -2.7929476   -0.8196378  946.5107  947.4162
2021 04 20 21 51 00    -2.8037464   -0.8250860  946.5118  947.4211
2021 04 20 21 52 00    -2.8145913   -0.8306175  946.5135  947.4250
2021 04 20 21 53 00    -2.8251330   -0.8359563  946.5154  947.4257
2021 04 20 21 54 00    -2.8355766   -0.8411707  946.5169  947.4273
2021 04 20 21 55 00    -2.8462907   -0.8465284  946.5181  947.4318
2021 04 20 21 56 00    -2.8571036   -0.8519755  946.5195  947.4393
2021 04 20 21 57 00    -2.8677899   -0.8573012  946.5211  947.4482
2021 04 20 21 58 00    -2.8784729   -0.8625591  946.5230  947.4552
2021 04 20 21 59 00    -2.8891769   -0.8678621  946.5251  947.4597
2021 04 20 22 00 00    -2.8998639   -0.8732083  946.5267  947.4648
2021 04 20 22 01 00    -2.9105643   -0.8785289  946.5282  947.4731
2021 04 20 22 02 00    -2.9211660   -0.8837820  946.5304  947.4831
2021 04 20 22 03 00    -2.9317582   -0.8891363  946.5331  947.4925
2021 04 20 22 04 00    -2.9426067   -0.8946715  946.5352  947.5011
2021 04 20 22 05 00    -2.9535019   -0.9001000  946.5368  947.5077
2021 04 20 22 06 00    -2.9641457   -0.9052791  946.5389  947.5103
2021 04 20 22 07 00    -2.9748534   -0.9105570  946.5416  947.5101
2021 04 20 22 08 00    -2.9858758   -0.9161709  946.5441  947.5097
2021 04 20 22 09 00    -2.9968015   -0.9217895  946.5463  947.5128
2021 04 20 22 10 00    -3.0075270   -0.9271730  946.5486  947.5202
2021 04 20 22 11 00    -3.0184530   -0.9325627  946.5512  947.5256
2021 04 20 22 12 00    -3.0293561   -0.9380614  946.5534  947.5263
2021 04 20 22 13 00    -3.0399537   -0.9435487  946.5552  947.5277
2021 04 20 22 14 00    -3.0506853   -0.9490081  946.5572  947.5347
2021 04 20 22 15 00    -3.0615867   -0.9543890  946.5597  947.5467
2021 04 20 22 16 00    -3.0723436   -0.9597366  946.5622  947.5579
2021 04 20 22 17 00    -3.0832441   -0.9652429  946.5648  947.5635
2021 04 20 22 18 00    -3.0943829   -0.9708072  946.5673  947.5646
2021 04 20 22 19 00    -3.1053131   -0.9762252  946.5697  947.5644
2021 04 20 22 20 00    -3.1159372   -0.9815798  946.5717  947.5656
2021 04 20 22 21 00    -3.1266012   -0.9870004  946.5740  947.5699
2021 04 20 22 22 00    -3.1375153   -0.9924818  946.5766  947.5770
2021 04 20 22 23 00    -3.1483838   -0.9978990  946.5794  947.5831
2021 04 20 22 24 00    -3.1589648   -1.0031432  946.5820  947.5864
2021 04 20 22 25 00    -3.1696448   -1.0083288  946.5845  947.5904
2021 04 20 22 26 00    -3.1806056   -1.0136400  946.5871  947.5955
2021 04 20 22 27 00    -3.1914075   -1.0191058  946.5895  947.5977
2021 04 20 22 28 00    -3.2019333   -1.0246426  946.5919  947.5980
2021 04 20 22 29 00    -3.2126193   -1.0301578  946.5946  947.6000
2021 04 20 22 30 00    -3.2236012   -1.0355716  946.5970  947.6012
2021 04 20 22 31 00    -3.2345281   -1.0408859  946.5994  947.5996
2021 04 20 22 32 00    -3.2452513   -1.0462460  946.6021  947.5983
2021 04 20 22 33 00    -3.2559796   -1.0517198  946.6048  947.6005
2021 04 20 22 34 00    -3.2667974   -1.0571545  946.6069  947.6060
2021 04 20 22 35 00    -3.2776125   -1.0624789  946.6091  947.6129
2021 04 20 22 36 00    -3.2884482   -1.0678227  946.6118  947.6216
2021 04 20 22 37 00    -3.2992913   -1.0732273  946.6146  947.6334
2021 04 20 22 38 00    -3.3099901   -1.0786325  946.6175  947.6442
2021 04 20 22 39 00    -3.3205943   -1.0840132  946.6205  947.6510
2021 04 20 22 40 00    -3.3312597   -1.0893743  946.6234  947.6560
2021 04 20 22 41 00    -3.3419508   -1.0947978  946.6264  947.6622
2021 04 20 22 42 00    -3.3526197   -1.1002904  946.6296  947.6688
2021 04 20 22 43 00    -3.3633135   -1.1056949  946.6328  947.6736
2021 04 20 22 44 00    -3.3740964   -1.1110143  946.6355  947.6768
2021 04 20 22 45 00    -3.3849524   -1.1163676  946.6382  947.6815
2021 04 20 22 46 00    -3.3956471   -1.1216525  946.6410  947.6874
2021 04 20 22 47 00    -3.4060600   -1.1268308  946.6441  947.6925
2021 04 20 22 48 00    -3.4164732   -1.1321056  946.6471  947.6993
2021 04 20 22 49 00    -3.4271392   -1.1375432  946.6501  947.7091
2021 04 20 22 50 00    -3.4379693   -1.1430093  946.6530  947.7179
2021 04 20 22 51 00    -3.4486941   -1.1483191  946.6562  947.7262
2021 04 20 22 52 00    -3.4591924   -1.1534415  946.6594  947.7368
2021 04 20 22 53 00    -3.4696637   -1.1586168  946.6627  947.7471
2021 04 20 22 54 00    -3.4802246   -1.1639829  946.6662  947.7534
2021 04 20 22 55 00    -3.4907350   -1.1693501  946.6696  947.7572
2021 04 20 22 56 00    -3.5012141   -1.1745420  946.6727  947.7634
2021 04 20 22 57 00    -3.5117562   -1.1796604  946.6758  947.7731
2021 04 20 22 58 00    -3.5222809   -1.1848755  946.6791  947.7809
2021 04 20 22 59 00    -3.5328033   -1.1902137  946.6828  947.7834
2021 04 20 23 00 00    -3.5433896   -1.1956017  946.6863  947.7849
2021 04 20 23 01 00    -3.5539218   -1.2008859  946.6894  947.7908
2021 04 20 23 02 00    -3.5643335   -1.2060150  946.6925  947.7988
2021 04 20 23 03 00    -3.5747065   -1.2111732  946.6958  947.8034
2021 04 20 23 04 00    -3.5851346   -1.2164894  946.6994  947.8044
2021 04 20 23 05 00    -3.5956600   -1.2218637  946.7031  947.8049
2021 04 20 23 06 00    -3.6061715   -1.2271194  946.7065  947.8061
2021 04 20 23 07 00    -3.6165683   -1.2322529  946.7099  947.8065
2021 04 20 23 08 00    -3.6268957   -1.2374225  946.7132  947.8051
2021 04 20 23 09 00    -3.6371620   -1.2426179  946.7164  947.8031
2021 04 20 23 10 00    -3.6473980   -1.2477347  946.7194  947.8005
2021 04 20 23 11 00    -3.6576745   -1.2528150  946.7223  947.7961
2021 04 20 23 12 00    -3.6679398   -1.2579089  946.7252  947.7918
2021 04 20 23 13 00    -3.6782499   -1.2630577  946.7282  947.7900
2021 04 20 23 14 00    -3.6886749   -1.2682967  946.7314  947.7866
2021 04 20 23 15 00    -3.6989580   -1.2735016  946.7345  947.7782
2021 04 20 23 16 00    -3.7090629   -1.2786255  946.7372  947.7703
2021 04 20 23 17 00    -3.7192791   -1.2838246  946.7398  947.7686
2021 04 20 23 18 00    -3.7295431   -1.2890452  946.7426  947.7700
2021 04 20 23 19 00    -3.7397242   -1.2941160  946.7453  947.7701
2021 04 20 23 20 00    -3.7499213   -1.2991116  946.7476  947.7700
2021 04 20 23 21 00    -3.7600077   -1.3040766  946.7500  947.7714
2021 04 20 23 22 00    -3.7698171   -1.3089521  946.7527  947.7738
2021 04 20 23 23 00    -3.7795942   -1.3138330  946.7554  947.7772
2021 04 20 23 24 00    -3.7896454   -1.3188536  946.7580  947.7817
2021 04 20 23 25 00    -3.7998051   -1.3239521  946.7607  947.7854
2021 04 20 23 26 00    -3.8097491   -1.3289481  946.7632  947.7866
2021 04 20 23 27 00    -3.8196061   -1.3339223  946.7656  947.7871
2021 04 20 23 28 00    -3.8295940   -1.3390499  946.7681  947.7877
2021 04 20 23 29 00    -3.8396093   -1.3441781  946.7705  947.7861
2021 04 20 23 30 00    -3.8495729   -1.3491535  946.7730  947.7818
2021 04 20 23 31 00    -3.8595180   -1.3540412  946.7754  947.7771
2021 04 20 23 32 00    -3.8694434   -1.3589356  946.7778  947.7723
2021 04 20 23 33 00    -3.8792545   -1.3638534  946.7799  947.7669
2021 04 20 23 34 00    -3.8888318   -1.3686887  946.7819  947.7619
2021 04 20 23 35 00    -3.8983323   -1.3734616  946.7836  947.7579
2021 04 20 23 36 00    -3.9080419   -1.3783222  946.7855  947.7552
2021 04 20 23 37 00    -3.9178637   -1.3832485  946.7877  947.7518
2021 04 20 23 38 00    -3.9274822   -1.3881843  946.7894  947.7446
2021 04 20 23 39 00    -3.9369178   -1.3930812  946.7907  947.7358
2021 04 20 23 40 00    -3.9463986   -1.3977601  946.7920  947.7278
2021 04 20 23 41 00    -3.9559809   -1.4023114  946.7932  947.7173
2021 04 20 23 42 00    -3.9655980   -1.4071164  946.7942  947.7041
2021 04 20 23 43 00    -3.9751107   -1.4120652  946.7952  947.6929
2021 04 20 23 44 00    -3.9844371   -1.4167828  946.7963  947.6828
2021 04 20 23 45 00    -3.9938015   -1.4214698  946.7971  947.6721
2021 04 20 23 46 00    -4.0034048   -1.4263296  946.7976  947.6645
2021 04 20 23 47 00    -4.0129533   -1.4310351  946.7979  947.6595
2021 04 20 23 48 00    -4.0221921   -1.4355398  946.7981  947.6518
2021 04 20 23 49 00    -4.0314488   -1.4401904  946.7982  947.6416
2021 04 20 23 50 00    -4.0408757   -1.4449744  946.7983  947.6338
2021 04 20 23 51 00    -4.0501383   -1.4496771  946.7984  947.6291
2021 04 20 23 52 00    -4.0591977   -1.4542805  946.7983  947.6245
2021 04 20 23 53 00    -4.0683428   -1.4588524  946.7979  947.6193
2021 04 20 23 54 00    -4.0776540   -1.4634947  946.7974  947.6148
2021 04 20 23 55 00    -4.0868709   -1.4680983  946.7969  947.6099
2021 04 20 23 56 00    -4.0957760   -1.4724123  946.7963  947.6035
2021 04 20 23 57 00    -4.1046342   -1.4766803  946.7955  947.5975
2021 04 20 23 58 00    -4.1137801   -1.4813021  946.7945  947.5936
2021 04 20 23 59 00    -4.1230284   -1.4860701  946.7935  947.5890
