[TSF-file]     v01.0

[TIMEFORMAT]   DATETIME
[INCREMENT]    60
[CHANNELS]
    BF:SG056:G1-F60 
    BF:SG056:G2-F60 
    BF:SG056:Br1-F60
    BF:SG056:Br2-F60
[UNITS]
    Volt
    Volt
    mbar
    mbar
[UNDETVAL]                      9999.999
[PHASE_LAG_1_DEG_CPD]           0.0402
[PHASE_LAG_1_DEG_CPD_ERROR]     0.0002
[N_LATITUDE_DEG]                48.3294
[N_LATITUDE_DEG_ERROR]          0.0001
[E_LONGITUDE_DEG]               008.3284
[E_LONGITUDE_DEG_ERROR]         0.0001
[HEIGHT_M_1]                    589.20
[HEIGHT_M_1_ERROR]              0.01
[GRAVITY_CAL_1_UGAL_V]          -40.1100
[GRAVITY_CAL_1_UGAL_V_ERROR]    0.0300
[PRESSURE_CAL_MBAR_V]           1.0000
[PRESSURE_CAL_MBAR_V_ERROR]     0.0001
[AUTHOR]                        Thomas Forbriger@kit.edu
[PHASE_LAG_2_DEG_CPD]           0.0402
[PHASE_LAG_2_DEG_CPD_ERROR]     0.0002
[HEIGHT_M_2]                    589.40
[HEIGHT_M_2_ERROR]              0.01
[GRAVITY_CAL_2_UGAL_V]          -80.0699
[GRAVITY_CAL_2_UGAL_V_ERROR]    0.0600
[PRESSURE_ADMIT_HPA_NMS2]       -3.4000
[PRESSURE_MEAN_HPA]             0980.0
[COMMENT]                           
software upgrade and FitPC2 replacement on 29. July 2019



Date           Time     G1-F60        G2-F60        Br1-F60       Br2-F60      
[DATA]
2021 04 13 00 00 00    -3.0343558   -0.9381845  957.4727  958.6683
2021 04 13 00 01 00    -3.0350934   -0.9386198  957.4724  958.6621
2021 04 13 00 02 00    -3.0360448   -0.9390362  957.4716  958.6542
2021 04 13 00 03 00    -3.0375254   -0.9396989  957.4698  958.6447
2021 04 13 00 04 00    -3.0389759   -0.9404133  957.4672  958.6327
2021 04 13 00 05 00    -3.0402864   -0.9411600  957.4647  958.6181
2021 04 13 00 06 00    -3.0417464   -0.9419846  957.4627  958.6033
2021 04 13 00 07 00    -3.0432005   -0.9427152  957.4610  958.5918
2021 04 13 00 08 00    -3.0446456   -0.9434045  957.4596  958.5849
2021 04 13 00 09 00    -3.0462531   -0.9441705  957.4574  958.5811
2021 04 13 00 10 00    -3.0479316   -0.9449693  957.4544  958.5784
2021 04 13 00 11 00    -3.0497519   -0.9458719  957.4510  958.5757
2021 04 13 00 12 00    -3.0517285   -0.9468308  957.4482  958.5740
2021 04 13 00 13 00    -3.0536060   -0.9476994  957.4461  958.5753
2021 04 13 00 14 00    -3.0554959   -0.9486960  957.4446  958.5791
2021 04 13 00 15 00    -3.0576355   -0.9499315  957.4429  958.5817
2021 04 13 00 16 00    -3.0599378   -0.9511197  957.4407  958.5822
2021 04 13 00 17 00    -3.0623547   -0.9522785  957.4384  958.5834
2021 04 13 00 18 00    -3.0648422   -0.9536248  957.4370  958.5845
2021 04 13 00 19 00    -3.0671737   -0.9549257  957.4366  958.5825
2021 04 13 00 20 00    -3.0692967   -0.9559353  957.4361  958.5786
2021 04 13 00 21 00    -3.0715671   -0.9569547  957.4347  958.5762
2021 04 13 00 22 00    -3.0743331   -0.9582881  957.4326  958.5764
2021 04 13 00 23 00    -3.0772730   -0.9597328  957.4305  958.5795
2021 04 13 00 24 00    -3.0799309   -0.9610895  957.4294  958.5844
2021 04 13 00 25 00    -3.0826292   -0.9625379  957.4291  958.5888
2021 04 13 00 26 00    -3.0857015   -0.9641737  957.4290  958.5925
2021 04 13 00 27 00    -3.0889158   -0.9658072  957.4284  958.5953
2021 04 13 00 28 00    -3.0920997   -0.9673603  957.4276  958.5966
2021 04 13 00 29 00    -3.0951991   -0.9689120  957.4274  958.5965
2021 04 13 00 30 00    -3.0982450   -0.9704545  957.4276  958.5955
2021 04 13 00 31 00    -3.1014969   -0.9720243  957.4276  958.5928
2021 04 13 00 32 00    -3.1049979   -0.9737217  957.4269  958.5885
2021 04 13 00 33 00    -3.1085608   -0.9755269  957.4256  958.5836
2021 04 13 00 34 00    -3.1122013   -0.9774264  957.4243  958.5777
2021 04 13 00 35 00    -3.1159912   -0.9794121  957.4234  958.5705
2021 04 13 00 36 00    -3.1198879   -0.9813440  957.4225  958.5638
2021 04 13 00 37 00    -3.1237672   -0.9831132  957.4213  958.5596
2021 04 13 00 38 00    -3.1275634   -0.9848303  957.4205  958.5589
2021 04 13 00 39 00    -3.1314864   -0.9867408  957.4204  958.5617
2021 04 13 00 40 00    -3.1356681   -0.9889145  957.4200  958.5656
2021 04 13 00 41 00    -3.1398732   -0.9910926  957.4191  958.5662
2021 04 13 00 42 00    -3.1439276   -0.9930840  957.4183  958.5621
2021 04 13 00 43 00    -3.1480325   -0.9951552  957.4181  958.5572
2021 04 13 00 44 00    -3.1523882   -0.9975105  957.4179  958.5535
2021 04 13 00 45 00    -3.1567789   -0.9997975  957.4176  958.5492
2021 04 13 00 46 00    -3.1610476   -1.0018093  957.4173  958.5447
2021 04 13 00 47 00    -3.1654317   -1.0039024  957.4167  958.5432
2021 04 13 00 48 00    -3.1700196   -1.0062519  957.4156  958.5443
2021 04 13 00 49 00    -3.1746758   -1.0086273  957.4143  958.5439
2021 04 13 00 50 00    -3.1794074   -1.0110117  957.4131  958.5396
2021 04 13 00 51 00    -3.1843100   -1.0135650  957.4119  958.5333
2021 04 13 00 52 00    -3.1893608   -1.0161788  957.4110  958.5282
2021 04 13 00 53 00    -3.1943930   -1.0186756  957.4106  958.5256
2021 04 13 00 54 00    -3.1993214   -1.0210777  957.4102  958.5236
2021 04 13 00 55 00    -3.2043085   -1.0235505  957.4092  958.5207
2021 04 13 00 56 00    -3.2094873   -1.0261987  957.4080  958.5174
2021 04 13 00 57 00    -3.2147275   -1.0288517  957.4065  958.5156
2021 04 13 00 58 00    -3.2199432   -1.0313510  957.4046  958.5167
2021 04 13 00 59 00    -3.2252249   -1.0338621  957.4029  958.5198
2021 04 13 01 00 00    -3.2305684   -1.0365521  957.4015  958.5227
2021 04 13 01 01 00    -3.2360140   -1.0393375  957.4006  958.5242
2021 04 13 01 02 00    -3.2416872   -1.0421188  957.4006  958.5245
2021 04 13 01 03 00    -3.2474168   -1.0449660  957.4013  958.5243
2021 04 13 01 04 00    -3.2529730   -1.0478805  957.4017  958.5229
2021 04 13 01 05 00    -3.2585175   -1.0506666  957.4011  958.5196
2021 04 13 01 06 00    -3.2643546   -1.0533829  957.4002  958.5163
2021 04 13 01 07 00    -3.2703717   -1.0563224  957.3998  958.5164
2021 04 13 01 08 00    -3.2761579   -1.0594027  957.3997  958.5188
2021 04 13 01 09 00    -3.2818370   -1.0623910  957.3990  958.5187
2021 04 13 01 10 00    -3.2878853   -1.0653328  957.3976  958.5143
2021 04 13 01 11 00    -3.2942285   -1.0683373  957.3965  958.5083
2021 04 13 01 12 00    -3.3005390   -1.0714809  957.3963  958.5027
2021 04 13 01 13 00    -3.3067542   -1.0747642  957.3963  958.4979
2021 04 13 01 14 00    -3.3129533   -1.0780582  957.3958  958.4961
2021 04 13 01 15 00    -3.3192789   -1.0812418  957.3949  958.4986
2021 04 13 01 16 00    -3.3257694   -1.0843035  957.3942  958.5015
2021 04 13 01 17 00    -3.3323084   -1.0874542  957.3939  958.5023
2021 04 13 01 18 00    -3.3387625   -1.0908495  957.3937  958.5040
2021 04 13 01 19 00    -3.3451252   -1.0942517  957.3928  958.5068
2021 04 13 01 20 00    -3.3516649   -1.0974897  957.3917  958.5059
2021 04 13 01 21 00    -3.3584564   -1.1007314  957.3911  958.4988
2021 04 13 01 22 00    -3.3652321   -1.1040763  957.3907  958.4853
2021 04 13 01 23 00    -3.3720706   -1.1074757  957.3891  958.4670
2021 04 13 01 24 00    -3.3791541   -1.1109682  957.3869  958.4480
2021 04 13 01 25 00    -3.3862582   -1.1145747  957.3855  958.4327
2021 04 13 01 26 00    -3.3932629   -1.1181168  957.3843  958.4215
2021 04 13 01 27 00    -3.4002890   -1.1214976  957.3817  958.4126
2021 04 13 01 28 00    -3.4073256   -1.1249120  957.3782  958.4068
2021 04 13 01 29 00    -3.4143623   -1.1284677  957.3757  958.4073
2021 04 13 01 30 00    -3.4214731   -1.1320718  957.3740  958.4122
2021 04 13 01 31 00    -3.4286282   -1.1357176  957.3721  958.4149
2021 04 13 01 32 00    -3.4357170   -1.1393505  957.3701  958.4128
2021 04 13 01 33 00    -3.4427250   -1.1428435  957.3685  958.4097
2021 04 13 01 34 00    -3.4498764   -1.1463698  957.3667  958.4096
2021 04 13 01 35 00    -3.4573592   -1.1501747  957.3647  958.4133
2021 04 13 01 36 00    -3.4649566   -1.1540827  957.3629  958.4189
2021 04 13 01 37 00    -3.4724411   -1.1578647  957.3619  958.4229
2021 04 13 01 38 00    -3.4799127   -1.1616307  957.3615  958.4244
2021 04 13 01 39 00    -3.4874714   -1.1654523  957.3608  958.4262
2021 04 13 01 40 00    -3.4950892   -1.1692167  957.3595  958.4310
2021 04 13 01 41 00    -3.5026491   -1.1728855  957.3586  958.4376
2021 04 13 01 42 00    -3.5101859   -1.1766163  957.3584  958.4432
2021 04 13 01 43 00    -3.5180033   -1.1805746  957.3585  958.4472
2021 04 13 01 44 00    -3.5258936   -1.1845488  957.3583  958.4508
2021 04 13 01 45 00    -3.5334388   -1.1883044  957.3582  958.4552
2021 04 13 01 46 00    -3.5410979   -1.1921020  957.3587  958.4603
2021 04 13 01 47 00    -3.5491873   -1.1961259  957.3592  958.4636
2021 04 13 01 48 00    -3.5571184   -1.2001477  957.3593  958.4640
2021 04 13 01 49 00    -3.5647365   -1.2040683  957.3595  958.4647
2021 04 13 01 50 00    -3.5725875   -1.2080324  957.3599  958.4674
2021 04 13 01 51 00    -3.5807514   -1.2121065  957.3601  958.4698
2021 04 13 01 52 00    -3.5888308   -1.2161829  957.3600  958.4693
2021 04 13 01 53 00    -3.5967689   -1.2201014  957.3603  958.4662
2021 04 13 01 54 00    -3.6047531   -1.2239400  957.3618  958.4618
2021 04 13 01 55 00    -3.6128347   -1.2280294  957.3636  958.4568
2021 04 13 01 56 00    -3.6210628   -1.2323530  957.3643  958.4517
2021 04 13 01 57 00    -3.6294720   -1.2365372  957.3634  958.4462
2021 04 13 01 58 00    -3.6378754   -1.2405730  957.3623  958.4405
2021 04 13 01 59 00    -3.6460734   -1.2446964  957.3617  958.4360
2021 04 13 02 00 00    -3.6542780   -1.2489137  957.3611  958.4326
2021 04 13 02 01 00    -3.6627568   -1.2531106  957.3600  958.4292
2021 04 13 02 02 00    -3.6713293   -1.2572217  957.3590  958.4271
2021 04 13 02 03 00    -3.6798325   -1.2613404  957.3584  958.4277
2021 04 13 02 04 00    -3.6883474   -1.2656066  957.3578  958.4299
2021 04 13 02 05 00    -3.6967863   -1.2699299  957.3576  958.4323
2021 04 13 02 06 00    -3.7050535   -1.2741767  957.3579  958.4337
2021 04 13 02 07 00    -3.7133480   -1.2784483  957.3581  958.4350
2021 04 13 02 08 00    -3.7217918   -1.2828122  957.3580  958.4385
2021 04 13 02 09 00    -3.7302084   -1.2870553  957.3581  958.4442
2021 04 13 02 10 00    -3.7385538   -1.2911280  957.3584  958.4494
2021 04 13 02 11 00    -3.7469940   -1.2953131  957.3587  958.4538
2021 04 13 02 12 00    -3.7555634   -1.2996324  957.3588  958.4612
2021 04 13 02 13 00    -3.7642338   -1.3038892  957.3595  958.4730
2021 04 13 02 14 00    -3.7729420   -1.3081040  957.3615  958.4853
2021 04 13 02 15 00    -3.7815336   -1.3123245  957.3642  958.4926
2021 04 13 02 16 00    -3.7900208   -1.3165699  957.3660  958.4941
2021 04 13 02 17 00    -3.7985174   -1.3209046  957.3665  958.4938
2021 04 13 02 18 00    -3.8070957   -1.3253062  957.3673  958.4965
2021 04 13 02 19 00    -3.8158402   -1.3297016  957.3689  958.5016
2021 04 13 02 20 00    -3.8246327   -1.3340636  957.3709  958.5064
2021 04 13 02 21 00    -3.8333596   -1.3384848  957.3721  958.5098
2021 04 13 02 22 00    -3.8421930   -1.3430076  957.3725  958.5126
2021 04 13 02 23 00    -3.8510920   -1.3474650  957.3735  958.5149
2021 04 13 02 24 00    -3.8597871   -1.3517638  957.3755  958.5172
2021 04 13 02 25 00    -3.8683595   -1.3560001  957.3781  958.5212
2021 04 13 02 26 00    -3.8770737   -1.3602827  957.3805  958.5279
2021 04 13 02 27 00    -3.8858898   -1.3647027  957.3824  958.5352
2021 04 13 02 28 00    -3.8946527   -1.3692470  957.3840  958.5400
2021 04 13 02 29 00    -3.9033576   -1.3736823  957.3859  958.5407
2021 04 13 02 30 00    -3.9120213   -1.3779185  957.3884  958.5400
2021 04 13 02 31 00    -3.9207356   -1.3821935  957.3907  958.5438
2021 04 13 02 32 00    -3.9296486   -1.3866256  957.3923  958.5544
2021 04 13 02 33 00    -3.9386337   -1.3911094  957.3937  958.5676
2021 04 13 02 34 00    -3.9474027   -1.3955328  957.3958  958.5773
2021 04 13 02 35 00    -3.9559669   -1.3998926  957.3987  958.5826
2021 04 13 02 36 00    -3.9646390   -1.4043203  957.4015  958.5852
2021 04 13 02 37 00    -3.9734955   -1.4087851  957.4041  958.5855
2021 04 13 02 38 00    -3.9822359   -1.4130842  957.4069  958.5835
2021 04 13 02 39 00    -3.9909232   -1.4173276  957.4094  958.5797
2021 04 13 02 40 00    -3.9999720   -1.4217686  957.4107  958.5749
2021 04 13 02 41 00    -4.0092124   -1.4262819  957.4115  958.5707
2021 04 13 02 42 00    -4.0181638   -1.4307106  957.4133  958.5681
2021 04 13 02 43 00    -4.0268931   -1.4352299  957.4158  958.5648
2021 04 13 02 44 00    -4.0357735   -1.4399457  957.4181  958.5588
2021 04 13 02 45 00    -4.0447807   -1.4446153  957.4196  958.5525
2021 04 13 02 46 00    -4.0535749   -1.4489568  957.4205  958.5485
2021 04 13 02 47 00    -4.0622446   -1.4531421  957.4208  958.5470
2021 04 13 02 48 00    -4.0711573   -1.4575785  957.4208  958.5484
2021 04 13 02 49 00    -4.0801668   -1.4621482  957.4211  958.5524
2021 04 13 02 50 00    -4.0888987   -1.4664681  957.4224  958.5568
2021 04 13 02 51 00    -4.0975042   -1.4706949  957.4244  958.5598
2021 04 13 02 52 00    -4.1063398   -1.4751582  957.4263  958.5613
2021 04 13 02 53 00    -4.1152558   -1.4796869  957.4272  958.5621
2021 04 13 02 54 00    -4.1239566   -1.4840301  957.4281  958.5625
2021 04 13 02 55 00    -4.1325911   -1.4883535  957.4294  958.5626
2021 04 13 02 56 00    -4.1413707   -1.4928168  957.4308  958.5625
2021 04 13 02 57 00    -4.1501547   -1.4972233  957.4317  958.5609
2021 04 13 02 58 00    -4.1587745   -1.5014682  957.4325  958.5564
2021 04 13 02 59 00    -4.1673845   -1.5057913  957.4338  958.5498
2021 04 13 03 00 00    -4.1761342   -1.5102645  957.4350  958.5455
2021 04 13 03 01 00    -4.1848514   -1.5146081  957.4359  958.5457
2021 04 13 03 02 00    -4.1934395   -1.5187334  957.4366  958.5481
2021 04 13 03 03 00    -4.2020544   -1.5229546  957.4375  958.5490
2021 04 13 03 04 00    -4.2106773   -1.5274081  957.4387  958.5485
2021 04 13 03 05 00    -4.2191642   -1.5317151  957.4396  958.5491
2021 04 13 03 06 00    -4.2276730   -1.5356905  957.4398  958.5513
2021 04 13 03 07 00    -4.2363277   -1.5397315  957.4398  958.5541
2021 04 13 03 08 00    -4.2448921   -1.5440791  957.4404  958.5577
2021 04 13 03 09 00    -4.2532316   -1.5484649  957.4422  958.5618
2021 04 13 03 10 00    -4.2614792   -1.5526821  957.4445  958.5669
2021 04 13 03 11 00    -4.2698241   -1.5569111  957.4466  958.5749
2021 04 13 03 12 00    -4.2783038   -1.5612648  957.4479  958.5860
2021 04 13 03 13 00    -4.2867499   -1.5655383  957.4488  958.5962
2021 04 13 03 14 00    -4.2951458   -1.5696548  957.4503  958.6016
2021 04 13 03 15 00    -4.3034612   -1.5737280  957.4527  958.6016
2021 04 13 03 16 00    -4.3115212   -1.5777827  957.4552  958.6002
2021 04 13 03 17 00    -4.3195968   -1.5818782  957.4569  958.6013
2021 04 13 03 18 00    -4.3279208   -1.5860904  957.4579  958.6046
2021 04 13 03 19 00    -4.3362193   -1.5903679  957.4595  958.6069
2021 04 13 03 20 00    -4.3444681   -1.5946203  957.4615  958.6076
2021 04 13 03 21 00    -4.3527236   -1.5987237  957.4630  958.6065
2021 04 13 03 22 00    -4.3607803   -1.6026903  957.4637  958.6024
2021 04 13 03 23 00    -4.3686867   -1.6067028  957.4643  958.5955
2021 04 13 03 24 00    -4.3766301   -1.6107030  957.4653  958.5882
2021 04 13 03 25 00    -4.3846484   -1.6145427  957.4666  958.5828
2021 04 13 03 26 00    -4.3926366   -1.6183549  957.4681  958.5808
2021 04 13 03 27 00    -4.4003670   -1.6222640  957.4698  958.5817
2021 04 13 03 28 00    -4.4079913   -1.6262334  957.4710  958.5841
2021 04 13 03 29 00    -4.4159140   -1.6302312  957.4713  958.5874
2021 04 13 03 30 00    -4.4239484   -1.6341977  957.4715  958.5906
2021 04 13 03 31 00    -4.4317094   -1.6381096  957.4720  958.5931
2021 04 13 03 32 00    -4.4393110   -1.6419988  957.4728  958.5946
2021 04 13 03 33 00    -4.4469227   -1.6457933  957.4740  958.5943
2021 04 13 03 34 00    -4.4545363   -1.6495370  957.4754  958.5916
2021 04 13 03 35 00    -4.4621563   -1.6533762  957.4770  958.5893
2021 04 13 03 36 00    -4.4696559   -1.6571465  957.4785  958.5908
2021 04 13 03 37 00    -4.4769612   -1.6607214  957.4796  958.5945
2021 04 13 03 38 00    -4.4842248   -1.6643061  957.4805  958.5964
2021 04 13 03 39 00    -4.4915234   -1.6679785  957.4820  958.5972
2021 04 13 03 40 00    -4.4989150   -1.6716820  957.4838  958.5978
2021 04 13 03 41 00    -4.5065015   -1.6754757  957.4851  958.5941
2021 04 13 03 42 00    -4.5140368   -1.6793154  957.4851  958.5862
2021 04 13 03 43 00    -4.5212064   -1.6829881  957.4847  958.5773
2021 04 13 03 44 00    -4.5282933   -1.6864908  957.4844  958.5667
2021 04 13 03 45 00    -4.5356219   -1.6900915  957.4842  958.5565
2021 04 13 03 46 00    -4.5428720   -1.6937993  957.4837  958.5513
2021 04 13 03 47 00    -4.5497388   -1.6972956  957.4831  958.5501
2021 04 13 03 48 00    -4.5564280   -1.7005824  957.4830  958.5499
2021 04 13 03 49 00    -4.5632347   -1.7040102  957.4835  958.5530
2021 04 13 03 50 00    -4.5701780   -1.7075577  957.4839  958.5614
2021 04 13 03 51 00    -4.5769733   -1.7108953  957.4836  958.5710
2021 04 13 03 52 00    -4.5834939   -1.7141459  957.4838  958.5802
2021 04 13 03 53 00    -4.5900247   -1.7175774  957.4854  958.5937
2021 04 13 03 54 00    -4.5966011   -1.7209015  957.4877  958.6113
2021 04 13 03 55 00    -4.6029076   -1.7239186  957.4899  958.6276
2021 04 13 03 56 00    -4.6091041   -1.7269989  957.4922  958.6415
2021 04 13 03 57 00    -4.6155682   -1.7303298  957.4946  958.6536
2021 04 13 03 58 00    -4.6220282   -1.7336698  957.4971  958.6617
2021 04 13 03 59 00    -4.6281936   -1.7368528  957.4994  958.6637
2021 04 13 04 00 00    -4.6343511   -1.7398826  957.5017  958.6598
2021 04 13 04 01 00    -4.6406244   -1.7428529  957.5040  958.6551
2021 04 13 04 02 00    -4.6468279   -1.7459442  957.5066  958.6556
2021 04 13 04 03 00    -4.6528546   -1.7490758  957.5093  958.6624
2021 04 13 04 04 00    -4.6586249   -1.7519540  957.5118  958.6722
2021 04 13 04 05 00    -4.6642986   -1.7547042  957.5136  958.6816
2021 04 13 04 06 00    -4.6701713   -1.7576529  957.5152  958.6892
2021 04 13 04 07 00    -4.6760118   -1.7606166  957.5177  958.6953
2021 04 13 04 08 00    -4.6814526   -1.7632624  957.5209  958.6998
2021 04 13 04 09 00    -4.6868176   -1.7658431  957.5240  958.7009
2021 04 13 04 10 00    -4.6925316   -1.7687282  957.5269  958.6973
2021 04 13 04 11 00    -4.6983008   -1.7716498  957.5300  958.6919
2021 04 13 04 12 00    -4.7036821   -1.7742799  957.5327  958.6887
2021 04 13 04 13 00    -4.7088577   -1.7768644  957.5345  958.6899
2021 04 13 04 14 00    -4.7141753   -1.7795922  957.5358  958.6947
2021 04 13 04 15 00    -4.7194308   -1.7822160  957.5379  958.7010
2021 04 13 04 16 00    -4.7243779   -1.7846747  957.5407  958.7087
2021 04 13 04 17 00    -4.7293012   -1.7872084  957.5432  958.7187
2021 04 13 04 18 00    -4.7343785   -1.7897722  957.5452  958.7283
2021 04 13 04 19 00    -4.7393174   -1.7921627  957.5477  958.7337
2021 04 13 04 20 00    -4.7439743   -1.7944970  957.5504  958.7349
2021 04 13 04 21 00    -4.7486075   -1.7968986  957.5529  958.7349
2021 04 13 04 22 00    -4.7533461   -1.7992156  957.5554  958.7345
2021 04 13 04 23 00    -4.7580192   -1.8014326  957.5584  958.7334
2021 04 13 04 24 00    -4.7626042   -1.8037498  957.5611  958.7326
2021 04 13 04 25 00    -4.7671330   -1.8061491  957.5639  958.7319
2021 04 13 04 26 00    -4.7715008   -1.8084223  957.5667  958.7297
2021 04 13 04 27 00    -4.7758372   -1.8105351  957.5691  958.7255
2021 04 13 04 28 00    -4.7802381   -1.8125738  957.5709  958.7211
2021 04 13 04 29 00    -4.7844687   -1.8145782  957.5724  958.7209
2021 04 13 04 30 00    -4.7885098   -1.8166495  957.5739  958.7281
2021 04 13 04 31 00    -4.7924956   -1.8188186  957.5757  958.7399
2021 04 13 04 32 00    -4.7963414   -1.8208631  957.5779  958.7506
2021 04 13 04 33 00    -4.8000174   -1.8226495  957.5806  958.7595
2021 04 13 04 34 00    -4.8036506   -1.8243668  957.5841  958.7687
2021 04 13 04 35 00    -4.8072999   -1.8261769  957.5873  958.7770
2021 04 13 04 36 00    -4.8108821   -1.8279943  957.5899  958.7835
2021 04 13 04 37 00    -4.8143645   -1.8297521  957.5923  958.7880
2021 04 13 04 38 00    -4.8178372   -1.8314913  957.5952  958.7903
2021 04 13 04 39 00    -4.8213033   -1.8332517  957.5985  958.7926
2021 04 13 04 40 00    -4.8245628   -1.8350376  957.6018  958.8008
2021 04 13 04 41 00    -4.8274118   -1.8366210  957.6050  958.8178
2021 04 13 04 42 00    -4.8301280   -1.8378655  957.6084  958.8384
2021 04 13 04 43 00    -4.8331420   -1.8391162  957.6121  958.8540
2021 04 13 04 44 00    -4.8362374   -1.8405769  957.6157  958.8621
2021 04 13 04 45 00    -4.8390882   -1.8420688  957.6195  958.8638
2021 04 13 04 46 00    -4.8418193   -1.8435021  957.6238  958.8599
2021 04 13 04 47 00    -4.8445369   -1.8448777  957.6282  958.8565
2021 04 13 04 48 00    -4.8471926   -1.8461272  957.6319  958.8597
2021 04 13 04 49 00    -4.8497149   -1.8472480  957.6349  958.8645
2021 04 13 04 50 00    -4.8520640   -1.8484619  957.6383  958.8639
2021 04 13 04 51 00    -4.8543644   -1.8498951  957.6419  958.8613
2021 04 13 04 52 00    -4.8566323   -1.8511820  957.6453  958.8620
2021 04 13 04 53 00    -4.8586797   -1.8520309  957.6479  958.8658
2021 04 13 04 54 00    -4.8606194   -1.8528279  957.6500  958.8683
2021 04 13 04 55 00    -4.8626669   -1.8538676  957.6527  958.8644
2021 04 13 04 56 00    -4.8646421   -1.8548268  957.6564  958.8548
2021 04 13 04 57 00    -4.8663866   -1.8556111  957.6594  958.8474
2021 04 13 04 58 00    -4.8680212   -1.8565082  957.6608  958.8467
2021 04 13 04 59 00    -4.8696594   -1.8574999  957.6623  958.8508
2021 04 13 05 00 00    -4.8712266   -1.8583241  957.6649  958.8573
2021 04 13 05 01 00    -4.8724810   -1.8588784  957.6684  958.8658
2021 04 13 05 02 00    -4.8734503   -1.8593122  957.6714  958.8775
2021 04 13 05 03 00    -4.8744452   -1.8598105  957.6738  958.8939
2021 04 13 05 04 00    -4.8754553   -1.8603868  957.6762  958.9151
2021 04 13 05 05 00    -4.8763231   -1.8609373  957.6795  958.9366
2021 04 13 05 06 00    -4.8771225   -1.8613418  957.6842  958.9524
2021 04 13 05 07 00    -4.8778983   -1.8616166  957.6892  958.9627
2021 04 13 05 08 00    -4.8785811   -1.8618638  957.6937  958.9736
2021 04 13 05 09 00    -4.8791327   -1.8621410  957.6980  958.9856
2021 04 13 05 10 00    -4.8796103   -1.8625264  957.7029  958.9952
2021 04 13 05 11 00    -4.8800779   -1.8629064  957.7081  959.0042
2021 04 13 05 12 00    -4.8804519   -1.8630604  957.7127  959.0137
2021 04 13 05 13 00    -4.8806149   -1.8630957  957.7169  959.0195
2021 04 13 05 14 00    -4.8805849   -1.8631104  957.7213  959.0226
2021 04 13 05 15 00    -4.8804853   -1.8629686  957.7260  959.0309
2021 04 13 05 16 00    -4.8803687   -1.8627667  957.7303  959.0416
2021 04 13 05 17 00    -4.8801505   -1.8626871  957.7340  959.0442
2021 04 13 05 18 00    -4.8798072   -1.8626101  957.7381  959.0444
2021 04 13 05 19 00    -4.8793790   -1.8624120  957.7431  959.0531
2021 04 13 05 20 00    -4.8788410   -1.8621184  957.7488  959.0632
2021 04 13 05 21 00    -4.8782339   -1.8617799  957.7542  959.0697
2021 04 13 05 22 00    -4.8775685   -1.8614748  957.7585  959.0809
2021 04 13 05 23 00    -4.8767220   -1.8611045  957.7626  959.0967
2021 04 13 05 24 00    -4.8757861   -1.8605513  957.7674  959.1121
2021 04 13 05 25 00    -4.8748999   -1.8599908  957.7726  959.1296
2021 04 13 05 26 00    -4.8738020   -1.8594976  957.7782  959.1443
2021 04 13 05 27 00    -4.8723462   -1.8589261  957.7840  959.1504
2021 04 13 05 28 00    -4.8708420   -1.8582056  957.7899  959.1589
2021 04 13 05 29 00    -4.8694579   -1.8573836  957.7960  959.1756
2021 04 13 05 30 00    -4.8680819   -1.8566222  957.8020  959.1846
2021 04 13 05 31 00    -4.8666225   -1.8559602  957.8076  959.1796
2021 04 13 05 32 00    -4.8650173   -1.8552134  957.8128  959.1760
2021 04 13 05 33 00    -4.8632273   -1.8542917  957.8180  959.1816
2021 04 13 05 34 00    -4.8613073   -1.8532791  957.8229  959.1887
2021 04 13 05 35 00    -4.8593923   -1.8522922  957.8277  959.1954
2021 04 13 05 36 00    -4.8574664   -1.8513597  957.8330  959.2048
2021 04 13 05 37 00    -4.8552662   -1.8503514  957.8387  959.2151
2021 04 13 05 38 00    -4.8527461   -1.8491684  957.8442  959.2263
2021 04 13 05 39 00    -4.8502311   -1.8479167  957.8497  959.2388
2021 04 13 05 40 00    -4.8477901   -1.8466573  957.8557  959.2483
2021 04 13 05 41 00    -4.8451957   -1.8453096  957.8614  959.2533
2021 04 13 05 42 00    -4.8424814   -1.8439232  957.8663  959.2562
2021 04 13 05 43 00    -4.8397387   -1.8425657  957.8712  959.2609
2021 04 13 05 44 00    -4.8368194   -1.8411034  957.8767  959.2745
2021 04 13 05 45 00    -4.8336762   -1.8394724  957.8829  959.2944
2021 04 13 05 46 00    -4.8304711   -1.8378511  957.8889  959.3074
2021 04 13 05 47 00    -4.8272886   -1.8363140  957.8945  959.3099
2021 04 13 05 48 00    -4.8240514   -1.8346990  957.9000  959.3131
2021 04 13 05 49 00    -4.8206990   -1.8329990  957.9061  959.3236
2021 04 13 05 50 00    -4.8171895   -1.8312712  957.9123  959.3346
2021 04 13 05 51 00    -4.8134671   -1.8293401  957.9180  959.3363
2021 04 13 05 52 00    -4.8096684   -1.8272712  957.9233  959.3342
2021 04 13 05 53 00    -4.8059442   -1.8254192  957.9290  959.3438
2021 04 13 05 54 00    -4.8021311   -1.8237217  957.9354  959.3649
2021 04 13 05 55 00    -4.7980473   -1.8218085  957.9422  959.3803
2021 04 13 05 56 00    -4.7937283   -1.8195705  957.9486  959.3873
2021 04 13 05 57 00    -4.7892821   -1.8172039  957.9543  959.3993
2021 04 13 05 58 00    -4.7849102   -1.8150166  957.9598  959.4129
2021 04 13 05 59 00    -4.7806520   -1.8129860  957.9657  959.4160
2021 04 13 06 00 00    -4.7761761   -1.8107464  957.9718  959.4164
2021 04 13 06 01 00    -4.7714239   -1.8082854  957.9781  959.4179
2021 04 13 06 02 00    -4.7666791   -1.8058375  957.9846  959.4129
2021 04 13 06 03 00    -4.7618598   -1.8034073  957.9911  959.4103
2021 04 13 06 04 00    -4.7568387   -1.8009741  957.9970  959.4204
2021 04 13 06 05 00    -4.7518104   -1.7984667  958.0022  959.4345
2021 04 13 06 06 00    -4.7467900   -1.7957848  958.0077  959.4446
2021 04 13 06 07 00    -4.7416756   -1.7931120  958.0136  959.4510
2021 04 13 06 08 00    -4.7364056   -1.7905207  958.0190  959.4526
2021 04 13 06 09 00    -4.7308388   -1.7877806  958.0242  959.4499
2021 04 13 06 10 00    -4.7252000   -1.7849759  958.0298  959.4466
2021 04 13 06 11 00    -4.7197689   -1.7823242  958.0350  959.4423
2021 04 13 06 12 00    -4.7141358   -1.7795442  958.0396  959.4373
2021 04 13 06 13 00    -4.7081304   -1.7764356  958.0446  959.4387
2021 04 13 06 14 00    -4.7023235   -1.7734196  958.0506  959.4513
2021 04 13 06 15 00    -4.6966761   -1.7706705  958.0558  959.4658
2021 04 13 06 16 00    -4.6905254   -1.7677195  958.0602  959.4736
2021 04 13 06 17 00    -4.6839311   -1.7643960  958.0652  959.4833
2021 04 13 06 18 00    -4.6774362   -1.7610716  958.0706  959.4964
2021 04 13 06 19 00    -4.6711219   -1.7579380  958.0753  959.4993
2021 04 13 06 20 00    -4.6647164   -1.7548347  958.0801  959.4961
2021 04 13 06 21 00    -4.6580556   -1.7515338  958.0855  959.5036
2021 04 13 06 22 00    -4.6512472   -1.7480164  958.0911  959.5185
2021 04 13 06 23 00    -4.6444798   -1.7445429  958.0968  959.5296
2021 04 13 06 24 00    -4.6376945   -1.7412216  958.1032  959.5361
2021 04 13 06 25 00    -4.6307408   -1.7378720  958.1093  959.5390
2021 04 13 06 26 00    -4.6236699   -1.7344051  958.1147  959.5386
2021 04 13 06 27 00    -4.6164978   -1.7308535  958.1201  959.5392
2021 04 13 06 28 00    -4.6091496   -1.7272288  958.1252  959.5414
2021 04 13 06 29 00    -4.6018135   -1.7235679  958.1295  959.5414
2021 04 13 06 30 00    -4.5945599   -1.7198304  958.1337  959.5397
2021 04 13 06 31 00    -4.5870010   -1.7159093  958.1385  959.5386
2021 04 13 06 32 00    -4.5791124   -1.7119075  958.1435  959.5381
2021 04 13 06 33 00    -4.5712891   -1.7079927  958.1482  959.5410
2021 04 13 06 34 00    -4.5635438   -1.7041704  958.1531  959.5519
2021 04 13 06 35 00    -4.5556979   -1.7003648  958.1582  959.5687
2021 04 13 06 36 00    -4.5476507   -1.6963464  958.1634  959.5831
2021 04 13 06 37 00    -4.5393460   -1.6920388  958.1687  959.5921
2021 04 13 06 38 00    -4.5310184   -1.6878164  958.1744  959.5987
2021 04 13 06 39 00    -4.5228532   -1.6838480  958.1800  959.5997
2021 04 13 06 40 00    -4.5146040   -1.6798155  958.1852  959.5962
2021 04 13 06 41 00    -4.5060603   -1.6755098  958.1901  959.5997
2021 04 13 06 42 00    -4.4972810   -1.6710378  958.1954  959.6100
2021 04 13 06 43 00    -4.4884190   -1.6665804  958.2012  959.6182
2021 04 13 06 44 00    -4.4796277   -1.6621896  958.2067  959.6241
2021 04 13 06 45 00    -4.4708381   -1.6578046  958.2117  959.6287
2021 04 13 06 46 00    -4.4619166   -1.6534204  958.2166  959.6325
2021 04 13 06 47 00    -4.4528717   -1.6489154  958.2214  959.6419
2021 04 13 06 48 00    -4.4436020   -1.6441056  958.2261  959.6589
2021 04 13 06 49 00    -4.4340959   -1.6392087  958.2316  959.6728
2021 04 13 06 50 00    -4.4245871   -1.6345237  958.2376  959.6767
2021 04 13 06 51 00    -4.4151711   -1.6299457  958.2435  959.6813
2021 04 13 06 52 00    -4.4057705   -1.6252334  958.2487  959.6948
2021 04 13 06 53 00    -4.3963129   -1.6203513  958.2539  959.7094
2021 04 13 06 54 00    -4.3867156   -1.6154621  958.2600  959.7186
2021 04 13 06 55 00    -4.3768684   -1.6106413  958.2664  959.7229
2021 04 13 06 56 00    -4.3668257   -1.6057949  958.2722  959.7249
2021 04 13 06 57 00    -4.3568264   -1.6008540  958.2777  959.7307
2021 04 13 06 58 00    -4.3468443   -1.5957881  958.2830  959.7396
2021 04 13 06 59 00    -4.3367009   -1.5906227  958.2880  959.7380
2021 04 13 07 00 00    -4.3265402   -1.5854683  958.2928  959.7237
2021 04 13 07 01 00    -4.3164101   -1.5803445  958.2978  959.7146
2021 04 13 07 02 00    -4.3060544   -1.5751495  958.3031  959.7183
2021 04 13 07 03 00    -4.2955106   -1.5698856  958.3080  959.7247
2021 04 13 07 04 00    -4.2850414   -1.5646645  958.3123  959.7268
2021 04 13 07 05 00    -4.2745999   -1.5595117  958.3168  959.7259
2021 04 13 07 06 00    -4.2639629   -1.5543211  958.3217  959.7263
2021 04 13 07 07 00    -4.2531497   -1.5489657  958.3266  959.7284
2021 04 13 07 08 00    -4.2423395   -1.5434636  958.3313  959.7277
2021 04 13 07 09 00    -4.2315518   -1.5379190  958.3356  959.7248
2021 04 13 07 10 00    -4.2207092   -1.5323676  958.3395  959.7238
2021 04 13 07 11 00    -4.2097998   -1.5268578  958.3430  959.7257
2021 04 13 07 12 00    -4.1987801   -1.5214128  958.3471  959.7288
2021 04 13 07 13 00    -4.1875967   -1.5159457  958.3517  959.7280
2021 04 13 07 14 00    -4.1762753   -1.5103806  958.3558  959.7191
2021 04 13 07 15 00    -4.1648499   -1.5046758  958.3591  959.7084
2021 04 13 07 16 00    -4.1534344   -1.4988652  958.3622  959.7071
2021 04 13 07 17 00    -4.1421391   -1.4930679  958.3653  959.7125
2021 04 13 07 18 00    -4.1307628   -1.4873027  958.3686  959.7120
2021 04 13 07 19 00    -4.1190522   -1.4815026  958.3727  959.7071
2021 04 13 07 20 00    -4.1071020   -1.4756186  958.3772  959.7076
2021 04 13 07 21 00    -4.0951473   -1.4696794  958.3810  959.7104
2021 04 13 07 22 00    -4.0832914   -1.4637805  958.3844  959.7125
2021 04 13 07 23 00    -4.0714836   -1.4578646  958.3878  959.7222
2021 04 13 07 24 00    -4.0596109   -1.4518386  958.3914  959.7346
2021 04 13 07 25 00    -4.0476712   -1.4458151  958.3948  959.7306
2021 04 13 07 26 00    -4.0356530   -1.4398398  958.3978  959.7099
2021 04 13 07 27 00    -4.0234328   -1.4337955  958.4006  959.6929
2021 04 13 07 28 00    -4.0111119   -1.4276464  958.4027  959.6915
2021 04 13 07 29 00    -3.9988490   -1.4213623  958.4041  959.6972
2021 04 13 07 30 00    -3.9864758   -1.4149876  958.4061  959.6986
2021 04 13 07 31 00    -3.9739352   -1.4087585  958.4095  959.6981
2021 04 13 07 32 00    -3.9614116   -1.4026263  958.4131  959.7003
2021 04 13 07 33 00    -3.9488857   -1.3963181  958.4155  959.7008
2021 04 13 07 34 00    -3.9362048   -1.3898921  958.4174  959.7037
2021 04 13 07 35 00    -3.9233792   -1.3835100  958.4196  959.7109
2021 04 13 07 36 00    -3.9105446   -1.3771500  958.4220  959.7090
2021 04 13 07 37 00    -3.8977260   -1.3707553  958.4245  959.7020
2021 04 13 07 38 00    -3.8848514   -1.3643311  958.4277  959.7061
2021 04 13 07 39 00    -3.8719242   -1.3578507  958.4313  959.7172
2021 04 13 07 40 00    -3.8588838   -1.3511743  958.4340  959.7248
2021 04 13 07 41 00    -3.8456011   -1.3443624  958.4361  959.7321
2021 04 13 07 42 00    -3.8322280   -1.3376976  958.4387  959.7420
2021 04 13 07 43 00    -3.8190436   -1.3311750  958.4417  959.7507
2021 04 13 07 44 00    -3.8058883   -1.3245576  958.4445  959.7570
2021 04 13 07 45 00    -3.7924292   -1.3177999  958.4471  959.7610
2021 04 13 07 46 00    -3.7788475   -1.3110257  958.4496  959.7610
2021 04 13 07 47 00    -3.7654752   -1.3042714  958.4530  959.7636
2021 04 13 07 48 00    -3.7521613   -1.2974478  958.4578  959.7768
2021 04 13 07 49 00    -3.7386366   -1.2905834  958.4628  959.7892
2021 04 13 07 50 00    -3.7249334   -1.2838111  958.4663  959.7875
2021 04 13 07 51 00    -3.7111950   -1.2770893  958.4690  959.7829
2021 04 13 07 52 00    -3.6975035   -1.2703400  958.4719  959.7857
2021 04 13 07 53 00    -3.6838308   -1.2635814  958.4751  959.7895
2021 04 13 07 54 00    -3.6701048   -1.2567410  958.4776  959.7920
2021 04 13 07 55 00    -3.6563123   -1.2497854  958.4800  959.7939
2021 04 13 07 56 00    -3.6424052   -1.2428015  958.4830  959.7937
2021 04 13 07 57 00    -3.6283050   -1.2357612  958.4863  959.7987
2021 04 13 07 58 00    -3.6141108   -1.2286516  958.4892  959.8078
2021 04 13 07 59 00    -3.6001245   -1.2216964  958.4922  959.8090
2021 04 13 08 00 00    -3.5863427   -1.2149085  958.4954  959.8028
2021 04 13 08 01 00    -3.5722798   -1.2078522  958.4984  959.7996
2021 04 13 08 02 00    -3.5578270   -1.2004061  958.5013  959.8066
2021 04 13 08 03 00    -3.5434366   -1.1930441  958.5044  959.8223
2021 04 13 08 04 00    -3.5292204   -1.1860159  958.5078  959.8361
2021 04 13 08 05 00    -3.5149151   -1.1789743  958.5114  959.8410
2021 04 13 08 06 00    -3.5005535   -1.1716916  958.5154  959.8440
2021 04 13 08 07 00    -3.4863409   -1.1644813  958.5194  959.8525
2021 04 13 08 08 00    -3.4721817   -1.1574954  958.5232  959.8594
2021 04 13 08 09 00    -3.4577990   -1.1504246  958.5267  959.8622
2021 04 13 08 10 00    -3.4431486   -1.1431163  958.5300  959.8740
2021 04 13 08 11 00    -3.4284783   -1.1357061  958.5324  959.8922
2021 04 13 08 12 00    -3.4139860   -1.1283331  958.5345  959.8968
2021 04 13 08 13 00    -3.3995662   -1.1211185  958.5376  959.8851
2021 04 13 08 14 00    -3.3849621   -1.1139931  958.5416  959.8763
2021 04 13 08 15 00    -3.3701772   -1.1066577  958.5454  959.8810
2021 04 13 08 16 00    -3.3554735   -1.0991404  958.5489  959.8884
2021 04 13 08 17 00    -3.3408979   -1.0917996  958.5530  959.8905
2021 04 13 08 18 00    -3.3262813   -1.0845698  958.5573  959.8951
2021 04 13 08 19 00    -3.3115617   -1.0770771  958.5610  959.9026
2021 04 13 08 20 00    -3.2967371   -1.0694557  958.5644  959.9042
2021 04 13 08 21 00    -3.2818127   -1.0620982  958.5691  959.9032
2021 04 13 08 22 00    -3.2669233   -1.0548517  958.5759  959.9046
2021 04 13 08 23 00    -3.2521890   -1.0474033  958.5839  959.8970
2021 04 13 08 24 00    -3.2374704   -1.0399212  958.5914  959.8763
2021 04 13 08 25 00    -3.2225816   -1.0325416  958.5981  959.8592
2021 04 13 08 26 00    -3.2076478   -1.0250609  958.6047  959.8551
2021 04 13 08 27 00    -3.1928781   -1.0175400  958.6111  959.8559
2021 04 13 08 28 00    -3.1781537   -1.0102016  958.6165  959.8532
2021 04 13 08 29 00    -3.1632129   -1.0028524  958.6206  959.8435
2021 04 13 08 30 00    -3.1480603   -0.9952867  958.6243  959.8303
2021 04 13 08 31 00    -3.1328900   -0.9876727  958.6285  959.8240
2021 04 13 08 32 00    -3.1178483   -0.9801799  958.6336  959.8291
2021 04 13 08 33 00    -3.1029721   -0.9727582  958.6391  959.8437
2021 04 13 08 34 00    -3.0880741   -0.9652590  958.6445  959.8624
2021 04 13 08 35 00    -3.0729294   -0.9576413  958.6497  959.8753
2021 04 13 08 36 00    -3.0576179   -0.9499789  958.6548  959.8829
2021 04 13 08 37 00    -3.0423147   -0.9422772  958.6601  959.9016
2021 04 13 08 38 00    -3.0270420   -0.9345222  958.6657  959.9321
2021 04 13 08 39 00    -3.0118081   -0.9268544  958.6719  959.9523
2021 04 13 08 40 00    -2.9966437   -0.9193722  958.6783  959.9543
2021 04 13 08 41 00    -2.9815735   -0.9119266  958.6842  959.9501
2021 04 13 08 42 00    -2.9665909   -0.9044182  958.6895  959.9441
2021 04 13 08 43 00    -2.9515231   -0.8968923  958.6943  959.9349
2021 04 13 08 44 00    -2.9362564   -0.8893061  958.6984  959.9277
2021 04 13 08 45 00    -2.9210635   -0.8816545  958.7021  959.9225
2021 04 13 08 46 00    -2.9061476   -0.8740548  958.7060  959.9146
2021 04 13 08 47 00    -2.8911871   -0.8665402  958.7103  959.9050
2021 04 13 08 48 00    -2.8759630   -0.8590452  958.7148  959.8961
2021 04 13 08 49 00    -2.8607559   -0.8515055  958.7188  959.8889
2021 04 13 08 50 00    -2.8457407   -0.8439259  958.7219  959.8843
2021 04 13 08 51 00    -2.8307841   -0.8363968  958.7250  959.8817
2021 04 13 08 52 00    -2.8157311   -0.8288890  958.7285  959.8812
2021 04 13 08 53 00    -2.8005320   -0.8212457  958.7322  959.8806
2021 04 13 08 54 00    -2.7853528   -0.8135284  958.7355  959.8754
2021 04 13 08 55 00    -2.7703577   -0.8059908  958.7384  959.8663
2021 04 13 08 56 00    -2.7553960   -0.7986345  958.7405  959.8570
2021 04 13 08 57 00    -2.7402918   -0.7911678  958.7423  959.8468
2021 04 13 08 58 00    -2.7251093   -0.7834270  958.7447  959.8398
2021 04 13 08 59 00    -2.7099267   -0.7755688  958.7473  959.8454
2021 04 13 09 00 00    -2.6948001   -0.7679116  958.7495  959.8566
2021 04 13 09 01 00    -2.6797759   -0.7605486  958.7512  959.8564
2021 04 13 09 02 00    -2.6647476   -0.7532031  958.7529  959.8495
2021 04 13 09 03 00    -2.6496352   -0.7456723  958.7551  959.8529
2021 04 13 09 04 00    -2.6344655   -0.7380088  958.7578  959.8680
2021 04 13 09 05 00    -2.6192881   -0.7303204  958.7601  959.8820
2021 04 13 09 06 00    -2.6042060   -0.7227146  958.7622  959.8820
2021 04 13 09 07 00    -2.5892773   -0.7152308  958.7646  959.8668
2021 04 13 09 08 00    -2.5743789   -0.7077787  958.7671  959.8485
2021 04 13 09 09 00    -2.5592941   -0.7002450  958.7692  959.8378
2021 04 13 09 10 00    -2.5441521   -0.6927340  958.7706  959.8342
2021 04 13 09 11 00    -2.5293593   -0.6854642  958.7720  959.8339
2021 04 13 09 12 00    -2.5147966   -0.6782728  958.7741  959.8336
2021 04 13 09 13 00    -2.4999404   -0.6707475  958.7758  959.8276
2021 04 13 09 14 00    -2.4848162   -0.6629546  958.7767  959.8121
2021 04 13 09 15 00    -2.4699525   -0.6554143  958.7770  959.7948
2021 04 13 09 16 00    -2.4554029   -0.6482577  958.7774  959.7890
2021 04 13 09 17 00    -2.4406807   -0.6410774  958.7783  959.7941
2021 04 13 09 18 00    -2.4256877   -0.6336196  958.7792  959.7979
2021 04 13 09 19 00    -2.4107939   -0.6260339  958.7799  959.7966
2021 04 13 09 20 00    -2.3961732   -0.6186159  958.7807  959.7995
2021 04 13 09 21 00    -2.3816459   -0.6114072  958.7821  959.8149
2021 04 13 09 22 00    -2.3669829   -0.6040697  958.7839  959.8384
2021 04 13 09 23 00    -2.3522154   -0.5964812  958.7852  959.8554
2021 04 13 09 24 00    -2.3375385   -0.5889651  958.7863  959.8588
2021 04 13 09 25 00    -2.3229598   -0.5816798  958.7885  959.8588
2021 04 13 09 26 00    -2.3082745   -0.5744018  958.7915  959.8642
2021 04 13 09 27 00    -2.2934725   -0.5670358  958.7937  959.8691
2021 04 13 09 28 00    -2.2788881   -0.5597740  958.7951  959.8681
2021 04 13 09 29 00    -2.2646016   -0.5526351  958.7970  959.8634
2021 04 13 09 30 00    -2.2503019   -0.5455074  958.7991  959.8566
2021 04 13 09 31 00    -2.2359934   -0.5384527  958.8011  959.8478
2021 04 13 09 32 00    -2.2218385   -0.5314026  958.8028  959.8395
2021 04 13 09 33 00    -2.2076472   -0.5242061  958.8037  959.8352
2021 04 13 09 34 00    -2.1934151   -0.5170325  958.8040  959.8359
2021 04 13 09 35 00    -2.1793406   -0.5100278  958.8046  959.8391
2021 04 13 09 36 00    -2.1652877   -0.5030470  958.8060  959.8426
2021 04 13 09 37 00    -2.1512364   -0.4960321  958.8078  959.8485
2021 04 13 09 38 00    -2.1373122   -0.4889870  958.8095  959.8595
2021 04 13 09 39 00    -2.1232672   -0.4818369  958.8108  959.8721
2021 04 13 09 40 00    -2.1089677   -0.4747249  958.8127  959.8805
2021 04 13 09 41 00    -2.0947704   -0.4678328  958.8157  959.8858
2021 04 13 09 42 00    -2.0809900   -0.4609943  958.8188  959.8931
2021 04 13 09 43 00    -2.0673977   -0.4539997  958.8214  959.8988
2021 04 13 09 44 00    -2.0535352   -0.4469379  958.8236  959.8990
2021 04 13 09 45 00    -2.0394468   -0.4399700  958.8257  959.9021
2021 04 13 09 46 00    -2.0255378   -0.4331147  958.8281  959.9117
2021 04 13 09 47 00    -2.0120087   -0.4264001  958.8309  959.9180
2021 04 13 09 48 00    -1.9987048   -0.4197660  958.8337  959.9173
2021 04 13 09 49 00    -1.9852998   -0.4129910  958.8360  959.9147
2021 04 13 09 50 00    -1.9717295   -0.4060955  958.8373  959.9121
2021 04 13 09 51 00    -1.9581810   -0.3992969  958.8383  959.9086
2021 04 13 09 52 00    -1.9448077   -0.3926466  958.8396  959.9022
2021 04 13 09 53 00    -1.9316253   -0.3860920  958.8412  959.8893
2021 04 13 09 54 00    -1.9184527   -0.3795527  958.8433  959.8732
2021 04 13 09 55 00    -1.9052355   -0.3729382  958.8457  959.8664
2021 04 13 09 56 00    -1.8921722   -0.3663175  958.8477  959.8714
2021 04 13 09 57 00    -1.8792573   -0.3598462  958.8488  959.8759
2021 04 13 09 58 00    -1.8662413   -0.3534211  958.8492  959.8698
2021 04 13 09 59 00    -1.8530993   -0.3468831  958.8494  959.8541
2021 04 13 10 00 00    -1.8400822   -0.3403903  958.8493  959.8372
2021 04 13 10 01 00    -1.8272840   -0.3339865  958.8495  959.8296
2021 04 13 10 02 00    -1.8145852   -0.3275318  958.8504  959.8355
2021 04 13 10 03 00    -1.8018940   -0.3211504  958.8520  959.8509
2021 04 13 10 04 00    -1.7892037   -0.3148874  958.8539  959.8682
2021 04 13 10 05 00    -1.7765679   -0.3085628  958.8559  959.8819
2021 04 13 10 06 00    -1.7639437   -0.3021605  958.8577  959.8897
2021 04 13 10 07 00    -1.7512690   -0.2957541  958.8593  959.8909
2021 04 13 10 08 00    -1.7387324   -0.2894676  958.8609  959.8867
2021 04 13 10 09 00    -1.7265129   -0.2834505  958.8628  959.8811
2021 04 13 10 10 00    -1.7144733   -0.2775481  958.8649  959.8761
2021 04 13 10 11 00    -1.7024612   -0.2715156  958.8667  959.8716
2021 04 13 10 12 00    -1.6905248   -0.2654591  958.8679  959.8660
2021 04 13 10 13 00    -1.6786423   -0.2595146  958.8687  959.8579
2021 04 13 10 14 00    -1.6667139   -0.2535708  958.8690  959.8481
2021 04 13 10 15 00    -1.6548313   -0.2475933  958.8690  959.8387
2021 04 13 10 16 00    -1.6431040   -0.2416554  958.8692  959.8308
2021 04 13 10 17 00    -1.6314471   -0.2357797  958.8697  959.8265
2021 04 13 10 18 00    -1.6198510   -0.2300295  958.8705  959.8260
2021 04 13 10 19 00    -1.6084653   -0.2244124  958.8712  959.8260
2021 04 13 10 20 00    -1.5972521   -0.2187860  958.8713  959.8226
2021 04 13 10 21 00    -1.5859767   -0.2130504  958.8708  959.8117
2021 04 13 10 22 00    -1.5746238   -0.2072361  958.8701  959.7992
2021 04 13 10 23 00    -1.5634240   -0.2015026  958.8692  959.7934
2021 04 13 10 24 00    -1.5524503   -0.1960592  958.8677  959.7833
2021 04 13 10 25 00    -1.5415355   -0.1907802  958.8663  959.7585
2021 04 13 10 26 00    -1.5306257   -0.1853477  958.8647  959.7295
2021 04 13 10 27 00    -1.5198731   -0.1798941  958.8624  959.7088
2021 04 13 10 28 00    -1.5092403   -0.1746561  958.8597  959.6979
2021 04 13 10 29 00    -1.4985841   -0.1694474  958.8568  959.6913
2021 04 13 10 30 00    -1.4880467   -0.1641399  958.8533  959.6806
2021 04 13 10 31 00    -1.4776871   -0.1589040  958.8495  959.6662
2021 04 13 10 32 00    -1.4672765   -0.1537450  958.8462  959.6592
2021 04 13 10 33 00    -1.4567785   -0.1484549  958.8441  959.6629
2021 04 13 10 34 00    -1.4464277   -0.1431589  958.8428  959.6667
2021 04 13 10 35 00    -1.4363327   -0.1381679  958.8415  959.6662
2021 04 13 10 36 00    -1.4263321   -0.1333102  958.8389  959.6652
2021 04 13 10 37 00    -1.4162773   -0.1282719  958.8357  959.6610
2021 04 13 10 38 00    -1.4062096   -0.1231439  958.8327  959.6507
2021 04 13 10 39 00    -1.3962367   -0.1181123  958.8299  959.6402
2021 04 13 10 40 00    -1.3864109   -0.1131798  958.8271  959.6379
2021 04 13 10 41 00    -1.3766959   -0.1083162  958.8251  959.6449
2021 04 13 10 42 00    -1.3670956   -0.1035829  958.8243  959.6585
2021 04 13 10 43 00    -1.3576369   -0.0989640  958.8239  959.6783
2021 04 13 10 44 00    -1.3481926   -0.0942888  958.8236  959.7015
2021 04 13 10 45 00    -1.3387836   -0.0895553  958.8236  959.7192
2021 04 13 10 46 00    -1.3296778   -0.0849123  958.8241  959.7246
2021 04 13 10 47 00    -1.3207419   -0.0803331  958.8244  959.7226
2021 04 13 10 48 00    -1.3115890   -0.0757691  958.8243  959.7232
2021 04 13 10 49 00    -1.3023613   -0.0712538  958.8247  959.7270
2021 04 13 10 50 00    -1.2934117   -0.0667551  958.8254  959.7287
2021 04 13 10 51 00    -1.2848201   -0.0623678  958.8255  959.7322
2021 04 13 10 52 00    -1.2764876   -0.0582125  958.8252  959.7418
2021 04 13 10 53 00    -1.2680807   -0.0540295  958.8255  959.7484
2021 04 13 10 54 00    -1.2594062   -0.0495416  958.8263  959.7407
2021 04 13 10 55 00    -1.2508498   -0.0450114  958.8264  959.7196
2021 04 13 10 56 00    -1.2427836   -0.0409134  958.8259  959.7000
2021 04 13 10 57 00    -1.2349796   -0.0371766  958.8256  959.6961
2021 04 13 10 58 00    -1.2270894   -0.0333243  958.8253  959.6981
2021 04 13 10 59 00    -1.2191975   -0.0292947  958.8248  959.6874
2021 04 13 11 00 00    -1.2115216   -0.0253858  958.8245  959.6652
2021 04 13 11 01 00    -1.2040768   -0.0217033  958.8243  959.6406
2021 04 13 11 02 00    -1.1967580   -0.0181491  958.8228  959.6156
2021 04 13 11 03 00    -1.1894465   -0.0145735  958.8195  959.5924
2021 04 13 11 04 00    -1.1821136   -0.0108398  958.8160  959.5757
2021 04 13 11 05 00    -1.1748045   -0.0070628  958.8132  959.5670
2021 04 13 11 06 00    -1.1675758   -0.0035525  958.8098  959.5646
2021 04 13 11 07 00    -1.1605437   -0.0002744  958.8061  959.5654
2021 04 13 11 08 00    -1.1537077    0.0031255  958.8033  959.5663
2021 04 13 11 09 00    -1.1468648    0.0067777  958.8013  959.5660
2021 04 13 11 10 00    -1.1400483    0.0104358  958.7994  959.5664
2021 04 13 11 11 00    -1.1334460    0.0137931  958.7976  959.5713
2021 04 13 11 12 00    -1.1269053    0.0169129  958.7961  959.5817
2021 04 13 11 13 00    -1.1202953    0.0201021  958.7950  959.5935
2021 04 13 11 14 00    -1.1138423    0.0233868  958.7940  959.6006
2021 04 13 11 15 00    -1.1077274    0.0265453  958.7927  959.5992
2021 04 13 11 16 00    -1.1018395    0.0294961  958.7910  959.5896
2021 04 13 11 17 00    -1.0959666    0.0323748  958.7893  959.5761
2021 04 13 11 18 00    -1.0901079    0.0352856  958.7879  959.5612
2021 04 13 11 19 00    -1.0845063    0.0380963  958.7861  959.5442
2021 04 13 11 20 00    -1.0791677    0.0407603  958.7832  959.5271
2021 04 13 11 21 00    -1.0737726    0.0434622  958.7798  959.5143
2021 04 13 11 22 00    -1.0682774    0.0461849  958.7762  959.5053
2021 04 13 11 23 00    -1.0629037    0.0488116  958.7727  959.4975
2021 04 13 11 24 00    -1.0577267    0.0513836  958.7696  959.4940
2021 04 13 11 25 00    -1.0526900    0.0538809  958.7667  959.4982
2021 04 13 11 26 00    -1.0476549    0.0563384  958.7638  959.5070
2021 04 13 11 27 00    -1.0426171    0.0588928  958.7614  959.5171
2021 04 13 11 28 00    -1.0378307    0.0614248  958.7600  959.5333
2021 04 13 11 29 00    -1.0333339    0.0637393  958.7590  959.5590
2021 04 13 11 30 00    -1.0288190    0.0659325  958.7581  959.5800
2021 04 13 11 31 00    -1.0241587    0.0682009  958.7569  959.5821
2021 04 13 11 32 00    -1.0195857    0.0705038  958.7562  959.5851
2021 04 13 11 33 00    -1.0152835    0.0726317  958.7564  959.6117
2021 04 13 11 34 00    -1.0111490    0.0746098  958.7577  959.6438
2021 04 13 11 35 00    -1.0070781    0.0766584  958.7592  959.6629
2021 04 13 11 36 00    -1.0031352    0.0787541  958.7608  959.6798
2021 04 13 11 37 00    -0.9994188    0.0806686  958.7630  959.7037
2021 04 13 11 38 00    -0.9959293    0.0823737  958.7657  959.7257
2021 04 13 11 39 00    -0.9924807    0.0840656  958.7685  959.7384
2021 04 13 11 40 00    -0.9889953    0.0857745  958.7711  959.7477
2021 04 13 11 41 00    -0.9856262    0.0874282  958.7743  959.7558
2021 04 13 11 42 00    -0.9823864    0.0890934  958.7784  959.7593
2021 04 13 11 43 00    -0.9792560    0.0906962  958.7828  959.7616
2021 04 13 11 44 00    -0.9762800    0.0921368  958.7865  959.7651
2021 04 13 11 45 00    -0.9733633    0.0935431  958.7895  959.7694
2021 04 13 11 46 00    -0.9705446    0.0949356  958.7928  959.7758
2021 04 13 11 47 00    -0.9679178    0.0962829  958.7966  959.7854
2021 04 13 11 48 00    -0.9652906    0.0976686  958.8002  959.7997
2021 04 13 11 49 00    -0.9626683    0.0989774  958.8039  959.8157
2021 04 13 11 50 00    -0.9603390    0.1000306  958.8085  959.8260
2021 04 13 11 51 00    -0.9582488    0.1009646  958.8133  959.8340
2021 04 13 11 52 00    -0.9561603    0.1020068  958.8180  959.8500
2021 04 13 11 53 00    -0.9541300    0.1031230  958.8228  959.8749
2021 04 13 11 54 00    -0.9522990    0.1040937  958.8280  959.9029
2021 04 13 11 55 00    -0.9506677    0.1048365  958.8336  959.9256
2021 04 13 11 56 00    -0.9492168    0.1055101  958.8399  959.9291
2021 04 13 11 57 00    -0.9478461    0.1062420  958.8462  959.9067
2021 04 13 11 58 00    -0.9464890    0.1069422  958.8511  959.8728
2021 04 13 11 59 00    -0.9453965    0.1075013  958.8544  959.8502
2021 04 13 12 00 00    -0.9446981    0.1079335  958.8578  959.8439
2021 04 13 12 01 00    -0.9440567    0.1082869  958.8613  959.8394
2021 04 13 12 02 00    -0.9432758    0.1086156  958.8640  959.8288
2021 04 13 12 03 00    -0.9425519    0.1089654  958.8660  959.8221
2021 04 13 12 04 00    -0.9419955    0.1093239  958.8684  959.8266
2021 04 13 12 05 00    -0.9415079    0.1096226  958.8710  959.8344
2021 04 13 12 06 00    -0.9410470    0.1098106  958.8735  959.8396
2021 04 13 12 07 00    -0.9407614    0.1098906  958.8763  959.8496
2021 04 13 12 08 00    -0.9407621    0.1098708  958.8799  959.8667
2021 04 13 12 09 00    -0.9409492    0.1097793  958.8840  959.8778
2021 04 13 12 10 00    -0.9412700    0.1095988  958.8875  959.8722
2021 04 13 12 11 00    -0.9417327    0.1092959  958.8903  959.8554
2021 04 13 12 12 00    -0.9422889    0.1089792  958.8928  959.8418
2021 04 13 12 13 00    -0.9429604    0.1086913  958.8952  959.8384
2021 04 13 12 14 00    -0.9437598    0.1082910  958.8979  959.8423
2021 04 13 12 15 00    -0.9446480    0.1077450  958.9005  959.8479
2021 04 13 12 16 00    -0.9456224    0.1072068  958.9025  959.8504
2021 04 13 12 17 00    -0.9466791    0.1067694  958.9046  959.8478
2021 04 13 12 18 00    -0.9478498    0.1063244  958.9076  959.8428
2021 04 13 12 19 00    -0.9491602    0.1057548  958.9104  959.8412
2021 04 13 12 20 00    -0.9505374    0.1050768  958.9121  959.8421
2021 04 13 12 21 00    -0.9520173    0.1042533  958.9133  959.8381
2021 04 13 12 22 00    -0.9537910    0.1031948  958.9143  959.8247
2021 04 13 12 23 00    -0.9558494    0.1020187  958.9155  959.8065
2021 04 13 12 24 00    -0.9580243    0.1009160  958.9170  959.7897
2021 04 13 12 25 00    -0.9602433    0.0998870  958.9178  959.7763
2021 04 13 12 26 00    -0.9623982    0.0989193  958.9172  959.7665
2021 04 13 12 27 00    -0.9645050    0.0979635  958.9160  959.7600
2021 04 13 12 28 00    -0.9668716    0.0967786  958.9155  959.7546
2021 04 13 12 29 00    -0.9695473    0.0953639  958.9154  959.7479
2021 04 13 12 30 00    -0.9722616    0.0939745  958.9151  959.7398
2021 04 13 12 31 00    -0.9750292    0.0926069  958.9145  959.7311
2021 04 13 12 32 00    -0.9780344    0.0911052  958.9136  959.7222
2021 04 13 12 33 00    -0.9812290    0.0894327  958.9127  959.7129
2021 04 13 12 34 00    -0.9844534    0.0877386  958.9114  959.7020
2021 04 13 12 35 00    -0.9876582    0.0862057  958.9098  959.6883
2021 04 13 12 36 00    -0.9909301    0.0846905  958.9077  959.6722
2021 04 13 12 37 00    -0.9943988    0.0829503  958.9050  959.6560
2021 04 13 12 38 00    -0.9981190    0.0810262  958.9019  959.6437
2021 04 13 12 39 00    -1.0019915    0.0790903  958.8990  959.6361
2021 04 13 12 40 00    -1.0058840    0.0772277  958.8968  959.6285
2021 04 13 12 41 00    -1.0097788    0.0753367  958.8951  959.6177
2021 04 13 12 42 00    -1.0137771    0.0732674  958.8921  959.6058
2021 04 13 12 43 00    -1.0180379    0.0711007  958.8876  959.5964
2021 04 13 12 44 00    -1.0224834    0.0689673  958.8831  959.5892
2021 04 13 12 45 00    -1.0268912    0.0667744  958.8796  959.5811
2021 04 13 12 46 00    -1.0314301    0.0644210  958.8762  959.5713
2021 04 13 12 47 00    -1.0362816    0.0619710  958.8726  959.5626
2021 04 13 12 48 00    -1.0411202    0.0595856  958.8691  959.5569
2021 04 13 12 49 00    -1.0457750    0.0573351  958.8658  959.5511
2021 04 13 12 50 00    -1.0506423    0.0549397  958.8623  959.5406
2021 04 13 12 51 00    -1.0559719    0.0521697  958.8582  959.5249
2021 04 13 12 52 00    -1.0614354    0.0493226  958.8529  959.5053
2021 04 13 12 53 00    -1.0667571    0.0466349  958.8472  959.4833
2021 04 13 12 54 00    -1.0721569    0.0439222  958.8418  959.4639
2021 04 13 12 55 00    -1.0777832    0.0411507  958.8366  959.4543
2021 04 13 12 56 00    -1.0834733    0.0384293  958.8310  959.4538
2021 04 13 12 57 00    -1.0892195    0.0355794  958.8255  959.4552
2021 04 13 12 58 00    -1.0950812    0.0325167  958.8206  959.4530
2021 04 13 12 59 00    -1.1009653    0.0294801  958.8163  959.4486
2021 04 13 13 00 00    -1.1069103    0.0264924  958.8122  959.4488
2021 04 13 13 01 00    -1.1129869    0.0234093  958.8080  959.4563
2021 04 13 13 02 00    -1.1191086    0.0202833  958.8039  959.4659
2021 04 13 13 03 00    -1.1253856    0.0171110  958.8008  959.4724
2021 04 13 13 04 00    -1.1319945    0.0138545  958.7987  959.4774
2021 04 13 13 05 00    -1.1386753    0.0106661  958.7964  959.4843
2021 04 13 13 06 00    -1.1451986    0.0075444  958.7939  959.4935
2021 04 13 13 07 00    -1.1518774    0.0042432  958.7923  959.5031
2021 04 13 13 08 00    -1.1588487    0.0007251  958.7917  959.5087
2021 04 13 13 09 00    -1.1658199   -0.0028615  958.7911  959.5048
2021 04 13 13 10 00    -1.1728835   -0.0064830  958.7900  959.4908
2021 04 13 13 11 00    -1.1803569   -0.0101187  958.7881  959.4723
2021 04 13 13 12 00    -1.1881321   -0.0138263  958.7853  959.4556
2021 04 13 13 13 00    -1.1958771   -0.0177434  958.7818  959.4406
2021 04 13 13 14 00    -1.2033791   -0.0217418  958.7779  959.4243
2021 04 13 13 15 00    -1.2107863   -0.0256134  958.7739  959.4070
2021 04 13 13 16 00    -1.2184814   -0.0294122  958.7700  959.3916
2021 04 13 13 17 00    -1.2264704   -0.0332884  958.7663  959.3792
2021 04 13 13 18 00    -1.2344883   -0.0372977  958.7626  959.3683
2021 04 13 13 19 00    -1.2425851   -0.0413968  958.7582  959.3585
2021 04 13 13 20 00    -1.2508872   -0.0455626  958.7533  959.3493
2021 04 13 13 21 00    -1.2592860   -0.0498292  958.7491  959.3396
2021 04 13 13 22 00    -1.2677182   -0.0540847  958.7453  959.3300
2021 04 13 13 23 00    -1.2761697   -0.0582188  958.7409  959.3200
2021 04 13 13 24 00    -1.2845991   -0.0624201  958.7361  959.3072
2021 04 13 13 25 00    -1.2931702   -0.0667652  958.7320  959.2921
2021 04 13 13 26 00    -1.3020678   -0.0710460  958.7283  959.2778
2021 04 13 13 27 00    -1.3111711   -0.0753919  958.7242  959.2660
2021 04 13 13 28 00    -1.3203070   -0.0801143  958.7197  959.2559
2021 04 13 13 29 00    -1.3293908   -0.0849395  958.7149  959.2458
2021 04 13 13 30 00    -1.3383363   -0.0894035  958.7098  959.2358
2021 04 13 13 31 00    -1.3472795   -0.0937104  958.7049  959.2298
2021 04 13 13 32 00    -1.3564748   -0.0983696  958.7006  959.2321
2021 04 13 13 33 00    -1.3659018   -0.1033145  958.6965  959.2429
2021 04 13 13 34 00    -1.3753962   -0.1081255  958.6928  959.2579
2021 04 13 13 35 00    -1.3848933   -0.1127696  958.6902  959.2744
2021 04 13 13 36 00    -1.3944162   -0.1174601  958.6890  959.2937
2021 04 13 13 37 00    -1.4040432   -0.1222185  958.6888  959.3147
2021 04 13 13 38 00    -1.4137850   -0.1270015  958.6890  959.3316
2021 04 13 13 39 00    -1.4235945   -0.1319082  958.6881  959.3395
2021 04 13 13 40 00    -1.4335123   -0.1369582  958.6861  959.3391
2021 04 13 13 41 00    -1.4436183   -0.1420110  958.6846  959.3322
2021 04 13 13 42 00    -1.4539188   -0.1471124  958.6840  959.3208
2021 04 13 13 43 00    -1.4643153   -0.1523731  958.6836  959.3082
2021 04 13 13 44 00    -1.4747547   -0.1576665  958.6827  959.2967
2021 04 13 13 45 00    -1.4852544   -0.1629040  958.6810  959.2855
2021 04 13 13 46 00    -1.4957342   -0.1681654  958.6783  959.2742
2021 04 13 13 47 00    -1.5062205   -0.1734699  958.6759  959.2635
2021 04 13 13 48 00    -1.5169087   -0.1787603  958.6741  959.2533
2021 04 13 13 49 00    -1.5278080   -0.1840694  958.6721  959.2422
2021 04 13 13 50 00    -1.5387987   -0.1895016  958.6693  959.2300
2021 04 13 13 51 00    -1.5498463   -0.1950522  958.6664  959.2174
2021 04 13 13 52 00    -1.5609897   -0.2006868  958.6636  959.2058
2021 04 13 13 53 00    -1.5723661   -0.2064958  958.6604  959.1967
2021 04 13 13 54 00    -1.5838722   -0.2123787  958.6569  959.1891
2021 04 13 13 55 00    -1.5950907   -0.2179653  958.6541  959.1807
2021 04 13 13 56 00    -1.6061412   -0.2233230  958.6517  959.1720
2021 04 13 13 57 00    -1.6175879   -0.2289773  958.6490  959.1648
2021 04 13 13 58 00    -1.6293834   -0.2349696  958.6455  959.1586
2021 04 13 13 59 00    -1.6411127   -0.2408903  958.6414  959.1509
2021 04 13 14 00 00    -1.6528062   -0.2466933  958.6381  959.1426
2021 04 13 14 01 00    -1.6646594   -0.2526085  958.6357  959.1348
2021 04 13 14 02 00    -1.6765595   -0.2586279  958.6332  959.1271
2021 04 13 14 03 00    -1.6884342   -0.2646265  958.6298  959.1181
2021 04 13 14 04 00    -1.7004255   -0.2706204  958.6254  959.1071
2021 04 13 14 05 00    -1.7124781   -0.2766314  958.6206  959.0933
2021 04 13 14 06 00    -1.7244749   -0.2826289  958.6168  959.0765
2021 04 13 14 07 00    -1.7365732   -0.2886846  958.6137  959.0573
2021 04 13 14 08 00    -1.7489891   -0.2949251  958.6103  959.0368
2021 04 13 14 09 00    -1.7616024   -0.3012772  958.6059  959.0162
2021 04 13 14 10 00    -1.7740220   -0.3075529  958.6011  958.9973
2021 04 13 14 11 00    -1.7863399   -0.3137902  958.5966  958.9813
2021 04 13 14 12 00    -1.7989901   -0.3200136  958.5923  958.9680
2021 04 13 14 13 00    -1.8117602   -0.3260769  958.5875  958.9564
2021 04 13 14 14 00    -1.8242914   -0.3321164  958.5825  958.9470
2021 04 13 14 15 00    -1.8368678   -0.3384703  958.5782  958.9398
2021 04 13 14 16 00    -1.8496765   -0.3451488  958.5744  958.9311
2021 04 13 14 17 00    -1.8624360   -0.3517966  958.5702  958.9178
2021 04 13 14 18 00    -1.8751902   -0.3582518  958.5656  958.9025
2021 04 13 14 19 00    -1.8882209   -0.3647289  958.5614  958.8905
2021 04 13 14 20 00    -1.9013392   -0.3712697  958.5575  958.8841
2021 04 13 14 21 00    -1.9143804   -0.3777616  958.5530  958.8819
2021 04 13 14 22 00    -1.9274985   -0.3843008  958.5478  958.8818
2021 04 13 14 23 00    -1.9406688   -0.3909843  958.5430  958.8809
2021 04 13 14 24 00    -1.9538975   -0.3977040  958.5395  958.8777
2021 04 13 14 25 00    -1.9672260   -0.4042937  958.5365  958.8728
2021 04 13 14 26 00    -1.9805549   -0.4108252  958.5331  958.8672
2021 04 13 14 27 00    -1.9939829   -0.4174872  958.5291  958.8601
2021 04 13 14 28 00    -2.0074886   -0.4242393  958.5252  958.8498
2021 04 13 14 29 00    -2.0208335   -0.4309656  958.5212  958.8381
2021 04 13 14 30 00    -2.0341356   -0.4376452  958.5167  958.8283
2021 04 13 14 31 00    -2.0476512   -0.4443644  958.5115  958.8209
2021 04 13 14 32 00    -2.0613961   -0.4512402  958.5067  958.8153
2021 04 13 14 33 00    -2.0752869   -0.4581986  958.5028  958.8107
2021 04 13 14 34 00    -2.0891510   -0.4651208  958.4990  958.8046
2021 04 13 14 35 00    -2.1028411   -0.4720004  958.4945  958.7946
2021 04 13 14 36 00    -2.1165075   -0.4788768  958.4894  958.7832
2021 04 13 14 37 00    -2.1303476   -0.4858739  958.4842  958.7750
2021 04 13 14 38 00    -2.1442966   -0.4929600  958.4800  958.7701
2021 04 13 14 39 00    -2.1582344   -0.4998934  958.4766  958.7634
2021 04 13 14 40 00    -2.1722181   -0.5067656  958.4731  958.7523
2021 04 13 14 41 00    -2.1863893   -0.5138729  958.4692  958.7382
2021 04 13 14 42 00    -2.2006400   -0.5210855  958.4648  958.7235
2021 04 13 14 43 00    -2.2146963   -0.5281569  958.4600  958.7098
2021 04 13 14 44 00    -2.2286559   -0.5351724  958.4556  958.6986
2021 04 13 14 45 00    -2.2428184   -0.5422318  958.4518  958.6912
2021 04 13 14 46 00    -2.2571264   -0.5492907  958.4481  958.6857
2021 04 13 14 47 00    -2.2713730   -0.5563898  958.4441  958.6774
2021 04 13 14 48 00    -2.2856147   -0.5636359  958.4405  958.6641
2021 04 13 14 49 00    -2.3000198   -0.5709809  958.4374  958.6490
2021 04 13 14 50 00    -2.3145467   -0.5782485  958.4340  958.6354
2021 04 13 14 51 00    -2.3289569   -0.5853572  958.4299  958.6255
2021 04 13 14 52 00    -2.3431590   -0.5923917  958.4260  958.6234
2021 04 13 14 53 00    -2.3573841   -0.5995379  958.4227  958.6313
2021 04 13 14 54 00    -2.3717816   -0.6068559  958.4193  958.6478
2021 04 13 14 55 00    -2.3861232   -0.6140777  958.4162  958.6703
2021 04 13 14 56 00    -2.4003462   -0.6210668  958.4141  958.6932
2021 04 13 14 57 00    -2.4147872   -0.6281430  958.4121  958.7090
2021 04 13 14 58 00    -2.4294689   -0.6354570  958.4095  958.7143
2021 04 13 14 59 00    -2.4440485   -0.6428166  958.4064  958.7117
2021 04 13 15 00 00    -2.4584871   -0.6501688  958.4031  958.7069
2021 04 13 15 01 00    -2.4729731   -0.6575184  958.4000  958.7029
2021 04 13 15 02 00    -2.4875162   -0.6647882  958.3966  958.6992
2021 04 13 15 03 00    -2.5021170   -0.6720526  958.3934  958.6935
2021 04 13 15 04 00    -2.5168883   -0.6794448  958.3910  958.6842
2021 04 13 15 05 00    -2.5316930   -0.6868787  958.3890  958.6706
2021 04 13 15 06 00    -2.5463340   -0.6942753  958.3861  958.6549
2021 04 13 15 07 00    -2.5610227   -0.7017102  958.3830  958.6444
2021 04 13 15 08 00    -2.5758948   -0.7091155  958.3807  958.6450
2021 04 13 15 09 00    -2.5907256   -0.7164179  958.3782  958.6536
2021 04 13 15 10 00    -2.6054662   -0.7237462  958.3748  958.6591
2021 04 13 15 11 00    -2.6203013   -0.7311764  958.3713  958.6556
2021 04 13 15 12 00    -2.6352020   -0.7386231  958.3684  958.6477
2021 04 13 15 13 00    -2.6500078   -0.7460045  958.3661  958.6415
2021 04 13 15 14 00    -2.6647594   -0.7533757  958.3643  958.6371
2021 04 13 15 15 00    -2.6795484   -0.7608301  958.3621  958.6307
2021 04 13 15 16 00    -2.6944164   -0.7683443  958.3587  958.6193
2021 04 13 15 17 00    -2.7093262   -0.7758275  958.3553  958.6049
2021 04 13 15 18 00    -2.7242069   -0.7833085  958.3522  958.5934
2021 04 13 15 19 00    -2.7391104   -0.7908410  958.3491  958.5853
2021 04 13 15 20 00    -2.7539470   -0.7982778  958.3461  958.5752
2021 04 13 15 21 00    -2.7686502   -0.8055757  958.3433  958.5633
2021 04 13 15 22 00    -2.7835048   -0.8129577  958.3402  958.5576
2021 04 13 15 23 00    -2.7986290   -0.8205073  958.3362  958.5593
2021 04 13 15 24 00    -2.8136932   -0.8280578  958.3318  958.5586
2021 04 13 15 25 00    -2.8284888   -0.8355042  958.3280  958.5486
2021 04 13 15 26 00    -2.8432411   -0.8429484  958.3250  958.5349
2021 04 13 15 27 00    -2.8580931   -0.8504488  958.3220  958.5280
2021 04 13 15 28 00    -2.8729446   -0.8578961  958.3186  958.5290
2021 04 13 15 29 00    -2.8877550   -0.8651882  958.3150  958.5321
2021 04 13 15 30 00    -2.9024605   -0.8723573  958.3116  958.5363
2021 04 13 15 31 00    -2.9171354   -0.8796575  958.3089  958.5426
2021 04 13 15 32 00    -2.9319780   -0.8872372  958.3065  958.5462
2021 04 13 15 33 00    -2.9468733   -0.8948108  958.3037  958.5403
2021 04 13 15 34 00    -2.9617158   -0.9022014  958.3003  958.5246
2021 04 13 15 35 00    -2.9766065   -0.9096101  958.2969  958.5085
2021 04 13 15 36 00    -2.9915098   -0.9171345  958.2938  958.5032
2021 04 13 15 37 00    -3.0064121   -0.9246628  958.2911  958.5069
2021 04 13 15 38 00    -3.0212197   -0.9320203  958.2884  958.5093
2021 04 13 15 39 00    -3.0357313   -0.9391971  958.2854  958.5083
2021 04 13 15 40 00    -3.0502451   -0.9464759  958.2822  958.5075
2021 04 13 15 41 00    -3.0650760   -0.9539172  958.2784  958.5068
2021 04 13 15 42 00    -3.0799208   -0.9612731  958.2747  958.5054
2021 04 13 15 43 00    -3.0945902   -0.9685730  958.2710  958.5067
2021 04 13 15 44 00    -3.1092705   -0.9760040  958.2669  958.5132
2021 04 13 15 45 00    -3.1239830   -0.9834968  958.2627  958.5211
2021 04 13 15 46 00    -3.1386303   -0.9909009  958.2585  958.5218
2021 04 13 15 47 00    -3.1532284   -0.9982024  958.2542  958.5136
2021 04 13 15 48 00    -3.1678289   -1.0054749  958.2497  958.5044
2021 04 13 15 49 00    -3.1824365   -1.0127550  958.2452  958.5002
2021 04 13 15 50 00    -3.1969616   -1.0200011  958.2412  958.5006
2021 04 13 15 51 00    -3.2113759   -1.0272021  958.2377  958.5031
2021 04 13 15 52 00    -3.2258488   -1.0344578  958.2340  958.5029
2021 04 13 15 53 00    -3.2404696   -1.0418684  958.2298  958.4983
2021 04 13 15 54 00    -3.2551231   -1.0492931  958.2254  958.4921
2021 04 13 15 55 00    -3.2696931   -1.0564968  958.2210  958.4828
2021 04 13 15 56 00    -3.2841446   -1.0635774  958.2166  958.4688
2021 04 13 15 57 00    -3.2985917   -1.0708095  958.2128  958.4543
2021 04 13 15 58 00    -3.3131301   -1.0781936  958.2090  958.4436
2021 04 13 15 59 00    -3.3275414   -1.0854831  958.2046  958.4441
2021 04 13 16 00 00    -3.3416848   -1.0925626  958.2000  958.4598
2021 04 13 16 01 00    -3.3558356   -1.0996199  958.1959  958.4784
2021 04 13 16 02 00    -3.3701501   -1.1068422  958.1924  958.4910
2021 04 13 16 03 00    -3.3843692   -1.1141059  958.1889  958.5056
2021 04 13 16 04 00    -3.3983925   -1.1212175  958.1860  958.5267
2021 04 13 16 05 00    -3.4124854   -1.1282305  958.1843  958.5496
2021 04 13 16 06 00    -3.4266326   -1.1352049  958.1832  958.5693
2021 04 13 16 07 00    -3.4404931   -1.1420608  958.1812  958.5778
2021 04 13 16 08 00    -3.4542050   -1.1489100  958.1782  958.5722
2021 04 13 16 09 00    -3.4682054   -1.1559498  958.1755  958.5662
2021 04 13 16 10 00    -3.4822627   -1.1630187  958.1730  958.5712
2021 04 13 16 11 00    -3.4959878   -1.1698957  958.1705  958.5805
2021 04 13 16 12 00    -3.5096395   -1.1766912  958.1688  958.5829
2021 04 13 16 13 00    -3.5233489   -1.1834730  958.1677  958.5800
2021 04 13 16 14 00    -3.5368979   -1.1902223  958.1660  958.5807
2021 04 13 16 15 00    -3.5504607   -1.1971277  958.1641  958.5890
2021 04 13 16 16 00    -3.5642379   -1.2041702  958.1623  958.6005
2021 04 13 16 17 00    -3.5780119   -1.2110581  958.1611  958.6094
2021 04 13 16 18 00    -3.5916509   -1.2178066  958.1604  958.6115
2021 04 13 16 19 00    -3.6051583   -1.2245705  958.1597  958.6095
2021 04 13 16 20 00    -3.6186257   -1.2313164  958.1584  958.6099
2021 04 13 16 21 00    -3.6322581   -1.2380247  958.1567  958.6102
2021 04 13 16 22 00    -3.6458399   -1.2447112  958.1549  958.6073
2021 04 13 16 23 00    -3.6591758   -1.2514555  958.1536  958.6079
2021 04 13 16 24 00    -3.6724987   -1.2583153  958.1526  958.6152
2021 04 13 16 25 00    -3.6857255   -1.2649823  958.1513  958.6243
2021 04 13 16 26 00    -3.6988114   -1.2713320  958.1496  958.6330
2021 04 13 16 27 00    -3.7120470   -1.2778273  958.1482  958.6412
2021 04 13 16 28 00    -3.7253130   -1.2845385  958.1470  958.6486
2021 04 13 16 29 00    -3.7383899   -1.2910898  958.1457  958.6526
2021 04 13 16 30 00    -3.7513319   -1.2975860  958.1444  958.6505
2021 04 13 16 31 00    -3.7641332   -1.3041824  958.1435  958.6478
2021 04 13 16 32 00    -3.7769133   -1.3106252  958.1428  958.6517
2021 04 13 16 33 00    -3.7898492   -1.3168743  958.1419  958.6589
2021 04 13 16 34 00    -3.8028014   -1.3231927  958.1411  958.6629
2021 04 13 16 35 00    -3.8155709   -1.3296484  958.1403  958.6650
2021 04 13 16 36 00    -3.8281649   -1.3360564  958.1394  958.6700
2021 04 13 16 37 00    -3.8407167   -1.3423562  958.1388  958.6806
2021 04 13 16 38 00    -3.8532689   -1.3486702  958.1383  958.6934
2021 04 13 16 39 00    -3.8656905   -1.3549679  958.1376  958.7008
2021 04 13 16 40 00    -3.8779990   -1.3611926  958.1367  958.7025
2021 04 13 16 41 00    -3.8903957   -1.3674369  958.1359  958.7043
2021 04 13 16 42 00    -3.9027889   -1.3736328  958.1354  958.7066
2021 04 13 16 43 00    -3.9149592   -1.3796948  958.1353  958.7075
2021 04 13 16 44 00    -3.9271250   -1.3858040  958.1351  958.7102
2021 04 13 16 45 00    -3.9394554   -1.3920036  958.1341  958.7172
2021 04 13 16 46 00    -3.9515940   -1.3980933  958.1329  958.7224
2021 04 13 16 47 00    -3.9634144   -1.4040229  958.1321  958.7218
2021 04 13 16 48 00    -3.9752873   -1.4099043  958.1317  958.7212
2021 04 13 16 49 00    -3.9873286   -1.4158939  958.1312  958.7233
2021 04 13 16 50 00    -3.9992662   -1.4220346  958.1306  958.7250
2021 04 13 16 51 00    -4.0109781   -1.4280747  958.1306  958.7250
2021 04 13 16 52 00    -4.0226668   -1.4338634  958.1305  958.7221
2021 04 13 16 53 00    -4.0344496   -1.4396403  958.1295  958.7180
2021 04 13 16 54 00    -4.0460874   -1.4454998  958.1284  958.7190
2021 04 13 16 55 00    -4.0574240   -1.4511998  958.1282  958.7244
2021 04 13 16 56 00    -4.0686405   -1.4567321  958.1284  958.7307
2021 04 13 16 57 00    -4.0798860   -1.4623161  958.1287  958.7394
2021 04 13 16 58 00    -4.0910748   -1.4678615  958.1288  958.7492
2021 04 13 16 59 00    -4.1021140   -1.4732698  958.1285  958.7576
2021 04 13 17 00 00    -4.1131444   -1.4788021  958.1286  958.7663
2021 04 13 17 01 00    -4.1242297   -1.4844500  958.1293  958.7760
2021 04 13 17 02 00    -4.1351826   -1.4899758  958.1297  958.7841
2021 04 13 17 03 00    -4.1460349   -1.4954979  958.1294  958.7883
2021 04 13 17 04 00    -4.1569052   -1.5010028  958.1294  958.7884
2021 04 13 17 05 00    -4.1676690   -1.5063072  958.1297  958.7858
2021 04 13 17 06 00    -4.1783088   -1.5115623  958.1300  958.7841
2021 04 13 17 07 00    -4.1889029   -1.5168591  958.1299  958.7860
2021 04 13 17 08 00    -4.1993727   -1.5220798  958.1300  958.7886
2021 04 13 17 09 00    -4.2097102   -1.5272403  958.1302  958.7904
2021 04 13 17 10 00    -4.2200650   -1.5324490  958.1305  958.7944
2021 04 13 17 11 00    -4.2304299   -1.5376713  958.1306  958.7997
2021 04 13 17 12 00    -4.2406664   -1.5427479  958.1303  958.8022
2021 04 13 17 13 00    -4.2508669   -1.5477615  958.1300  958.7999
2021 04 13 17 14 00    -4.2610877   -1.5528783  958.1298  958.7958
2021 04 13 17 15 00    -4.2710911   -1.5579880  958.1296  958.7938
2021 04 13 17 16 00    -4.2808729   -1.5630295  958.1295  958.7927
2021 04 13 17 17 00    -4.2907122   -1.5680288  958.1298  958.7922
2021 04 13 17 18 00    -4.3006323   -1.5729331  958.1301  958.7962
2021 04 13 17 19 00    -4.3103440   -1.5777422  958.1299  958.8027
2021 04 13 17 20 00    -4.3197241   -1.5824514  958.1298  958.8072
2021 04 13 17 21 00    -4.3290500   -1.5871440  958.1299  958.8112
2021 04 13 17 22 00    -4.3384552   -1.5919261  958.1297  958.8167
2021 04 13 17 23 00    -4.3477048   -1.5965845  958.1294  958.8198
2021 04 13 17 24 00    -4.3567892   -1.6010116  958.1290  958.8187
2021 04 13 17 25 00    -4.3659387   -1.6055343  958.1284  958.8183
2021 04 13 17 26 00    -4.3750884   -1.6101984  958.1282  958.8232
2021 04 13 17 27 00    -4.3840698   -1.6147192  958.1285  958.8303
2021 04 13 17 28 00    -4.3930188   -1.6192191  958.1290  958.8358
2021 04 13 17 29 00    -4.4020114   -1.6238286  958.1294  958.8413
2021 04 13 17 30 00    -4.4108337   -1.6282410  958.1296  958.8481
2021 04 13 17 31 00    -4.4194146   -1.6323988  958.1294  958.8514
2021 04 13 17 32 00    -4.4278863   -1.6365653  958.1294  958.8498
2021 04 13 17 33 00    -4.4363253   -1.6408022  958.1297  958.8487
2021 04 13 17 34 00    -4.4446984   -1.6450328  958.1298  958.8497
2021 04 13 17 35 00    -4.4529050   -1.6492040  958.1296  958.8498
2021 04 13 17 36 00    -4.4609984   -1.6533180  958.1297  958.8519
2021 04 13 17 37 00    -4.4690973   -1.6573992  958.1301  958.8605
2021 04 13 17 38 00    -4.4771146   -1.6613932  958.1303  958.8713
2021 04 13 17 39 00    -4.4849832   -1.6652890  958.1303  958.8777
2021 04 13 17 40 00    -4.4927455   -1.6691895  958.1304  958.8801
2021 04 13 17 41 00    -4.5003919   -1.6730494  958.1307  958.8829
2021 04 13 17 42 00    -4.5079381   -1.6767389  958.1313  958.8906
2021 04 13 17 43 00    -4.5154617   -1.6804120  958.1321  958.9035
2021 04 13 17 44 00    -4.5230231   -1.6842569  958.1330  958.9163
2021 04 13 17 45 00    -4.5305606   -1.6881250  958.1342  958.9261
2021 04 13 17 46 00    -4.5378321   -1.6917979  958.1354  958.9391
2021 04 13 17 47 00    -4.5448139   -1.6953141  958.1365  958.9583
2021 04 13 17 48 00    -4.5518444   -1.6988216  958.1378  958.9746
2021 04 13 17 49 00    -4.5588833   -1.7022824  958.1397  958.9829
2021 04 13 17 50 00    -4.5655481   -1.7055948  958.1416  958.9882
2021 04 13 17 51 00    -4.5719736   -1.7088107  958.1429  958.9931
2021 04 13 17 52 00    -4.5785866   -1.7120723  958.1437  958.9965
2021 04 13 17 53 00    -4.5853767   -1.7154546  958.1443  959.0020
2021 04 13 17 54 00    -4.5920341   -1.7188365  958.1454  959.0115
2021 04 13 17 55 00    -4.5985225   -1.7221194  958.1472  959.0188
2021 04 13 17 56 00    -4.6049686   -1.7253284  958.1495  959.0210
2021 04 13 17 57 00    -4.6112341   -1.7284029  958.1513  959.0229
2021 04 13 17 58 00    -4.6172583   -1.7313905  958.1526  959.0266
2021 04 13 17 59 00    -4.6232589   -1.7344381  958.1540  959.0323
2021 04 13 18 00 00    -4.6293102   -1.7374641  958.1560  959.0423
2021 04 13 18 01 00    -4.6353100   -1.7403882  958.1582  959.0550
2021 04 13 18 02 00    -4.6411550   -1.7433420  958.1604  959.0643
2021 04 13 18 03 00    -4.6467807   -1.7462858  958.1626  959.0666
2021 04 13 18 04 00    -4.6522618   -1.7490178  958.1647  959.0643
2021 04 13 18 05 00    -4.6577679   -1.7516874  958.1663  959.0603
2021 04 13 18 06 00    -4.6633044   -1.7544761  958.1676  959.0553
2021 04 13 18 07 00    -4.6687374   -1.7572007  958.1691  959.0521
2021 04 13 18 08 00    -4.6741077   -1.7598309  958.1706  959.0539
2021 04 13 18 09 00    -4.6794240   -1.7624905  958.1716  959.0595
2021 04 13 18 10 00    -4.6844563   -1.7650396  958.1721  959.0664
2021 04 13 18 11 00    -4.6892799   -1.7674377  958.1727  959.0722
2021 04 13 18 12 00    -4.6942111   -1.7698988  958.1740  959.0748
2021 04 13 18 13 00    -4.6990934   -1.7723581  958.1755  959.0778
2021 04 13 18 14 00    -4.7035864   -1.7745822  958.1768  959.0872
2021 04 13 18 15 00    -4.7078095   -1.7767331  958.1784  959.1021
2021 04 13 18 16 00    -4.7120692   -1.7790120  958.1805  959.1164
2021 04 13 18 17 00    -4.7164353   -1.7812022  958.1828  959.1266
2021 04 13 18 18 00    -4.7208909   -1.7832338  958.1846  959.1326
2021 04 13 18 19 00    -4.7253380   -1.7853497  958.1856  959.1345
2021 04 13 18 20 00    -4.7294860   -1.7874238  958.1864  959.1323
2021 04 13 18 21 00    -4.7332884   -1.7892328  958.1877  959.1299
2021 04 13 18 22 00    -4.7370602   -1.7910706  958.1894  959.1348
2021 04 13 18 23 00    -4.7408879   -1.7930939  958.1914  959.1486
2021 04 13 18 24 00    -4.7445744   -1.7950223  958.1935  959.1637
2021 04 13 18 25 00    -4.7480520   -1.7968029  958.1960  959.1767
2021 04 13 18 26 00    -4.7513817   -1.7985472  958.1987  959.1908
2021 04 13 18 27 00    -4.7547038   -1.8002559  958.2014  959.2063
2021 04 13 18 28 00    -4.7581094   -1.8019713  958.2038  959.2202
2021 04 13 18 29 00    -4.7613124   -1.8035765  958.2065  959.2320
2021 04 13 18 30 00    -4.7641244   -1.8049105  958.2097  959.2437
2021 04 13 18 31 00    -4.7669439   -1.8062655  958.2125  959.2553
2021 04 13 18 32 00    -4.7699252   -1.8078572  958.2149  959.2660
2021 04 13 18 33 00    -4.7726966   -1.8093376  958.2176  959.2793
2021 04 13 18 34 00    -4.7752485   -1.8105458  958.2201  959.2964
2021 04 13 18 35 00    -4.7778361   -1.8117130  958.2222  959.3130
2021 04 13 18 36 00    -4.7803865   -1.8129031  958.2250  959.3289
2021 04 13 18 37 00    -4.7827833   -1.8141040  958.2281  959.3464
2021 04 13 18 38 00    -4.7851361   -1.8153890  958.2314  959.3638
2021 04 13 18 39 00    -4.7875123   -1.8167263  958.2354  959.3790
2021 04 13 18 40 00    -4.7897718   -1.8179513  958.2395  959.3903
2021 04 13 18 41 00    -4.7918134   -1.8189093  958.2434  959.3965
2021 04 13 18 42 00    -4.7937171   -1.8197048  958.2477  959.4009
2021 04 13 18 43 00    -4.7955897   -1.8205810  958.2528  959.4075
2021 04 13 18 44 00    -4.7974562   -1.8214790  958.2577  959.4141
2021 04 13 18 45 00    -4.7992166   -1.8222691  958.2622  959.4172
2021 04 13 18 46 00    -4.8007500   -1.8230804  958.2669  959.4201
2021 04 13 18 47 00    -4.8020734   -1.8239217  958.2723  959.4283
2021 04 13 18 48 00    -4.8033650   -1.8246107  958.2780  959.4418
2021 04 13 18 49 00    -4.8047817   -1.8251683  958.2835  959.4558
2021 04 13 18 50 00    -4.8061909   -1.8257781  958.2887  959.4688
2021 04 13 18 51 00    -4.8074031   -1.8265029  958.2935  959.4842
2021 04 13 18 52 00    -4.8084371   -1.8272016  958.2984  959.4994
2021 04 13 18 53 00    -4.8092372   -1.8276473  958.3039  959.5094
2021 04 13 18 54 00    -4.8097793   -1.8278537  958.3098  959.5180
2021 04 13 18 55 00    -4.8103671   -1.8281200  958.3148  959.5272
2021 04 13 18 56 00    -4.8111569   -1.8285355  958.3192  959.5344
2021 04 13 18 57 00    -4.8118952   -1.8288750  958.3242  959.5430
2021 04 13 18 58 00    -4.8123651   -1.8290340  958.3297  959.5520
2021 04 13 18 59 00    -4.8126421   -1.8291144  958.3349  959.5572
2021 04 13 19 00 00    -4.8129548   -1.8291830  958.3395  959.5634
2021 04 13 19 01 00    -4.8133102   -1.8292338  958.3442  959.5718
2021 04 13 19 02 00    -4.8135047   -1.8293258  958.3492  959.5756
2021 04 13 19 03 00    -4.8135549   -1.8294792  958.3545  959.5768
2021 04 13 19 04 00    -4.8135844   -1.8295291  958.3596  959.5805
2021 04 13 19 05 00    -4.8135513   -1.8294336  958.3639  959.5835
2021 04 13 19 06 00    -4.8134371   -1.8294189  958.3679  959.5854
2021 04 13 19 07 00    -4.8132768   -1.8295404  958.3725  959.5917
2021 04 13 19 08 00    -4.8129590   -1.8295266  958.3774  959.6025
2021 04 13 19 09 00    -4.8124144   -1.8292409  958.3825  959.6116
2021 04 13 19 10 00    -4.8117517   -1.8288689  958.3878  959.6164
2021 04 13 19 11 00    -4.8109843   -1.8284934  958.3931  959.6214
2021 04 13 19 12 00    -4.8100778   -1.8279804  958.3982  959.6293
2021 04 13 19 13 00    -4.8091577   -1.8274285  958.4027  959.6377
2021 04 13 19 14 00    -4.8082970   -1.8270581  958.4067  959.6474
2021 04 13 19 15 00    -4.8073624   -1.8266947  958.4107  959.6654
2021 04 13 19 16 00    -4.8062570   -1.8261137  958.4155  959.6898
2021 04 13 19 17 00    -4.8050470   -1.8254333  958.4213  959.7089
2021 04 13 19 18 00    -4.8037883   -1.8247421  958.4273  959.7193
2021 04 13 19 19 00    -4.8024546   -1.8240085  958.4335  959.7298
2021 04 13 19 20 00    -4.8010480   -1.8232825  958.4400  959.7454
2021 04 13 19 21 00    -4.7996109   -1.8225605  958.4460  959.7597
2021 04 13 19 22 00    -4.7980285   -1.8217465  958.4508  959.7661
2021 04 13 19 23 00    -4.7962053   -1.8208834  958.4548  959.7697
2021 04 13 19 24 00    -4.7943413   -1.8200576  958.4595  959.7760
2021 04 13 19 25 00    -4.7925676   -1.8192212  958.4655  959.7812
2021 04 13 19 26 00    -4.7908007   -1.8183850  958.4716  959.7834
2021 04 13 19 27 00    -4.7889517   -1.8175031  958.4772  959.7887
2021 04 13 19 28 00    -4.7869643   -1.8164061  958.4828  959.7974
2021 04 13 19 29 00    -4.7848492   -1.8151719  958.4884  959.8044
2021 04 13 19 30 00    -4.7825607   -1.8139972  958.4934  959.8095
2021 04 13 19 31 00    -4.7801559   -1.8129218  958.4977  959.8121
2021 04 13 19 32 00    -4.7778497   -1.8118774  958.5023  959.8069
2021 04 13 19 33 00    -4.7755450   -1.8107608  958.5071  959.7970
2021 04 13 19 34 00    -4.7731272   -1.8095633  958.5121  959.7934
2021 04 13 19 35 00    -4.7707111   -1.8082886  958.5169  959.7980
2021 04 13 19 36 00    -4.7681407   -1.8068936  958.5210  959.8026
2021 04 13 19 37 00    -4.7652371   -1.8054299  958.5243  959.8030
2021 04 13 19 38 00    -4.7622190   -1.8039542  958.5275  959.8029
2021 04 13 19 39 00    -4.7593877   -1.8025225  958.5314  959.8043
2021 04 13 19 40 00    -4.7566801   -1.8011721  958.5357  959.8029
2021 04 13 19 41 00    -4.7537313   -1.7997439  958.5396  959.7957
2021 04 13 19 42 00    -4.7505141   -1.7981484  958.5431  959.7877
2021 04 13 19 43 00    -4.7472794   -1.7965109  958.5463  959.7840
2021 04 13 19 44 00    -4.7440236   -1.7949022  958.5492  959.7816
2021 04 13 19 45 00    -4.7407453   -1.7933026  958.5521  959.7782
2021 04 13 19 46 00    -4.7374910   -1.7916765  958.5550  959.7790
2021 04 13 19 47 00    -4.7340838   -1.7899532  958.5583  959.7835
2021 04 13 19 48 00    -4.7304508   -1.7880546  958.5617  959.7849
2021 04 13 19 49 00    -4.7267861   -1.7861397  958.5646  959.7848
2021 04 13 19 50 00    -4.7231733   -1.7844240  958.5672  959.7866
2021 04 13 19 51 00    -4.7194492   -1.7826634  958.5701  959.7874
2021 04 13 19 52 00    -4.7155294   -1.7806279  958.5731  959.7880
2021 04 13 19 53 00    -4.7115991   -1.7785715  958.5759  959.7903
2021 04 13 19 54 00    -4.7078151   -1.7766505  958.5785  959.7924
2021 04 13 19 55 00    -4.7039874   -1.7746841  958.5811  959.7934
2021 04 13 19 56 00    -4.6998457   -1.7726003  958.5833  959.7912
2021 04 13 19 57 00    -4.6954992   -1.7705576  958.5849  959.7845
2021 04 13 19 58 00    -4.6912213   -1.7685634  958.5867  959.7805
2021 04 13 19 59 00    -4.6869518   -1.7663324  958.5890  959.7820
2021 04 13 20 00 00    -4.6825197   -1.7638268  958.5912  959.7823
2021 04 13 20 01 00    -4.6780636   -1.7614844  958.5931  959.7825
2021 04 13 20 02 00    -4.6737003   -1.7594778  958.5951  959.7901
2021 04 13 20 03 00    -4.6692664   -1.7573975  958.5977  959.8008
2021 04 13 20 04 00    -4.6647222   -1.7550126  958.6006  959.8039
2021 04 13 20 05 00    -4.6601797   -1.7526116  958.6033  959.7991
2021 04 13 20 06 00    -4.6555442   -1.7503263  958.6054  959.7907
2021 04 13 20 07 00    -4.6507172   -1.7479369  958.6075  959.7803
2021 04 13 20 08 00    -4.6458943   -1.7455073  958.6091  959.7728
2021 04 13 20 09 00    -4.6411600   -1.7432224  958.6102  959.7722
2021 04 13 20 10 00    -4.6362370   -1.7408274  958.6111  959.7722
2021 04 13 20 11 00    -4.6310625   -1.7381962  958.6120  959.7696
2021 04 13 20 12 00    -4.6259821   -1.7356940  958.6132  959.7722
2021 04 13 20 13 00    -4.6211027   -1.7333615  958.6147  959.7818
2021 04 13 20 14 00    -4.6161146   -1.7308455  958.6167  959.7895
2021 04 13 20 15 00    -4.6108272   -1.7281469  958.6190  959.7946
2021 04 13 20 16 00    -4.6053995   -1.7254287  958.6210  959.8027
2021 04 13 20 17 00    -4.6000192   -1.7227094  958.6224  959.8086
2021 04 13 20 18 00    -4.5946474   -1.7200466  958.6235  959.8065
2021 04 13 20 19 00    -4.5892003   -1.7173794  958.6250  959.8051
2021 04 13 20 20 00    -4.5837368   -1.7146281  958.6273  959.8121
2021 04 13 20 21 00    -4.5782522   -1.7118867  958.6300  959.8191
2021 04 13 20 22 00    -4.5725873   -1.7091132  958.6326  959.8202
2021 04 13 20 23 00    -4.5668016   -1.7062047  958.6348  959.8211
2021 04 13 20 24 00    -4.5611135   -1.7032335  958.6369  959.8236
2021 04 13 20 25 00    -4.5554053   -1.7002503  958.6391  959.8221
2021 04 13 20 26 00    -4.5495132   -1.6972733  958.6412  959.8173
2021 04 13 20 27 00    -4.5436098   -1.6943723  958.6431  959.8204
2021 04 13 20 28 00    -4.5377452   -1.6914909  958.6449  959.8333
2021 04 13 20 29 00    -4.5317098   -1.6884677  958.6468  959.8420
2021 04 13 20 30 00    -4.5255194   -1.6853248  958.6492  959.8420
2021 04 13 20 31 00    -4.5193875   -1.6822509  958.6521  959.8451
2021 04 13 20 32 00    -4.5133464   -1.6792871  958.6547  959.8549
2021 04 13 20 33 00    -4.5073099   -1.6762894  958.6568  959.8625
2021 04 13 20 34 00    -4.5013384   -1.6732158  958.6589  959.8611
2021 04 13 20 35 00    -4.4953757   -1.6701219  958.6611  959.8566
2021 04 13 20 36 00    -4.4890750   -1.6669402  958.6634  959.8584
2021 04 13 20 37 00    -4.4826133   -1.6637499  958.6664  959.8640
2021 04 13 20 38 00    -4.4763684   -1.6607256  958.6694  959.8639
2021 04 13 20 39 00    -4.4699492   -1.6576387  958.6713  959.8587
2021 04 13 20 40 00    -4.4633011   -1.6543169  958.6723  959.8554
2021 04 13 20 41 00    -4.4569751   -1.6510149  958.6735  959.8538
2021 04 13 20 42 00    -4.4508322   -1.6478558  958.6750  959.8494
2021 04 13 20 43 00    -4.4444519   -1.6447175  958.6762  959.8432
2021 04 13 20 44 00    -4.4379547   -1.6414984  958.6774  959.8357
2021 04 13 20 45 00    -4.4314790   -1.6381347  958.6787  959.8283
2021 04 13 20 46 00    -4.4248941   -1.6347131  958.6802  959.8268
2021 04 13 20 47 00    -4.4182197   -1.6314390  958.6814  959.8297
2021 04 13 20 48 00    -4.4116097   -1.6283017  958.6822  959.8279
2021 04 13 20 49 00    -4.4050602   -1.6251061  958.6832  959.8221
2021 04 13 20 50 00    -4.3984380   -1.6217592  958.6842  959.8203
2021 04 13 20 51 00    -4.3916675   -1.6183486  958.6850  959.8188
2021 04 13 20 52 00    -4.3848930   -1.6150436  958.6856  959.8099
2021 04 13 20 53 00    -4.3782707   -1.6117663  958.6865  959.8007
2021 04 13 20 54 00    -4.3716507   -1.6082726  958.6872  959.7959
2021 04 13 20 55 00    -4.3649078   -1.6046969  958.6873  959.7852
2021 04 13 20 56 00    -4.3580918   -1.6012842  958.6866  959.7707
2021 04 13 20 57 00    -4.3511059   -1.5978891  958.6864  959.7692
2021 04 13 20 58 00    -4.3439910   -1.5943803  958.6868  959.7790
2021 04 13 20 59 00    -4.3369686   -1.5908455  958.6871  959.7848
2021 04 13 21 00 00    -4.3299878   -1.5872556  958.6874  959.7846
2021 04 13 21 01 00    -4.3229955   -1.5836324  958.6877  959.7859
2021 04 13 21 02 00    -4.3160701   -1.5801996  958.6874  959.7910
2021 04 13 21 03 00    -4.3090536   -1.5768719  958.6873  959.7955
2021 04 13 21 04 00    -4.3019002   -1.5733200  958.6885  959.7955
2021 04 13 21 05 00    -4.2948815   -1.5696607  958.6900  959.7947
2021 04 13 21 06 00    -4.2879313   -1.5661695  958.6907  959.8026
2021 04 13 21 07 00    -4.2807390   -1.5627211  958.6908  959.8162
2021 04 13 21 08 00    -4.2734741   -1.5591465  958.6916  959.8211
2021 04 13 21 09 00    -4.2664184   -1.5554733  958.6932  959.8146
2021 04 13 21 10 00    -4.2594052   -1.5518433  958.6946  959.8084
2021 04 13 21 11 00    -4.2522792   -1.5484271  958.6958  959.8083
2021 04 13 21 12 00    -4.2450944   -1.5450534  958.6969  959.8085
2021 04 13 21 13 00    -4.2378718   -1.5414144  958.6972  959.8016
2021 04 13 21 14 00    -4.2306279   -1.5376589  958.6960  959.7858
2021 04 13 21 15 00    -4.2233408   -1.5340885  958.6951  959.7689
2021 04 13 21 16 00    -4.2160593   -1.5306266  958.6954  959.7606
2021 04 13 21 17 00    -4.2089043   -1.5270183  958.6955  959.7587
2021 04 13 21 18 00    -4.2017191   -1.5232097  958.6945  959.7557
2021 04 13 21 19 00    -4.1943225   -1.5193726  958.6934  959.7530
2021 04 13 21 20 00    -4.1869253   -1.5157221  958.6930  959.7522
2021 04 13 21 21 00    -4.1797739   -1.5122754  958.6928  959.7495
2021 04 13 21 22 00    -4.1727628   -1.5088277  958.6926  959.7484
2021 04 13 21 23 00    -4.1655944   -1.5052528  958.6928  959.7511
2021 04 13 21 24 00    -4.1581752   -1.5015694  958.6932  959.7502
2021 04 13 21 25 00    -4.1506906   -1.4977509  958.6929  959.7454
2021 04 13 21 26 00    -4.1433632   -1.4939333  958.6923  959.7441
2021 04 13 21 27 00    -4.1362609   -1.4904149  958.6918  959.7467
2021 04 13 21 28 00    -4.1291381   -1.4870559  958.6916  959.7505
2021 04 13 21 29 00    -4.1216980   -1.4834123  958.6917  959.7554
2021 04 13 21 30 00    -4.1140939   -1.4794483  958.6917  959.7568
2021 04 13 21 31 00    -4.1066900   -1.4754987  958.6916  959.7524
2021 04 13 21 32 00    -4.0994552   -1.4717724  958.6921  959.7527
2021 04 13 21 33 00    -4.0920959   -1.4681703  958.6930  959.7633
2021 04 13 21 34 00    -4.0846154   -1.4645623  958.6933  959.7705
2021 04 13 21 35 00    -4.0772688   -1.4609774  958.6929  959.7666
2021 04 13 21 36 00    -4.0701612   -1.4574045  958.6925  959.7585
2021 04 13 21 37 00    -4.0630982   -1.4538003  958.6926  959.7494
2021 04 13 21 38 00    -4.0557587   -1.4501807  958.6927  959.7388
2021 04 13 21 39 00    -4.0482311   -1.4464719  958.6922  959.7311
2021 04 13 21 40 00    -4.0409512   -1.4426498  958.6914  959.7296
2021 04 13 21 41 00    -4.0338601   -1.4389223  958.6912  959.7304
2021 04 13 21 42 00    -4.0265956   -1.4353814  958.6906  959.7244
2021 04 13 21 43 00    -4.0193252   -1.4318819  958.6890  959.7100
2021 04 13 21 44 00    -4.0123051   -1.4283742  958.6873  959.6999
2021 04 13 21 45 00    -4.0052201   -1.4248163  958.6862  959.6964
2021 04 13 21 46 00    -3.9978237   -1.4210886  958.6852  959.6867
2021 04 13 21 47 00    -3.9904235   -1.4173254  958.6836  959.6732
2021 04 13 21 48 00    -3.9832342   -1.4137679  958.6816  959.6642
2021 04 13 21 49 00    -3.9761467   -1.4103774  958.6793  959.6534
2021 04 13 21 50 00    -3.9690773   -1.4069101  958.6767  959.6444
2021 04 13 21 51 00    -3.9619086   -1.4032072  958.6744  959.6464
2021 04 13 21 52 00    -3.9546295   -1.3994321  958.6728  959.6512
2021 04 13 21 53 00    -3.9474476   -1.3958116  958.6710  959.6531
2021 04 13 21 54 00    -3.9403375   -1.3922847  958.6691  959.6579
2021 04 13 21 55 00    -3.9331256   -1.3887387  958.6680  959.6623
2021 04 13 21 56 00    -3.9259286   -1.3851573  958.6676  959.6593
2021 04 13 21 57 00    -3.9189125   -1.3815381  958.6670  959.6557
2021 04 13 21 58 00    -3.9119555   -1.3779263  958.6660  959.6578
2021 04 13 21 59 00    -3.9048803   -1.3743810  958.6648  959.6526
2021 04 13 22 00 00    -3.8977518   -1.3708948  958.6631  959.6335
2021 04 13 22 01 00    -3.8907086   -1.3673993  958.6609  959.6189
2021 04 13 22 02 00    -3.8837425   -1.3638697  958.6588  959.6189
2021 04 13 22 03 00    -3.8768073   -1.3603294  958.6572  959.6209
2021 04 13 22 04 00    -3.8698561   -1.3567813  958.6560  959.6165
2021 04 13 22 05 00    -3.8628325   -1.3532546  958.6543  959.6100
2021 04 13 22 06 00    -3.8558549   -1.3498379  958.6516  959.6057
2021 04 13 22 07 00    -3.8490982   -1.3465811  958.6488  959.6054
2021 04 13 22 08 00    -3.8424210   -1.3433086  958.6472  959.6079
2021 04 13 22 09 00    -3.8356424   -1.3398429  958.6456  959.6094
2021 04 13 22 10 00    -3.8289347   -1.3364112  958.6435  959.6052
2021 04 13 22 11 00    -3.8222941   -1.3331540  958.6411  959.5946
2021 04 13 22 12 00    -3.8153914   -1.3297667  958.6389  959.5822
2021 04 13 22 13 00    -3.8083709   -1.3262167  958.6367  959.5706
2021 04 13 22 14 00    -3.8016862   -1.3228084  958.6341  959.5600
2021 04 13 22 15 00    -3.7952203   -1.3195137  958.6312  959.5522
2021 04 13 22 16 00    -3.7886046   -1.3161777  958.6287  959.5460
2021 04 13 22 17 00    -3.7819344   -1.3129128  958.6263  959.5384
2021 04 13 22 18 00    -3.7753609   -1.3097118  958.6233  959.5334
2021 04 13 22 19 00    -3.7687833   -1.3063851  958.6199  959.5346
2021 04 13 22 20 00    -3.7622692   -1.3030372  958.6169  959.5362
2021 04 13 22 21 00    -3.7558646   -1.2998549  958.6143  959.5294
2021 04 13 22 22 00    -3.7494469   -1.2967066  958.6115  959.5133
2021 04 13 22 23 00    -3.7430874   -1.2934788  958.6085  959.4978
2021 04 13 22 24 00    -3.7368899   -1.2902810  958.6056  959.4922
2021 04 13 22 25 00    -3.7307880   -1.2871714  958.6030  959.4887
2021 04 13 22 26 00    -3.7246453   -1.2841117  958.6004  959.4756
2021 04 13 22 27 00    -3.7183551   -1.2810677  958.5973  959.4604
2021 04 13 22 28 00    -3.7120215   -1.2780385  958.5934  959.4513
2021 04 13 22 29 00    -3.7058888   -1.2750410  958.5885  959.4434
2021 04 13 22 30 00    -3.6999565   -1.2719853  958.5840  959.4390
2021 04 13 22 31 00    -3.6939385   -1.2688212  958.5810  959.4426
2021 04 13 22 32 00    -3.6877669   -1.2656955  958.5789  959.4463
2021 04 13 22 33 00    -3.6816739   -1.2626914  958.5765  959.4447
2021 04 13 22 34 00    -3.6756903   -1.2597365  958.5736  959.4378
2021 04 13 22 35 00    -3.6696980   -1.2567616  958.5707  959.4295
2021 04 13 22 36 00    -3.6637495   -1.2537910  958.5684  959.4297
2021 04 13 22 37 00    -3.6578878   -1.2508571  958.5664  959.4362
2021 04 13 22 38 00    -3.6520385   -1.2478990  958.5641  959.4360
2021 04 13 22 39 00    -3.6461890   -1.2449528  958.5620  959.4295
2021 04 13 22 40 00    -3.6404312   -1.2420977  958.5606  959.4263
2021 04 13 22 41 00    -3.6348121   -1.2392055  958.5587  959.4297
2021 04 13 22 42 00    -3.6292744   -1.2362720  958.5563  959.4340
2021 04 13 22 43 00    -3.6238289   -1.2335275  958.5541  959.4303
2021 04 13 22 44 00    -3.6184716   -1.2309367  958.5521  959.4210
2021 04 13 22 45 00    -3.6129835   -1.2282732  958.5497  959.4166
2021 04 13 22 46 00    -3.6073189   -1.2254919  958.5470  959.4175
2021 04 13 22 47 00    -3.6018131   -1.2227065  958.5450  959.4155
2021 04 13 22 48 00    -3.5966183   -1.2200922  958.5435  959.4093
2021 04 13 22 49 00    -3.5914461   -1.2175918  958.5422  959.4070
2021 04 13 22 50 00    -3.5860617   -1.2149823  958.5408  959.4114
2021 04 13 22 51 00    -3.5806305   -1.2123702  958.5390  959.4177
2021 04 13 22 52 00    -3.5753846   -1.2098826  958.5368  959.4234
2021 04 13 22 53 00    -3.5702939   -1.2073422  958.5350  959.4278
2021 04 13 22 54 00    -3.5652466   -1.2047259  958.5343  959.4252
2021 04 13 22 55 00    -3.5602229   -1.2021776  958.5338  959.4152
2021 04 13 22 56 00    -3.5552319   -1.1996711  958.5327  959.4087
2021 04 13 22 57 00    -3.5502863   -1.1971685  958.5310  959.4083
2021 04 13 22 58 00    -3.5454465   -1.1946914  958.5290  959.4011
2021 04 13 22 59 00    -3.5407398   -1.1922287  958.5266  959.3865
2021 04 13 23 00 00    -3.5360260   -1.1898421  958.5245  959.3759
2021 04 13 23 01 00    -3.5312396   -1.1875591  958.5228  959.3670
2021 04 13 23 02 00    -3.5266382   -1.1853194  958.5205  959.3552
2021 04 13 23 03 00    -3.5222882   -1.1831021  958.5177  959.3470
2021 04 13 23 04 00    -3.5178365   -1.1808545  958.5152  959.3425
2021 04 13 23 05 00    -3.5132583   -1.1785430  958.5127  959.3362
2021 04 13 23 06 00    -3.5088537   -1.1762025  958.5098  959.3283
2021 04 13 23 07 00    -3.5045722   -1.1738933  958.5070  959.3202
2021 04 13 23 08 00    -3.5002550   -1.1717144  958.5043  959.3117
2021 04 13 23 09 00    -3.4959795   -1.1696942  958.5014  959.3010
2021 04 13 23 10 00    -3.4918413   -1.1677896  958.4982  959.2898
2021 04 13 23 11 00    -3.4878544   -1.1658935  958.4952  959.2828
2021 04 13 23 12 00    -3.4839271   -1.1638749  958.4922  959.2774
2021 04 13 23 13 00    -3.4799173   -1.1617972  958.4886  959.2661
2021 04 13 23 14 00    -3.4758844   -1.1597917  958.4849  959.2530
2021 04 13 23 15 00    -3.4720183   -1.1578954  958.4813  959.2474
2021 04 13 23 16 00    -3.4683509   -1.1561443  958.4777  959.2460
2021 04 13 23 17 00    -3.4647014   -1.1544257  958.4740  959.2414
2021 04 13 23 18 00    -3.4609265   -1.1525325  958.4709  959.2369
2021 04 13 23 19 00    -3.4572253   -1.1505160  958.4687  959.2360
2021 04 13 23 20 00    -3.4537900   -1.1485780  958.4664  959.2352
2021 04 13 23 21 00    -3.4504083   -1.1468171  958.4633  959.2321
2021 04 13 23 22 00    -3.4468559   -1.1451454  958.4596  959.2281
2021 04 13 23 23 00    -3.4432263   -1.1433683  958.4558  959.2273
2021 04 13 23 24 00    -3.4397695   -1.1415678  958.4520  959.2280
2021 04 13 23 25 00    -3.4365639   -1.1399729  958.4489  959.2240
2021 04 13 23 26 00    -3.4334613   -1.1384546  958.4465  959.2171
2021 04 13 23 27 00    -3.4303908   -1.1368393  958.4441  959.2111
2021 04 13 23 28 00    -3.4273766   -1.1352686  958.4415  959.2019
2021 04 13 23 29 00    -3.4243689   -1.1338035  958.4385  959.1878
2021 04 13 23 30 00    -3.4213859   -1.1323346  958.4345  959.1761
2021 04 13 23 31 00    -3.4185740   -1.1308758  958.4302  959.1693
2021 04 13 23 32 00    -3.4159160   -1.1294876  958.4266  959.1630
2021 04 13 23 33 00    -3.4131986   -1.1281921  958.4238  959.1585
2021 04 13 23 34 00    -3.4103918   -1.1269580  958.4210  959.1590
2021 04 13 23 35 00    -3.4076984   -1.1257017  958.4177  959.1581
2021 04 13 23 36 00    -3.4051768   -1.1244374  958.4144  959.1500
2021 04 13 23 37 00    -3.4027267   -1.1231887  958.4116  959.1433
2021 04 13 23 38 00    -3.4003294   -1.1219411  958.4086  959.1438
2021 04 13 23 39 00    -3.3979877   -1.1207839  958.4053  959.1384
2021 04 13 23 40 00    -3.3956730   -1.1197020  958.4020  959.1205
2021 04 13 23 41 00    -3.3933472   -1.1185492  958.3981  959.1077
2021 04 13 23 42 00    -3.3910746   -1.1174204  958.3940  959.1090
2021 04 13 23 43 00    -3.3890233   -1.1164081  958.3905  959.1088
2021 04 13 23 44 00    -3.3871628   -1.1153682  958.3878  959.0998
2021 04 13 23 45 00    -3.3853238   -1.1143568  958.3851  959.0912
2021 04 13 23 46 00    -3.3834397   -1.1134902  958.3820  959.0855
2021 04 13 23 47 00    -3.3815809   -1.1126452  958.3785  959.0755
2021 04 13 23 48 00    -3.3798202   -1.1117558  958.3747  959.0609
2021 04 13 23 49 00    -3.3780408   -1.1108181  958.3708  959.0523
2021 04 13 23 50 00    -3.3762335   -1.1098739  958.3671  959.0496
2021 04 13 23 51 00    -3.3746090   -1.1090682  958.3637  959.0397
2021 04 13 23 52 00    -3.3732136   -1.1083935  958.3603  959.0281
2021 04 13 23 53 00    -3.3719796   -1.1077805  958.3564  959.0232
2021 04 13 23 54 00    -3.3708398   -1.1072289  958.3529  959.0151
2021 04 13 23 55 00    -3.3696231   -1.1066105  958.3498  959.0056
2021 04 13 23 56 00    -3.3682774   -1.1058524  958.3463  959.0048
2021 04 13 23 57 00    -3.3670680   -1.1051681  958.3424  959.0060
2021 04 13 23 58 00    -3.3661232   -1.1046856  958.3389  959.0028
2021 04 13 23 59 00    -3.3651656   -1.1042189  958.3360  958.9981
