[TSF-file]     v01.0

[TIMEFORMAT]   DATETIME
[INCREMENT]    60
[CHANNELS]
    BF:SG056:G1-F60 
    BF:SG056:G2-F60 
    BF:SG056:Br1-F60
    BF:SG056:Br2-F60
[UNITS]
    Volt
    Volt
    mbar
    mbar
[UNDETVAL]                      9999.999
[PHASE_LAG_1_DEG_CPD]           0.0402
[PHASE_LAG_1_DEG_CPD_ERROR]     0.0002
[N_LATITUDE_DEG]                48.3294
[N_LATITUDE_DEG_ERROR]          0.0001
[E_LONGITUDE_DEG]               008.3284
[E_LONGITUDE_DEG_ERROR]         0.0001
[HEIGHT_M_1]                    589.20
[HEIGHT_M_1_ERROR]              0.01
[GRAVITY_CAL_1_UGAL_V]          -40.1100
[GRAVITY_CAL_1_UGAL_V_ERROR]    0.0300
[PRESSURE_CAL_MBAR_V]           1.0000
[PRESSURE_CAL_MBAR_V_ERROR]     0.0001
[AUTHOR]                        Thomas Forbriger@kit.edu
[PHASE_LAG_2_DEG_CPD]           0.0402
[PHASE_LAG_2_DEG_CPD_ERROR]     0.0002
[HEIGHT_M_2]                    589.40
[HEIGHT_M_2_ERROR]              0.01
[GRAVITY_CAL_2_UGAL_V]          -80.0699
[GRAVITY_CAL_2_UGAL_V_ERROR]    0.0600
[PRESSURE_ADMIT_HPA_NMS2]       -3.4000
[PRESSURE_MEAN_HPA]             0980.0
[COMMENT]                           
software upgrade and FitPC2 replacement on 29. July 2019



Date           Time     G1-F60        G2-F60        Br1-F60       Br2-F60      
[DATA]
2021 04 22 00 00 00    -3.8489985   -1.3492370  948.2110  949.4936
2021 04 22 00 01 00    -3.8605004   -1.3548851  948.2155  949.5011
2021 04 22 00 02 00    -3.8719874   -1.3607041  948.2204  949.5114
2021 04 22 00 03 00    -3.8834203   -1.3665442  948.2258  949.5206
2021 04 22 00 04 00    -3.8949298   -1.3722968  948.2313  949.5271
2021 04 22 00 05 00    -3.9064620   -1.3780484  948.2366  949.5335
2021 04 22 00 06 00    -3.9177750   -1.3837303  948.2419  949.5406
2021 04 22 00 07 00    -3.9290112   -1.3892998  948.2471  949.5454
2021 04 22 00 08 00    -3.9404513   -1.3949599  948.2522  949.5455
2021 04 22 00 09 00    -3.9518713   -1.4006732  948.2573  949.5428
2021 04 22 00 10 00    -3.9629955   -1.4062206  948.2625  949.5404
2021 04 22 00 11 00    -3.9740514   -1.4117829  948.2678  949.5395
2021 04 22 00 12 00    -3.9854205   -1.4176169  948.2731  949.5402
2021 04 22 00 13 00    -3.9970373   -1.4235390  948.2780  949.5430
2021 04 22 00 14 00    -4.0083822   -1.4292196  948.2828  949.5468
2021 04 22 00 15 00    -4.0192818   -1.4345980  948.2876  949.5492
2021 04 22 00 16 00    -4.0301629   -1.4399515  948.2924  949.5489
2021 04 22 00 17 00    -4.0412752   -1.4455678  948.2970  949.5464
2021 04 22 00 18 00    -4.0524520   -1.4513343  948.3016  949.5428
2021 04 22 00 19 00    -4.0635597   -1.4569668  948.3063  949.5386
2021 04 22 00 20 00    -4.0745561   -1.4624064  948.3110  949.5349
2021 04 22 00 21 00    -4.0854538   -1.4678039  948.3155  949.5310
2021 04 22 00 22 00    -4.0963537   -1.4733155  948.3197  949.5250
2021 04 22 00 23 00    -4.1072016   -1.4788362  948.3241  949.5180
2021 04 22 00 24 00    -4.1179835   -1.4842270  948.3287  949.5134
2021 04 22 00 25 00    -4.1288438   -1.4895823  948.3332  949.5114
2021 04 22 00 26 00    -4.1395582   -1.4948420  948.3375  949.5101
2021 04 22 00 27 00    -4.1499477   -1.4999570  948.3416  949.5092
2021 04 22 00 28 00    -4.1604431   -1.5052353  948.3457  949.5085
2021 04 22 00 29 00    -4.1711702   -1.5106819  948.3496  949.5071
2021 04 22 00 30 00    -4.1817144   -1.5159497  948.3534  949.5054
2021 04 22 00 31 00    -4.1921149   -1.5211111  948.3570  949.5042
2021 04 22 00 32 00    -4.2026415   -1.5263785  948.3607  949.5037
2021 04 22 00 33 00    -4.2131749   -1.5316210  948.3647  949.5035
2021 04 22 00 34 00    -4.2236124   -1.5367435  948.3687  949.5032
2021 04 22 00 35 00    -4.2339536   -1.5418458  948.3724  949.5024
2021 04 22 00 36 00    -4.2441587   -1.5470153  948.3760  949.5006
2021 04 22 00 37 00    -4.2543668   -1.5522814  948.3797  949.4954
2021 04 22 00 38 00    -4.2646559   -1.5575329  948.3833  949.4872
2021 04 22 00 39 00    -4.2747886   -1.5625374  948.3867  949.4806
2021 04 22 00 40 00    -4.2847148   -1.5673427  948.3902  949.4772
2021 04 22 00 41 00    -4.2947382   -1.5723380  948.3938  949.4750
2021 04 22 00 42 00    -4.3048579   -1.5775790  948.3971  949.4735
2021 04 22 00 43 00    -4.3148274   -1.5826925  948.3998  949.4724
2021 04 22 00 44 00    -4.3247406   -1.5875723  948.4026  949.4710
2021 04 22 00 45 00    -4.3347125   -1.5924399  948.4058  949.4696
2021 04 22 00 46 00    -4.3445957   -1.5973995  948.4089  949.4689
2021 04 22 00 47 00    -4.3543666   -1.6023678  948.4119  949.4701
2021 04 22 00 48 00    -4.3641476   -1.6072697  948.4150  949.4721
2021 04 22 00 49 00    -4.3738240   -1.6120856  948.4182  949.4730
2021 04 22 00 50 00    -4.3832202   -1.6168207  948.4214  949.4733
2021 04 22 00 51 00    -4.3925994   -1.6215652  948.4244  949.4743
2021 04 22 00 52 00    -4.4021837   -1.6263451  948.4273  949.4758
2021 04 22 00 53 00    -4.4116871   -1.6310716  948.4303  949.4796
2021 04 22 00 54 00    -4.4209598   -1.6357641  948.4334  949.4881
2021 04 22 00 55 00    -4.4301619   -1.6404158  948.4364  949.5012
2021 04 22 00 56 00    -4.4393551   -1.6449376  948.4394  949.5178
2021 04 22 00 57 00    -4.4485058   -1.6494423  948.4427  949.5358
2021 04 22 00 58 00    -4.4575730   -1.6540604  948.4462  949.5502
2021 04 22 00 59 00    -4.4665785   -1.6586583  948.4498  949.5581
2021 04 22 01 00 00    -4.4755548   -1.6630693  948.4534  949.5632
2021 04 22 01 01 00    -4.4844296   -1.6673332  948.4571  949.5696
2021 04 22 01 02 00    -4.4932636   -1.6716663  948.4610  949.5738
2021 04 22 01 03 00    -4.5022020   -1.6761973  948.4647  949.5736
2021 04 22 01 04 00    -4.5111254   -1.6807612  948.4684  949.5734
2021 04 22 01 05 00    -4.5199408   -1.6852070  948.4721  949.5754
2021 04 22 01 06 00    -4.5287402   -1.6896273  948.4755  949.5787
2021 04 22 01 07 00    -4.5373803   -1.6940313  948.4787  949.5841
2021 04 22 01 08 00    -4.5457106   -1.6982336  948.4821  949.5920
2021 04 22 01 09 00    -4.5539984   -1.7022528  948.4859  949.6005
2021 04 22 01 10 00    -4.5624404   -1.7063694  948.4895  949.6061
2021 04 22 01 11 00    -4.5709078   -1.7106944  948.4931  949.6081
2021 04 22 01 12 00    -4.5793463   -1.7150204  948.4967  949.6092
2021 04 22 01 13 00    -4.5876920   -1.7191033  948.5003  949.6092
2021 04 22 01 14 00    -4.5958523   -1.7230608  948.5039  949.6060
2021 04 22 01 15 00    -4.6039485   -1.7272401  948.5074  949.6027
2021 04 22 01 16 00    -4.6120828   -1.7315698  948.5109  949.6052
2021 04 22 01 17 00    -4.6201873   -1.7356148  948.5142  949.6142
2021 04 22 01 18 00    -4.6281810   -1.7393531  948.5175  949.6272
2021 04 22 01 19 00    -4.6360465   -1.7431972  948.5210  949.6420
2021 04 22 01 20 00    -4.6437793   -1.7471809  948.5247  949.6555
2021 04 22 01 21 00    -4.6514463   -1.7510434  948.5287  949.6661
2021 04 22 01 22 00    -4.6591580   -1.7548776  948.5327  949.6763
2021 04 22 01 23 00    -4.6668183   -1.7587319  948.5366  949.6857
2021 04 22 01 24 00    -4.6742947   -1.7623579  948.5404  949.6895
2021 04 22 01 25 00    -4.6817599   -1.7659256  948.5444  949.6885
2021 04 22 01 26 00    -4.6893283   -1.7698187  948.5482  949.6880
2021 04 22 01 27 00    -4.6967018   -1.7737868  948.5521  949.6877
2021 04 22 01 28 00    -4.7038511   -1.7775024  948.5560  949.6861
2021 04 22 01 29 00    -4.7111532   -1.7811570  948.5600  949.6843
2021 04 22 01 30 00    -4.7185240   -1.7847937  948.5637  949.6809
2021 04 22 01 31 00    -4.7256614   -1.7882316  948.5672  949.6766
2021 04 22 01 32 00    -4.7326271   -1.7915828  948.5706  949.6765
2021 04 22 01 33 00    -4.7396463   -1.7950772  948.5741  949.6800
2021 04 22 01 34 00    -4.7468395   -1.7987200  948.5776  949.6810
2021 04 22 01 35 00    -4.7539581   -1.8022829  948.5808  949.6790
2021 04 22 01 36 00    -4.7608018   -1.8057072  948.5840  949.6777
2021 04 22 01 37 00    -4.7675604   -1.8092054  948.5875  949.6768
2021 04 22 01 38 00    -4.7742286   -1.8127322  948.5910  949.6741
2021 04 22 01 39 00    -4.7807252   -1.8160913  948.5942  949.6742
2021 04 22 01 40 00    -4.7871985   -1.8192857  948.5977  949.6805
2021 04 22 01 41 00    -4.7936477   -1.8223469  948.6012  949.6848
2021 04 22 01 42 00    -4.8000037   -1.8253693  948.6041  949.6809
2021 04 22 01 43 00    -4.8063680   -1.8285017  948.6070  949.6760
2021 04 22 01 44 00    -4.8127467   -1.8317070  948.6102  949.6754
2021 04 22 01 45 00    -4.8190106   -1.8349275  948.6135  949.6746
2021 04 22 01 46 00    -4.8252928   -1.8382474  948.6164  949.6684
2021 04 22 01 47 00    -4.8316855   -1.8415380  948.6193  949.6588
2021 04 22 01 48 00    -4.8377890   -1.8445010  948.6224  949.6533
2021 04 22 01 49 00    -4.8434938   -1.8472505  948.6254  949.6529
2021 04 22 01 50 00    -4.8492792   -1.8501061  948.6278  949.6517
2021 04 22 01 51 00    -4.8552427   -1.8530250  948.6301  949.6510
2021 04 22 01 52 00    -4.8610557   -1.8558786  948.6328  949.6573
2021 04 22 01 53 00    -4.8667239   -1.8587517  948.6360  949.6687
2021 04 22 01 54 00    -4.8723655   -1.8616395  948.6389  949.6778
2021 04 22 01 55 00    -4.8778501   -1.8644133  948.6416  949.6817
2021 04 22 01 56 00    -4.8832065   -1.8670980  948.6445  949.6815
2021 04 22 01 57 00    -4.8886243   -1.8698056  948.6473  949.6785
2021 04 22 01 58 00    -4.8940618   -1.8725669  948.6498  949.6733
2021 04 22 01 59 00    -4.8993684   -1.8753405  948.6524  949.6658
2021 04 22 02 00 00    -4.9045877   -1.8780381  948.6548  949.6586
2021 04 22 02 01 00    -4.9097763   -1.8805630  948.6572  949.6615
2021 04 22 02 02 00    -4.9147435   -1.8829030  948.6595  949.6739
2021 04 22 02 03 00    -4.9195207   -1.8852171  948.6622  949.6796
2021 04 22 02 04 00    -4.9244591   -1.8876849  948.6648  949.6751
2021 04 22 02 05 00    -4.9294905   -1.8902512  948.6671  949.6712
2021 04 22 02 06 00    -4.9342637   -1.8927095  948.6695  949.6681
2021 04 22 02 07 00    -4.9388370   -1.8949793  948.6718  949.6611
2021 04 22 02 08 00    -4.9434665   -1.8971857  948.6737  949.6545
2021 04 22 02 09 00    -4.9481193   -1.8994667  948.6754  949.6525
2021 04 22 02 10 00    -4.9526432   -1.9018107  948.6773  949.6538
2021 04 22 02 11 00    -4.9570055   -1.9041323  948.6796  949.6597
2021 04 22 02 12 00    -4.9611859   -1.9063129  948.6821  949.6737
2021 04 22 02 13 00    -4.9652784   -1.9083218  948.6845  949.6937
2021 04 22 02 14 00    -4.9694270   -1.9103160  948.6870  949.7114
2021 04 22 02 15 00    -4.9734219   -1.9123354  948.6897  949.7227
2021 04 22 02 16 00    -4.9771207   -1.9142930  948.6927  949.7336
2021 04 22 02 17 00    -4.9808324   -1.9162258  948.6957  949.7467
2021 04 22 02 18 00    -4.9846176   -1.9181191  948.6986  949.7572
2021 04 22 02 19 00    -4.9883316   -1.9199311  948.7014  949.7656
2021 04 22 02 20 00    -4.9920613   -1.9217441  948.7044  949.7751
2021 04 22 02 21 00    -4.9956882   -1.9235644  948.7075  949.7846
2021 04 22 02 22 00    -4.9990964   -1.9253370  948.7106  949.7936
2021 04 22 02 23 00    -5.0024801   -1.9270027  948.7141  949.8041
2021 04 22 02 24 00    -5.0058959   -1.9285471  948.7178  949.8145
2021 04 22 02 25 00    -5.0092733   -1.9302167  948.7214  949.8210
2021 04 22 02 26 00    -5.0125490   -1.9320763  948.7248  949.8218
2021 04 22 02 27 00    -5.0157139   -1.9337416  948.7283  949.8207
2021 04 22 02 28 00    -5.0188422   -1.9351509  948.7316  949.8236
2021 04 22 02 29 00    -5.0219084   -1.9366232  948.7348  949.8283
2021 04 22 02 30 00    -5.0248913   -1.9381542  948.7382  949.8275
2021 04 22 02 31 00    -5.0277234   -1.9395332  948.7415  949.8235
2021 04 22 02 32 00    -5.0304203   -1.9408525  948.7446  949.8250
2021 04 22 02 33 00    -5.0332738   -1.9423351  948.7477  949.8317
2021 04 22 02 34 00    -5.0361487   -1.9438376  948.7509  949.8367
2021 04 22 02 35 00    -5.0386959   -1.9451078  948.7542  949.8374
2021 04 22 02 36 00    -5.0411897   -1.9462982  948.7576  949.8348
2021 04 22 02 37 00    -5.0438961   -1.9476561  948.7610  949.8304
2021 04 22 02 38 00    -5.0466095   -1.9491103  948.7643  949.8268
2021 04 22 02 39 00    -5.0491355   -1.9504101  948.7674  949.8233
2021 04 22 02 40 00    -5.0514005   -1.9514162  948.7700  949.8149
2021 04 22 02 41 00    -5.0534797   -1.9523116  948.7721  949.8015
2021 04 22 02 42 00    -5.0556452   -1.9534321  948.7746  949.7909
2021 04 22 02 43 00    -5.0578614   -1.9547017  948.7774  949.7876
2021 04 22 02 44 00    -5.0597564   -1.9556851  948.7799  949.7886
2021 04 22 02 45 00    -5.0614405   -1.9564299  948.7821  949.7917
2021 04 22 02 46 00    -5.0632740   -1.9573934  948.7845  949.7980
2021 04 22 02 47 00    -5.0649985   -1.9584580  948.7869  949.8051
2021 04 22 02 48 00    -5.0663336   -1.9591699  948.7890  949.8120
2021 04 22 02 49 00    -5.0676850   -1.9597006  948.7913  949.8225
2021 04 22 02 50 00    -5.0693727   -1.9604705  948.7941  949.8342
2021 04 22 02 51 00    -5.0710065   -1.9613108  948.7970  949.8440
2021 04 22 02 52 00    -5.0722405   -1.9618935  948.8001  949.8545
2021 04 22 02 53 00    -5.0733790   -1.9623852  948.8034  949.8651
2021 04 22 02 54 00    -5.0746777   -1.9630484  948.8067  949.8747
2021 04 22 02 55 00    -5.0759064   -1.9637687  948.8100  949.8849
2021 04 22 02 56 00    -5.0769059   -1.9642797  948.8130  949.8907
2021 04 22 02 57 00    -5.0777979   -1.9646091  948.8158  949.8910
2021 04 22 02 58 00    -5.0786974   -1.9650640  948.8189  949.8931
2021 04 22 02 59 00    -5.0795778   -1.9656458  948.8222  949.8965
2021 04 22 03 00 00    -5.0803712   -1.9660558  948.8256  949.8976
2021 04 22 03 01 00    -5.0811500   -1.9663224  948.8288  949.9003
2021 04 22 03 02 00    -5.0820003   -1.9666817  948.8320  949.9053
2021 04 22 03 03 00    -5.0827957   -1.9671453  948.8352  949.9087
2021 04 22 03 04 00    -5.0833078   -1.9675192  948.8384  949.9112
2021 04 22 03 05 00    -5.0835363   -1.9676581  948.8414  949.9146
2021 04 22 03 06 00    -5.0837920   -1.9677101  948.8445  949.9173
2021 04 22 03 07 00    -5.0842468   -1.9678711  948.8475  949.9171
2021 04 22 03 08 00    -5.0846971   -1.9680827  948.8506  949.9148
2021 04 22 03 09 00    -5.0849218   -1.9682388  948.8537  949.9124
2021 04 22 03 10 00    -5.0849805   -1.9683599  948.8566  949.9111
2021 04 22 03 11 00    -5.0850983   -1.9684799  948.8594  949.9119
2021 04 22 03 12 00    -5.0852318   -1.9685123  948.8623  949.9134
2021 04 22 03 13 00    -5.0850911   -1.9683768  948.8652  949.9153
2021 04 22 03 14 00    -5.0847099   -1.9681870  948.8678  949.9194
2021 04 22 03 15 00    -5.0843962   -1.9680435  948.8705  949.9241
2021 04 22 03 16 00    -5.0842409   -1.9679059  948.8735  949.9243
2021 04 22 03 17 00    -5.0840461   -1.9677610  948.8767  949.9209
2021 04 22 03 18 00    -5.0835670   -1.9675138  948.8796  949.9195
2021 04 22 03 19 00    -5.0828845   -1.9671415  948.8823  949.9195
2021 04 22 03 20 00    -5.0822698   -1.9669362  948.8846  949.9171
2021 04 22 03 21 00    -5.0816385   -1.9668711  948.8867  949.9150
2021 04 22 03 22 00    -5.0808528   -1.9664924  948.8891  949.9174
2021 04 22 03 23 00    -5.0801188   -1.9658002  948.8917  949.9230
2021 04 22 03 24 00    -5.0794497   -1.9651991  948.8944  949.9280
2021 04 22 03 25 00    -5.0785696   -1.9648254  948.8972  949.9323
2021 04 22 03 26 00    -5.0775035   -1.9645452  948.9000  949.9377
2021 04 22 03 27 00    -5.0763996   -1.9641121  948.9025  949.9438
2021 04 22 03 28 00    -5.0752250   -1.9633902  948.9049  949.9506
2021 04 22 03 29 00    -5.0740565   -1.9626736  948.9079  949.9583
2021 04 22 03 30 00    -5.0728707   -1.9622204  948.9110  949.9644
2021 04 22 03 31 00    -5.0714689   -1.9617380  948.9143  949.9670
2021 04 22 03 32 00    -5.0699749   -1.9609481  948.9174  949.9668
2021 04 22 03 33 00    -5.0685767   -1.9600120  948.9202  949.9624
2021 04 22 03 34 00    -5.0671662   -1.9591593  948.9226  949.9520
2021 04 22 03 35 00    -5.0657039   -1.9584614  948.9248  949.9376
2021 04 22 03 36 00    -5.0642525   -1.9578083  948.9269  949.9240
2021 04 22 03 37 00    -5.0626987   -1.9570201  948.9288  949.9158
2021 04 22 03 38 00    -5.0609908   -1.9561371  948.9307  949.9154
2021 04 22 03 39 00    -5.0592447   -1.9552902  948.9328  949.9207
2021 04 22 03 40 00    -5.0573682   -1.9543544  948.9349  949.9266
2021 04 22 03 41 00    -5.0552241   -1.9532114  948.9367  949.9306
2021 04 22 03 42 00    -5.0530511   -1.9520618  948.9385  949.9354
2021 04 22 03 43 00    -5.0510663   -1.9510843  948.9409  949.9424
2021 04 22 03 44 00    -5.0490145   -1.9501776  948.9435  949.9481
2021 04 22 03 45 00    -5.0466651   -1.9491120  948.9458  949.9507
2021 04 22 03 46 00    -5.0443048   -1.9478248  948.9480  949.9520
2021 04 22 03 47 00    -5.0421342   -1.9465905  948.9506  949.9527
2021 04 22 03 48 00    -5.0398405   -1.9455728  948.9530  949.9518
2021 04 22 03 49 00    -5.0372673   -1.9444920  948.9551  949.9517
2021 04 22 03 50 00    -5.0346321   -1.9431751  948.9572  949.9552
2021 04 22 03 51 00    -5.0320759   -1.9418160  948.9596  949.9605
2021 04 22 03 52 00    -5.0295532   -1.9404944  948.9622  949.9661
2021 04 22 03 53 00    -5.0269069   -1.9391399  948.9647  949.9728
2021 04 22 03 54 00    -5.0241004   -1.9377810  948.9674  949.9777
2021 04 22 03 55 00    -5.0213511   -1.9364179  948.9699  949.9738
2021 04 22 03 56 00    -5.0186378   -1.9349408  948.9719  949.9621
2021 04 22 03 57 00    -5.0156680   -1.9333166  948.9738  949.9533
2021 04 22 03 58 00    -5.0126356   -1.9318069  948.9762  949.9523
2021 04 22 03 59 00    -5.0098298   -1.9305921  948.9784  949.9494
2021 04 22 04 00 00    -5.0069173   -1.9293436  948.9799  949.9377
2021 04 22 04 01 00    -5.0037177   -1.9277957  948.9811  949.9270
2021 04 22 04 02 00    -5.0004975   -1.9260935  948.9825  949.9282
2021 04 22 04 03 00    -4.9972654   -1.9243502  948.9841  949.9390
2021 04 22 04 04 00    -4.9938736   -1.9226281  948.9862  949.9524
2021 04 22 04 05 00    -4.9903417   -1.9210026  948.9886  949.9677
2021 04 22 04 06 00    -4.9867365   -1.9193117  948.9909  949.9870
2021 04 22 04 07 00    -4.9831005   -1.9174048  948.9935  950.0076
2021 04 22 04 08 00    -4.9794311   -1.9154470  948.9963  950.0239
2021 04 22 04 09 00    -4.9757681   -1.9136107  948.9990  950.0346
2021 04 22 04 10 00    -4.9721257   -1.9117704  949.0017  950.0430
2021 04 22 04 11 00    -4.9683421   -1.9097462  949.0046  950.0513
2021 04 22 04 12 00    -4.9643562   -1.9076351  949.0076  950.0593
2021 04 22 04 13 00    -4.9603394   -1.9056204  949.0106  950.0686
2021 04 22 04 14 00    -4.9563759   -1.9037241  949.0138  950.0812
2021 04 22 04 15 00    -4.9523190   -1.9018287  949.0173  950.0964
2021 04 22 04 16 00    -4.9481150   -1.8997980  949.0208  950.1119
2021 04 22 04 17 00    -4.9439992   -1.8976946  949.0244  950.1267
2021 04 22 04 18 00    -4.9400930   -1.8956731  949.0283  950.1405
2021 04 22 04 19 00    -4.9361023   -1.8936142  949.0323  950.1523
2021 04 22 04 20 00    -4.9317099   -1.8913105  949.0358  950.1610
2021 04 22 04 21 00    -4.9271792   -1.8889739  949.0394  950.1666
2021 04 22 04 22 00    -4.9229913   -1.8869333  949.0430  950.1701
2021 04 22 04 23 00    -4.9189080   -1.8849727  949.0466  950.1715
2021 04 22 04 24 00    -4.9144964   -1.8827708  949.0501  950.1707
2021 04 22 04 25 00    -4.9099534   -1.8804932  949.0538  950.1701
2021 04 22 04 26 00    -4.9054607   -1.8782990  949.0577  950.1739
2021 04 22 04 27 00    -4.9008275   -1.8760098  949.0616  950.1845
2021 04 22 04 28 00    -4.8960348   -1.8735440  949.0652  950.1984
2021 04 22 04 29 00    -4.8913656   -1.8711388  949.0690  950.2090
2021 04 22 04 30 00    -4.8869111   -1.8689178  949.0732  950.2152
2021 04 22 04 31 00    -4.8823398   -1.8666047  949.0776  950.2205
2021 04 22 04 32 00    -4.8774834   -1.8640833  949.0815  950.2247
2021 04 22 04 33 00    -4.8725832   -1.8616376  949.0851  950.2249
2021 04 22 04 34 00    -4.8677466   -1.8593135  949.0887  950.2221
2021 04 22 04 35 00    -4.8628984   -1.8569048  949.0924  950.2199
2021 04 22 04 36 00    -4.8580511   -1.8544259  949.0959  950.2208
2021 04 22 04 37 00    -4.8531810   -1.8519400  949.0994  950.2247
2021 04 22 04 38 00    -4.8482837   -1.8494354  949.1029  950.2309
2021 04 22 04 39 00    -4.8434241   -1.8469684  949.1067  950.2392
2021 04 22 04 40 00    -4.8384651   -1.8445039  949.1107  950.2487
2021 04 22 04 41 00    -4.8332676   -1.8419330  949.1148  950.2587
2021 04 22 04 42 00    -4.8279775   -1.8392853  949.1187  950.2698
2021 04 22 04 43 00    -4.8227068   -1.8366584  949.1227  950.2826
2021 04 22 04 44 00    -4.8174565   -1.8341228  949.1269  950.2962
2021 04 22 04 45 00    -4.8121879   -1.8315818  949.1313  950.3112
2021 04 22 04 46 00    -4.8066748   -1.8287800  949.1356  950.3295
2021 04 22 04 47 00    -4.8009431   -1.8258182  949.1399  950.3493
2021 04 22 04 48 00    -4.7954209   -1.8231009  949.1444  950.3679
2021 04 22 04 49 00    -4.7901532   -1.8205765  949.1493  950.3851
2021 04 22 04 50 00    -4.7846976   -1.8178009  949.1543  950.4030
2021 04 22 04 51 00    -4.7788913   -1.8147202  949.1594  950.4239
2021 04 22 04 52 00    -4.7730040   -1.8116830  949.1645  950.4470
2021 04 22 04 53 00    -4.7671774   -1.8087742  949.1696  950.4704
2021 04 22 04 54 00    -4.7613954   -1.8058234  949.1751  950.4937
2021 04 22 04 55 00    -4.7557101   -1.8028853  949.1809  950.5153
2021 04 22 04 56 00    -4.7499725   -1.8000903  949.1868  950.5306
2021 04 22 04 57 00    -4.7440966   -1.7973438  949.1925  950.5396
2021 04 22 04 58 00    -4.7384123   -1.7945509  949.1984  950.5470
2021 04 22 04 59 00    -4.7329054   -1.7917020  949.2043  950.5556
2021 04 22 05 00 00    -4.7271270   -1.7888022  949.2099  950.5644
2021 04 22 05 01 00    -4.7211878   -1.7859639  949.2153  950.5711
2021 04 22 05 02 00    -4.7153876   -1.7831168  949.2208  950.5748
2021 04 22 05 03 00    -4.7094220   -1.7800059  949.2266  950.5757
2021 04 22 05 04 00    -4.7031973   -1.7768269  949.2325  950.5741
2021 04 22 05 05 00    -4.6972212   -1.7739811  949.2382  950.5717
2021 04 22 05 06 00    -4.6915409   -1.7712673  949.2437  950.5729
2021 04 22 05 07 00    -4.6855867   -1.7682184  949.2492  950.5790
2021 04 22 05 08 00    -4.6792691   -1.7649524  949.2547  950.5880
2021 04 22 05 09 00    -4.6730881   -1.7618821  949.2600  950.5972
2021 04 22 05 10 00    -4.6672115   -1.7589483  949.2654  950.6054
2021 04 22 05 11 00    -4.6612471   -1.7558411  949.2710  950.6122
2021 04 22 05 12 00    -4.6548910   -1.7525725  949.2765  950.6203
2021 04 22 05 13 00    -4.6484189   -1.7493773  949.2818  950.6318
2021 04 22 05 14 00    -4.6421906   -1.7463053  949.2874  950.6448
2021 04 22 05 15 00    -4.6360340   -1.7431839  949.2934  950.6550
2021 04 22 05 16 00    -4.6296833   -1.7399938  949.2995  950.6632
2021 04 22 05 17 00    -4.6232433   -1.7369109  949.3055  950.6760
2021 04 22 05 18 00    -4.6168803   -1.7338868  949.3114  950.6954
2021 04 22 05 19 00    -4.6105671   -1.7306968  949.3175  950.7157
2021 04 22 05 20 00    -4.6041728   -1.7273711  949.3237  950.7340
2021 04 22 05 21 00    -4.5976521   -1.7241216  949.3299  950.7531
2021 04 22 05 22 00    -4.5910718   -1.7209091  949.3363  950.7741
2021 04 22 05 23 00    -4.5844167   -1.7175234  949.3431  950.7951
2021 04 22 05 24 00    -4.5776399   -1.7140229  949.3500  950.8181
2021 04 22 05 25 00    -4.5709406   -1.7106873  949.3568  950.8475
2021 04 22 05 26 00    -4.5644953   -1.7075428  949.3637  950.8833
2021 04 22 05 27 00    -4.5579277   -1.7042273  949.3709  950.9231
2021 04 22 05 28 00    -4.5510372   -1.7006777  949.3784  950.9618
2021 04 22 05 29 00    -4.5443923   -1.6973728  949.3861  950.9862
2021 04 22 05 30 00    -4.5381251   -1.6943494  949.3938  950.9874
2021 04 22 05 31 00    -4.5316955   -1.6911233  949.4012  950.9759
2021 04 22 05 32 00    -4.5250514   -1.6877154  949.4085  950.9664
2021 04 22 05 33 00    -4.5184535   -1.6844498  949.4159  950.9636
2021 04 22 05 34 00    -4.5117651   -1.6811656  949.4233  950.9724
2021 04 22 05 35 00    -4.5048785   -1.6776215  949.4305  950.9956
2021 04 22 05 36 00    -4.4981030   -1.6740867  949.4379  951.0215
2021 04 22 05 37 00    -4.4915677   -1.6708231  949.4458  951.0404
2021 04 22 05 38 00    -4.4849003   -1.6675495  949.4539  951.0601
2021 04 22 05 39 00    -4.4778866   -1.6640370  949.4617  951.0809
2021 04 22 05 40 00    -4.4709234   -1.6605704  949.4693  951.0900
2021 04 22 05 41 00    -4.4643685   -1.6573168  949.4769  951.0883
2021 04 22 05 42 00    -4.4578778   -1.6540135  949.4846  951.0873
2021 04 22 05 43 00    -4.4510817   -1.6505513  949.4925  951.0908
2021 04 22 05 44 00    -4.4442417   -1.6471515  949.5003  951.0977
2021 04 22 05 45 00    -4.4375588   -1.6438728  949.5079  951.1041
2021 04 22 05 46 00    -4.4308560   -1.6405511  949.5154  951.1029
2021 04 22 05 47 00    -4.4241532   -1.6372017  949.5230  951.0953
2021 04 22 05 48 00    -4.4175658   -1.6339275  949.5306  951.0916
2021 04 22 05 49 00    -4.4109347   -1.6306125  949.5380  951.1004
2021 04 22 05 50 00    -4.4041165   -1.6271213  949.5453  951.1229
2021 04 22 05 51 00    -4.3971685   -1.6235248  949.5527  951.1492
2021 04 22 05 52 00    -4.3901572   -1.6199698  949.5607  951.1673
2021 04 22 05 53 00    -4.3832004   -1.6165470  949.5688  951.1789
2021 04 22 05 54 00    -4.3764274   -1.6132387  949.5768  951.1899
2021 04 22 05 55 00    -4.3697076   -1.6098992  949.5845  951.1932
2021 04 22 05 56 00    -4.3628890   -1.6064486  949.5922  951.1849
2021 04 22 05 57 00    -4.3560462   -1.6030019  949.6001  951.1813
2021 04 22 05 58 00    -4.3492047   -1.5996173  949.6079  951.1987
2021 04 22 05 59 00    -4.3423498   -1.5962161  949.6155  951.2287
2021 04 22 06 00 00    -4.3355227   -1.5927884  949.6231  951.2501
2021 04 22 06 01 00    -4.3286810   -1.5893849  949.6311  951.2613
2021 04 22 06 02 00    -4.3218190   -1.5859775  949.6393  951.2767
2021 04 22 06 03 00    -4.3149588   -1.5824499  949.6475  951.2961
2021 04 22 06 04 00    -4.3080352   -1.5788451  949.6554  951.3064
2021 04 22 06 05 00    -4.3011325   -1.5754111  949.6632  951.3080
2021 04 22 06 06 00    -4.2944169   -1.5721725  949.6713  951.3114
2021 04 22 06 07 00    -4.2877754   -1.5688926  949.6796  951.3147
2021 04 22 06 08 00    -4.2810476   -1.5654641  949.6878  951.3095
2021 04 22 06 09 00    -4.2743481   -1.5619914  949.6959  951.2982
2021 04 22 06 10 00    -4.2677648   -1.5586355  949.7036  951.2881
2021 04 22 06 11 00    -4.2611444   -1.5554240  949.7110  951.2790
2021 04 22 06 12 00    -4.2543147   -1.5521526  949.7184  951.2708
2021 04 22 06 13 00    -4.2473448   -1.5486868  949.7259  951.2751
2021 04 22 06 14 00    -4.2404830   -1.5451664  949.7333  951.2968
2021 04 22 06 15 00    -4.2337434   -1.5416747  949.7410  951.3155
2021 04 22 06 16 00    -4.2270240   -1.5382661  949.7487  951.3142
2021 04 22 06 17 00    -4.2204764   -1.5350849  949.7560  951.3046
2021 04 22 06 18 00    -4.2140118   -1.5319278  949.7630  951.3035
2021 04 22 06 19 00    -4.2072045   -1.5285217  949.7703  951.3091
2021 04 22 06 20 00    -4.2001800   -1.5250678  949.7778  951.3104
2021 04 22 06 21 00    -4.1935025   -1.5217453  949.7851  951.3060
2021 04 22 06 22 00    -4.1871665   -1.5184629  949.7922  951.3039
2021 04 22 06 23 00    -4.1806247   -1.5151562  949.7992  951.3072
2021 04 22 06 24 00    -4.1737128   -1.5117888  949.8058  951.3097
2021 04 22 06 25 00    -4.1668894   -1.5084448  949.8126  951.3075
2021 04 22 06 26 00    -4.1603863   -1.5051794  949.8195  951.3061
2021 04 22 06 27 00    -4.1538412   -1.5018307  949.8264  951.3121
2021 04 22 06 28 00    -4.1470873   -1.4984235  949.8335  951.3260
2021 04 22 06 29 00    -4.1403796   -1.4950583  949.8409  951.3439
2021 04 22 06 30 00    -4.1337397   -1.4916452  949.8483  951.3612
2021 04 22 06 31 00    -4.1269958   -1.4882472  949.8552  951.3790
2021 04 22 06 32 00    -4.1202440   -1.4849770  949.8622  951.3983
2021 04 22 06 33 00    -4.1135860   -1.4817571  949.8695  951.4122
2021 04 22 06 34 00    -4.1069441   -1.4785053  949.8769  951.4183
2021 04 22 06 35 00    -4.1003571   -1.4751816  949.8842  951.4257
2021 04 22 06 36 00    -4.0938758   -1.4718192  949.8914  951.4375
2021 04 22 06 37 00    -4.0874310   -1.4685670  949.8985  951.4462
2021 04 22 06 38 00    -4.0809587   -1.4654123  949.9058  951.4509
2021 04 22 06 39 00    -4.0744045   -1.4621483  949.9134  951.4579
2021 04 22 06 40 00    -4.0678489   -1.4588289  949.9209  951.4676
2021 04 22 06 41 00    -4.0613822   -1.4556484  949.9281  951.4796
2021 04 22 06 42 00    -4.0549283   -1.4524905  949.9352  951.4961
2021 04 22 06 43 00    -4.0485586   -1.4492677  949.9425  951.5117
2021 04 22 06 44 00    -4.0423328   -1.4460994  949.9500  951.5166
2021 04 22 06 45 00    -4.0360185   -1.4429066  949.9576  951.5119
2021 04 22 06 46 00    -4.0296060   -1.4396117  949.9650  951.5062
2021 04 22 06 47 00    -4.0233509   -1.4364252  949.9722  951.5053
2021 04 22 06 48 00    -4.0171542   -1.4334082  949.9795  951.5109
2021 04 22 06 49 00    -4.0107960   -1.4303285  949.9870  951.5181
2021 04 22 06 50 00    -4.0044409   -1.4271261  949.9946  951.5189
2021 04 22 06 51 00    -3.9982188   -1.4239807  950.0019  951.5146
2021 04 22 06 52 00    -3.9919581   -1.4209112  950.0090  951.5172
2021 04 22 06 53 00    -3.9855842   -1.4177604  950.0161  951.5318
2021 04 22 06 54 00    -3.9792477   -1.4145954  950.0232  951.5528
2021 04 22 06 55 00    -3.9730941   -1.4115921  950.0303  951.5681
2021 04 22 06 56 00    -3.9670378   -1.4085731  950.0375  951.5722
2021 04 22 06 57 00    -3.9608750   -1.4053274  950.0448  951.5769
2021 04 22 06 58 00    -3.9546202   -1.4020626  950.0522  951.5909
2021 04 22 06 59 00    -3.9484566   -1.3989569  950.0597  951.6023
2021 04 22 07 00 00    -3.9424511   -1.3958823  950.0670  951.6036
2021 04 22 07 01 00    -3.9364564   -1.3927756  950.0742  951.6085
2021 04 22 07 02 00    -3.9302736   -1.3896651  950.0816  951.6239
2021 04 22 07 03 00    -3.9240854   -1.3865988  950.0893  951.6364
2021 04 22 07 04 00    -3.9182542   -1.3836769  950.0968  951.6403
2021 04 22 07 05 00    -3.9124972   -1.3807669  950.1040  951.6463
2021 04 22 07 06 00    -3.9064516   -1.3777335  950.1113  951.6579
2021 04 22 07 07 00    -3.9004539   -1.3747723  950.1187  951.6679
2021 04 22 07 08 00    -3.8946640   -1.3719312  950.1262  951.6767
2021 04 22 07 09 00    -3.8888532   -1.3690512  950.1338  951.6910
2021 04 22 07 10 00    -3.8830735   -1.3661494  950.1416  951.7084
2021 04 22 07 11 00    -3.8773720   -1.3632608  950.1494  951.7223
2021 04 22 07 12 00    -3.8716353   -1.3603640  950.1570  951.7308
2021 04 22 07 13 00    -3.8660128   -1.3576009  950.1644  951.7327
2021 04 22 07 14 00    -3.8606106   -1.3550206  950.1720  951.7296
2021 04 22 07 15 00    -3.8551081   -1.3523025  950.1796  951.7316
2021 04 22 07 16 00    -3.8494169   -1.3493079  950.1871  951.7420
2021 04 22 07 17 00    -3.8438572   -1.3463713  950.1945  951.7509
2021 04 22 07 18 00    -3.8383815   -1.3436595  950.2020  951.7584
2021 04 22 07 19 00    -3.8327746   -1.3410103  950.2095  951.7784
2021 04 22 07 20 00    -3.8271694   -1.3383376  950.2169  951.8087
2021 04 22 07 21 00    -3.8216756   -1.3356576  950.2246  951.8252
2021 04 22 07 22 00    -3.8162859   -1.3329932  950.2325  951.8276
2021 04 22 07 23 00    -3.8109349   -1.3303093  950.2405  951.8485
2021 04 22 07 24 00    -3.8054815   -1.3275504  950.2485  951.8823
2021 04 22 07 25 00    -3.8000205   -1.3247538  950.2566  951.8865
2021 04 22 07 26 00    -3.7947265   -1.3219501  950.2646  951.8688
2021 04 22 07 27 00    -3.7896143   -1.3192669  950.2725  951.8693
2021 04 22 07 28 00    -3.7845707   -1.3168665  950.2803  951.8863
2021 04 22 07 29 00    -3.7794044   -1.3145057  950.2879  951.8933
2021 04 22 07 30 00    -3.7741675   -1.3118521  950.2953  951.8896
2021 04 22 07 31 00    -3.7690384   -1.3090575  950.3029  951.8940
2021 04 22 07 32 00    -3.7639946   -1.3064717  950.3109  951.9058
2021 04 22 07 33 00    -3.7589398   -1.3041118  950.3189  951.9081
2021 04 22 07 34 00    -3.7538378   -1.3016728  950.3266  951.9071
2021 04 22 07 35 00    -3.7488247   -1.2990330  950.3342  951.9203
2021 04 22 07 36 00    -3.7440416   -1.2964270  950.3422  951.9344
2021 04 22 07 37 00    -3.7393134   -1.2939838  950.3502  951.9308
2021 04 22 07 38 00    -3.7344603   -1.2916326  950.3579  951.9277
2021 04 22 07 39 00    -3.7295998   -1.2893344  950.3654  951.9480
2021 04 22 07 40 00    -3.7248049   -1.2869966  950.3732  951.9789
2021 04 22 07 41 00    -3.7200373   -1.2845458  950.3810  951.9902
2021 04 22 07 42 00    -3.7153586   -1.2820892  950.3884  951.9749
2021 04 22 07 43 00    -3.7107592   -1.2797474  950.3956  951.9613
2021 04 22 07 44 00    -3.7061418   -1.2774970  950.4031  951.9707
2021 04 22 07 45 00    -3.7015408   -1.2752693  950.4109  951.9916
2021 04 22 07 46 00    -3.6970989   -1.2731191  950.4187  952.0103
2021 04 22 07 47 00    -3.6928601   -1.2710705  950.4265  952.0131
2021 04 22 07 48 00    -3.6886310   -1.2689767  950.4343  951.9879
2021 04 22 07 49 00    -3.6842765   -1.2668037  950.4420  951.9604
2021 04 22 07 50 00    -3.6799363   -1.2646168  950.4495  951.9630
2021 04 22 07 51 00    -3.6756461   -1.2623933  950.4569  951.9851
2021 04 22 07 52 00    -3.6713136   -1.2601768  950.4644  951.9995
2021 04 22 07 53 00    -3.6670776   -1.2580710  950.4718  951.9992
2021 04 22 07 54 00    -3.6630804   -1.2560822  950.4791  951.9953
2021 04 22 07 55 00    -3.6591801   -1.2541277  950.4861  951.9931
2021 04 22 07 56 00    -3.6552397   -1.2521625  950.4930  951.9911
2021 04 22 07 57 00    -3.6512892   -1.2502002  950.5002  951.9912
2021 04 22 07 58 00    -3.6473428   -1.2481901  950.5075  951.9875
2021 04 22 07 59 00    -3.6434639   -1.2461410  950.5144  951.9754
2021 04 22 08 00 00    -3.6397731   -1.2442512  950.5211  951.9660
2021 04 22 08 01 00    -3.6360614   -1.2424936  950.5279  951.9696
2021 04 22 08 02 00    -3.6320730   -1.2405499  950.5348  951.9875
2021 04 22 08 03 00    -3.6281477   -1.2385102  950.5419  952.0092
2021 04 22 08 04 00    -3.6246319   -1.2367185  950.5490  952.0108
2021 04 22 08 05 00    -3.6211941   -1.2350653  950.5557  951.9896
2021 04 22 08 06 00    -3.6174681   -1.2333168  950.5621  951.9786
2021 04 22 08 07 00    -3.6136124   -1.2314695  950.5686  951.9936
2021 04 22 08 08 00    -3.6099224   -1.2295527  950.5753  952.0105
2021 04 22 08 09 00    -3.6065373   -1.2277161  950.5820  952.0119
2021 04 22 08 10 00    -3.6033632   -1.2261299  950.5890  952.0081
2021 04 22 08 11 00    -3.6000491   -1.2246552  950.5961  952.0137
2021 04 22 08 12 00    -3.5965106   -1.2230369  950.6028  952.0379
2021 04 22 08 13 00    -3.5930903   -1.2212474  950.6090  952.0706
2021 04 22 08 14 00    -3.5899200   -1.2194769  950.6154  952.0789
2021 04 22 08 15 00    -3.5867688   -1.2178529  950.6221  952.0579
2021 04 22 08 16 00    -3.5834525   -1.2162282  950.6290  952.0402
2021 04 22 08 17 00    -3.5801288   -1.2145228  950.6358  952.0410
2021 04 22 08 18 00    -3.5770885   -1.2129563  950.6422  952.0486
2021 04 22 08 19 00    -3.5742002   -1.2115072  950.6485  952.0612
2021 04 22 08 20 00    -3.5712229   -1.2099742  950.6550  952.0831
2021 04 22 08 21 00    -3.5682847   -1.2085078  950.6617  952.0931
2021 04 22 08 22 00    -3.5654268   -1.2071920  950.6684  952.0750
2021 04 22 08 23 00    -3.5625612   -1.2058482  950.6751  952.0599
2021 04 22 08 24 00    -3.5597163   -1.2044261  950.6816  952.0691
2021 04 22 08 25 00    -3.5569047   -1.2029736  950.6881  952.0798
2021 04 22 08 26 00    -3.5542177   -1.2015746  950.6949  952.0825
2021 04 22 08 27 00    -3.5516895   -1.2003198  950.7015  952.0873
2021 04 22 08 28 00    -3.5491418   -1.1991082  950.7078  952.0920
2021 04 22 08 29 00    -3.5464920   -1.1977458  950.7141  952.0953
2021 04 22 08 30 00    -3.5438922   -1.1963192  950.7205  952.1022
2021 04 22 08 31 00    -3.5415016   -1.1950988  950.7270  952.1072
2021 04 22 08 32 00    -3.5391916   -1.1940288  950.7333  952.1027
2021 04 22 08 33 00    -3.5368028   -1.1928590  950.7396  952.0969
2021 04 22 08 34 00    -3.5344902   -1.1916608  950.7460  952.1009
2021 04 22 08 35 00    -3.5323005   -1.1905836  950.7525  952.1118
2021 04 22 08 36 00    -3.5300603   -1.1894815  950.7591  952.1219
2021 04 22 08 37 00    -3.5277946   -1.1883208  950.7658  952.1309
2021 04 22 08 38 00    -3.5255889   -1.1872732  950.7724  952.1428
2021 04 22 08 39 00    -3.5234032   -1.1862247  950.7787  952.1576
2021 04 22 08 40 00    -3.5213355   -1.1851078  950.7850  952.1687
2021 04 22 08 41 00    -3.5194429   -1.1841495  950.7914  952.1730
2021 04 22 08 42 00    -3.5174628   -1.1832095  950.7979  952.1809
2021 04 22 08 43 00    -3.5153783   -1.1820909  950.8042  952.2041
2021 04 22 08 44 00    -3.5135191   -1.1811319  950.8105  952.2386
2021 04 22 08 45 00    -3.5118286   -1.1804320  950.8172  952.2695
2021 04 22 08 46 00    -3.5099519   -1.1795564  950.8240  952.2842
2021 04 22 08 47 00    -3.5079310   -1.1784199  950.8309  952.2811
2021 04 22 08 48 00    -3.5062009   -1.1774563  950.8379  952.2733
2021 04 22 08 49 00    -3.5048166   -1.1767738  950.8452  952.2781
2021 04 22 08 50 00    -3.5033285   -1.1760207  950.8525  952.2930
2021 04 22 08 51 00    -3.5016866   -1.1751741  950.8596  952.2972
2021 04 22 08 52 00    -3.5002442   -1.1744746  950.8663  952.2842
2021 04 22 08 53 00    -3.4990178   -1.1739031  950.8726  952.2689
2021 04 22 08 54 00    -3.4977880   -1.1733597  950.8791  952.2641
2021 04 22 08 55 00    -3.4964427   -1.1727669  950.8859  952.2721
2021 04 22 08 56 00    -3.4950243   -1.1720560  950.8928  952.2888
2021 04 22 08 57 00    -3.4936896   -1.1712852  950.8992  952.3000
2021 04 22 08 58 00    -3.4925549   -1.1706142  950.9054  952.2932
2021 04 22 08 59 00    -3.4915463   -1.1701284  950.9116  952.2766
2021 04 22 09 00 00    -3.4904989   -1.1696599  950.9181  952.2667
2021 04 22 09 01 00    -3.4894680   -1.1690813  950.9246  952.2664
2021 04 22 09 02 00    -3.4886399   -1.1685579  950.9309  952.2713
2021 04 22 09 03 00    -3.4879661   -1.1682018  950.9371  952.2790
2021 04 22 09 04 00    -3.4872068   -1.1678956  950.9433  952.2892
2021 04 22 09 05 00    -3.4862745   -1.1675183  950.9498  952.3006
2021 04 22 09 06 00    -3.4853592   -1.1670672  950.9563  952.3073
2021 04 22 09 07 00    -3.4846652   -1.1666373  950.9624  952.3055
2021 04 22 09 08 00    -3.4841091   -1.1663385  950.9682  952.3008
2021 04 22 09 09 00    -3.4834164   -1.1661034  950.9738  952.2988
2021 04 22 09 10 00    -3.4827278   -1.1658423  950.9797  952.2980
2021 04 22 09 11 00    -3.4824264   -1.1656696  950.9857  952.2954
2021 04 22 09 12 00    -3.4821681   -1.1655427  950.9917  952.2919
2021 04 22 09 13 00    -3.4815426   -1.1652501  950.9975  952.2929
2021 04 22 09 14 00    -3.4809358   -1.1648388  951.0035  952.3033
2021 04 22 09 15 00    -3.4805420   -1.1645020  951.0097  952.3215
2021 04 22 09 16 00    -3.4801813   -1.1643714  951.0159  952.3419
2021 04 22 09 17 00    -3.4800183   -1.1644703  951.0220  952.3563
2021 04 22 09 18 00    -3.4800232   -1.1645621  951.0278  952.3595
2021 04 22 09 19 00    -3.4797601   -1.1643878  951.0338  952.3589
2021 04 22 09 20 00    -3.4793266   -1.1640807  951.0401  952.3622
2021 04 22 09 21 00    -3.4792283   -1.1639581  951.0464  952.3668
2021 04 22 09 22 00    -3.4793840   -1.1640457  951.0524  952.3741
2021 04 22 09 23 00    -3.4793853   -1.1641110  951.0583  952.3855
2021 04 22 09 24 00    -3.4792979   -1.1640869  951.0641  952.3880
2021 04 22 09 25 00    -3.4793518   -1.1640918  951.0701  952.3767
2021 04 22 09 26 00    -3.4795230   -1.1641793  951.0760  952.3677
2021 04 22 09 27 00    -3.4798205   -1.1643611  951.0818  952.3662
2021 04 22 09 28 00    -3.4801716   -1.1645444  951.0875  952.3622
2021 04 22 09 29 00    -3.4804088   -1.1646331  951.0932  952.3573
2021 04 22 09 30 00    -3.4807206   -1.1647506  951.0988  952.3539
2021 04 22 09 31 00    -3.4812020   -1.1649256  951.1044  952.3425
2021 04 22 09 32 00    -3.4815629   -1.1650360  951.1100  952.3288
2021 04 22 09 33 00    -3.4818762   -1.1652080  951.1155  952.3347
2021 04 22 09 34 00    -3.4825130   -1.1656262  951.1211  952.3559
2021 04 22 09 35 00    -3.4833032   -1.1660449  951.1267  952.3662
2021 04 22 09 36 00    -3.4838108   -1.1662269  951.1322  952.3592
2021 04 22 09 37 00    -3.4841820   -1.1664744  951.1377  952.3486
2021 04 22 09 38 00    -3.4847739   -1.1668831  951.1431  952.3450
2021 04 22 09 39 00    -3.4855246   -1.1671803  951.1483  952.3477
2021 04 22 09 40 00    -3.4863598   -1.1675562  951.1533  952.3493
2021 04 22 09 41 00    -3.4873340   -1.1681656  951.1585  952.3476
2021 04 22 09 42 00    -3.4883254   -1.1686774  951.1636  952.3441
2021 04 22 09 43 00    -3.4892794   -1.1690587  951.1684  952.3375
2021 04 22 09 44 00    -3.4902760   -1.1694806  951.1731  952.3229
2021 04 22 09 45 00    -3.4913045   -1.1699042  951.1778  952.3010
2021 04 22 09 46 00    -3.4923933   -1.1704343  951.1823  952.2941
2021 04 22 09 47 00    -3.4935460   -1.1711299  951.1869  952.3148
2021 04 22 09 48 00    -3.4946610   -1.1717459  951.1919  952.3381
2021 04 22 09 49 00    -3.4957923   -1.1722554  951.1969  952.3432
2021 04 22 09 50 00    -3.4969858   -1.1728603  951.2015  952.3435
2021 04 22 09 51 00    -3.4981345   -1.1734903  951.2059  952.3541
2021 04 22 09 52 00    -3.4993534   -1.1740637  951.2106  952.3632
2021 04 22 09 53 00    -3.5007787   -1.1747669  951.2155  952.3532
2021 04 22 09 54 00    -3.5021981   -1.1756044  951.2202  952.3369
2021 04 22 09 55 00    -3.5035429   -1.1763444  951.2249  952.3380
2021 04 22 09 56 00    -3.5049935   -1.1769570  951.2296  952.3522
2021 04 22 09 57 00    -3.5065026   -1.1776352  951.2343  952.3630
2021 04 22 09 58 00    -3.5079418   -1.1784649  951.2389  952.3682
2021 04 22 09 59 00    -3.5093673   -1.1792908  951.2435  952.3744
2021 04 22 10 00 00    -3.5108852   -1.1800241  951.2482  952.3805
2021 04 22 10 01 00    -3.5125169   -1.1807831  951.2531  952.3805
2021 04 22 10 02 00    -3.5141676   -1.1815568  951.2578  952.3737
2021 04 22 10 03 00    -3.5158146   -1.1822732  951.2623  952.3652
2021 04 22 10 04 00    -3.5175803   -1.1830879  951.2667  952.3616
2021 04 22 10 05 00    -3.5194172   -1.1840507  951.2711  952.3650
2021 04 22 10 06 00    -3.5212342   -1.1849935  951.2758  952.3741
2021 04 22 10 07 00    -3.5231247   -1.1859592  951.2805  952.3873
2021 04 22 10 08 00    -3.5250431   -1.1870186  951.2851  952.3983
2021 04 22 10 09 00    -3.5268641   -1.1879660  951.2895  952.4026
2021 04 22 10 10 00    -3.5286485   -1.1887601  951.2939  952.4045
2021 04 22 10 11 00    -3.5305405   -1.1897087  951.2984  952.4051
2021 04 22 10 12 00    -3.5326378   -1.1909123  951.3030  952.4030
2021 04 22 10 13 00    -3.5348379   -1.1920608  951.3072  952.4009
2021 04 22 10 14 00    -3.5369731   -1.1930227  951.3113  952.3966
2021 04 22 10 15 00    -3.5390729   -1.1940658  951.3156  952.3854
2021 04 22 10 16 00    -3.5411581   -1.1952492  951.3197  952.3725
2021 04 22 10 17 00    -3.5431813   -1.1963010  951.3233  952.3664
2021 04 22 10 18 00    -3.5453339   -1.1972444  951.3269  952.3643
2021 04 22 10 19 00    -3.5477064   -1.1983104  951.3308  952.3569
2021 04 22 10 20 00    -3.5499907   -1.1994268  951.3349  952.3441
2021 04 22 10 21 00    -3.5521882   -1.2005542  951.3388  952.3337
2021 04 22 10 22 00    -3.5545890   -1.2018339  951.3422  952.3314
2021 04 22 10 23 00    -3.5570153   -1.2031057  951.3455  952.3392
2021 04 22 10 24 00    -3.5592983   -1.2041896  951.3490  952.3530
2021 04 22 10 25 00    -3.5616972   -1.2053007  951.3529  952.3655
2021 04 22 10 26 00    -3.5641798   -1.2065255  951.3567  952.3767
2021 04 22 10 27 00    -3.5665380   -1.2077124  951.3604  952.3907
2021 04 22 10 28 00    -3.5689753   -1.2089481  951.3639  952.4050
2021 04 22 10 29 00    -3.5716135   -1.2103223  951.3677  952.4151
2021 04 22 10 30 00    -3.5742213   -1.2116805  951.3718  952.4206
2021 04 22 10 31 00    -3.5766875   -1.2129410  951.3757  952.4235
2021 04 22 10 32 00    -3.5791427   -1.2141447  951.3796  952.4252
2021 04 22 10 33 00    -3.5816968   -1.2153230  951.3835  952.4284
2021 04 22 10 34 00    -3.5843234   -1.2165853  951.3873  952.4375
2021 04 22 10 35 00    -3.5869660   -1.2180342  951.3912  952.4541
2021 04 22 10 36 00    -3.5895728   -1.2195272  951.3953  952.4703
2021 04 22 10 37 00    -3.5921794   -1.2208660  951.3995  952.4744
2021 04 22 10 38 00    -3.5949361   -1.2221258  951.4038  952.4652
2021 04 22 10 39 00    -3.5978168   -1.2234852  951.4081  952.4524
2021 04 22 10 40 00    -3.6006477   -1.2249179  951.4123  952.4443
2021 04 22 10 41 00    -3.6034565   -1.2263680  951.4159  952.4439
2021 04 22 10 42 00    -3.6064175   -1.2279916  951.4194  952.4494
2021 04 22 10 43 00    -3.6094432   -1.2296700  951.4235  952.4556
2021 04 22 10 44 00    -3.6122984   -1.2310084  951.4278  952.4569
2021 04 22 10 45 00    -3.6151023   -1.2322137  951.4319  952.4522
2021 04 22 10 46 00    -3.6180631   -1.2336936  951.4355  952.4491
2021 04 22 10 47 00    -3.6211872   -1.2352903  951.4390  952.4548
2021 04 22 10 48 00    -3.6243924   -1.2367858  951.4424  952.4639
2021 04 22 10 49 00    -3.6274605   -1.2382776  951.4458  952.4692
2021 04 22 10 50 00    -3.6303833   -1.2398925  951.4492  952.4717
2021 04 22 10 51 00    -3.6333527   -1.2414996  951.4526  952.4675
2021 04 22 10 52 00    -3.6363791   -1.2429458  951.4560  952.4496
2021 04 22 10 53 00    -3.6395687   -1.2443812  951.4593  952.4271
2021 04 22 10 54 00    -3.6429559   -1.2459434  951.4624  952.4134
2021 04 22 10 55 00    -3.6461816   -1.2475806  951.4651  952.4088
2021 04 22 10 56 00    -3.6491963   -1.2492662  951.4673  952.4058
2021 04 22 10 57 00    -3.6523282   -1.2509449  951.4694  952.4008
2021 04 22 10 58 00    -3.6555374   -1.2525155  951.4721  952.3991
2021 04 22 10 59 00    -3.6586769   -1.2540040  951.4751  952.4055
2021 04 22 11 00 00    -3.6618337   -1.2554757  951.4782  952.4118
2021 04 22 11 01 00    -3.6649991   -1.2569866  951.4813  952.4101
2021 04 22 11 02 00    -3.6681402   -1.2586249  951.4841  952.4027
2021 04 22 11 03 00    -3.6714038   -1.2603685  951.4865  952.3929
2021 04 22 11 04 00    -3.6748112   -1.2621055  951.4889  952.3814
2021 04 22 11 05 00    -3.6781444   -1.2637872  951.4913  952.3707
2021 04 22 11 06 00    -3.6813725   -1.2654341  951.4934  952.3668
2021 04 22 11 07 00    -3.6846835   -1.2671055  951.4952  952.3709
2021 04 22 11 08 00    -3.6880978   -1.2688508  951.4973  952.3766
2021 04 22 11 09 00    -3.6914118   -1.2705404  951.4998  952.3798
2021 04 22 11 10 00    -3.6945407   -1.2720324  951.5024  952.3827
2021 04 22 11 11 00    -3.6977223   -1.2735482  951.5047  952.3905
2021 04 22 11 12 00    -3.7010929   -1.2752902  951.5073  952.4042
2021 04 22 11 13 00    -3.7045171   -1.2770640  951.5101  952.4147
2021 04 22 11 14 00    -3.7078914   -1.2786895  951.5127  952.4110
2021 04 22 11 15 00    -3.7111067   -1.2802177  951.5151  952.3977
2021 04 22 11 16 00    -3.7142102   -1.2818207  951.5175  952.3921
2021 04 22 11 17 00    -3.7173974   -1.2835762  951.5197  952.4038
2021 04 22 11 18 00    -3.7206053   -1.2852755  951.5219  952.4284
2021 04 22 11 19 00    -3.7238356   -1.2868119  951.5247  952.4549
2021 04 22 11 20 00    -3.7272645   -1.2883786  951.5277  952.4690
2021 04 22 11 21 00    -3.7307938   -1.2900958  951.5307  952.4665
2021 04 22 11 22 00    -3.7342860   -1.2919305  951.5336  952.4598
2021 04 22 11 23 00    -3.7377321   -1.2937312  951.5364  952.4568
2021 04 22 11 24 00    -3.7410154   -1.2953106  951.5388  952.4523
2021 04 22 11 25 00    -3.7443198   -1.2968833  951.5412  952.4456
2021 04 22 11 26 00    -3.7480595   -1.2988414  951.5441  952.4412
2021 04 22 11 27 00    -3.7519051   -1.3009434  951.5469  952.4395
2021 04 22 11 28 00    -3.7552868   -1.3027001  951.5494  952.4412
2021 04 22 11 29 00    -3.7584399   -1.3041763  951.5518  952.4454
2021 04 22 11 30 00    -3.7617262   -1.3056722  951.5543  952.4447
2021 04 22 11 31 00    -3.7650467   -1.3073490  951.5564  952.4356
2021 04 22 11 32 00    -3.7683411   -1.3092259  951.5585  952.4242
2021 04 22 11 33 00    -3.7717257   -1.3110961  951.5607  952.4171
2021 04 22 11 34 00    -3.7752113   -1.3127376  951.5630  952.4170
2021 04 22 11 35 00    -3.7786844   -1.3142328  951.5651  952.4212
2021 04 22 11 36 00    -3.7820538   -1.3158032  951.5671  952.4230
2021 04 22 11 37 00    -3.7853906   -1.3175212  951.5692  952.4206
2021 04 22 11 38 00    -3.7888918   -1.3193721  951.5713  952.4199
2021 04 22 11 39 00    -3.7925032   -1.3212348  951.5734  952.4213
2021 04 22 11 40 00    -3.7959674   -1.3229139  951.5752  952.4190
2021 04 22 11 41 00    -3.7993246   -1.3244684  951.5767  952.4114
2021 04 22 11 42 00    -3.8026984   -1.3261031  951.5783  952.4000
2021 04 22 11 43 00    -3.8060498   -1.3278239  951.5801  952.3856
2021 04 22 11 44 00    -3.8095399   -1.3295560  951.5817  952.3701
2021 04 22 11 45 00    -3.8132087   -1.3313228  951.5826  952.3538
2021 04 22 11 46 00    -3.8167108   -1.3331550  951.5834  952.3358
2021 04 22 11 47 00    -3.8200281   -1.3349600  951.5841  952.3197
2021 04 22 11 48 00    -3.8234222   -1.3366246  951.5843  952.3092
2021 04 22 11 49 00    -3.8268701   -1.3382650  951.5843  952.3002
2021 04 22 11 50 00    -3.8302579   -1.3400280  951.5842  952.2852
2021 04 22 11 51 00    -3.8335825   -1.3418019  951.5840  952.2627
2021 04 22 11 52 00    -3.8369277   -1.3435098  951.5835  952.2383
2021 04 22 11 53 00    -3.8402828   -1.3451566  951.5826  952.2196
2021 04 22 11 54 00    -3.8434971   -1.3466864  951.5815  952.2113
2021 04 22 11 55 00    -3.8466746   -1.3482367  951.5800  952.2127
2021 04 22 11 56 00    -3.8498881   -1.3498898  951.5780  952.2179
2021 04 22 11 57 00    -3.8529706   -1.3514767  951.5761  952.2203
2021 04 22 11 58 00    -3.8561768   -1.3530572  951.5745  952.2158
2021 04 22 11 59 00    -3.8596849   -1.3547457  951.5732  952.2062
2021 04 22 12 00 00    -3.8629973   -1.3563776  951.5721  952.1987
2021 04 22 12 01 00    -3.8659673   -1.3578996  951.5709  952.1993
2021 04 22 12 02 00    -3.8690364   -1.3594606  951.5694  952.2090
2021 04 22 12 03 00    -3.8723166   -1.3611092  951.5679  952.2233
2021 04 22 12 04 00    -3.8755276   -1.3627351  951.5670  952.2367
2021 04 22 12 05 00    -3.8785240   -1.3641911  951.5665  952.2475
2021 04 22 12 06 00    -3.8814718   -1.3655584  951.5661  952.2533
2021 04 22 12 07 00    -3.8845389   -1.3670955  951.5658  952.2518
2021 04 22 12 08 00    -3.8875738   -1.3687186  951.5655  952.2501
2021 04 22 12 09 00    -3.8903922   -1.3701721  951.5651  952.2537
2021 04 22 12 10 00    -3.8931491   -1.3715395  951.5647  952.2531
2021 04 22 12 11 00    -3.8960483   -1.3729595  951.5644  952.2428
2021 04 22 12 12 00    -3.8990136   -1.3743931  951.5642  952.2379
2021 04 22 12 13 00    -3.9019320   -1.3758617  951.5641  952.2521
2021 04 22 12 14 00    -3.9047727   -1.3774068  951.5640  952.2750
2021 04 22 12 15 00    -3.9074855   -1.3788910  951.5639  952.2894
2021 04 22 12 16 00    -3.9101166   -1.3801563  951.5639  952.2933
2021 04 22 12 17 00    -3.9127419   -1.3812828  951.5640  952.2945
2021 04 22 12 18 00    -3.9154114   -1.3825473  951.5644  952.3037
2021 04 22 12 19 00    -3.9181981   -1.3840476  951.5649  952.3226
2021 04 22 12 20 00    -3.9209938   -1.3854948  951.5655  952.3346
2021 04 22 12 21 00    -3.9236803   -1.3867544  951.5661  952.3261
2021 04 22 12 22 00    -3.9264371   -1.3881268  951.5663  952.3076
2021 04 22 12 23 00    -3.9293822   -1.3896869  951.5665  952.3003
2021 04 22 12 24 00    -3.9322876   -1.3911620  951.5668  952.3049
2021 04 22 12 25 00    -3.9350305   -1.3925262  951.5666  952.2997
2021 04 22 12 26 00    -3.9378269   -1.3939560  951.5658  952.2781
2021 04 22 12 27 00    -3.9407254   -1.3954047  951.5648  952.2567
2021 04 22 12 28 00    -3.9434953   -1.3967323  951.5641  952.2457
2021 04 22 12 29 00    -3.9460395   -1.3980001  951.5636  952.2429
2021 04 22 12 30 00    -3.9484692   -1.3992827  951.5631  952.2464
2021 04 22 12 31 00    -3.9509521   -1.4004867  951.5627  952.2549
2021 04 22 12 32 00    -3.9535041   -1.4016182  951.5625  952.2634
2021 04 22 12 33 00    -3.9559325   -1.4028364  951.5623  952.2657
2021 04 22 12 34 00    -3.9582321   -1.4041298  951.5619  952.2622
2021 04 22 12 35 00    -3.9606866   -1.4053606  951.5616  952.2580
2021 04 22 12 36 00    -3.9632152   -1.4064935  951.5611  952.2556
2021 04 22 12 37 00    -3.9654302   -1.4075834  951.5604  952.2540
2021 04 22 12 38 00    -3.9675341   -1.4087885  951.5595  952.2500
2021 04 22 12 39 00    -3.9698876   -1.4101199  951.5585  952.2393
2021 04 22 12 40 00    -3.9722243   -1.4112763  951.5575  952.2227
2021 04 22 12 41 00    -3.9743718   -1.4122130  951.5563  952.2082
2021 04 22 12 42 00    -3.9765812   -1.4132401  951.5554  952.1972
2021 04 22 12 43 00    -3.9788150   -1.4143649  951.5541  952.1837
2021 04 22 12 44 00    -3.9808672   -1.4153635  951.5521  952.1685
2021 04 22 12 45 00    -3.9829100   -1.4163320  951.5498  952.1529
2021 04 22 12 46 00    -3.9850218   -1.4174183  951.5481  952.1325
2021 04 22 12 47 00    -3.9869208   -1.4184305  951.5463  952.1117
2021 04 22 12 48 00    -3.9887342   -1.4193108  951.5438  952.1027
2021 04 22 12 49 00    -3.9908529   -1.4203110  951.5410  952.1070
2021 04 22 12 50 00    -3.9930834   -1.4214215  951.5389  952.1174
2021 04 22 12 51 00    -3.9950334   -1.4224045  951.5371  952.1317
2021 04 22 12 52 00    -3.9967457   -1.4232933  951.5352  952.1494
2021 04 22 12 53 00    -3.9983897   -1.4242634  951.5332  952.1628
2021 04 22 12 54 00    -3.9999678   -1.4252390  951.5314  952.1647
2021 04 22 12 55 00    -4.0015285   -1.4260571  951.5299  952.1547
2021 04 22 12 56 00    -4.0031301   -1.4267914  951.5283  952.1421
2021 04 22 12 57 00    -4.0046272   -1.4275275  951.5264  952.1324
2021 04 22 12 58 00    -4.0059939   -1.4281742  951.5243  952.1198
2021 04 22 12 59 00    -4.0074484   -1.4287272  951.5223  952.1127
2021 04 22 13 00 00    -4.0089620   -1.4293001  951.5206  952.1257
2021 04 22 13 01 00    -4.0103236   -1.4299344  951.5192  952.1453
2021 04 22 13 02 00    -4.0115615   -1.4306041  951.5178  952.1601
2021 04 22 13 03 00    -4.0127911   -1.4313133  951.5165  952.1771
2021 04 22 13 04 00    -4.0140427   -1.4320571  951.5152  952.1833
2021 04 22 13 05 00    -4.0152496   -1.4326843  951.5140  952.1680
2021 04 22 13 06 00    -4.0163021   -1.4331094  951.5130  952.1566
2021 04 22 13 07 00    -4.0173625   -1.4335838  951.5120  952.1627
2021 04 22 13 08 00    -4.0186168   -1.4342626  951.5108  952.1611
2021 04 22 13 09 00    -4.0198543   -1.4349090  951.5091  952.1413
2021 04 22 13 10 00    -4.0209342   -1.4353924  951.5071  952.1253
2021 04 22 13 11 00    -4.0219845   -1.4358533  951.5054  952.1249
2021 04 22 13 12 00    -4.0230127   -1.4364015  951.5041  952.1239
2021 04 22 13 13 00    -4.0239792   -1.4370464  951.5026  952.1114
2021 04 22 13 14 00    -4.0249189   -1.4376766  951.5004  952.1036
2021 04 22 13 15 00    -4.0257675   -1.4380838  951.4981  952.1180
2021 04 22 13 16 00    -4.0264594   -1.4382773  951.4964  952.1356
2021 04 22 13 17 00    -4.0271582   -1.4385713  951.4952  952.1252
2021 04 22 13 18 00    -4.0279823   -1.4390383  951.4937  952.1004
2021 04 22 13 19 00    -4.0286988   -1.4393442  951.4915  952.0875
2021 04 22 13 20 00    -4.0291770   -1.4394416  951.4889  952.0629
2021 04 22 13 21 00    -4.0296677   -1.4397177  951.4860  952.0089
2021 04 22 13 22 00    -4.0303043   -1.4402131  951.4828  951.9758
2021 04 22 13 23 00    -4.0308932   -1.4404856  951.4792  951.9921
2021 04 22 13 24 00    -4.0313144   -1.4404950  951.4760  952.0104
2021 04 22 13 25 00    -4.0317082   -1.4407113  951.4731  952.0108
2021 04 22 13 26 00    -4.0321366   -1.4411405  951.4702  952.0134
2021 04 22 13 27 00    -4.0324057   -1.4412944  951.4673  951.9987
2021 04 22 13 28 00    -4.0324365   -1.4411772  951.4641  951.9594
2021 04 22 13 29 00    -4.0324648   -1.4412242  951.4608  951.9457
2021 04 22 13 30 00    -4.0325785   -1.4414159  951.4575  951.9764
2021 04 22 13 31 00    -4.0325558   -1.4414403  951.4544  952.0032
2021 04 22 13 32 00    -4.0324383   -1.4413315  951.4518  952.0013
2021 04 22 13 33 00    -4.0324153   -1.4412067  951.4494  952.0099
2021 04 22 13 34 00    -4.0322980   -1.4410222  951.4468  952.0472
2021 04 22 13 35 00    -4.0319698   -1.4408837  951.4445  952.0701
2021 04 22 13 36 00    -4.0316853   -1.4408907  951.4426  952.0533
2021 04 22 13 37 00    -4.0315362   -1.4408809  951.4409  952.0228
2021 04 22 13 38 00    -4.0312876   -1.4407325  951.4386  951.9919
2021 04 22 13 39 00    -4.0308297   -1.4404938  951.4358  951.9589
2021 04 22 13 40 00    -4.0302600   -1.4401786  951.4328  951.9396
2021 04 22 13 41 00    -4.0295370   -1.4397209  951.4295  951.9372
2021 04 22 13 42 00    -4.0286931   -1.4391802  951.4261  951.9480
2021 04 22 13 43 00    -4.0280137   -1.4388123  951.4232  951.9864
2021 04 22 13 44 00    -4.0275052   -1.4386761  951.4209  952.0385
2021 04 22 13 45 00    -4.0268130   -1.4384491  951.4190  952.0592
2021 04 22 13 46 00    -4.0258522   -1.4379557  951.4171  952.0462
2021 04 22 13 47 00    -4.0249350   -1.4374476  951.4154  952.0300
2021 04 22 13 48 00    -4.0241492   -1.4370697  951.4137  952.0175
2021 04 22 13 49 00    -4.0232771   -1.4366348  951.4118  952.0051
2021 04 22 13 50 00    -4.0223053   -1.4360767  951.4095  952.0054
2021 04 22 13 51 00    -4.0213249   -1.4355632  951.4071  952.0182
2021 04 22 13 52 00    -4.0202244   -1.4351744  951.4045  952.0092
2021 04 22 13 53 00    -4.0189101   -1.4347449  951.4017  951.9722
2021 04 22 13 54 00    -4.0175130   -1.4340398  951.3989  951.9525
2021 04 22 13 55 00    -4.0161571   -1.4330993  951.3964  951.9748
2021 04 22 13 56 00    -4.0146974   -1.4321734  951.3938  952.0157
2021 04 22 13 57 00    -4.0130270   -1.4313391  951.3911  952.0350
2021 04 22 13 58 00    -4.0114822   -1.4306171  951.3890  952.0152
2021 04 22 13 59 00    -4.0102284   -1.4300024  951.3874  951.9815
2021 04 22 14 00 00    -4.0087639   -1.4291971  951.3854  951.9582
2021 04 22 14 01 00    -4.0069030   -1.4281304  951.3829  951.9435
2021 04 22 14 02 00    -4.0050427   -1.4271410  951.3804  951.9427
2021 04 22 14 03 00    -4.0032337   -1.4262781  951.3779  951.9553
2021 04 22 14 04 00    -4.0013246   -1.4253986  951.3755  951.9556
2021 04 22 14 05 00    -3.9993557   -1.4244941  951.3732  951.9512
2021 04 22 14 06 00    -3.9973240   -1.4235342  951.3713  951.9723
2021 04 22 14 07 00    -3.9952413   -1.4225364  951.3699  951.9915
2021 04 22 14 08 00    -3.9931249   -1.4215232  951.3685  951.9710
2021 04 22 14 09 00    -3.9909330   -1.4204118  951.3667  951.9501
2021 04 22 14 10 00    -3.9886975   -1.4191985  951.3647  951.9739
2021 04 22 14 11 00    -3.9864152   -1.4179546  951.3632  951.9989
2021 04 22 14 12 00    -3.9840610   -1.4166893  951.3619  951.9798
2021 04 22 14 13 00    -3.9816691   -1.4154456  951.3599  951.9628
2021 04 22 14 14 00    -3.9792021   -1.4142930  951.3573  951.9806
2021 04 22 14 15 00    -3.9767119   -1.4131530  951.3548  951.9867
2021 04 22 14 16 00    -3.9743555   -1.4119278  951.3529  951.9625
2021 04 22 14 17 00    -3.9720119   -1.4106362  951.3509  951.9619
2021 04 22 14 18 00    -3.9693465   -1.4092625  951.3484  952.0140
2021 04 22 14 19 00    -3.9663231   -1.4078194  951.3461  952.0613
2021 04 22 14 20 00    -3.9633436   -1.4064389  951.3446  952.0414
2021 04 22 14 21 00    -3.9605893   -1.4050798  951.3434  951.9840
2021 04 22 14 22 00    -3.9576732   -1.4035607  951.3419  951.9632
2021 04 22 14 23 00    -3.9544654   -1.4019627  951.3399  951.9885
2021 04 22 14 24 00    -3.9513197   -1.4004015  951.3383  952.0096
2021 04 22 14 25 00    -3.9482745   -1.3987946  951.3373  952.0108
2021 04 22 14 26 00    -3.9451204   -1.3971838  951.3368  952.0201
2021 04 22 14 27 00    -3.9418739   -1.3956471  951.3364  952.0357
2021 04 22 14 28 00    -3.9385887   -1.3940961  951.3361  952.0235
2021 04 22 14 29 00    -3.9352067   -1.3924851  951.3354  951.9833
2021 04 22 14 30 00    -3.9316927   -1.3908421  951.3342  951.9568
2021 04 22 14 31 00    -3.9281036   -1.3890920  951.3326  951.9622
2021 04 22 14 32 00    -3.9245412   -1.3871709  951.3311  951.9697
2021 04 22 14 33 00    -3.9210542   -1.3852255  951.3302  951.9681
2021 04 22 14 34 00    -3.9175033   -1.3833515  951.3295  951.9916
2021 04 22 14 35 00    -3.9136566   -1.3814225  951.3291  952.0382
2021 04 22 14 36 00    -3.9096303   -1.3794313  951.3292  952.0557
2021 04 22 14 37 00    -3.9057920   -1.3774976  951.3294  952.0466
2021 04 22 14 38 00    -3.9020180   -1.3755572  951.3293  952.0625
2021 04 22 14 39 00    -3.8978821   -1.3735415  951.3291  952.0919
2021 04 22 14 40 00    -3.8935546   -1.3715183  951.3292  952.0865
2021 04 22 14 41 00    -3.8895694   -1.3694991  951.3293  952.0480
2021 04 22 14 42 00    -3.8858773   -1.3675102  951.3294  952.0075
2021 04 22 14 43 00    -3.8818805   -1.3655306  951.3291  951.9913
2021 04 22 14 44 00    -3.8774515   -1.3634165  951.3284  952.0021
2021 04 22 14 45 00    -3.8730645   -1.3612195  951.3275  952.0057
2021 04 22 14 46 00    -3.8688189   -1.3590624  951.3266  951.9920
2021 04 22 14 47 00    -3.8644486   -1.3568680  951.3257  951.9999
2021 04 22 14 48 00    -3.8600195   -1.3546634  951.3250  952.0281
2021 04 22 14 49 00    -3.8557044   -1.3525968  951.3244  952.0243
2021 04 22 14 50 00    -3.8512926   -1.3504961  951.3232  951.9818
2021 04 22 14 51 00    -3.8465105   -1.3480608  951.3216  951.9540
2021 04 22 14 52 00    -3.8414824   -1.3454107  951.3201  951.9767
2021 04 22 14 53 00    -3.8364637   -1.3428634  951.3192  952.0260
2021 04 22 14 54 00    -3.8315416   -1.3404333  951.3188  952.0550
2021 04 22 14 55 00    -3.8266834   -1.3379840  951.3188  952.0597
2021 04 22 14 56 00    -3.8217994   -1.3355509  951.3189  952.0718
2021 04 22 14 57 00    -3.8168266   -1.3331694  951.3190  952.0935
2021 04 22 14 58 00    -3.8116534   -1.3306490  951.3190  952.0957
2021 04 22 14 59 00    -3.8062670   -1.3278958  951.3189  952.0826
2021 04 22 15 00 00    -3.8009599   -1.3251781  951.3191  952.0854
2021 04 22 15 01 00    -3.7958147   -1.3226488  951.3197  952.0909
2021 04 22 15 02 00    -3.7906359   -1.3200897  951.3200  952.0643
2021 04 22 15 03 00    -3.7854171   -1.3173903  951.3197  952.0252
2021 04 22 15 04 00    -3.7800463   -1.3146114  951.3189  952.0194
2021 04 22 15 05 00    -3.7743978   -1.3117416  951.3181  952.0483
2021 04 22 15 06 00    -3.7687942   -1.3088784  951.3173  952.0713
2021 04 22 15 07 00    -3.7633122   -1.3061307  951.3169  952.0632
2021 04 22 15 08 00    -3.7575827   -1.3033980  951.3170  952.0417
2021 04 22 15 09 00    -3.7516880   -1.3005970  951.3170  952.0319
2021 04 22 15 10 00    -3.7459432   -1.2976958  951.3169  952.0360
2021 04 22 15 11 00    -3.7402017   -1.2946604  951.3169  952.0452
2021 04 22 15 12 00    -3.7342290   -1.2915401  951.3170  952.0524
2021 04 22 15 13 00    -3.7281361   -1.2883862  951.3171  952.0586
2021 04 22 15 14 00    -3.7220361   -1.2852600  951.3173  952.0706
2021 04 22 15 15 00    -3.7158870   -1.2822340  951.3178  952.0852
2021 04 22 15 16 00    -3.7097941   -1.2792606  951.3183  952.0894
2021 04 22 15 17 00    -3.7037277   -1.2762341  951.3185  952.0811
2021 04 22 15 18 00    -3.6974713   -1.2731366  951.3186  952.0707
2021 04 22 15 19 00    -3.6911635   -1.2700377  951.3189  952.0676
2021 04 22 15 20 00    -3.6849472   -1.2669266  951.3193  952.0790
2021 04 22 15 21 00    -3.6786262   -1.2637237  951.3197  952.0983
2021 04 22 15 22 00    -3.6720955   -1.2604715  951.3201  952.1057
2021 04 22 15 23 00    -3.6653850   -1.2571391  951.3206  952.1053
2021 04 22 15 24 00    -3.6586495   -1.2537036  951.3219  952.1140
2021 04 22 15 25 00    -3.6521193   -1.2504325  951.3237  952.1271
2021 04 22 15 26 00    -3.6456026   -1.2473371  951.3253  952.1333
2021 04 22 15 27 00    -3.6387972   -1.2440285  951.3264  952.1329
2021 04 22 15 28 00    -3.6319233   -1.2404760  951.3273  952.1354
2021 04 22 15 29 00    -3.6251843   -1.2370110  951.3283  952.1491
2021 04 22 15 30 00    -3.6183613   -1.2336520  951.3294  952.1671
2021 04 22 15 31 00    -3.6114256   -1.2302056  951.3308  952.1741
2021 04 22 15 32 00    -3.6045244   -1.2267500  951.3322  952.1664
2021 04 22 15 33 00    -3.5974934   -1.2233428  951.3335  952.1544
2021 04 22 15 34 00    -3.5903338   -1.2198195  951.3342  952.1428
2021 04 22 15 35 00    -3.5832888   -1.2161702  951.3347  952.1224
2021 04 22 15 36 00    -3.5762446   -1.2125311  951.3351  952.0920
2021 04 22 15 37 00    -3.5690351   -1.2088853  951.3353  952.0729
2021 04 22 15 38 00    -3.5617283   -1.2051504  951.3352  952.0795
2021 04 22 15 39 00    -3.5543367   -1.2014037  951.3353  952.0952
2021 04 22 15 40 00    -3.5468724   -1.1977186  951.3358  952.0998
2021 04 22 15 41 00    -3.5394182   -1.1940360  951.3365  952.1004
2021 04 22 15 42 00    -3.5319520   -1.1903002  951.3370  952.1165
2021 04 22 15 43 00    -3.5244155   -1.1864831  951.3375  952.1397
2021 04 22 15 44 00    -3.5168194   -1.1826252  951.3383  952.1411
2021 04 22 15 45 00    -3.5091471   -1.1787897  951.3397  952.1384
2021 04 22 15 46 00    -3.5014281   -1.1749548  951.3415  952.1742
2021 04 22 15 47 00    -3.4937000   -1.1711335  951.3434  952.2131
2021 04 22 15 48 00    -3.4858339   -1.1672992  951.3450  952.2032
2021 04 22 15 49 00    -3.4778649   -1.1633138  951.3462  952.1841
2021 04 22 15 50 00    -3.4700526   -1.1592424  951.3473  952.1955
2021 04 22 15 51 00    -3.4623367   -1.1552825  951.3489  952.2037
2021 04 22 15 52 00    -3.4544261   -1.1513764  951.3509  952.1910
2021 04 22 15 53 00    -3.4463596   -1.1473915  951.3527  952.1855
2021 04 22 15 54 00    -3.4383925   -1.1434592  951.3540  952.1950
2021 04 22 15 55 00    -3.4304836   -1.1396756  951.3552  952.2021
2021 04 22 15 56 00    -3.4224085   -1.1357599  951.3569  952.2022
2021 04 22 15 57 00    -3.4141574   -1.1314834  951.3591  952.2097
2021 04 22 15 58 00    -3.4058130   -1.1270547  951.3614  952.2310
2021 04 22 15 59 00    -3.3974180   -1.1228303  951.3633  952.2544
2021 04 22 16 00 00    -3.3891016   -1.1189349  951.3653  952.2722
2021 04 22 16 01 00    -3.3809464   -1.1151104  951.3677  952.2829
2021 04 22 16 02 00    -3.3727666   -1.1110168  951.3700  952.2850
2021 04 22 16 03 00    -3.3642819   -1.1066420  951.3722  952.2859
2021 04 22 16 04 00    -3.3555527   -1.1022078  951.3747  952.2899
2021 04 22 16 05 00    -3.3469067   -1.0978773  951.3774  952.2941
2021 04 22 16 06 00    -3.3383849   -1.0936025  951.3800  952.3023
2021 04 22 16 07 00    -3.3298237   -1.0892887  951.3825  952.3141
2021 04 22 16 08 00    -3.3212583   -1.0850169  951.3850  952.3162
2021 04 22 16 09 00    -3.3126940   -1.0807382  951.3875  952.3054
2021 04 22 16 10 00    -3.3039835   -1.0762445  951.3897  952.2975
2021 04 22 16 11 00    -3.2952103   -1.0717409  951.3922  952.3003
2021 04 22 16 12 00    -3.2865407   -1.0675216  951.3949  952.3054
2021 04 22 16 13 00    -3.2778113   -1.0632867  951.3974  952.3077
2021 04 22 16 14 00    -3.2689562   -1.0587437  951.3997  952.3086
2021 04 22 16 15 00    -3.2602141   -1.0541595  951.4021  952.3080
2021 04 22 16 16 00    -3.2514873   -1.0497274  951.4047  952.3126
2021 04 22 16 17 00    -3.2425274   -1.0453268  951.4073  952.3279
2021 04 22 16 18 00    -3.2335127   -1.0409103  951.4102  952.3410
2021 04 22 16 19 00    -3.2245435   -1.0364009  951.4130  952.3400
2021 04 22 16 20 00    -3.2155159   -1.0318095  951.4156  952.3372
2021 04 22 16 21 00    -3.2065983   -1.0274223  951.4182  952.3406
2021 04 22 16 22 00    -3.1977300   -1.0231084  951.4212  952.3381
2021 04 22 16 23 00    -3.1885263   -1.0184335  951.4240  952.3252
2021 04 22 16 24 00    -3.1791722   -1.0136325  951.4261  952.3159
2021 04 22 16 25 00    -3.1700618   -1.0090750  951.4284  952.3240
2021 04 22 16 26 00    -3.1610304   -1.0045338  951.4310  952.3423
2021 04 22 16 27 00    -3.1519333   -0.9999356  951.4338  952.3504
2021 04 22 16 28 00    -3.1428123   -0.9954812  951.4366  952.3467
2021 04 22 16 29 00    -3.1335193   -0.9909802  951.4395  952.3432
2021 04 22 16 30 00    -3.1241147   -0.9862312  951.4422  952.3434
2021 04 22 16 31 00    -3.1147857   -0.9814204  951.4448  952.3491
2021 04 22 16 32 00    -3.1054623   -0.9767054  951.4477  952.3605
2021 04 22 16 33 00    -3.0961006   -0.9720323  951.4505  952.3727
2021 04 22 16 34 00    -3.0867270   -0.9673568  951.4530  952.3820
2021 04 22 16 35 00    -3.0773332   -0.9627296  951.4558  952.3892
2021 04 22 16 36 00    -3.0679835   -0.9581157  951.4590  952.3986
2021 04 22 16 37 00    -3.0587020   -0.9534250  951.4623  952.4045
2021 04 22 16 38 00    -3.0493504   -0.9487101  951.4653  952.3973
2021 04 22 16 39 00    -3.0398396   -0.9439816  951.4680  952.3896
2021 04 22 16 40 00    -3.0302598   -0.9391595  951.4707  952.3948
2021 04 22 16 41 00    -3.0206566   -0.9342648  951.4736  952.4047
2021 04 22 16 42 00    -3.0109928   -0.9293510  951.4766  952.4146
2021 04 22 16 43 00    -3.0013607   -0.9245474  951.4795  952.4277
2021 04 22 16 44 00    -2.9918100   -0.9198831  951.4826  952.4406
2021 04 22 16 45 00    -2.9821330   -0.9150260  951.4860  952.4501
2021 04 22 16 46 00    -2.9723146   -0.9099365  951.4895  952.4555
2021 04 22 16 47 00    -2.9627116   -0.9051110  951.4929  952.4565
2021 04 22 16 48 00    -2.9532947   -0.9005825  951.4960  952.4615
2021 04 22 16 49 00    -2.9435702   -0.8958180  951.4993  952.4787
2021 04 22 16 50 00    -2.9334942   -0.8907056  951.5029  952.4977
2021 04 22 16 51 00    -2.9234790   -0.8856236  951.5068  952.5110
2021 04 22 16 52 00    -2.9136500   -0.8807345  951.5109  952.5339
2021 04 22 16 53 00    -2.9038239   -0.8758125  951.5152  952.5687
2021 04 22 16 54 00    -2.8939991   -0.8707727  951.5195  952.5906
2021 04 22 16 55 00    -2.8843450   -0.8658459  951.5238  952.5904
2021 04 22 16 56 00    -2.8746921   -0.8610573  951.5281  952.5873
2021 04 22 16 57 00    -2.8647752   -0.8562317  951.5325  952.5934
2021 04 22 16 58 00    -2.8548679   -0.8513911  951.5368  952.6010
2021 04 22 16 59 00    -2.8452126   -0.8465894  951.5410  952.6035
2021 04 22 17 00 00    -2.8355466   -0.8417302  951.5450  952.6064
2021 04 22 17 01 00    -2.8256937   -0.8367460  951.5491  952.6150
2021 04 22 17 02 00    -2.8157669   -0.8317481  951.5535  952.6294
2021 04 22 17 03 00    -2.8059745   -0.8268993  951.5581  952.6481
2021 04 22 17 04 00    -2.7963445   -0.8220928  951.5628  952.6690
2021 04 22 17 05 00    -2.7865285   -0.8171013  951.5675  952.6862
2021 04 22 17 06 00    -2.7763571   -0.8120157  951.5723  952.6991
2021 04 22 17 07 00    -2.7661770   -0.8070138  951.5773  952.7140
2021 04 22 17 08 00    -2.7562472   -0.8020297  951.5823  952.7286
2021 04 22 17 09 00    -2.7464631   -0.7970356  951.5871  952.7400
2021 04 22 17 10 00    -2.7367318   -0.7921356  951.5921  952.7560
2021 04 22 17 11 00    -2.7269087   -0.7872433  951.5973  952.7743
2021 04 22 17 12 00    -2.7167819   -0.7821641  951.6027  952.7862
2021 04 22 17 13 00    -2.7065028   -0.7769486  951.6082  952.8005
2021 04 22 17 14 00    -2.6964002   -0.7718514  951.6138  952.8239
2021 04 22 17 15 00    -2.6865843   -0.7669730  951.6192  952.8433
2021 04 22 17 16 00    -2.6768924   -0.7620809  951.6244  952.8531
2021 04 22 17 17 00    -2.6670018   -0.7569918  951.6296  952.8667
2021 04 22 17 18 00    -2.6568551   -0.7518877  951.6350  952.8907
2021 04 22 17 19 00    -2.6467130   -0.7469031  951.6408  952.9143
2021 04 22 17 20 00    -2.6367398   -0.7419388  951.6468  952.9298
2021 04 22 17 21 00    -2.6268975   -0.7369896  951.6528  952.9398
2021 04 22 17 22 00    -2.6170805   -0.7320838  951.6584  952.9460
2021 04 22 17 23 00    -2.6072702   -0.7271677  951.6641  952.9570
2021 04 22 17 24 00    -2.5975351   -0.7222531  951.6701  952.9850
2021 04 22 17 25 00    -2.5878372   -0.7173680  951.6764  953.0133
2021 04 22 17 26 00    -2.5780693   -0.7124828  951.6827  953.0230
2021 04 22 17 27 00    -2.5682159   -0.7075462  951.6888  953.0248
2021 04 22 17 28 00    -2.5583455   -0.7025417  951.6946  953.0211
2021 04 22 17 29 00    -2.5485759   -0.6975811  951.7006  953.0063
2021 04 22 17 30 00    -2.5389290   -0.6927486  951.7069  952.9980
2021 04 22 17 31 00    -2.5292788   -0.6879232  951.7133  953.0115
2021 04 22 17 32 00    -2.5195827   -0.6830188  951.7195  953.0402
2021 04 22 17 33 00    -2.5098676   -0.6781411  951.7254  953.0611
2021 04 22 17 34 00    -2.5001162   -0.6733290  951.7314  953.0594
2021 04 22 17 35 00    -2.4904294   -0.6684821  951.7375  953.0551
2021 04 22 17 36 00    -2.4808840   -0.6636195  951.7440  953.0641
2021 04 22 17 37 00    -2.4713034   -0.6588330  951.7503  953.0750
2021 04 22 17 38 00    -2.4616492   -0.6540574  951.7563  953.0889
2021 04 22 17 39 00    -2.4520781   -0.6491860  951.7624  953.1092
2021 04 22 17 40 00    -2.4424919   -0.6443147  951.7688  953.1171
2021 04 22 17 41 00    -2.4328121   -0.6396146  951.7754  953.1108
2021 04 22 17 42 00    -2.4231985   -0.6349859  951.7817  953.1101
2021 04 22 17 43 00    -2.4136568   -0.6302634  951.7878  953.1181
2021 04 22 17 44 00    -2.4041177   -0.6254930  951.7938  953.1243
2021 04 22 17 45 00    -2.3946192   -0.6206693  951.7998  953.1285
2021 04 22 17 46 00    -2.3851738   -0.6158116  951.8061  953.1392
2021 04 22 17 47 00    -2.3758873   -0.6111462  951.8125  953.1550
2021 04 22 17 48 00    -2.3667424   -0.6066358  951.8189  953.1643
2021 04 22 17 49 00    -2.3572959   -0.6019127  951.8251  953.1690
2021 04 22 17 50 00    -2.3475125   -0.5970084  951.8313  953.1829
2021 04 22 17 51 00    -2.3379818   -0.5922633  951.8375  953.2031
2021 04 22 17 52 00    -2.3287395   -0.5876002  951.8438  953.2134
2021 04 22 17 53 00    -2.3193783   -0.5828442  951.8504  953.2117
2021 04 22 17 54 00    -2.3099654   -0.5781306  951.8570  953.2099
2021 04 22 17 55 00    -2.3007118   -0.5735158  951.8632  953.2166
2021 04 22 17 56 00    -2.2915493   -0.5689615  951.8692  953.2287
2021 04 22 17 57 00    -2.2823760   -0.5644698  951.8754  953.2384
2021 04 22 17 58 00    -2.2732314   -0.5599458  951.8820  953.2521
2021 04 22 17 59 00    -2.2641636   -0.5553528  951.8888  953.2766
2021 04 22 18 00 00    -2.2550853   -0.5507431  951.8955  953.2960
2021 04 22 18 01 00    -2.2459452   -0.5461420  951.9021  953.3001
2021 04 22 18 02 00    -2.2368222   -0.5416124  951.9087  953.3029
2021 04 22 18 03 00    -2.2278107   -0.5371579  951.9153  953.3075
2021 04 22 18 04 00    -2.2189499   -0.5327052  951.9220  953.3122
2021 04 22 18 05 00    -2.2100440   -0.5282336  951.9286  953.3287
2021 04 22 18 06 00    -2.2009545   -0.5237466  951.9354  953.3441
2021 04 22 18 07 00    -2.1920135   -0.5192740  951.9423  953.3391
2021 04 22 18 08 00    -2.1832854   -0.5148585  951.9490  953.3375
2021 04 22 18 09 00    -2.1743527   -0.5104600  951.9557  953.3604
2021 04 22 18 10 00    -2.1653026   -0.5060144  951.9624  953.3937
2021 04 22 18 11 00    -2.1565060   -0.5015289  951.9692  953.4240
2021 04 22 18 12 00    -2.1479131   -0.4970956  951.9763  953.4494
2021 04 22 18 13 00    -2.1393575   -0.4927837  951.9834  953.4671
2021 04 22 18 14 00    -2.1306847   -0.4884278  951.9904  953.4761
2021 04 22 18 15 00    -2.1218779   -0.4839412  951.9976  953.4800
2021 04 22 18 16 00    -2.1132765   -0.4796376  952.0050  953.4867
2021 04 22 18 17 00    -2.1049154   -0.4755460  952.0126  953.5024
2021 04 22 18 18 00    -2.0964038   -0.4712664  952.0200  953.5246
2021 04 22 18 19 00    -2.0877906   -0.4668827  952.0272  953.5486
2021 04 22 18 20 00    -2.0793894   -0.4627299  952.0347  953.5740
2021 04 22 18 21 00    -2.0711247   -0.4586317  952.0426  953.5943
2021 04 22 18 22 00    -2.0628470   -0.4544211  952.0507  953.6044
2021 04 22 18 23 00    -2.0546212   -0.4502693  952.0585  953.6101
2021 04 22 18 24 00    -2.0464850   -0.4461846  952.0660  953.6096
2021 04 22 18 25 00    -2.0383887   -0.4421219  952.0734  953.6006
2021 04 22 18 26 00    -2.0303252   -0.4381987  952.0808  953.5968
2021 04 22 18 27 00    -2.0223084   -0.4343385  952.0881  953.6076
2021 04 22 18 28 00    -2.0142318   -0.4303069  952.0955  953.6284
2021 04 22 18 29 00    -2.0060208   -0.4260957  952.1029  953.6541
2021 04 22 18 30 00    -1.9979121   -0.4219329  952.1105  953.6818
2021 04 22 18 31 00    -1.9900906   -0.4179792  952.1184  953.7096
2021 04 22 18 32 00    -1.9823687   -0.4141280  952.1265  953.7301
2021 04 22 18 33 00    -1.9746463   -0.4102934  952.1347  953.7374
2021 04 22 18 34 00    -1.9670422   -0.4065619  952.1428  953.7357
2021 04 22 18 35 00    -1.9594950   -0.4028814  952.1509  953.7356
2021 04 22 18 36 00    -1.9518547   -0.3991223  952.1588  953.7485
2021 04 22 18 37 00    -1.9442279   -0.3953113  952.1664  953.7654
2021 04 22 18 38 00    -1.9367713   -0.3915111  952.1740  953.7715
2021 04 22 18 39 00    -1.9294177   -0.3877241  952.1819  953.7815
2021 04 22 18 40 00    -1.9220649   -0.3839568  952.1899  953.8058
2021 04 22 18 41 00    -1.9146590   -0.3802551  952.1979  953.8273
2021 04 22 18 42 00    -1.9071891   -0.3766115  952.2061  953.8372
2021 04 22 18 43 00    -1.8997724   -0.3729396  952.2144  953.8446
2021 04 22 18 44 00    -1.8925376   -0.3692914  952.2225  953.8574
2021 04 22 18 45 00    -1.8854669   -0.3657587  952.2306  953.8732
2021 04 22 18 46 00    -1.8784351   -0.3621932  952.2388  953.8846
2021 04 22 18 47 00    -1.8714334   -0.3585872  952.2470  953.8941
2021 04 22 18 48 00    -1.8645238   -0.3551976  952.2554  953.9109
2021 04 22 18 49 00    -1.8577146   -0.3519724  952.2640  953.9342
2021 04 22 18 50 00    -1.8510677   -0.3486298  952.2726  953.9541
2021 04 22 18 51 00    -1.8444767   -0.3451557  952.2808  953.9619
2021 04 22 18 52 00    -1.8377638   -0.3417593  952.2889  953.9618
2021 04 22 18 53 00    -1.8310316   -0.3384837  952.2969  953.9660
2021 04 22 18 54 00    -1.8243917   -0.3352001  952.3051  953.9774
2021 04 22 18 55 00    -1.8178823   -0.3319649  952.3135  953.9941
2021 04 22 18 56 00    -1.8115053   -0.3287887  952.3220  954.0144
2021 04 22 18 57 00    -1.8051345   -0.3255047  952.3305  954.0342
2021 04 22 18 58 00    -1.7987419   -0.3222150  952.3391  954.0537
2021 04 22 18 59 00    -1.7924256   -0.3190781  952.3475  954.0782
2021 04 22 19 00 00    -1.7862160   -0.3159310  952.3560  954.1063
2021 04 22 19 01 00    -1.7800993   -0.3126955  952.3649  954.1262
2021 04 22 19 02 00    -1.7741147   -0.3096183  952.3738  954.1377
2021 04 22 19 03 00    -1.7682134   -0.3067823  952.3827  954.1561
2021 04 22 19 04 00    -1.7622384   -0.3039471  952.3917  954.1772
2021 04 22 19 05 00    -1.7562533   -0.3009952  952.4010  954.1857
2021 04 22 19 06 00    -1.7504543   -0.2980017  952.4102  954.1935
2021 04 22 19 07 00    -1.7447796   -0.2950670  952.4192  954.2128
2021 04 22 19 08 00    -1.7391204   -0.2923065  952.4280  954.2302
2021 04 22 19 09 00    -1.7336629   -0.2897051  952.4371  954.2389
2021 04 22 19 10 00    -1.7284592   -0.2871405  952.4463  954.2495
2021 04 22 19 11 00    -1.7231021   -0.2844973  952.4553  954.2662
2021 04 22 19 12 00    -1.7174643   -0.2817153  952.4641  954.2817
2021 04 22 19 13 00    -1.7120135   -0.2789690  952.4730  954.2925
2021 04 22 19 14 00    -1.7068783   -0.2763799  952.4823  954.3048
2021 04 22 19 15 00    -1.7017207   -0.2737701  952.4916  954.3236
2021 04 22 19 16 00    -1.6965551   -0.2711330  952.5009  954.3433
2021 04 22 19 17 00    -1.6915823   -0.2686423  952.5103  954.3618
2021 04 22 19 18 00    -1.6866552   -0.2662394  952.5195  954.3805
2021 04 22 19 19 00    -1.6816925   -0.2638517  952.5286  954.3945
2021 04 22 19 20 00    -1.6769732   -0.2615923  952.5378  954.4044
2021 04 22 19 21 00    -1.6725219   -0.2594220  952.5471  954.4178
2021 04 22 19 22 00    -1.6680016   -0.2571048  952.5565  954.4357
2021 04 22 19 23 00    -1.6633632   -0.2545989  952.5662  954.4549
2021 04 22 19 24 00    -1.6588783   -0.2521719  952.5760  954.4730
2021 04 22 19 25 00    -1.6546275   -0.2500338  952.5856  954.4872
2021 04 22 19 26 00    -1.6503335   -0.2479838  952.5949  954.4986
2021 04 22 19 27 00    -1.6458613   -0.2457910  952.6043  954.5106
2021 04 22 19 28 00    -1.6415501   -0.2436692  952.6139  954.5248
2021 04 22 19 29 00    -1.6375236   -0.2417190  952.6236  954.5439
2021 04 22 19 30 00    -1.6334506   -0.2396456  952.6334  954.5710
2021 04 22 19 31 00    -1.6293513   -0.2375020  952.6431  954.5967
2021 04 22 19 32 00    -1.6255897   -0.2356285  952.6527  954.6064
2021 04 22 19 33 00    -1.6220909   -0.2339127  952.6624  954.6047
2021 04 22 19 34 00    -1.6184544   -0.2320353  952.6723  954.6098
2021 04 22 19 35 00    -1.6147579   -0.2301152  952.6823  954.6209
2021 04 22 19 36 00    -1.6114368   -0.2284488  952.6920  954.6251
2021 04 22 19 37 00    -1.6083912   -0.2269246  952.7014  954.6258
2021 04 22 19 38 00    -1.6051746   -0.2253030  952.7109  954.6337
2021 04 22 19 39 00    -1.6019154   -0.2237196  952.7206  954.6445
2021 04 22 19 40 00    -1.5989966   -0.2223532  952.7302  954.6437
2021 04 22 19 41 00    -1.5962476   -0.2210134  952.7395  954.6309
2021 04 22 19 42 00    -1.5933191   -0.2194766  952.7487  954.6212
2021 04 22 19 43 00    -1.5902526   -0.2178561  952.7578  954.6184
2021 04 22 19 44 00    -1.5873477   -0.2164170  952.7669  954.6216
2021 04 22 19 45 00    -1.5847664   -0.2152144  952.7762  954.6354
2021 04 22 19 46 00    -1.5822909   -0.2140043  952.7856  954.6520
2021 04 22 19 47 00    -1.5796801   -0.2126056  952.7949  954.6591
2021 04 22 19 48 00    -1.5770559   -0.2112492  952.8040  954.6579
2021 04 22 19 49 00    -1.5747113   -0.2102225  952.8132  954.6545
2021 04 22 19 50 00    -1.5727364   -0.2093756  952.8223  954.6515
2021 04 22 19 51 00    -1.5708572   -0.2084074  952.8312  954.6480
2021 04 22 19 52 00    -1.5688278   -0.2073700  952.8401  954.6438
2021 04 22 19 53 00    -1.5668724   -0.2065334  952.8489  954.6391
2021 04 22 19 54 00    -1.5652090   -0.2057933  952.8574  954.6347
2021 04 22 19 55 00    -1.5635463   -0.2047642  952.8657  954.6337
2021 04 22 19 56 00    -1.5617624   -0.2036606  952.8739  954.6352
2021 04 22 19 57 00    -1.5601454   -0.2028873  952.8822  954.6355
2021 04 22 19 58 00    -1.5585935   -0.2020906  952.8906  954.6384
2021 04 22 19 59 00    -1.5569095   -0.2010516  952.8989  954.6435
2021 04 22 20 00 00    -1.5553939   -0.2002298  952.9071  954.6444
2021 04 22 20 01 00    -1.5542169   -0.1997516  952.9153  954.6444
2021 04 22 20 02 00    -1.5532032   -0.1993253  952.9235  954.6470
2021 04 22 20 03 00    -1.5522538   -0.1988737  952.9316  954.6495
2021 04 22 20 04 00    -1.5512329   -0.1984032  952.9396  954.6502
2021 04 22 20 05 00    -1.5500668   -0.1978881  952.9478  954.6530
2021 04 22 20 06 00    -1.5490875   -0.1974444  952.9560  954.6624
2021 04 22 20 07 00    -1.5484626   -0.1970833  952.9641  954.6690
2021 04 22 20 08 00    -1.5477952   -0.1966544  952.9721  954.6724
2021 04 22 20 09 00    -1.5469890   -0.1962600  952.9805  954.6849
2021 04 22 20 10 00    -1.5465194   -0.1960802  952.9891  954.7012
2021 04 22 20 11 00    -1.5464052   -0.1959387  952.9974  954.7171
2021 04 22 20 12 00    -1.5461320   -0.1956347  953.0053  954.7290
2021 04 22 20 13 00    -1.5457003   -0.1953523  953.0132  954.7312
2021 04 22 20 14 00    -1.5456036   -0.1953883  953.0215  954.7417
2021 04 22 20 15 00    -1.5458143   -0.1956438  953.0301  954.7609
2021 04 22 20 16 00    -1.5458625   -0.1957529  953.0387  954.7658
2021 04 22 20 17 00    -1.5458491   -0.1957696  953.0471  954.7697
2021 04 22 20 18 00    -1.5461517   -0.1959844  953.0554  954.7900
2021 04 22 20 19 00    -1.5465311   -0.1962268  953.0636  954.8063
2021 04 22 20 20 00    -1.5466923   -0.1962387  953.0719  954.8115
2021 04 22 20 21 00    -1.5469511   -0.1962451  953.0804  954.8273
2021 04 22 20 22 00    -1.5475686   -0.1965017  953.0891  954.8490
2021 04 22 20 23 00    -1.5482523   -0.1967992  953.0977  954.8589
2021 04 22 20 24 00    -1.5488037   -0.1969382  953.1061  954.8688
2021 04 22 20 25 00    -1.5494721   -0.1971954  953.1147  954.8876
2021 04 22 20 26 00    -1.5504746   -0.1978065  953.1232  954.9015
2021 04 22 20 27 00    -1.5517271   -0.1985673  953.1316  954.9043
2021 04 22 20 28 00    -1.5529797   -0.1992410  953.1400  954.9066
2021 04 22 20 29 00    -1.5541537   -0.1998483  953.1488  954.9182
2021 04 22 20 30 00    -1.5554791   -0.2005146  953.1574  954.9292
2021 04 22 20 31 00    -1.5570376   -0.2012809  953.1657  954.9305
2021 04 22 20 32 00    -1.5585602   -0.2020547  953.1741  954.9368
2021 04 22 20 33 00    -1.5600361   -0.2028199  953.1829  954.9532
2021 04 22 20 34 00    -1.5618060   -0.2037321  953.1916  954.9639
2021 04 22 20 35 00    -1.5637871   -0.2047670  953.2002  954.9649
2021 04 22 20 36 00    -1.5656498   -0.2057251  953.2085  954.9637
2021 04 22 20 37 00    -1.5675509   -0.2066494  953.2167  954.9631
2021 04 22 20 38 00    -1.5697705   -0.2077283  953.2249  954.9635
2021 04 22 20 39 00    -1.5722251   -0.2089561  953.2332  954.9650
2021 04 22 20 40 00    -1.5746512   -0.2101643  953.2413  954.9666
2021 04 22 20 41 00    -1.5769439   -0.2113078  953.2493  954.9634
2021 04 22 20 42 00    -1.5793193   -0.2125349  953.2575  954.9591
2021 04 22 20 43 00    -1.5819339   -0.2139100  953.2654  954.9667
2021 04 22 20 44 00    -1.5846388   -0.2153277  953.2729  954.9774
2021 04 22 20 45 00    -1.5874023   -0.2166791  953.2806  954.9755
2021 04 22 20 46 00    -1.5902641   -0.2179369  953.2884  954.9674
2021 04 22 20 47 00    -1.5931246   -0.2192738  953.2963  954.9597
2021 04 22 20 48 00    -1.5961953   -0.2209530  953.3041  954.9528
2021 04 22 20 49 00    -1.5996801   -0.2228143  953.3120  954.9536
2021 04 22 20 50 00    -1.6031531   -0.2244542  953.3198  954.9603
2021 04 22 20 51 00    -1.6063864   -0.2260352  953.3272  954.9620
2021 04 22 20 52 00    -1.6097243   -0.2278669  953.3344  954.9604
2021 04 22 20 53 00    -1.6132305   -0.2296803  953.3416  954.9584
2021 04 22 20 54 00    -1.6168664   -0.2313756  953.3488  954.9503
2021 04 22 20 55 00    -1.6208391   -0.2333194  953.3562  954.9395
2021 04 22 20 56 00    -1.6249048   -0.2354426  953.3635  954.9319
2021 04 22 20 57 00    -1.6286665   -0.2373246  953.3706  954.9260
2021 04 22 20 58 00    -1.6323503   -0.2390238  953.3776  954.9265
2021 04 22 20 59 00    -1.6362228   -0.2408597  953.3845  954.9375
2021 04 22 21 00 00    -1.6402536   -0.2428398  953.3917  954.9530
2021 04 22 21 01 00    -1.6444664   -0.2449034  953.3989  954.9665
2021 04 22 21 02 00    -1.6488241   -0.2471116  953.4062  954.9764
2021 04 22 21 03 00    -1.6532955   -0.2494125  953.4133  954.9804
2021 04 22 21 04 00    -1.6579820   -0.2517450  953.4203  954.9780
2021 04 22 21 05 00    -1.6627830   -0.2541271  953.4272  954.9751
2021 04 22 21 06 00    -1.6674989   -0.2564929  953.4339  954.9724
2021 04 22 21 07 00    -1.6722365   -0.2588592  953.4404  954.9624
2021 04 22 21 08 00    -1.6772698   -0.2614377  953.4469  954.9524
2021 04 22 21 09 00    -1.6825422   -0.2642417  953.4535  954.9576
2021 04 22 21 10 00    -1.6876585   -0.2669280  953.4601  954.9631
2021 04 22 21 11 00    -1.6926364   -0.2693389  953.4666  954.9558
2021 04 22 21 12 00    -1.6978895   -0.2717911  953.4732  954.9512
2021 04 22 21 13 00    -1.7033849   -0.2745096  953.4798  954.9494
2021 04 22 21 14 00    -1.7088564   -0.2772836  953.4859  954.9443
2021 04 22 21 15 00    -1.7143656   -0.2799748  953.4917  954.9419
2021 04 22 21 16 00    -1.7200600   -0.2827830  953.4976  954.9330
2021 04 22 21 17 00    -1.7259233   -0.2857961  953.5037  954.9191
2021 04 22 21 18 00    -1.7318295   -0.2888543  953.5099  954.9151
2021 04 22 21 19 00    -1.7376706   -0.2918326  953.5158  954.9095
2021 04 22 21 20 00    -1.7435019   -0.2947348  953.5214  954.8973
2021 04 22 21 21 00    -1.7495530   -0.2977212  953.5268  954.9009
2021 04 22 21 22 00    -1.7558513   -0.3008631  953.5323  954.9203
2021 04 22 21 23 00    -1.7620866   -0.3039169  953.5380  954.9337
2021 04 22 21 24 00    -1.7682282   -0.3068564  953.5439  954.9401
2021 04 22 21 25 00    -1.7745489   -0.3100037  953.5501  954.9511
2021 04 22 21 26 00    -1.7810856   -0.3133732  953.5562  954.9651
2021 04 22 21 27 00    -1.7877069   -0.3167112  953.5622  954.9692
2021 04 22 21 28 00    -1.7943564   -0.3199520  953.5681  954.9540
2021 04 22 21 29 00    -1.8011182   -0.3232075  953.5736  954.9348
2021 04 22 21 30 00    -1.8079875   -0.3265215  953.5791  954.9338
2021 04 22 21 31 00    -1.8148933   -0.3298908  953.5846  954.9405
2021 04 22 21 32 00    -1.8219729   -0.3334748  953.5898  954.9386
2021 04 22 21 33 00    -1.8291723   -0.3372887  953.5948  954.9356
2021 04 22 21 34 00    -1.8362868   -0.3410539  953.6001  954.9343
2021 04 22 21 35 00    -1.8435085   -0.3447101  953.6053  954.9324
2021 04 22 21 36 00    -1.8509672   -0.3484017  953.6103  954.9322
2021 04 22 21 37 00    -1.8583525   -0.3521229  953.6155  954.9265
2021 04 22 21 38 00    -1.8657288   -0.3558841  953.6209  954.9181
2021 04 22 21 39 00    -1.8734999   -0.3597347  953.6262  954.9214
2021 04 22 21 40 00    -1.8812762   -0.3635229  953.6310  954.9264
2021 04 22 21 41 00    -1.8886793   -0.3671944  953.6355  954.9220
2021 04 22 21 42 00    -1.8963599   -0.3710128  953.6402  954.9280
2021 04 22 21 43 00    -1.9044594   -0.3750421  953.6451  954.9514
2021 04 22 21 44 00    -1.9123687   -0.3791154  953.6501  954.9626
2021 04 22 21 45 00    -1.9202310   -0.3832528  953.6551  954.9528
2021 04 22 21 46 00    -1.9283769   -0.3873773  953.6603  954.9488
2021 04 22 21 47 00    -1.9365903   -0.3913571  953.6654  954.9627
2021 04 22 21 48 00    -1.9447940   -0.3954103  953.6702  954.9812
2021 04 22 21 49 00    -1.9531412   -0.3996555  953.6751  954.9893
2021 04 22 21 50 00    -1.9616447   -0.4038625  953.6801  954.9854
2021 04 22 21 51 00    -1.9701316   -0.4079350  953.6851  954.9833
2021 04 22 21 52 00    -1.9784808   -0.4120444  953.6901  954.9891
2021 04 22 21 53 00    -1.9869145   -0.4163773  953.6951  954.9975
2021 04 22 21 54 00    -1.9956360   -0.4209128  953.7002  955.0097
2021 04 22 21 55 00    -2.0044308   -0.4253838  953.7052  955.0262
2021 04 22 21 56 00    -2.0131540   -0.4296679  953.7103  955.0434
2021 04 22 21 57 00    -2.0219935   -0.4339900  953.7155  955.0563
2021 04 22 21 58 00    -2.0310174   -0.4384651  953.7209  955.0582
2021 04 22 21 59 00    -2.0401036   -0.4429820  953.7264  955.0583
2021 04 22 22 00 00    -2.0492573   -0.4475360  953.7318  955.0684
2021 04 22 22 01 00    -2.0584872   -0.4520864  953.7370  955.0791
2021 04 22 22 02 00    -2.0676748   -0.4565215  953.7422  955.0828
2021 04 22 22 03 00    -2.0769174   -0.4610605  953.7478  955.0856
2021 04 22 22 04 00    -2.0863845   -0.4659037  953.7534  955.0895
2021 04 22 22 05 00    -2.0958543   -0.4707643  953.7589  955.0929
2021 04 22 22 06 00    -2.1052029   -0.4755186  953.7642  955.0947
2021 04 22 22 07 00    -2.1147977   -0.4804089  953.7691  955.0942
2021 04 22 22 08 00    -2.1247454   -0.4854030  953.7738  955.0972
2021 04 22 22 09 00    -2.1346868   -0.4903720  953.7789  955.1085
2021 04 22 22 10 00    -2.1444879   -0.4953730  953.7845  955.1186
2021 04 22 22 11 00    -2.1542998   -0.5003368  953.7900  955.1197
2021 04 22 22 12 00    -2.1641784   -0.5052163  953.7954  955.1247
2021 04 22 22 13 00    -2.1741298   -0.5102436  953.8008  955.1391
2021 04 22 22 14 00    -2.1842680   -0.5154867  953.8064  955.1516
2021 04 22 22 15 00    -2.1945872   -0.5206352  953.8118  955.1588
2021 04 22 22 16 00    -2.2048409   -0.5255834  953.8172  955.1624
2021 04 22 22 17 00    -2.2149880   -0.5306009  953.8225  955.1677
2021 04 22 22 18 00    -2.2253932   -0.5358647  953.8279  955.1832
2021 04 22 22 19 00    -2.2361349   -0.5412488  953.8335  955.1965
2021 04 22 22 20 00    -2.2467565   -0.5465296  953.8389  955.1952
2021 04 22 22 21 00    -2.2571812   -0.5517966  953.8443  955.1964
2021 04 22 22 22 00    -2.2677462   -0.5572648  953.8500  955.2025
2021 04 22 22 23 00    -2.2784235   -0.5627244  953.8557  955.1979
2021 04 22 22 24 00    -2.2892003   -0.5680162  953.8611  955.1961
2021 04 22 22 25 00    -2.3002258   -0.5733700  953.8664  955.2096
2021 04 22 22 26 00    -2.3111886   -0.5787799  953.8718  955.2193
2021 04 22 22 27 00    -2.3218933   -0.5841827  953.8773  955.2145
2021 04 22 22 28 00    -2.3327529   -0.5897701  953.8824  955.2091
2021 04 22 22 29 00    -2.3438653   -0.5954111  953.8876  955.2144
2021 04 22 22 30 00    -2.3549514   -0.6008797  953.8930  955.2251
2021 04 22 22 31 00    -2.3660995   -0.6063833  953.8982  955.2309
2021 04 22 22 32 00    -2.3773590   -0.6120426  953.9031  955.2289
2021 04 22 22 33 00    -2.3885646   -0.6177125  953.9082  955.2253
2021 04 22 22 34 00    -2.3998385   -0.6233979  953.9136  955.2240
2021 04 22 22 35 00    -2.4112786   -0.6291044  953.9190  955.2235
2021 04 22 22 36 00    -2.4227740   -0.6347103  953.9238  955.2241
2021 04 22 22 37 00    -2.4343601   -0.6403507  953.9285  955.2273
2021 04 22 22 38 00    -2.4461001   -0.6462860  953.9334  955.2282
2021 04 22 22 39 00    -2.4579067   -0.6523668  953.9386  955.2210
2021 04 22 22 40 00    -2.4697150   -0.6583197  953.9437  955.2158
2021 04 22 22 41 00    -2.4814297   -0.6641384  953.9486  955.2247
2021 04 22 22 42 00    -2.4929977   -0.6698915  953.9534  955.2335
2021 04 22 22 43 00    -2.5047599   -0.6757660  953.9581  955.2240
2021 04 22 22 44 00    -2.5168295   -0.6818673  953.9629  955.2096
2021 04 22 22 45 00    -2.5287376   -0.6879296  953.9675  955.2097
2021 04 22 22 46 00    -2.5405360   -0.6938336  953.9718  955.2140
2021 04 22 22 47 00    -2.5526485   -0.6997543  953.9760  955.2115
2021 04 22 22 48 00    -2.5648115   -0.7057850  953.9804  955.2146
2021 04 22 22 49 00    -2.5767374   -0.7119006  953.9848  955.2262
2021 04 22 22 50 00    -2.5886888   -0.7179308  953.9891  955.2359
2021 04 22 22 51 00    -2.6008460   -0.7238158  953.9935  955.2476
2021 04 22 22 52 00    -2.6130876   -0.7298137  953.9981  955.2630
2021 04 22 22 53 00    -2.6252591   -0.7359957  954.0029  955.2700
2021 04 22 22 54 00    -2.6374647   -0.7422382  954.0077  955.2721
2021 04 22 22 55 00    -2.6498697   -0.7485443  954.0126  955.2830
2021 04 22 22 56 00    -2.6622605   -0.7547765  954.0176  955.2993
2021 04 22 22 57 00    -2.6744478   -0.7608097  954.0228  955.3121
2021 04 22 22 58 00    -2.6866342   -0.7668701  954.0278  955.3220
2021 04 22 22 59 00    -2.6989843   -0.7730842  954.0326  955.3265
2021 04 22 23 00 00    -2.7114176   -0.7792844  954.0372  955.3273
2021 04 22 23 01 00    -2.7239292   -0.7854783  954.0420  955.3329
2021 04 22 23 02 00    -2.7366409   -0.7917896  954.0471  955.3394
2021 04 22 23 03 00    -2.7494116   -0.7981176  954.0525  955.3444
2021 04 22 23 04 00    -2.7620232   -0.8043955  954.0579  955.3574
2021 04 22 23 05 00    -2.7745993   -0.8107121  954.0630  955.3774
2021 04 22 23 06 00    -2.7872777   -0.8170974  954.0682  955.3944
2021 04 22 23 07 00    -2.8000311   -0.8235866  954.0735  955.4081
2021 04 22 23 08 00    -2.8127684   -0.8301143  954.0790  955.4189
2021 04 22 23 09 00    -2.8253767   -0.8364687  954.0846  955.4187
2021 04 22 23 10 00    -2.8380200   -0.8427644  954.0901  955.4118
2021 04 22 23 11 00    -2.8509825   -0.8492850  954.0953  955.4138
2021 04 22 23 12 00    -2.8641606   -0.8558998  954.1003  955.4204
2021 04 22 23 13 00    -2.8771467   -0.8623399  954.1053  955.4186
2021 04 22 23 14 00    -2.8898616   -0.8686540  954.1104  955.4142
2021 04 22 23 15 00    -2.9027860   -0.8751162  954.1156  955.4158
2021 04 22 23 16 00    -2.9160619   -0.8818091  954.1207  955.4200
2021 04 22 23 17 00    -2.9291678   -0.8884253  954.1255  955.4201
2021 04 22 23 18 00    -2.9420215   -0.8948277  954.1303  955.4157
2021 04 22 23 19 00    -2.9550855   -0.9012923  954.1351  955.4140
2021 04 22 23 20 00    -2.9684371   -0.9079617  954.1399  955.4180
2021 04 22 23 21 00    -2.9817851   -0.9147533  954.1446  955.4202
2021 04 22 23 22 00    -2.9949435   -0.9215139  954.1494  955.4187
2021 04 22 23 23 00    -3.0079916   -0.9280806  954.1543  955.4208
2021 04 22 23 24 00    -3.0211496   -0.9345464  954.1591  955.4269
2021 04 22 23 25 00    -3.0344078   -0.9411189  954.1636  955.4319
2021 04 22 23 26 00    -3.0476149   -0.9477742  954.1680  955.4376
2021 04 22 23 27 00    -3.0608504   -0.9544013  954.1725  955.4474
2021 04 22 23 28 00    -3.0741859   -0.9609933  954.1773  955.4563
2021 04 22 23 29 00    -3.0874891   -0.9676025  954.1824  955.4584
2021 04 22 23 30 00    -3.1007644   -0.9742589  954.1873  955.4591
2021 04 22 23 31 00    -3.1141313   -0.9808994  954.1920  955.4666
2021 04 22 23 32 00    -3.1275480   -0.9875104  954.1966  955.4794
2021 04 22 23 33 00    -3.1408625   -0.9942229  954.2014  955.4891
2021 04 22 23 34 00    -3.1540437   -1.0010471  954.2062  955.4932
2021 04 22 23 35 00    -3.1672698   -1.0078261  954.2108  955.4962
2021 04 22 23 36 00    -3.1805677   -1.0144988  954.2156  955.5018
2021 04 22 23 37 00    -3.1938111   -1.0211407  954.2206  955.5077
2021 04 22 23 38 00    -3.2071993   -1.0278141  954.2256  955.5104
2021 04 22 23 39 00    -3.2208122   -1.0344845  954.2305  955.5099
2021 04 22 23 40 00    -3.2342790   -1.0411334  954.2351  955.5084
2021 04 22 23 41 00    -3.2476051   -1.0478659  954.2394  955.5054
2021 04 22 23 42 00    -3.2610837   -1.0546867  954.2435  955.4981
2021 04 22 23 43 00    -3.2746527   -1.0614762  954.2479  955.4907
2021 04 22 23 44 00    -3.2882399   -1.0682408  954.2524  955.4889
2021 04 22 23 45 00    -3.3017551   -1.0749675  954.2569  955.4877
2021 04 22 23 46 00    -3.3150866   -1.0816240  954.2613  955.4808
2021 04 22 23 47 00    -3.3285019   -1.0883389  954.2656  955.4720
2021 04 22 23 48 00    -3.3421098   -1.0951594  954.2696  955.4648
2021 04 22 23 49 00    -3.3556780   -1.1019967  954.2734  955.4581
2021 04 22 23 50 00    -3.3692299   -1.1088628  954.2768  955.4533
2021 04 22 23 51 00    -3.3828604   -1.1157818  954.2802  955.4510
2021 04 22 23 52 00    -3.3963914   -1.1225709  954.2838  955.4461
2021 04 22 23 53 00    -3.4097710   -1.1291569  954.2875  955.4391
2021 04 22 23 54 00    -3.4233363   -1.1358919  954.2913  955.4345
2021 04 22 23 55 00    -3.4371369   -1.1428831  954.2947  955.4284
2021 04 22 23 56 00    -3.4506783   -1.1497016  954.2978  955.4172
2021 04 22 23 57 00    -3.4639027   -1.1562964  954.3009  955.4083
2021 04 22 23 58 00    -3.4773143   -1.1630261  954.3042  955.4041
2021 04 22 23 59 00    -3.4909574   -1.1698526  954.3072  955.3957
