[TSF-file]     v01.0

[TIMEFORMAT]   DATETIME
[INCREMENT]    60
[CHANNELS]
    BF:SG056:G1-F60 
    BF:SG056:G2-F60 
    BF:SG056:Br1-F60
    BF:SG056:Br2-F60
[UNITS]
    Volt
    Volt
    mbar
    mbar
[UNDETVAL]                      9999.999
[PHASE_LAG_1_DEG_CPD]           0.0402
[PHASE_LAG_1_DEG_CPD_ERROR]     0.0002
[N_LATITUDE_DEG]                48.3294
[N_LATITUDE_DEG_ERROR]          0.0001
[E_LONGITUDE_DEG]               008.3284
[E_LONGITUDE_DEG_ERROR]         0.0001
[HEIGHT_M_1]                    589.20
[HEIGHT_M_1_ERROR]              0.01
[GRAVITY_CAL_1_UGAL_V]          -40.1100
[GRAVITY_CAL_1_UGAL_V_ERROR]    0.0300
[PRESSURE_CAL_MBAR_V]           1.0000
[PRESSURE_CAL_MBAR_V_ERROR]     0.0001
[AUTHOR]                        Thomas Forbriger@kit.edu
[PHASE_LAG_2_DEG_CPD]           0.0402
[PHASE_LAG_2_DEG_CPD_ERROR]     0.0002
[HEIGHT_M_2]                    589.40
[HEIGHT_M_2_ERROR]              0.01
[GRAVITY_CAL_2_UGAL_V]          -80.0699
[GRAVITY_CAL_2_UGAL_V_ERROR]    0.0600
[PRESSURE_ADMIT_HPA_NMS2]       -3.4000
[PRESSURE_MEAN_HPA]             0980.0
[COMMENT]                           
software upgrade and FitPC2 replacement on 29. July 2019



Date           Time     G1-F60        G2-F60        Br1-F60       Br2-F60      
[DATA]
2021 04 27 00 00 00    -3.6176109   -1.2352959  941.9589  941.5175
2021 04 27 00 01 00    -3.6223447   -1.2377065  941.9517  941.5053
2021 04 27 00 02 00    -3.6270779   -1.2401573  941.9437  941.4891
2021 04 27 00 03 00    -3.6320016   -1.2426189  941.9358  941.4839
2021 04 27 00 04 00    -3.6371641   -1.2452426  941.9287  941.4827
2021 04 27 00 05 00    -3.6424014   -1.2479743  941.9225  941.4693
2021 04 27 00 06 00    -3.6475175   -1.2505412  941.9162  941.4538
2021 04 27 00 07 00    -3.6525203   -1.2529737  941.9093  941.4521
2021 04 27 00 08 00    -3.6577740   -1.2555512  941.9017  941.4510
2021 04 27 00 09 00    -3.6634486   -1.2582928  941.8939  941.4303
2021 04 27 00 10 00    -3.6691580   -1.2610591  941.8868  941.3993
2021 04 27 00 11 00    -3.6746924   -1.2638912  941.8798  941.3739
2021 04 27 00 12 00    -3.6804481   -1.2668955  941.8717  941.3455
2021 04 27 00 13 00    -3.6866213   -1.2700302  941.8629  941.3076
2021 04 27 00 14 00    -3.6927943   -1.2731307  941.8547  941.2748
2021 04 27 00 15 00    -3.6987464   -1.2760801  941.8467  941.2547
2021 04 27 00 16 00    -3.7048039   -1.2790189  941.8384  941.2412
2021 04 27 00 17 00    -3.7110913   -1.2822101  941.8300  941.2341
2021 04 27 00 18 00    -3.7172713   -1.2855315  941.8221  941.2348
2021 04 27 00 19 00    -3.7232193   -1.2886160  941.8143  941.2316
2021 04 27 00 20 00    -3.7292649   -1.2915254  941.8065  941.2146
2021 04 27 00 21 00    -3.7356907   -1.2946123  941.7991  941.1924
2021 04 27 00 22 00    -3.7423769   -1.2978954  941.7922  941.1770
2021 04 27 00 23 00    -3.7491044   -1.3012585  941.7847  941.1695
2021 04 27 00 24 00    -3.7558790   -1.3047460  941.7763  941.1690
2021 04 27 00 25 00    -3.7626568   -1.3082139  941.7678  941.1689
2021 04 27 00 26 00    -3.7693479   -1.3115673  941.7594  941.1594
2021 04 27 00 27 00    -3.7761541   -1.3150222  941.7508  941.1527
2021 04 27 00 28 00    -3.7832650   -1.3185539  941.7428  941.1571
2021 04 27 00 29 00    -3.7904837   -1.3219910  941.7355  941.1530
2021 04 27 00 30 00    -3.7975617   -1.3254659  941.7282  941.1387
2021 04 27 00 31 00    -3.8045886   -1.3291102  941.7209  941.1334
2021 04 27 00 32 00    -3.8117591   -1.3328232  941.7137  941.1324
2021 04 27 00 33 00    -3.8190581   -1.3365072  941.7062  941.1249
2021 04 27 00 34 00    -3.8264506   -1.3401782  941.6982  941.1155
2021 04 27 00 35 00    -3.8340647   -1.3439044  941.6900  941.1084
2021 04 27 00 36 00    -3.8418375   -1.3477236  941.6820  941.1019
2021 04 27 00 37 00    -3.8494255   -1.3515716  941.6744  941.0969
2021 04 27 00 38 00    -3.8569029   -1.3554243  941.6677  941.0982
2021 04 27 00 39 00    -3.8646904   -1.3593568  941.6612  941.1060
2021 04 27 00 40 00    -3.8726823   -1.3632741  941.6544  941.1124
2021 04 27 00 41 00    -3.8804947   -1.3670523  941.6473  941.1129
2021 04 27 00 42 00    -3.8882181   -1.3708892  941.6401  941.1102
2021 04 27 00 43 00    -3.8962028   -1.3749571  941.6335  941.1049
2021 04 27 00 44 00    -3.9044625   -1.3790965  941.6273  941.0943
2021 04 27 00 45 00    -3.9127305   -1.3831716  941.6207  941.0779
2021 04 27 00 46 00    -3.9209778   -1.3872871  941.6135  941.0631
2021 04 27 00 47 00    -3.9293327   -1.3915108  941.6061  941.0600
2021 04 27 00 48 00    -3.9377090   -1.3957460  941.5985  941.0578
2021 04 27 00 49 00    -3.9460662   -1.3999467  941.5908  941.0372
2021 04 27 00 50 00    -3.9545434   -1.4041118  941.5835  941.0144
2021 04 27 00 51 00    -3.9631295   -1.4082703  941.5769  941.0105
2021 04 27 00 52 00    -3.9717255   -1.4125928  941.5703  941.0086
2021 04 27 00 53 00    -3.9804435   -1.4171539  941.5633  940.9967
2021 04 27 00 54 00    -3.9893413   -1.4217348  941.5564  940.9923
2021 04 27 00 55 00    -3.9981838   -1.4261338  941.5496  940.9953
2021 04 27 00 56 00    -4.0069131   -1.4304840  941.5422  940.9848
2021 04 27 00 57 00    -4.0157737   -1.4350009  941.5345  940.9653
2021 04 27 00 58 00    -4.0248232   -1.4396207  941.5275  940.9606
2021 04 27 00 59 00    -4.0338760   -1.4441360  941.5211  940.9695
2021 04 27 01 00 00    -4.0428096   -1.4484647  941.5145  940.9779
2021 04 27 01 01 00    -4.0516776   -1.4527419  941.5077  940.9881
2021 04 27 01 02 00    -4.0606203   -1.4571473  941.5014  940.9986
2021 04 27 01 03 00    -4.0696969   -1.4616796  941.4954  940.9979
2021 04 27 01 04 00    -4.0789582   -1.4663394  941.4889  940.9893
2021 04 27 01 05 00    -4.0884446   -1.4711735  941.4822  940.9839
2021 04 27 01 06 00    -4.0979604   -1.4760366  941.4760  940.9820
2021 04 27 01 07 00    -4.1074353   -1.4808384  941.4699  940.9784
2021 04 27 01 08 00    -4.1170341   -1.4856930  941.4633  940.9687
2021 04 27 01 09 00    -4.1266370   -1.4905558  941.4569  940.9555
2021 04 27 01 10 00    -4.1361175   -1.4953078  941.4510  940.9450
2021 04 27 01 11 00    -4.1456584   -1.5000337  941.4450  940.9380
2021 04 27 01 12 00    -4.1553082   -1.5048079  941.4386  940.9361
2021 04 27 01 13 00    -4.1649178   -1.5095833  941.4320  940.9398
2021 04 27 01 14 00    -4.1744723   -1.5143665  941.4251  940.9424
2021 04 27 01 15 00    -4.1841329   -1.5192567  941.4182  940.9379
2021 04 27 01 16 00    -4.1939575   -1.5242723  941.4119  940.9311
2021 04 27 01 17 00    -4.2038271   -1.5292498  941.4062  940.9315
2021 04 27 01 18 00    -4.2137798   -1.5341421  941.4008  940.9315
2021 04 27 01 19 00    -4.2238739   -1.5391263  941.3952  940.9216
2021 04 27 01 20 00    -4.2339001   -1.5441478  941.3891  940.9161
2021 04 27 01 21 00    -4.2437496   -1.5489631  941.3827  940.9152
2021 04 27 01 22 00    -4.2535798   -1.5537071  941.3762  940.8987
2021 04 27 01 23 00    -4.2636080   -1.5587114  941.3700  940.8815
2021 04 27 01 24 00    -4.2739264   -1.5639432  941.3642  940.8822
2021 04 27 01 25 00    -4.2842870   -1.5691206  941.3579  940.8786
2021 04 27 01 26 00    -4.2944812   -1.5741925  941.3511  940.8621
2021 04 27 01 27 00    -4.3047015   -1.5793686  941.3447  940.8500
2021 04 27 01 28 00    -4.3149904   -1.5846537  941.3390  940.8423
2021 04 27 01 29 00    -4.3252601   -1.5898920  941.3334  940.8294
2021 04 27 01 30 00    -4.3356533   -1.5951379  941.3274  940.8129
2021 04 27 01 31 00    -4.3460746   -1.6003710  941.3213  940.8040
2021 04 27 01 32 00    -4.3563603   -1.6054586  941.3148  940.8025
2021 04 27 01 33 00    -4.3667004   -1.6105457  941.3078  940.7930
2021 04 27 01 34 00    -4.3771758   -1.6158359  941.3006  940.7766
2021 04 27 01 35 00    -4.3876547   -1.6212368  941.2937  940.7664
2021 04 27 01 36 00    -4.3981233   -1.6265334  941.2875  940.7565
2021 04 27 01 37 00    -4.4085731   -1.6316558  941.2814  940.7434
2021 04 27 01 38 00    -4.4188571   -1.6367061  941.2747  940.7388
2021 04 27 01 39 00    -4.4290974   -1.6418843  941.2676  940.7438
2021 04 27 01 40 00    -4.4396514   -1.6472316  941.2607  940.7490
2021 04 27 01 41 00    -4.4504412   -1.6525526  941.2543  940.7504
2021 04 27 01 42 00    -4.4611731   -1.6578454  941.2480  940.7495
2021 04 27 01 43 00    -4.4717564   -1.6632547  941.2415  940.7496
2021 04 27 01 44 00    -4.4821190   -1.6686336  941.2349  940.7504
2021 04 27 01 45 00    -4.4923821   -1.6738110  941.2287  940.7484
2021 04 27 01 46 00    -4.5028492   -1.6788904  941.2232  940.7486
2021 04 27 01 47 00    -4.5135195   -1.6840112  941.2181  940.7599
2021 04 27 01 48 00    -4.5241431   -1.6892737  941.2125  940.7734
2021 04 27 01 49 00    -4.5347317   -1.6947710  941.2065  940.7726
2021 04 27 01 50 00    -4.5454487   -1.7002895  941.2006  940.7615
2021 04 27 01 51 00    -4.5561044   -1.7054663  941.1950  940.7546
2021 04 27 01 52 00    -4.5666165   -1.7105592  941.1893  940.7474
2021 04 27 01 53 00    -4.5773162   -1.7160476  941.1834  940.7273
2021 04 27 01 54 00    -4.5881937   -1.7216246  941.1771  940.7037
2021 04 27 01 55 00    -4.5989322   -1.7268650  941.1705  940.6928
2021 04 27 01 56 00    -4.6095094   -1.7320411  941.1644  940.6888
2021 04 27 01 57 00    -4.6201217   -1.7374504  941.1590  940.6810
2021 04 27 01 58 00    -4.6309263   -1.7429902  941.1533  940.6678
2021 04 27 01 59 00    -4.6418392   -1.7484666  941.1472  940.6493
2021 04 27 02 00 00    -4.6526514   -1.7538215  941.1414  940.6347
2021 04 27 02 01 00    -4.6634121   -1.7591792  941.1353  940.6254
2021 04 27 02 02 00    -4.6742263   -1.7645827  941.1282  940.6083
2021 04 27 02 03 00    -4.6849836   -1.7699551  941.1207  940.5906
2021 04 27 02 04 00    -4.6956199   -1.7753169  941.1134  940.5833
2021 04 27 02 05 00    -4.7061897   -1.7806672  941.1065  940.5715
2021 04 27 02 06 00    -4.7167846   -1.7859843  941.1005  940.5553
2021 04 27 02 07 00    -4.7275002   -1.7913646  941.0947  940.5518
2021 04 27 02 08 00    -4.7382644   -1.7968267  941.0882  940.5506
2021 04 27 02 09 00    -4.7489232   -1.8021640  941.0813  940.5382
2021 04 27 02 10 00    -4.7594668   -1.8072678  941.0745  940.5263
2021 04 27 02 11 00    -4.7700403   -1.8124484  941.0678  940.5215
2021 04 27 02 12 00    -4.7807497   -1.8179557  941.0614  940.5155
2021 04 27 02 13 00    -4.7913872   -1.8234346  941.0547  940.5034
2021 04 27 02 14 00    -4.8017469   -1.8285503  941.0475  940.4859
2021 04 27 02 15 00    -4.8121206   -1.8335742  941.0398  940.4680
2021 04 27 02 16 00    -4.8227323   -1.8387609  941.0325  940.4618
2021 04 27 02 17 00    -4.8332662   -1.8440169  941.0261  940.4722
2021 04 27 02 18 00    -4.8436335   -1.8493418  941.0202  940.4851
2021 04 27 02 19 00    -4.8541033   -1.8547360  941.0138  940.4864
2021 04 27 02 20 00    -4.8645208   -1.8599938  941.0068  940.4796
2021 04 27 02 21 00    -4.8747035   -1.8650768  940.9997  940.4737
2021 04 27 02 22 00    -4.8849228   -1.8701544  940.9931  940.4725
2021 04 27 02 23 00    -4.8952319   -1.8752362  940.9868  940.4720
2021 04 27 02 24 00    -4.9055576   -1.8803370  940.9807  940.4641
2021 04 27 02 25 00    -4.9160710   -1.8856592  940.9745  940.4488
2021 04 27 02 26 00    -4.9266205   -1.8911371  940.9683  940.4331
2021 04 27 02 27 00    -4.9369212   -1.8964260  940.9620  940.4167
2021 04 27 02 28 00    -4.9471052   -1.9014360  940.9552  940.3993
2021 04 27 02 29 00    -4.9572157   -1.9063550  940.9483  940.3922
2021 04 27 02 30 00    -4.9671140   -1.9113359  940.9415  940.4004
2021 04 27 02 31 00    -4.9770148   -1.9163534  940.9350  940.4108
2021 04 27 02 32 00    -4.9871407   -1.9213652  940.9291  940.4123
2021 04 27 02 33 00    -4.9973147   -1.9264375  940.9234  940.4130
2021 04 27 02 34 00    -5.0073418   -1.9314928  940.9173  940.4218
2021 04 27 02 35 00    -5.0172393   -1.9363718  940.9108  940.4269
2021 04 27 02 36 00    -5.0271406   -1.9412385  940.9048  940.4187
2021 04 27 02 37 00    -5.0371120   -1.9463080  940.8996  940.4064
2021 04 27 02 38 00    -5.0469913   -1.9513774  940.8942  940.3914
2021 04 27 02 39 00    -5.0567016   -1.9563031  940.8879  940.3719
2021 04 27 02 40 00    -5.0664236   -1.9612863  940.8816  940.3655
2021 04 27 02 41 00    -5.0761245   -1.9662051  940.8757  940.3768
2021 04 27 02 42 00    -5.0855953   -1.9707782  940.8696  940.3889
2021 04 27 02 43 00    -5.0949593   -1.9753029  940.8630  940.3967
2021 04 27 02 44 00    -5.1044036   -1.9800752  940.8567  940.3967
2021 04 27 02 45 00    -5.1138532   -1.9848242  940.8512  940.3899
2021 04 27 02 46 00    -5.1233360   -1.9894184  940.8460  940.3880
2021 04 27 02 47 00    -5.1329229   -1.9941240  940.8403  940.3859
2021 04 27 02 48 00    -5.1424207   -1.9990437  940.8347  940.3734
2021 04 27 02 49 00    -5.1517155   -2.0039566  940.8292  940.3584
2021 04 27 02 50 00    -5.1609601   -2.0086336  940.8234  940.3543
2021 04 27 02 51 00    -5.1702254   -2.0131363  940.8172  940.3625
2021 04 27 02 52 00    -5.1793628   -2.0176540  940.8113  940.3691
2021 04 27 02 53 00    -5.1882868   -2.0221467  940.8060  940.3654
2021 04 27 02 54 00    -5.1971476   -2.0265307  940.8005  940.3585
2021 04 27 02 55 00    -5.2060999   -2.0309646  940.7948  940.3552
2021 04 27 02 56 00    -5.2151018   -2.0355841  940.7894  940.3542
2021 04 27 02 57 00    -5.2240125   -2.0402070  940.7843  940.3483
2021 04 27 02 58 00    -5.2327455   -2.0445618  940.7787  940.3360
2021 04 27 02 59 00    -5.2413938   -2.0487428  940.7726  940.3266
2021 04 27 03 00 00    -5.2501602   -2.0531275  940.7666  940.3225
2021 04 27 03 01 00    -5.2589634   -2.0577078  940.7613  940.3202
2021 04 27 03 02 00    -5.2675673   -2.0620838  940.7565  940.3216
2021 04 27 03 03 00    -5.2760421   -2.0661926  940.7515  940.3233
2021 04 27 03 04 00    -5.2844623   -2.0702928  940.7461  940.3222
2021 04 27 03 05 00    -5.2927613   -2.0744310  940.7408  940.3265
2021 04 27 03 06 00    -5.3009934   -2.0784902  940.7357  940.3343
2021 04 27 03 07 00    -5.3091275   -2.0824715  940.7307  940.3386
2021 04 27 03 08 00    -5.3171316   -2.0864913  940.7260  940.3433
2021 04 27 03 09 00    -5.3251440   -2.0905677  940.7209  940.3451
2021 04 27 03 10 00    -5.3331946   -2.0945541  940.7149  940.3417
2021 04 27 03 11 00    -5.3413264   -2.0985481  940.7092  940.3461
2021 04 27 03 12 00    -5.3493117   -2.1026453  940.7047  940.3566
2021 04 27 03 13 00    -5.3567509   -2.1065255  940.7005  940.3533
2021 04 27 03 14 00    -5.3642761   -2.1103480  940.6959  940.3413
2021 04 27 03 15 00    -5.3722210   -2.1143743  940.6910  940.3480
2021 04 27 03 16 00    -5.3796188   -2.1181089  940.6862  940.3699
2021 04 27 03 17 00    -5.3866038   -2.1215904  940.6821  940.3874
2021 04 27 03 18 00    -5.3940534   -2.1253485  940.6786  940.4029
2021 04 27 03 19 00    -5.4016446   -2.1292316  940.6751  940.4063
2021 04 27 03 20 00    -5.4090247   -2.1330153  940.6707  940.3884
2021 04 27 03 21 00    -5.4163568   -2.1366879  940.6657  940.3727
2021 04 27 03 22 00    -5.4234473   -2.1401059  940.6608  940.3603
2021 04 27 03 23 00    -5.4302537   -2.1433770  940.6560  940.3354
2021 04 27 03 24 00    -5.4372135   -2.1468261  940.6514  940.3154
2021 04 27 03 25 00    -5.4444099   -2.1505060  940.6470  940.3163
2021 04 27 03 26 00    -5.4514043   -2.1541217  940.6425  940.3260
2021 04 27 03 27 00    -5.4579603   -2.1573704  940.6377  940.3237
2021 04 27 03 28 00    -5.4643851   -2.1604323  940.6325  940.3066
2021 04 27 03 29 00    -5.4709758   -2.1636958  940.6271  940.2951
2021 04 27 03 30 00    -5.4775399   -2.1670622  940.6217  940.2929
2021 04 27 03 31 00    -5.4838971   -2.1702685  940.6166  940.2888
2021 04 27 03 32 00    -5.4901677   -2.1733852  940.6118  940.2855
2021 04 27 03 33 00    -5.4963086   -2.1764608  940.6067  940.2828
2021 04 27 03 34 00    -5.5022463   -2.1794012  940.6011  940.2776
2021 04 27 03 35 00    -5.5081930   -2.1822898  940.5958  940.2786
2021 04 27 03 36 00    -5.5141742   -2.1852501  940.5912  940.2884
2021 04 27 03 37 00    -5.5198789   -2.1881725  940.5866  940.2947
2021 04 27 03 38 00    -5.5253282   -2.1909714  940.5818  940.2909
2021 04 27 03 39 00    -5.5308724   -2.1937772  940.5772  940.2880
2021 04 27 03 40 00    -5.5365018   -2.1966451  940.5730  940.2913
2021 04 27 03 41 00    -5.5420054   -2.1994668  940.5687  940.2850
2021 04 27 03 42 00    -5.5473864   -2.2021141  940.5638  940.2649
2021 04 27 03 43 00    -5.5526907   -2.2045974  940.5589  940.2479
2021 04 27 03 44 00    -5.5578504   -2.2071607  940.5544  940.2375
2021 04 27 03 45 00    -5.5627469   -2.2098539  940.5494  940.2285
2021 04 27 03 46 00    -5.5674778   -2.2123638  940.5442  940.2280
2021 04 27 03 47 00    -5.5722910   -2.2146089  940.5391  940.2341
2021 04 27 03 48 00    -5.5771214   -2.2168777  940.5340  940.2313
2021 04 27 03 49 00    -5.5817996   -2.2192946  940.5289  940.2158
2021 04 27 03 50 00    -5.5863622   -2.2216205  940.5241  940.1979
2021 04 27 03 51 00    -5.5908478   -2.2237454  940.5196  940.1890
2021 04 27 03 52 00    -5.5952818   -2.2259349  940.5151  940.1893
2021 04 27 03 53 00    -5.5995891   -2.2281933  940.5098  940.1858
2021 04 27 03 54 00    -5.6036012   -2.2302377  940.5036  940.1812
2021 04 27 03 55 00    -5.6074479   -2.2322028  940.4979  940.1906
2021 04 27 03 56 00    -5.6113619   -2.2342251  940.4937  940.2091
2021 04 27 03 57 00    -5.6152154   -2.2360686  940.4904  940.2205
2021 04 27 03 58 00    -5.6187963   -2.2378153  940.4867  940.2190
2021 04 27 03 59 00    -5.6221537   -2.2396595  940.4819  940.2140
2021 04 27 04 00 00    -5.6254215   -2.2414065  940.4767  940.2185
2021 04 27 04 01 00    -5.6286680   -2.2430017  940.4724  940.2252
2021 04 27 04 02 00    -5.6318794   -2.2445951  940.4685  940.2252
2021 04 27 04 03 00    -5.6349573   -2.2461142  940.4644  940.2267
2021 04 27 04 04 00    -5.6378577   -2.2474796  940.4596  940.2304
2021 04 27 04 05 00    -5.6406883   -2.2488654  940.4543  940.2330
2021 04 27 04 06 00    -5.6434960   -2.2503507  940.4497  940.2396
2021 04 27 04 07 00    -5.6461181   -2.2517037  940.4463  940.2443
2021 04 27 04 08 00    -5.6486278   -2.2529040  940.4432  940.2376
2021 04 27 04 09 00    -5.6513333   -2.2541839  940.4396  940.2233
2021 04 27 04 10 00    -5.6540498   -2.2554445  940.4353  940.2099
2021 04 27 04 11 00    -5.6564041   -2.2565295  940.4306  940.2037
2021 04 27 04 12 00    -5.6584312   -2.2575474  940.4258  940.2026
2021 04 27 04 13 00    -5.6603538   -2.2585463  940.4213  940.1977
2021 04 27 04 14 00    -5.6623008   -2.2594610  940.4172  940.1948
2021 04 27 04 15 00    -5.6640156   -2.2602065  940.4130  940.1988
2021 04 27 04 16 00    -5.6653996   -2.2608809  940.4091  940.1991
2021 04 27 04 17 00    -5.6668573   -2.2616763  940.4054  940.2005
2021 04 27 04 18 00    -5.6682745   -2.2624143  940.4013  940.2094
2021 04 27 04 19 00    -5.6693286   -2.2629298  940.3968  940.2110
2021 04 27 04 20 00    -5.6703368   -2.2634168  940.3925  940.2047
2021 04 27 04 21 00    -5.6714655   -2.2639432  940.3884  940.2045
2021 04 27 04 22 00    -5.6724773   -2.2644141  940.3841  940.2087
2021 04 27 04 23 00    -5.6733245   -2.2648405  940.3799  940.2098
2021 04 27 04 24 00    -5.6740199   -2.2652326  940.3765  940.2051
2021 04 27 04 25 00    -5.6745484   -2.2655543  940.3734  940.1987
2021 04 27 04 26 00    -5.6750719   -2.2658578  940.3699  940.1933
2021 04 27 04 27 00    -5.6756323   -2.2661833  940.3659  940.1754
2021 04 27 04 28 00    -5.6760130   -2.2663467  940.3620  940.1523
2021 04 27 04 29 00    -5.6761334   -2.2662451  940.3580  940.1481
2021 04 27 04 30 00    -5.6761071   -2.2661452  940.3538  940.1519
2021 04 27 04 31 00    -5.6759135   -2.2661932  940.3494  940.1526
2021 04 27 04 32 00    -5.6754443   -2.2661583  940.3453  940.1599
2021 04 27 04 33 00    -5.6748519   -2.2659209  940.3412  940.1616
2021 04 27 04 34 00    -5.6743132   -2.2655371  940.3374  940.1503
2021 04 27 04 35 00    -5.6737203   -2.2650116  940.3340  940.1430
2021 04 27 04 36 00    -5.6730248   -2.2645399  940.3306  940.1394
2021 04 27 04 37 00    -5.6722089   -2.2642423  940.3269  940.1268
2021 04 27 04 38 00    -5.6711548   -2.2638013  940.3225  940.1108
2021 04 27 04 39 00    -5.6700594   -2.2631596  940.3174  940.1008
2021 04 27 04 40 00    -5.6690358   -2.2625898  940.3122  940.0943
2021 04 27 04 41 00    -5.6676494   -2.2620327  940.3076  940.0894
2021 04 27 04 42 00    -5.6658307   -2.2613782  940.3037  940.0898
2021 04 27 04 43 00    -5.6640089   -2.2605859  940.2994  940.0937
2021 04 27 04 44 00    -5.6621201   -2.2594397  940.2949  940.0991
2021 04 27 04 45 00    -5.6599853   -2.2580947  940.2906  940.1064
2021 04 27 04 46 00    -5.6578732   -2.2570400  940.2868  940.1067
2021 04 27 04 47 00    -5.6557921   -2.2561890  940.2833  940.0984
2021 04 27 04 48 00    -5.6535434   -2.2551191  940.2800  940.0953
2021 04 27 04 49 00    -5.6512149   -2.2538685  940.2764  940.0950
2021 04 27 04 50 00    -5.6487509   -2.2525927  940.2721  940.0929
2021 04 27 04 51 00    -5.6460041   -2.2512376  940.2672  940.0985
2021 04 27 04 52 00    -5.6430734   -2.2498543  940.2631  940.1070
2021 04 27 04 53 00    -5.6400139   -2.2484205  940.2599  940.1104
2021 04 27 04 54 00    -5.6367946   -2.2467744  940.2569  940.1176
2021 04 27 04 55 00    -5.6334083   -2.2450316  940.2533  940.1311
2021 04 27 04 56 00    -5.6298270   -2.2433229  940.2495  940.1399
2021 04 27 04 57 00    -5.6262093   -2.2415289  940.2465  940.1438
2021 04 27 04 58 00    -5.6227871   -2.2396747  940.2440  940.1537
2021 04 27 04 59 00    -5.6192909   -2.2378244  940.2407  940.1672
2021 04 27 05 00 00    -5.6152783   -2.2358687  940.2372  940.1768
2021 04 27 05 01 00    -5.6109845   -2.2338665  940.2344  940.1910
2021 04 27 05 02 00    -5.6067654   -2.2318890  940.2321  940.2121
2021 04 27 05 03 00    -5.6023700   -2.2297184  940.2297  940.2267
2021 04 27 05 04 00    -5.5977232   -2.2273116  940.2278  940.2340
2021 04 27 05 05 00    -5.5931339   -2.2249313  940.2260  940.2417
2021 04 27 05 06 00    -5.5885158   -2.2226272  940.2237  940.2461
2021 04 27 05 07 00    -5.5836536   -2.2202401  940.2213  940.2463
2021 04 27 05 08 00    -5.5786371   -2.2177330  940.2194  940.2461
2021 04 27 05 09 00    -5.5735025   -2.2151350  940.2178  940.2421
2021 04 27 05 10 00    -5.5682409   -2.2124205  940.2157  940.2398
2021 04 27 05 11 00    -5.5629676   -2.2096426  940.2133  940.2472
2021 04 27 05 12 00    -5.5576121   -2.2069714  940.2114  940.2544
2021 04 27 05 13 00    -5.5520253   -2.2043858  940.2103  940.2556
2021 04 27 05 14 00    -5.5462964   -2.2016174  940.2090  940.2537
2021 04 27 05 15 00    -5.5404824   -2.1986150  940.2068  940.2422
2021 04 27 05 16 00    -5.5345297   -2.1955709  940.2041  940.2257
2021 04 27 05 17 00    -5.5284631   -2.1925157  940.2014  940.2245
2021 04 27 05 18 00    -5.5222978   -2.1894172  940.1986  940.2376
2021 04 27 05 19 00    -5.5160311   -2.1862981  940.1961  940.2440
2021 04 27 05 20 00    -5.5096758   -2.1830758  940.1944  940.2403
2021 04 27 05 21 00    -5.5031526   -2.1796948  940.1927  940.2404
2021 04 27 05 22 00    -5.4963772   -2.1762526  940.1902  940.2465
2021 04 27 05 23 00    -5.4894035   -2.1728123  940.1876  940.2515
2021 04 27 05 24 00    -5.4823780   -2.1693121  940.1852  940.2540
2021 04 27 05 25 00    -5.4753865   -2.1657664  940.1832  940.2572
2021 04 27 05 26 00    -5.4682724   -2.1622661  940.1817  940.2621
2021 04 27 05 27 00    -5.4608786   -2.1587113  940.1804  940.2591
2021 04 27 05 28 00    -5.4533647   -2.1549675  940.1788  940.2434
2021 04 27 05 29 00    -5.4458634   -2.1511218  940.1768  940.2317
2021 04 27 05 30 00    -5.4382343   -2.1472406  940.1744  940.2300
2021 04 27 05 31 00    -5.4303201   -2.1432596  940.1718  940.2294
2021 04 27 05 32 00    -5.4221802   -2.1392055  940.1694  940.2355
2021 04 27 05 33 00    -5.4139776   -2.1351648  940.1674  940.2486
2021 04 27 05 34 00    -5.4056542   -2.1310890  940.1656  940.2564
2021 04 27 05 35 00    -5.3970713   -2.1267847  940.1640  940.2589
2021 04 27 05 36 00    -5.3882796   -2.1221974  940.1627  940.2649
2021 04 27 05 37 00    -5.3794591   -2.1176349  940.1613  940.2711
2021 04 27 05 38 00    -5.3707562   -2.1132655  940.1596  940.2697
2021 04 27 05 39 00    -5.3620308   -2.1088473  940.1573  940.2709
2021 04 27 05 40 00    -5.3530639   -2.1043309  940.1549  940.2858
2021 04 27 05 41 00    -5.3438969   -2.0998361  940.1531  940.3044
2021 04 27 05 42 00    -5.3345883   -2.0952859  940.1521  940.3188
2021 04 27 05 43 00    -5.3251223   -2.0906616  940.1513  940.3307
2021 04 27 05 44 00    -5.3154760   -2.0859517  940.1504  940.3392
2021 04 27 05 45 00    -5.3056630   -2.0810092  940.1498  940.3441
2021 04 27 05 46 00    -5.2958169   -2.0759190  940.1492  940.3413
2021 04 27 05 47 00    -5.2859520   -2.0709307  940.1479  940.3320
2021 04 27 05 48 00    -5.2760504   -2.0659859  940.1456  940.3277
2021 04 27 05 49 00    -5.2661340   -2.0609136  940.1432  940.3274
2021 04 27 05 50 00    -5.2559963   -2.0558264  940.1422  940.3265
2021 04 27 05 51 00    -5.2455783   -2.0507837  940.1423  940.3306
2021 04 27 05 52 00    -5.2350028   -2.0455484  940.1419  940.3357
2021 04 27 05 53 00    -5.2241930   -2.0400632  940.1408  940.3300
2021 04 27 05 54 00    -5.2132127   -2.0345236  940.1398  940.3190
2021 04 27 05 55 00    -5.2022208   -2.0289730  940.1390  940.3185
2021 04 27 05 56 00    -5.1911785   -2.0234321  940.1376  940.3307
2021 04 27 05 57 00    -5.1800904   -2.0179588  940.1362  940.3434
2021 04 27 05 58 00    -5.1689412   -2.0123986  940.1351  940.3501
2021 04 27 05 59 00    -5.1576787   -2.0067359  940.1337  940.3540
2021 04 27 06 00 00    -5.1463169   -2.0011316  940.1320  940.3493
2021 04 27 06 01 00    -5.1347435   -1.9954063  940.1306  940.3309
2021 04 27 06 02 00    -5.1229641   -1.9894880  940.1297  940.3151
2021 04 27 06 03 00    -5.1111938   -1.9836798  940.1290  940.3146
2021 04 27 06 04 00    -5.0993448   -1.9778669  940.1277  940.3201
2021 04 27 06 05 00    -5.0871625   -1.9716587  940.1255  940.3241
2021 04 27 06 06 00    -5.0748031   -1.9652739  940.1234  940.3294
2021 04 27 06 07 00    -5.0625958   -1.9591834  940.1221  940.3345
2021 04 27 06 08 00    -5.0504623   -1.9532093  940.1214  940.3332
2021 04 27 06 09 00    -5.0380854   -1.9469503  940.1204  940.3218
2021 04 27 06 10 00    -5.0253624   -1.9405210  940.1188  940.3065
2021 04 27 06 11 00    -5.0124618   -1.9341020  940.1166  940.2985
2021 04 27 06 12 00    -4.9996274   -1.9276480  940.1147  940.2981
2021 04 27 06 13 00    -4.9868271   -1.9211823  940.1136  940.2961
2021 04 27 06 14 00    -4.9738024   -1.9146726  940.1125  940.2935
2021 04 27 06 15 00    -4.9605533   -1.9080284  940.1109  940.3000
2021 04 27 06 16 00    -4.9471833   -1.9012672  940.1090  940.3131
2021 04 27 06 17 00    -4.9336370   -1.8944201  940.1076  940.3240
2021 04 27 06 18 00    -4.9200545   -1.8876090  940.1066  940.3312
2021 04 27 06 19 00    -4.9065920   -1.8809754  940.1056  940.3319
2021 04 27 06 20 00    -4.8929662   -1.8743248  940.1044  940.3247
2021 04 27 06 21 00    -4.8790328   -1.8673928  940.1028  940.3174
2021 04 27 06 22 00    -4.8651678   -1.8603419  940.1009  940.3112
2021 04 27 06 23 00    -4.8514215   -1.8533507  940.0990  940.2988
2021 04 27 06 24 00    -4.8373873   -1.8462568  940.0977  940.2839
2021 04 27 06 25 00    -4.8230606   -1.8390534  940.0966  940.2770
2021 04 27 06 26 00    -4.8087815   -1.8319468  940.0946  940.2744
2021 04 27 06 27 00    -4.7945618   -1.8248906  940.0917  940.2691
2021 04 27 06 28 00    -4.7800794   -1.8176681  940.0895  940.2611
2021 04 27 06 29 00    -4.7653295   -1.8102782  940.0880  940.2526
2021 04 27 06 30 00    -4.7506747   -1.8028656  940.0860  940.2467
2021 04 27 06 31 00    -4.7360705   -1.7954298  940.0835  940.2403
2021 04 27 06 32 00    -4.7211617   -1.7879455  940.0814  940.2285
2021 04 27 06 33 00    -4.7059431   -1.7804428  940.0800  940.2199
2021 04 27 06 34 00    -4.6906494   -1.7728437  940.0780  940.2229
2021 04 27 06 35 00    -4.6753322   -1.7651114  940.0750  940.2347
2021 04 27 06 36 00    -4.6598468   -1.7573385  940.0724  940.2532
2021 04 27 06 37 00    -4.6442729   -1.7496049  940.0708  940.2765
2021 04 27 06 38 00    -4.6288563   -1.7419538  940.0694  940.2954
2021 04 27 06 39 00    -4.6134302   -1.7342796  940.0678  940.2995
2021 04 27 06 40 00    -4.5976016   -1.7263309  940.0670  940.2930
2021 04 27 06 41 00    -4.5814408   -1.7181334  940.0663  940.2956
2021 04 27 06 42 00    -4.5653861   -1.7100400  940.0649  940.3095
2021 04 27 06 43 00    -4.5495139   -1.7021366  940.0635  940.3106
2021 04 27 06 44 00    -4.5334569   -1.6941295  940.0626  940.2950
2021 04 27 06 45 00    -4.5171824   -1.6859112  940.0618  940.2857
2021 04 27 06 46 00    -4.5010684   -1.6777070  940.0607  940.2909
2021 04 27 06 47 00    -4.4850656   -1.6696245  940.0592  940.2996
2021 04 27 06 48 00    -4.4687782   -1.6615067  940.0576  940.2995
2021 04 27 06 49 00    -4.4521195   -1.6532354  940.0559  940.2852
2021 04 27 06 50 00    -4.4352900   -1.6448710  940.0543  940.2662
2021 04 27 06 51 00    -4.4185082   -1.6364750  940.0526  940.2544
2021 04 27 06 52 00    -4.4017416   -1.6280338  940.0509  940.2506
2021 04 27 06 53 00    -4.3848930   -1.6195922  940.0491  940.2530
2021 04 27 06 54 00    -4.3681104   -1.6111771  940.0475  940.2584
2021 04 27 06 55 00    -4.3513462   -1.6027356  940.0462  940.2582
2021 04 27 06 56 00    -4.3343250   -1.5942622  940.0445  940.2503
2021 04 27 06 57 00    -4.3170729   -1.5857285  940.0423  940.2424
2021 04 27 06 58 00    -4.2997420   -1.5770788  940.0400  940.2398
2021 04 27 06 59 00    -4.2823409   -1.5683640  940.0376  940.2391
2021 04 27 07 00 00    -4.2649167   -1.5596478  940.0352  940.2373
2021 04 27 07 01 00    -4.2474957   -1.5508672  940.0329  940.2388
2021 04 27 07 02 00    -4.2299986   -1.5419538  940.0312  940.2395
2021 04 27 07 03 00    -4.2124413   -1.5330887  940.0298  940.2298
2021 04 27 07 04 00    -4.1948424   -1.5244382  940.0280  940.2192
2021 04 27 07 05 00    -4.1771173   -1.5157228  940.0257  940.2187
2021 04 27 07 06 00    -4.1592913   -1.5067079  940.0232  940.2176
2021 04 27 07 07 00    -4.1414461   -1.4976555  940.0208  940.2062
2021 04 27 07 08 00    -4.1236171   -1.4887497  940.0184  940.1918
2021 04 27 07 09 00    -4.1057926   -1.4798031  940.0158  940.1820
2021 04 27 07 10 00    -4.0877794   -1.4707576  940.0129  940.1722
2021 04 27 07 11 00    -4.0694725   -1.4617186  940.0101  940.1554
2021 04 27 07 12 00    -4.0511492   -1.4526382  940.0072  940.1373
2021 04 27 07 13 00    -4.0329585   -1.4434476  940.0040  940.1300
2021 04 27 07 14 00    -4.0146698   -1.4341553  940.0008  940.1330
2021 04 27 07 15 00    -3.9962166   -1.4248229  939.9985  940.1335
2021 04 27 07 16 00    -3.9777596   -1.4155350  939.9963  940.1276
2021 04 27 07 17 00    -3.9593435   -1.4063133  939.9930  940.1187
2021 04 27 07 18 00    -3.9408699   -1.3970980  939.9886  940.1039
2021 04 27 07 19 00    -3.9222134   -1.3877347  939.9849  940.0830
2021 04 27 07 20 00    -3.9034983   -1.3782843  939.9822  940.0683
2021 04 27 07 21 00    -3.8849304   -1.3690196  939.9794  940.0652
2021 04 27 07 22 00    -3.8662462   -1.3597988  939.9755  940.0607
2021 04 27 07 23 00    -3.8471751   -1.3503055  939.9710  940.0506
2021 04 27 07 24 00    -3.8280668   -1.3407036  939.9670  940.0481
2021 04 27 07 25 00    -3.8092316   -1.3312551  939.9638  940.0524
2021 04 27 07 26 00    -3.7903102   -1.3217851  939.9609  940.0492
2021 04 27 07 27 00    -3.7709322   -1.3121155  939.9576  940.0390
2021 04 27 07 28 00    -3.7514548   -1.3024916  939.9535  940.0290
2021 04 27 07 29 00    -3.7323192   -1.2930191  939.9495  940.0221
2021 04 27 07 30 00    -3.7133187   -1.2834566  939.9458  940.0208
2021 04 27 07 31 00    -3.6941331   -1.2738011  939.9423  940.0251
2021 04 27 07 32 00    -3.6747536   -1.2641418  939.9389  940.0282
2021 04 27 07 33 00    -3.6553378   -1.2543816  939.9358  940.0256
2021 04 27 07 34 00    -3.6360465   -1.2446153  939.9326  940.0219
2021 04 27 07 35 00    -3.6167426   -1.2349440  939.9290  940.0191
2021 04 27 07 36 00    -3.5972130   -1.2251882  939.9250  940.0137
2021 04 27 07 37 00    -3.5775931   -1.2152956  939.9212  940.0094
2021 04 27 07 38 00    -3.5580011   -1.2054083  939.9181  940.0099
2021 04 27 07 39 00    -3.5383540   -1.1956045  939.9152  940.0091
2021 04 27 07 40 00    -3.5187054   -1.1858741  939.9123  940.0036
2021 04 27 07 41 00    -3.4990701   -1.1761394  939.9089  939.9998
2021 04 27 07 42 00    -3.4792664   -1.1663039  939.9051  940.0035
2021 04 27 07 43 00    -3.4592914   -1.1562935  939.9012  940.0071
2021 04 27 07 44 00    -3.4393573   -1.1461927  939.8977  940.0031
2021 04 27 07 45 00    -3.4196213   -1.1362481  939.8947  940.0022
2021 04 27 07 46 00    -3.3999654   -1.1264466  939.8917  940.0064
2021 04 27 07 47 00    -3.3800608   -1.1165350  939.8887  940.0004
2021 04 27 07 48 00    -3.3599543   -1.1064866  939.8861  939.9864
2021 04 27 07 49 00    -3.3399998   -1.0964288  939.8832  939.9776
2021 04 27 07 50 00    -3.3201303   -1.0863959  939.8800  939.9754
2021 04 27 07 51 00    -3.3001023   -1.0764277  939.8764  939.9732
2021 04 27 07 52 00    -3.2800212   -1.0665150  939.8724  939.9635
2021 04 27 07 53 00    -3.2600109   -1.0564672  939.8686  939.9484
2021 04 27 07 54 00    -3.2399955   -1.0462763  939.8653  939.9438
2021 04 27 07 55 00    -3.2198670   -1.0361717  939.8618  939.9586
2021 04 27 07 56 00    -3.1995871   -1.0261382  939.8584  939.9761
2021 04 27 07 57 00    -3.1792995   -1.0160366  939.8555  939.9780
2021 04 27 07 58 00    -3.1591367   -1.0058841  939.8530  939.9751
2021 04 27 07 59 00    -3.1389833   -0.9956998  939.8505  939.9858
2021 04 27 08 00 00    -3.1187430   -0.9855083  939.8479  940.0023
2021 04 27 08 01 00    -3.0984854   -0.9753620  939.8457  940.0114
2021 04 27 08 02 00    -3.0782611   -0.9652143  939.8439  940.0122
2021 04 27 08 03 00    -3.0581313   -0.9550805  939.8418  940.0041
2021 04 27 08 04 00    -3.0380586   -0.9450566  939.8391  939.9919
2021 04 27 08 05 00    -3.0178151   -0.9350384  939.8363  939.9870
2021 04 27 08 06 00    -2.9974096   -0.9249298  939.8339  939.9901
2021 04 27 08 07 00    -2.9770445   -0.9147791  939.8314  939.9887
2021 04 27 08 08 00    -2.9567228   -0.9045486  939.8287  939.9765
2021 04 27 08 09 00    -2.9364612   -0.8943046  939.8257  939.9614
2021 04 27 08 10 00    -2.9163702   -0.8842220  939.8229  939.9492
2021 04 27 08 11 00    -2.8963251   -0.8742018  939.8208  939.9427
2021 04 27 08 12 00    -2.8760470   -0.8640542  939.8192  939.9493
2021 04 27 08 13 00    -2.8556077   -0.8539061  939.8168  939.9601
2021 04 27 08 14 00    -2.8353010   -0.8438864  939.8135  939.9585
2021 04 27 08 15 00    -2.8150432   -0.8337629  939.8105  939.9584
2021 04 27 08 16 00    -2.7947036   -0.8234676  939.8081  939.9757
2021 04 27 08 17 00    -2.7744369   -0.8132722  939.8056  939.9926
2021 04 27 08 18 00    -2.7542125   -0.8031805  939.8030  939.9934
2021 04 27 08 19 00    -2.7339188   -0.7930214  939.8008  939.9835
2021 04 27 08 20 00    -2.7136658   -0.7828661  939.7988  939.9743
2021 04 27 08 21 00    -2.6935206   -0.7728287  939.7963  939.9731
2021 04 27 08 22 00    -2.6734751   -0.7628795  939.7934  939.9699
2021 04 27 08 23 00    -2.6534850   -0.7529042  939.7904  939.9547
2021 04 27 08 24 00    -2.6333095   -0.7427420  939.7872  939.9426
2021 04 27 08 25 00    -2.6129141   -0.7324317  939.7840  939.9425
2021 04 27 08 26 00    -2.5927093   -0.7222601  939.7816  939.9460
2021 04 27 08 27 00    -2.5727137   -0.7122281  939.7798  939.9498
2021 04 27 08 28 00    -2.5525088   -0.7021413  939.7776  939.9464
2021 04 27 08 29 00    -2.5322331   -0.6921461  939.7747  939.9346
2021 04 27 08 30 00    -2.5121721   -0.6822374  939.7718  939.9315
2021 04 27 08 31 00    -2.4920363   -0.6720527  939.7691  939.9350
2021 04 27 08 32 00    -2.4716962   -0.6616891  939.7663  939.9342
2021 04 27 08 33 00    -2.4514918   -0.6515577  939.7638  939.9379
2021 04 27 08 34 00    -2.4315867   -0.6416278  939.7615  939.9466
2021 04 27 08 35 00    -2.4117868   -0.6316474  939.7592  939.9448
2021 04 27 08 36 00    -2.3918133   -0.6215210  939.7566  939.9337
2021 04 27 08 37 00    -2.3716939   -0.6113579  939.7540  939.9306
2021 04 27 08 38 00    -2.3517881   -0.6014090  939.7513  939.9359
2021 04 27 08 39 00    -2.3321403   -0.5916484  939.7485  939.9343
2021 04 27 08 40 00    -2.3124245   -0.5818448  939.7459  939.9224
2021 04 27 08 41 00    -2.2926132   -0.5719908  939.7440  939.9080
2021 04 27 08 42 00    -2.2729628   -0.5621479  939.7423  939.8970
2021 04 27 08 43 00    -2.2534637   -0.5523402  939.7402  939.8937
2021 04 27 08 44 00    -2.2339242   -0.5425735  939.7374  939.8952
2021 04 27 08 45 00    -2.2144013   -0.5327947  939.7345  939.8901
2021 04 27 08 46 00    -2.1949225   -0.5230210  939.7318  939.8745
2021 04 27 08 47 00    -2.1752846   -0.5132445  939.7294  939.8554
2021 04 27 08 48 00    -2.1555437   -0.5033506  939.7264  939.8433
2021 04 27 08 49 00    -2.1359925   -0.4934082  939.7228  939.8543
2021 04 27 08 50 00    -2.1166074   -0.4836434  939.7191  939.8869
2021 04 27 08 51 00    -2.0972308   -0.4740425  939.7155  939.9086
2021 04 27 08 52 00    -2.0779002   -0.4643695  939.7126  939.9006
2021 04 27 08 53 00    -2.0585627   -0.4545863  939.7107  939.8761
2021 04 27 08 54 00    -2.0392236   -0.4449050  939.7088  939.8508
2021 04 27 08 55 00    -2.0200406   -0.4353699  939.7059  939.8348
2021 04 27 08 56 00    -2.0009820   -0.4258677  939.7026  939.8315
2021 04 27 08 57 00    -1.9819023   -0.4163486  939.6990  939.8337
2021 04 27 08 58 00    -1.9627761   -0.4067913  939.6949  939.8330
2021 04 27 08 59 00    -1.9437524   -0.3972776  939.6909  939.8283
2021 04 27 09 00 00    -1.9247638   -0.3877580  939.6877  939.8217
2021 04 27 09 01 00    -1.9057208   -0.3781236  939.6851  939.8115
2021 04 27 09 02 00    -1.8869351   -0.3685749  939.6822  939.8000
2021 04 27 09 03 00    -1.8683573   -0.3591883  939.6791  939.7953
2021 04 27 09 04 00    -1.8496325   -0.3498411  939.6760  939.7940
2021 04 27 09 05 00    -1.8307501   -0.3405121  939.6729  939.7836
2021 04 27 09 06 00    -1.8119328   -0.3312114  939.6698  939.7669
2021 04 27 09 07 00    -1.7933984   -0.3219612  939.6665  939.7554
2021 04 27 09 08 00    -1.7751083   -0.3127603  939.6630  939.7522
2021 04 27 09 09 00    -1.7568337   -0.3035671  939.6596  939.7544
2021 04 27 09 10 00    -1.7383789   -0.2943081  939.6569  939.7606
2021 04 27 09 11 00    -1.7199763   -0.2850551  939.6541  939.7709
2021 04 27 09 12 00    -1.7019278   -0.2760014  939.6507  939.7849
2021 04 27 09 13 00    -1.6839678   -0.2671289  939.6471  939.7975
2021 04 27 09 14 00    -1.6658101   -0.2581677  939.6439  939.8009
2021 04 27 09 15 00    -1.6475834   -0.2490055  939.6409  939.7920
2021 04 27 09 16 00    -1.6296226   -0.2399610  939.6378  939.7720
2021 04 27 09 17 00    -1.6119335   -0.2311083  939.6348  939.7460
2021 04 27 09 18 00    -1.5941388   -0.2221272  939.6315  939.7311
2021 04 27 09 19 00    -1.5761073   -0.2130541  939.6281  939.7420
2021 04 27 09 20 00    -1.5580645   -0.2040837  939.6247  939.7649
2021 04 27 09 21 00    -1.5403306   -0.1952430  939.6220  939.7791
2021 04 27 09 22 00    -1.5230118   -0.1865753  939.6198  939.7806
2021 04 27 09 23 00    -1.5057767   -0.1779538  939.6174  939.7679
2021 04 27 09 24 00    -1.4883261   -0.1691978  939.6145  939.7559
2021 04 27 09 25 00    -1.4708654   -0.1604355  939.6113  939.7746
2021 04 27 09 26 00    -1.4536680   -0.1518412  939.6084  939.8134
2021 04 27 09 27 00    -1.4366426   -0.1433344  939.6059  939.8205
2021 04 27 09 28 00    -1.4196151   -0.1347284  939.6034  939.7782
2021 04 27 09 29 00    -1.4026106   -0.1260584  939.6005  939.7305
2021 04 27 09 30 00    -1.3857338   -0.1175786  939.5972  939.7144
2021 04 27 09 31 00    -1.3690182   -0.1093616  939.5938  939.7186
2021 04 27 09 32 00    -1.3524405   -0.1012014  939.5901  939.7237
2021 04 27 09 33 00    -1.3358509   -0.0928647  939.5858  939.7175
2021 04 27 09 34 00    -1.3192277   -0.0844220  939.5813  939.6932
2021 04 27 09 35 00    -1.3028920   -0.0762146  939.5772  939.6667
2021 04 27 09 36 00    -1.2867251   -0.0681968  939.5737  939.6584
2021 04 27 09 37 00    -1.2703441   -0.0600602  939.5705  939.6656
2021 04 27 09 38 00    -1.2540001   -0.0519015  939.5668  939.6675
2021 04 27 09 39 00    -1.2378743   -0.0438581  939.5627  939.6535
2021 04 27 09 40 00    -1.2218733   -0.0358595  939.5586  939.6450
2021 04 27 09 41 00    -1.2061736   -0.0279795  939.5555  939.6621
2021 04 27 09 42 00    -1.1906318   -0.0202094  939.5527  939.6779
2021 04 27 09 43 00    -1.1748853   -0.0123496  939.5489  939.6616
2021 04 27 09 44 00    -1.1591174   -0.0043903  939.5444  939.6279
2021 04 27 09 45 00    -1.1436100    0.0035373  939.5400  939.5970
2021 04 27 09 46 00    -1.1282682    0.0113330  939.5358  939.5791
2021 04 27 09 47 00    -1.1129937    0.0189310  939.5320  939.5917
2021 04 27 09 48 00    -1.0979937    0.0263400  939.5285  939.6133
2021 04 27 09 49 00    -1.0834121    0.0335953  939.5249  939.5956
2021 04 27 09 50 00    -1.0687632    0.0408635  939.5206  939.5479
2021 04 27 09 51 00    -1.0536578    0.0483400  939.5159  939.5144
2021 04 27 09 52 00    -1.0386743    0.0558521  939.5112  939.4979
2021 04 27 09 53 00    -1.0242954    0.0631370  939.5062  939.4807
2021 04 27 09 54 00    -1.0101446    0.0702502  939.5009  939.4675
2021 04 27 09 55 00    -0.9958438    0.0773596  939.4961  939.4604
2021 04 27 09 56 00    -0.9814117    0.0845623  939.4916  939.4456
2021 04 27 09 57 00    -0.9670795    0.0917550  939.4863  939.4201
2021 04 27 09 58 00    -0.9531217    0.0987141  939.4806  939.3928
2021 04 27 09 59 00    -0.9393608    0.1056003  939.4753  939.3756
2021 04 27 10 00 00    -0.9254457    0.1126832  939.4700  939.3756
2021 04 27 10 01 00    -0.9115551    0.1197312  939.4643  939.3761
2021 04 27 10 02 00    -0.8979325    0.1265148  939.4583  939.3650
2021 04 27 10 03 00    -0.8844332    0.1332107  939.4522  939.3579
2021 04 27 10 04 00    -0.8709271    0.1399383  939.4461  939.3521
2021 04 27 10 05 00    -0.8575558    0.1466355  939.4399  939.3329
2021 04 27 10 06 00    -0.8444224    0.1532989  939.4336  939.3177
2021 04 27 10 07 00    -0.8313608    0.1598916  939.4282  939.3205
2021 04 27 10 08 00    -0.8182835    0.1663283  939.4229  939.3233
2021 04 27 10 09 00    -0.8054213    0.1725951  939.4167  939.3168
2021 04 27 10 10 00    -0.7928641    0.1787800  939.4102  939.3101
2021 04 27 10 11 00    -0.7803242    0.1851249  939.4045  939.2953
2021 04 27 10 12 00    -0.7677329    0.1916208  939.3991  939.2593
2021 04 27 10 13 00    -0.7553480    0.1978919  939.3931  939.2295
2021 04 27 10 14 00    -0.7431622    0.2039121  939.3872  939.2430
2021 04 27 10 15 00    -0.7309809    0.2099931  939.3821  939.2819
2021 04 27 10 16 00    -0.7188425    0.2161559  939.3774  939.2995
2021 04 27 10 17 00    -0.7068479    0.2222056  939.3728  939.2862
2021 04 27 10 18 00    -0.6949985    0.2280677  939.3683  939.2665
2021 04 27 10 19 00    -0.6833938    0.2337711  939.3638  939.2654
2021 04 27 10 20 00    -0.6720214    0.2394498  939.3591  939.2813
2021 04 27 10 21 00    -0.6605856    0.2452996  939.3544  939.2887
2021 04 27 10 22 00    -0.6490816    0.2511588  939.3496  939.2766
2021 04 27 10 23 00    -0.6378392    0.2567116  939.3448  939.2630
2021 04 27 10 24 00    -0.6269513    0.2621069  939.3400  939.2595
2021 04 27 10 25 00    -0.6163118    0.2675672  939.3347  939.2501
2021 04 27 10 26 00    -0.6057341    0.2729989  939.3291  939.2219
2021 04 27 10 27 00    -0.5950905    0.2782561  939.3242  939.1893
2021 04 27 10 28 00    -0.5845816    0.2833248  939.3195  939.1647
2021 04 27 10 29 00    -0.5743627    0.2883728  939.3146  939.1411
2021 04 27 10 30 00    -0.5642735    0.2935337  939.3094  939.1178
2021 04 27 10 31 00    -0.5542163    0.2987005  939.3036  939.1064
2021 04 27 10 32 00    -0.5442591    0.3036953  939.2976  939.1094
2021 04 27 10 33 00    -0.5344256    0.3085189  939.2922  939.1124
2021 04 27 10 34 00    -0.5247267    0.3132904  939.2869  939.1002
2021 04 27 10 35 00    -0.5152086    0.3179963  939.2807  939.0765
2021 04 27 10 36 00    -0.5059054    0.3225715  939.2742  939.0579
2021 04 27 10 37 00    -0.4967023    0.3271552  939.2688  939.0541
2021 04 27 10 38 00    -0.4874569    0.3318799  939.2640  939.0622
2021 04 27 10 39 00    -0.4784387    0.3365193  939.2587  939.0673
2021 04 27 10 40 00    -0.4698529    0.3408512  939.2525  939.0578
2021 04 27 10 41 00    -0.4613507    0.3450587  939.2459  939.0390
2021 04 27 10 42 00    -0.4527537    0.3493543  939.2397  939.0151
2021 04 27 10 43 00    -0.4442409    0.3536740  939.2337  938.9902
2021 04 27 10 44 00    -0.4358701    0.3578503  939.2280  938.9894
2021 04 27 10 45 00    -0.4276505    0.3618272  939.2225  939.0173
2021 04 27 10 46 00    -0.4196458    0.3657150  939.2171  939.0326
2021 04 27 10 47 00    -0.4118190    0.3696561  939.2111  939.0155
2021 04 27 10 48 00    -0.4040154    0.3737046  939.2050  938.9996
2021 04 27 10 49 00    -0.3962076    0.3777189  939.1995  939.0074
2021 04 27 10 50 00    -0.3885648    0.3814946  939.1943  939.0168
2021 04 27 10 51 00    -0.3811872    0.3851117  939.1888  939.0027
2021 04 27 10 52 00    -0.3740426    0.3887126  939.1838  938.9741
2021 04 27 10 53 00    -0.3670356    0.3922175  939.1797  938.9615
2021 04 27 10 54 00    -0.3601034    0.3956073  939.1753  938.9717
2021 04 27 10 55 00    -0.3532709    0.3989956  939.1698  938.9791
2021 04 27 10 56 00    -0.3465575    0.4024270  939.1638  938.9771
2021 04 27 10 57 00    -0.3400366    0.4058303  939.1585  938.9798
2021 04 27 10 58 00    -0.3337715    0.4090625  939.1539  938.9803
2021 04 27 10 59 00    -0.3276790    0.4120985  939.1491  938.9644
2021 04 27 11 00 00    -0.3217029    0.4150786  939.1437  938.9392
2021 04 27 11 01 00    -0.3159017    0.4180194  939.1382  938.9254
2021 04 27 11 02 00    -0.3102541    0.4208841  939.1329  938.9384
2021 04 27 11 03 00    -0.3046499    0.4237384  939.1280  938.9719
2021 04 27 11 04 00    -0.2991813    0.4264493  939.1235  939.0013
2021 04 27 11 05 00    -0.2939438    0.4289121  939.1190  939.0061
2021 04 27 11 06 00    -0.2887547    0.4313965  939.1139  938.9876
2021 04 27 11 07 00    -0.2836576    0.4339794  939.1088  938.9663
2021 04 27 11 08 00    -0.2788973    0.4364265  939.1041  938.9553
2021 04 27 11 09 00    -0.2743838    0.4387453  939.0992  938.9461
2021 04 27 11 10 00    -0.2699693    0.4409859  939.0938  938.9284
2021 04 27 11 11 00    -0.2656738    0.4430089  939.0881  938.9080
2021 04 27 11 12 00    -0.2615715    0.4448798  939.0823  938.8875
2021 04 27 11 13 00    -0.2576512    0.4468597  939.0766  938.8578
2021 04 27 11 14 00    -0.2536808    0.4490279  939.0710  938.8196
2021 04 27 11 15 00    -0.2496604    0.4511670  939.0654  938.7934
2021 04 27 11 16 00    -0.2458857    0.4530267  939.0593  938.8027
2021 04 27 11 17 00    -0.2424114    0.4546435  939.0528  938.8397
2021 04 27 11 18 00    -0.2391049    0.4561554  939.0470  938.8645
2021 04 27 11 19 00    -0.2359005    0.4576493  939.0420  938.8648
2021 04 27 11 20 00    -0.2328695    0.4592860  939.0375  938.8660
2021 04 27 11 21 00    -0.2300676    0.4609779  939.0328  938.8775
2021 04 27 11 22 00    -0.2273299    0.4623811  939.0280  938.8814
2021 04 27 11 23 00    -0.2245697    0.4635092  939.0238  938.8644
2021 04 27 11 24 00    -0.2220307    0.4646181  939.0197  938.8481
2021 04 27 11 25 00    -0.2199216    0.4657325  939.0148  938.8655
2021 04 27 11 26 00    -0.2181008    0.4667460  939.0097  938.8883
2021 04 27 11 27 00    -0.2163247    0.4676287  939.0049  938.8670
2021 04 27 11 28 00    -0.2145088    0.4684662  938.9999  938.8298
2021 04 27 11 29 00    -0.2127331    0.4693361  938.9947  938.8247
2021 04 27 11 30 00    -0.2112132    0.4701598  938.9895  938.8321
2021 04 27 11 31 00    -0.2099040    0.4708731  938.9845  938.8248
2021 04 27 11 32 00    -0.2085895    0.4715192  938.9796  938.8184
2021 04 27 11 33 00    -0.2076274    0.4720231  938.9752  938.8258
2021 04 27 11 34 00    -0.2071436    0.4723575  938.9714  938.8355
2021 04 27 11 35 00    -0.2064255    0.4726777  938.9672  938.8308
2021 04 27 11 36 00    -0.2054692    0.4729769  938.9619  938.8036
2021 04 27 11 37 00    -0.2050458    0.4731786  938.9560  938.7714
2021 04 27 11 38 00    -0.2051906    0.4733136  938.9504  938.7576
2021 04 27 11 39 00    -0.2054031    0.4733271  938.9452  938.7554
2021 04 27 11 40 00    -0.2055427    0.4731717  938.9403  938.7430
2021 04 27 11 41 00    -0.2057119    0.4729613  938.9348  938.7137
2021 04 27 11 42 00    -0.2058619    0.4728402  938.9285  938.6841
2021 04 27 11 43 00    -0.2060052    0.4728283  938.9222  938.6786
2021 04 27 11 44 00    -0.2064323    0.4727574  938.9172  938.6920
2021 04 27 11 45 00    -0.2071994    0.4724140  938.9130  938.7045
2021 04 27 11 46 00    -0.2081046    0.4717952  938.9083  938.7204
2021 04 27 11 47 00    -0.2091550    0.4710930  938.9031  938.7437
2021 04 27 11 48 00    -0.2103270    0.4704217  938.8980  938.7628
2021 04 27 11 49 00    -0.2116420    0.4696997  938.8932  938.7691
2021 04 27 11 50 00    -0.2133333    0.4689065  938.8885  938.7551
2021 04 27 11 51 00    -0.2152574    0.4681336  938.8839  938.7253
2021 04 27 11 52 00    -0.2170910    0.4673069  938.8796  938.7066
2021 04 27 11 53 00    -0.2188791    0.4664061  938.8755  938.7082
2021 04 27 11 54 00    -0.2207411    0.4655550  938.8716  938.7130
2021 04 27 11 55 00    -0.2228502    0.4645499  938.8678  938.7209
2021 04 27 11 56 00    -0.2253941    0.4631384  938.8640  938.7436
2021 04 27 11 57 00    -0.2282179    0.4615500  938.8601  938.7638
2021 04 27 11 58 00    -0.2311453    0.4600832  938.8560  938.7579
2021 04 27 11 59 00    -0.2341522    0.4586900  938.8517  938.7400
2021 04 27 12 00 00    -0.2371993    0.4571965  938.8470  938.7345
2021 04 27 12 01 00    -0.2403286    0.4555619  938.8424  938.7319
2021 04 27 12 02 00    -0.2435778    0.4538787  938.8382  938.7099
2021 04 27 12 03 00    -0.2470337    0.4521775  938.8341  938.6803
2021 04 27 12 04 00    -0.2508250    0.4503449  938.8296  938.6771
2021 04 27 12 05 00    -0.2547364    0.4483921  938.8253  938.7086
2021 04 27 12 06 00    -0.2585299    0.4464823  938.8214  938.7449
2021 04 27 12 07 00    -0.2625411    0.4445256  938.8172  938.7529
2021 04 27 12 08 00    -0.2669723    0.4423416  938.8127  938.7328
2021 04 27 12 09 00    -0.2714015    0.4400300  938.8089  938.7073
2021 04 27 12 10 00    -0.2757726    0.4376957  938.8059  938.6891
2021 04 27 12 11 00    -0.2805055    0.4353070  938.8027  938.6763
2021 04 27 12 12 00    -0.2856632    0.4328088  938.7989  938.6613
2021 04 27 12 13 00    -0.2908624    0.4302546  938.7946  938.6390
2021 04 27 12 14 00    -0.2958452    0.4277669  938.7903  938.6154
2021 04 27 12 15 00    -0.3009454    0.4252077  938.7858  938.6049
2021 04 27 12 16 00    -0.3064455    0.4224165  938.7812  938.6119
2021 04 27 12 17 00    -0.3121166    0.4194787  938.7767  938.6232
2021 04 27 12 18 00    -0.3178962    0.4164823  938.7724  938.6234
2021 04 27 12 19 00    -0.3239193    0.4134979  938.7680  938.6094
2021 04 27 12 20 00    -0.3300914    0.4105164  938.7627  938.5882
2021 04 27 12 21 00    -0.3362905    0.4074453  938.7568  938.5707
2021 04 27 12 22 00    -0.3426140    0.4042847  938.7517  938.5672
2021 04 27 12 23 00    -0.3492356    0.4009783  938.7476  938.5766
2021 04 27 12 24 00    -0.3560822    0.3974995  938.7435  938.5793
2021 04 27 12 25 00    -0.3629611    0.3939882  938.7390  938.5630
2021 04 27 12 26 00    -0.3698930    0.3904839  938.7348  938.5428
2021 04 27 12 27 00    -0.3769807    0.3869645  938.7306  938.5285
2021 04 27 12 28 00    -0.3842166    0.3834514  938.7253  938.5095
2021 04 27 12 29 00    -0.3915240    0.3798666  938.7192  938.4885
2021 04 27 12 30 00    -0.3989137    0.3761420  938.7131  938.4795
2021 04 27 12 31 00    -0.4065081    0.3723348  938.7071  938.4765
2021 04 27 12 32 00    -0.4143910    0.3684124  938.7017  938.4670
2021 04 27 12 33 00    -0.4224845    0.3642798  938.6970  938.4551
2021 04 27 12 34 00    -0.4305891    0.3601004  938.6921  938.4488
2021 04 27 12 35 00    -0.4386900    0.3560740  938.6872  938.4423
2021 04 27 12 36 00    -0.4470080    0.3520062  938.6823  938.4340
2021 04 27 12 37 00    -0.4555914    0.3476743  938.6769  938.4342
2021 04 27 12 38 00    -0.4642942    0.3432590  938.6709  938.4349
2021 04 27 12 39 00    -0.4730440    0.3389552  938.6652  938.4199
2021 04 27 12 40 00    -0.4818427    0.3346419  938.6598  938.3953
2021 04 27 12 41 00    -0.4908403    0.3301149  938.6547  938.3731
2021 04 27 12 42 00    -0.5001353    0.3253607  938.6498  938.3522
2021 04 27 12 43 00    -0.5095141    0.3205904  938.6440  938.3299
2021 04 27 12 44 00    -0.5189059    0.3159231  938.6376  938.3187
2021 04 27 12 45 00    -0.5284199    0.3112229  938.6315  938.3290
2021 04 27 12 46 00    -0.5379757    0.3063977  938.6257  938.3430
2021 04 27 12 47 00    -0.5476740    0.3014643  938.6196  938.3320
2021 04 27 12 48 00    -0.5577882    0.2964226  938.6131  938.2946
2021 04 27 12 49 00    -0.5681127    0.2913504  938.6070  938.2624
2021 04 27 12 50 00    -0.5782598    0.2863210  938.6014  938.2647
2021 04 27 12 51 00    -0.5883566    0.2812121  938.5959  938.2878
2021 04 27 12 52 00    -0.5987713    0.2758929  938.5905  938.2916
2021 04 27 12 53 00    -0.6095284    0.2704501  938.5849  938.2706
2021 04 27 12 54 00    -0.6203247    0.2650453  938.5789  938.2549
2021 04 27 12 55 00    -0.6310526    0.2597179  938.5730  938.2618
2021 04 27 12 56 00    -0.6419970    0.2543481  938.5675  938.2763
2021 04 27 12 57 00    -0.6532091    0.2488385  938.5617  938.2753
2021 04 27 12 58 00    -0.6643709    0.2432772  938.5558  938.2632
2021 04 27 12 59 00    -0.6755204    0.2376885  938.5504  938.2575
2021 04 27 13 00 00    -0.6869670    0.2319535  938.5449  938.2487
2021 04 27 13 01 00    -0.6987386    0.2260711  938.5384  938.2289
2021 04 27 13 02 00    -0.7107004    0.2201158  938.5317  938.2098
2021 04 27 13 03 00    -0.7227617    0.2140658  938.5255  938.1873
2021 04 27 13 04 00    -0.7348204    0.2079225  938.5197  938.1550
2021 04 27 13 05 00    -0.7467915    0.2018297  938.5139  938.1296
2021 04 27 13 06 00    -0.7588791    0.1958266  938.5077  938.1158
2021 04 27 13 07 00    -0.7713286    0.1897089  938.5012  938.0949
2021 04 27 13 08 00    -0.7839294    0.1833747  938.4942  938.0623
2021 04 27 13 09 00    -0.7965161    0.1769910  938.4863  938.0346
2021 04 27 13 10 00    -0.8092606    0.1706639  938.4790  938.0202
2021 04 27 13 11 00    -0.8221606    0.1642852  938.4727  938.0090
2021 04 27 13 12 00    -0.8351285    0.1577971  938.4663  937.9907
2021 04 27 13 13 00    -0.8482757    0.1511906  938.4591  937.9670
2021 04 27 13 14 00    -0.8616178    0.1444139  938.4517  937.9426
2021 04 27 13 15 00    -0.8749422    0.1376692  938.4445  937.9226
2021 04 27 13 16 00    -0.8882088    0.1311269  938.4380  937.9253
2021 04 27 13 17 00    -0.9016628    0.1244720  938.4319  937.9559
2021 04 27 13 18 00    -0.9153555    0.1175702  938.4254  937.9776
2021 04 27 13 19 00    -0.9290666    0.1106846  938.4180  937.9641
2021 04 27 13 20 00    -0.9428175    0.1037708  938.4104  937.9440
2021 04 27 13 21 00    -0.9568216    0.0966749  938.4032  937.9456
2021 04 27 13 22 00    -0.9709876    0.0895516  938.3961  937.9425
2021 04 27 13 23 00    -0.9851477    0.0824882  938.3886  937.9016
2021 04 27 13 24 00    -0.9994470    0.0753687  938.3805  937.8495
2021 04 27 13 25 00    -1.0139510    0.0681521  938.3724  937.8271
2021 04 27 13 26 00    -1.0284546    0.0609141  938.3650  937.8242
2021 04 27 13 27 00    -1.0429290    0.0536693  938.3583  937.8142
2021 04 27 13 28 00    -1.0575116    0.0463345  938.3514  937.7959
2021 04 27 13 29 00    -1.0722444    0.0388755  938.3436  937.7813
2021 04 27 13 30 00    -1.0871522    0.0314080  938.3358  937.7767
2021 04 27 13 31 00    -1.1022240    0.0240357  938.3287  937.7817
2021 04 27 13 32 00    -1.1174057    0.0165919  938.3213  937.7880
2021 04 27 13 33 00    -1.1326579    0.0089022  938.3133  937.7790
2021 04 27 13 34 00    -1.1479690    0.0011008  938.3056  937.7540
2021 04 27 13 35 00    -1.1633393   -0.0066593  938.2986  937.7316
2021 04 27 13 36 00    -1.1787004   -0.0143987  938.2913  937.7152
2021 04 27 13 37 00    -1.1940910   -0.0221763  938.2834  937.6936
2021 04 27 13 38 00    -1.2096356   -0.0299652  938.2756  937.6763
2021 04 27 13 39 00    -1.2252920   -0.0376892  938.2683  937.6824
2021 04 27 13 40 00    -1.2410648   -0.0454445  938.2611  937.7005
2021 04 27 13 41 00    -1.2569869   -0.0533702  938.2539  937.7083
2021 04 27 13 42 00    -1.2729257   -0.0614044  938.2466  937.7065
2021 04 27 13 43 00    -1.2888938   -0.0694833  938.2391  937.6966
2021 04 27 13 44 00    -1.3050300   -0.0775843  938.2319  937.6691
2021 04 27 13 45 00    -1.3213125   -0.0856862  938.2253  937.6341
2021 04 27 13 46 00    -1.3376993   -0.0938594  938.2190  937.6226
2021 04 27 13 47 00    -1.3541653   -0.1020639  938.2120  937.6416
2021 04 27 13 48 00    -1.3706429   -0.1102397  938.2046  937.6604
2021 04 27 13 49 00    -1.3871788   -0.1185440  938.1977  937.6523
2021 04 27 13 50 00    -1.4038818   -0.1269885  938.1912  937.6219
2021 04 27 13 51 00    -1.4207648   -0.1354271  938.1843  937.5926
2021 04 27 13 52 00    -1.4376987   -0.1439213  938.1767  937.5767
2021 04 27 13 53 00    -1.4545618   -0.1525210  938.1689  937.5584
2021 04 27 13 54 00    -1.4714901   -0.1610937  938.1613  937.5261
2021 04 27 13 55 00    -1.4886475   -0.1695970  938.1542  937.5005
2021 04 27 13 56 00    -1.5059136   -0.1781780  938.1472  937.4934
2021 04 27 13 57 00    -1.5230697   -0.1868530  938.1404  937.4875
2021 04 27 13 58 00    -1.5401316   -0.1953988  938.1334  937.4761
2021 04 27 13 59 00    -1.5573750   -0.2039022  938.1258  937.4655
2021 04 27 14 00 00    -1.5749835   -0.2127776  938.1178  937.4577
2021 04 27 14 01 00    -1.5927311   -0.2219331  938.1098  937.4570
2021 04 27 14 02 00    -1.6102686   -0.2308412  938.1020  937.4686
2021 04 27 14 03 00    -1.6277906   -0.2394864  938.0948  937.4817
2021 04 27 14 04 00    -1.6456059   -0.2482598  938.0885  937.4805
2021 04 27 14 05 00    -1.6633717   -0.2571956  938.0823  937.4744
2021 04 27 14 06 00    -1.6809925   -0.2661720  938.0756  937.4852
2021 04 27 14 07 00    -1.6989172   -0.2752135  938.0686  937.5067
2021 04 27 14 08 00    -1.7170683   -0.2842330  938.0619  937.5086
2021 04 27 14 09 00    -1.7351963   -0.2931869  938.0554  937.4935
2021 04 27 14 10 00    -1.7533913   -0.3022122  938.0491  937.4936
2021 04 27 14 11 00    -1.7715647   -0.3112998  938.0426  937.4981
2021 04 27 14 12 00    -1.7896986   -0.3203647  938.0360  937.4780
2021 04 27 14 13 00    -1.8080184   -0.3295309  938.0295  937.4537
2021 04 27 14 14 00    -1.8264627   -0.3388678  938.0231  937.4461
2021 04 27 14 15 00    -1.8449020   -0.3481859  938.0168  937.4386
2021 04 27 14 16 00    -1.8634485   -0.3574340  938.0102  937.4216
2021 04 27 14 17 00    -1.8821081   -0.3667666  938.0033  937.4011
2021 04 27 14 18 00    -1.9007845   -0.3761650  937.9961  937.3761
2021 04 27 14 19 00    -1.9194754   -0.3855065  937.9892  937.3470
2021 04 27 14 20 00    -1.9382039   -0.3948548  937.9829  937.3269
2021 04 27 14 21 00    -1.9569844   -0.4043341  937.9768  937.3282
2021 04 27 14 22 00    -1.9757590   -0.4137987  937.9701  937.3426
2021 04 27 14 23 00    -1.9944422   -0.4230654  937.9631  937.3516
2021 04 27 14 24 00    -2.0130722   -0.4323276  937.9565  937.3501
2021 04 27 14 25 00    -2.0318146   -0.4417725  937.9496  937.3380
2021 04 27 14 26 00    -2.0507966   -0.4512354  937.9418  937.3122
2021 04 27 14 27 00    -2.0699452   -0.4606557  937.9341  937.2873
2021 04 27 14 28 00    -2.0890884   -0.4702425  937.9276  937.2851
2021 04 27 14 29 00    -2.1081509   -0.4799515  937.9213  937.2979
2021 04 27 14 30 00    -2.1271774   -0.4895214  937.9146  937.3004
2021 04 27 14 31 00    -2.1462298   -0.4990269  937.9080  937.2851
2021 04 27 14 32 00    -2.1653756   -0.5086845  937.9013  937.2696
2021 04 27 14 33 00    -2.1846934   -0.5184039  937.8943  937.2727
2021 04 27 14 34 00    -2.2041279   -0.5280226  937.8870  937.2810
2021 04 27 14 35 00    -2.2235193   -0.5376250  937.8799  937.2694
2021 04 27 14 36 00    -2.2428015   -0.5473017  937.8733  937.2470
2021 04 27 14 37 00    -2.2620434   -0.5569800  937.8671  937.2372
2021 04 27 14 38 00    -2.2813864   -0.5666475  937.8604  937.2360
2021 04 27 14 39 00    -2.3008847   -0.5763267  937.8531  937.2255
2021 04 27 14 40 00    -2.3204371   -0.5860452  937.8460  937.2024
2021 04 27 14 41 00    -2.3399529   -0.5958603  937.8392  937.1783
2021 04 27 14 42 00    -2.3593330   -0.6056355  937.8322  937.1627
2021 04 27 14 43 00    -2.3785315   -0.6152061  937.8251  937.1553
2021 04 27 14 44 00    -2.3978333   -0.6247572  937.8185  937.1559
2021 04 27 14 45 00    -2.4174759   -0.6345871  937.8120  937.1660
2021 04 27 14 46 00    -2.4372088   -0.6445631  937.8046  937.1852
2021 04 27 14 47 00    -2.4568372   -0.6543825  937.7970  937.2054
2021 04 27 14 48 00    -2.4765414   -0.6642102  937.7904  937.2087
2021 04 27 14 49 00    -2.4963190   -0.6741967  937.7845  937.1928
2021 04 27 14 50 00    -2.5159958   -0.6841172  937.7784  937.1724
2021 04 27 14 51 00    -2.5356988   -0.6939903  937.7717  937.1516
2021 04 27 14 52 00    -2.5555092   -0.7039279  937.7650  937.1335
2021 04 27 14 53 00    -2.5752484   -0.7138075  937.7584  937.1295
2021 04 27 14 54 00    -2.5950454   -0.7236990  937.7516  937.1356
2021 04 27 14 55 00    -2.6150828   -0.7337232  937.7447  937.1376
2021 04 27 14 56 00    -2.6350380   -0.7437732  937.7381  937.1345
2021 04 27 14 57 00    -2.6547150   -0.7537914  937.7317  937.1256
2021 04 27 14 58 00    -2.6744169   -0.7637073  937.7250  937.1056
2021 04 27 14 59 00    -2.6943570   -0.7734577  937.7187  937.0925
2021 04 27 15 00 00    -2.7143375   -0.7832483  937.7128  937.1122
2021 04 27 15 01 00    -2.7340960   -0.7932518  937.7069  937.1425
2021 04 27 15 02 00    -2.7537471   -0.8033364  937.7007  937.1359
2021 04 27 15 03 00    -2.7734881   -0.8133041  937.6944  937.1085
2021 04 27 15 04 00    -2.7932407   -0.8231591  937.6889  937.1074
2021 04 27 15 05 00    -2.8129914   -0.8330780  937.6837  937.1200
2021 04 27 15 06 00    -2.8328698   -0.8430895  937.6781  937.1208
2021 04 27 15 07 00    -2.8527989   -0.8529729  937.6722  937.1226
2021 04 27 15 08 00    -2.8725482   -0.8626815  937.6664  937.1321
2021 04 27 15 09 00    -2.8921665   -0.8724982  937.6604  937.1372
2021 04 27 15 10 00    -2.9119220   -0.8824867  937.6541  937.1268
2021 04 27 15 11 00    -2.9318048   -0.8924074  937.6479  937.1048
2021 04 27 15 12 00    -2.9516236   -0.9022247  937.6419  937.0918
2021 04 27 15 13 00    -2.9714241   -0.9121349  937.6362  937.0942
2021 04 27 15 14 00    -2.9913414   -0.9222672  937.6305  937.0979
2021 04 27 15 15 00    -3.0112578   -0.9324244  937.6251  937.0951
2021 04 27 15 16 00    -3.0310088   -0.9422552  937.6198  937.0924
2021 04 27 15 17 00    -3.0507149   -0.9518935  937.6144  937.0912
2021 04 27 15 18 00    -3.0705875   -0.9618101  937.6085  937.0847
2021 04 27 15 19 00    -3.0905737   -0.9719664  937.6024  937.0790
2021 04 27 15 20 00    -3.1103484   -0.9818651  937.5969  937.0775
2021 04 27 15 21 00    -3.1298137   -0.9913934  937.5917  937.0727
2021 04 27 15 22 00    -3.1493218   -1.0009816  937.5861  937.0695
2021 04 27 15 23 00    -3.1690582   -1.0109177  937.5804  937.0685
2021 04 27 15 24 00    -3.1888625   -1.0210247  937.5749  937.0604
2021 04 27 15 25 00    -3.2086168   -1.0310208  937.5696  937.0520
2021 04 27 15 26 00    -3.2282736   -1.0408372  937.5639  937.0487
2021 04 27 15 27 00    -3.2478562   -1.0506141  937.5582  937.0383
2021 04 27 15 28 00    -3.2673712   -1.0604369  937.5529  937.0188
2021 04 27 15 29 00    -3.2867441   -1.0701785  937.5480  937.0011
2021 04 27 15 30 00    -3.3061172   -1.0798500  937.5429  936.9953
2021 04 27 15 31 00    -3.3256824   -1.0896949  937.5378  937.0062
2021 04 27 15 32 00    -3.3453186   -1.0996937  937.5326  937.0194
2021 04 27 15 33 00    -3.3648833   -1.1095479  937.5265  937.0132
2021 04 27 15 34 00    -3.3843551   -1.1191393  937.5202  936.9917
2021 04 27 15 35 00    -3.4036349   -1.1285899  937.5145  936.9760
2021 04 27 15 36 00    -3.4227689   -1.1380931  937.5094  936.9731
2021 04 27 15 37 00    -3.4420265   -1.1477968  937.5038  936.9742
2021 04 27 15 38 00    -3.4613811   -1.1575530  937.4977  936.9699
2021 04 27 15 39 00    -3.4806153   -1.1670905  937.4923  936.9695
2021 04 27 15 40 00    -3.4998326   -1.1765498  937.4882  936.9895
2021 04 27 15 41 00    -3.5190958   -1.1862312  937.4846  937.0133
2021 04 27 15 42 00    -3.5382746   -1.1960238  937.4797  937.0082
2021 04 27 15 43 00    -3.5573946   -1.2056552  937.4735  936.9873
2021 04 27 15 44 00    -3.5764852   -1.2151613  937.4673  936.9894
2021 04 27 15 45 00    -3.5955054   -1.2246814  937.4621  937.0081
2021 04 27 15 46 00    -3.6144357   -1.2341536  937.4576  937.0093
2021 04 27 15 47 00    -3.6332741   -1.2435389  937.4527  936.9922
2021 04 27 15 48 00    -3.6521518   -1.2529162  937.4477  936.9798
2021 04 27 15 49 00    -3.6711128   -1.2623066  937.4436  936.9792
2021 04 27 15 50 00    -3.6899461   -1.2717515  937.4400  936.9783
2021 04 27 15 51 00    -3.7086391   -1.2812930  937.4351  936.9661
2021 04 27 15 52 00    -3.7273834   -1.2908021  937.4293  936.9493
2021 04 27 15 53 00    -3.7461319   -1.3001880  937.4241  936.9472
2021 04 27 15 54 00    -3.7647913   -1.3095384  937.4196  936.9634
2021 04 27 15 55 00    -3.7834511   -1.3189147  937.4150  936.9732
2021 04 27 15 56 00    -3.8021458   -1.3283388  937.4098  936.9631
2021 04 27 15 57 00    -3.8207160   -1.3377413  937.4044  936.9488
2021 04 27 15 58 00    -3.8390175   -1.3469152  937.3992  936.9399
2021 04 27 15 59 00    -3.8571863   -1.3559040  937.3944  936.9346
2021 04 27 16 00 00    -3.8754452   -1.3649832  937.3895  936.9369
2021 04 27 16 01 00    -3.8937378   -1.3741960  937.3846  936.9427
2021 04 27 16 02 00    -3.9118950   -1.3833695  937.3800  936.9450
2021 04 27 16 03 00    -3.9299711   -1.3923866  937.3753  936.9533
2021 04 27 16 04 00    -3.9480864   -1.4013552  937.3704  936.9661
2021 04 27 16 05 00    -3.9661261   -1.4103780  937.3658  936.9630
2021 04 27 16 06 00    -3.9839253   -1.4192951  937.3615  936.9474
2021 04 27 16 07 00    -4.0016608   -1.4281427  937.3573  936.9378
2021 04 27 16 08 00    -4.0196431   -1.4371745  937.3529  936.9293
2021 04 27 16 09 00    -4.0377258   -1.4462841  937.3486  936.9148
2021 04 27 16 10 00    -4.0555584   -1.4552346  937.3446  936.9056
2021 04 27 16 11 00    -4.0731942   -1.4640169  937.3402  936.9069
2021 04 27 16 12 00    -4.0907660   -1.4726915  937.3350  936.9092
2021 04 27 16 13 00    -4.1082551   -1.4814024  937.3300  936.9037
2021 04 27 16 14 00    -4.1258088   -1.4902692  937.3256  936.8882
2021 04 27 16 15 00    -4.1434967   -1.4991660  937.3217  936.8681
2021 04 27 16 16 00    -4.1610285   -1.5079117  937.3174  936.8533
2021 04 27 16 17 00    -4.1782209   -1.5164870  937.3125  936.8466
2021 04 27 16 18 00    -4.1953309   -1.5250410  937.3071  936.8431
2021 04 27 16 19 00    -4.2125436   -1.5336816  937.3020  936.8430
2021 04 27 16 20 00    -4.2296967   -1.5423500  937.2972  936.8475
2021 04 27 16 21 00    -4.2467365   -1.5509929  937.2920  936.8420
2021 04 27 16 22 00    -4.2637052   -1.5594974  937.2862  936.8145
2021 04 27 16 23 00    -4.2805493   -1.5677882  937.2806  936.7819
2021 04 27 16 24 00    -4.2973667   -1.5760912  937.2755  936.7679
2021 04 27 16 25 00    -4.3141672   -1.5844861  937.2708  936.7735
2021 04 27 16 26 00    -4.3307576   -1.5927539  937.2661  936.7772
2021 04 27 16 27 00    -4.3472327   -1.6009398  937.2611  936.7588
2021 04 27 16 28 00    -4.3636627   -1.6092290  937.2554  936.7364
2021 04 27 16 29 00    -4.3798039   -1.6174951  937.2499  936.7404
2021 04 27 16 30 00    -4.3957366   -1.6255639  937.2448  936.7558
2021 04 27 16 31 00    -4.4118255   -1.6335424  937.2396  936.7522
2021 04 27 16 32 00    -4.4281311   -1.6415815  937.2342  936.7403
2021 04 27 16 33 00    -4.4444206   -1.6496235  937.2291  936.7434
2021 04 27 16 34 00    -4.4604617   -1.6576073  937.2243  936.7573
2021 04 27 16 35 00    -4.4762160   -1.6655672  937.2196  936.7679
2021 04 27 16 36 00    -4.4918086   -1.6734382  937.2149  936.7711
2021 04 27 16 37 00    -4.5073842   -1.6812296  937.2103  936.7660
2021 04 27 16 38 00    -4.5229997   -1.6890607  937.2057  936.7551
2021 04 27 16 39 00    -4.5385248   -1.6968179  937.2015  936.7524
2021 04 27 16 40 00    -4.5538786   -1.7044749  937.1976  936.7672
2021 04 27 16 41 00    -4.5692249   -1.7122318  937.1942  936.7828
2021 04 27 16 42 00    -4.5845454   -1.7199924  937.1906  936.7821
2021 04 27 16 43 00    -4.5996134   -1.7275934  937.1862  936.7826
2021 04 27 16 44 00    -4.6145286   -1.7351141  937.1807  936.7981
2021 04 27 16 45 00    -4.6295160   -1.7425699  937.1752  936.8020
2021 04 27 16 46 00    -4.6444770   -1.7499468  937.1705  936.7856
2021 04 27 16 47 00    -4.6592564   -1.7573340  937.1670  936.7810
2021 04 27 16 48 00    -4.6738817   -1.7647319  937.1639  936.7938
2021 04 27 16 49 00    -4.6884111   -1.7719725  937.1600  936.7993
2021 04 27 16 50 00    -4.7029086   -1.7790078  937.1553  936.7946
2021 04 27 16 51 00    -4.7173974   -1.7861064  937.1509  936.7900
2021 04 27 16 52 00    -4.7317471   -1.7934134  937.1471  936.7874
2021 04 27 16 53 00    -4.7458258   -1.8006600  937.1432  936.7863
2021 04 27 16 54 00    -4.7596953   -1.8076623  937.1392  936.7851
2021 04 27 16 55 00    -4.7735684   -1.8146036  937.1358  936.7866
2021 04 27 16 56 00    -4.7875728   -1.8216100  937.1323  936.7942
2021 04 27 16 57 00    -4.8015612   -1.8285587  937.1281  936.8019
2021 04 27 16 58 00    -4.8153483   -1.8354212  937.1241  936.8080
2021 04 27 16 59 00    -4.8289650   -1.8423395  937.1209  936.8149
2021 04 27 17 00 00    -4.8424222   -1.8493062  937.1180  936.8177
2021 04 27 17 01 00    -4.8557127   -1.8561553  937.1146  936.8165
2021 04 27 17 02 00    -4.8690036   -1.8628437  937.1107  936.8226
2021 04 27 17 03 00    -4.8823058   -1.8694056  937.1073  936.8401
2021 04 27 17 04 00    -4.8954053   -1.8758527  937.1047  936.8613
2021 04 27 17 05 00    -4.9083030   -1.8823149  937.1021  936.8761
2021 04 27 17 06 00    -4.9211674   -1.8888504  937.0991  936.8747
2021 04 27 17 07 00    -4.9339518   -1.8952573  937.0963  936.8593
2021 04 27 17 08 00    -4.9465239   -1.9015024  937.0937  936.8502
2021 04 27 17 09 00    -4.9590274   -1.9077993  937.0912  936.8587
2021 04 27 17 10 00    -4.9716078   -1.9140898  937.0884  936.8711
2021 04 27 17 11 00    -4.9841324   -1.9202349  937.0853  936.8725
2021 04 27 17 12 00    -4.9965227   -1.9264370  937.0824  936.8652
2021 04 27 17 13 00    -5.0087722   -1.9327449  937.0798  936.8560
2021 04 27 17 14 00    -5.0208430   -1.9388508  937.0775  936.8484
2021 04 27 17 15 00    -5.0327852   -1.9446825  937.0744  936.8454
2021 04 27 17 16 00    -5.0446522   -1.9505006  937.0705  936.8463
2021 04 27 17 17 00    -5.0564448   -1.9564245  937.0667  936.8456
2021 04 27 17 18 00    -5.0680515   -1.9622329  937.0633  936.8408
2021 04 27 17 19 00    -5.0795260   -1.9679243  937.0602  936.8331
2021 04 27 17 20 00    -5.0910910   -1.9738087  937.0570  936.8285
2021 04 27 17 21 00    -5.1024492   -1.9796375  937.0538  936.8377
2021 04 27 17 22 00    -5.1133730   -1.9850547  937.0506  936.8541
2021 04 27 17 23 00    -5.1243739   -1.9904266  937.0475  936.8568
2021 04 27 17 24 00    -5.1356738   -1.9960411  937.0448  936.8445
2021 04 27 17 25 00    -5.1468086   -2.0016327  937.0424  936.8338
2021 04 27 17 26 00    -5.1574635   -2.0069424  937.0400  936.8335
2021 04 27 17 27 00    -5.1678575   -2.0121063  937.0377  936.8411
2021 04 27 17 28 00    -5.1782608   -2.0174103  937.0349  936.8517
2021 04 27 17 29 00    -5.1886444   -2.0227583  937.0316  936.8617
2021 04 27 17 30 00    -5.1989957   -2.0279167  937.0286  936.8654
2021 04 27 17 31 00    -5.2093125   -2.0329715  937.0260  936.8567
2021 04 27 17 32 00    -5.2195081   -2.0380633  937.0235  936.8400
2021 04 27 17 33 00    -5.2295827   -2.0431631  937.0206  936.8285
2021 04 27 17 34 00    -5.2393553   -2.0480687  937.0172  936.8298
2021 04 27 17 35 00    -5.2488100   -2.0526895  937.0138  936.8409
2021 04 27 17 36 00    -5.2584522   -2.0573716  937.0108  936.8546
2021 04 27 17 37 00    -5.2682434   -2.0622237  937.0082  936.8609
2021 04 27 17 38 00    -5.2775724   -2.0668633  937.0056  936.8534
2021 04 27 17 39 00    -5.2865731   -2.0713883  937.0031  936.8412
2021 04 27 17 40 00    -5.2958285   -2.0761690  937.0007  936.8405
2021 04 27 17 41 00    -5.3051878   -2.0809526  936.9978  936.8512
2021 04 27 17 42 00    -5.3140979   -2.0854107  936.9949  936.8619
2021 04 27 17 43 00    -5.3225845   -2.0896985  936.9927  936.8704
2021 04 27 17 44 00    -5.3310709   -2.0939979  936.9910  936.8781
2021 04 27 17 45 00    -5.3395817   -2.0982338  936.9893  936.8850
2021 04 27 17 46 00    -5.3479062   -2.1023522  936.9875  936.8989
2021 04 27 17 47 00    -5.3561779   -2.1064695  936.9859  936.9239
2021 04 27 17 48 00    -5.3645126   -2.1105884  936.9842  936.9476
2021 04 27 17 49 00    -5.3726070   -2.1145421  936.9824  936.9591
2021 04 27 17 50 00    -5.3801973   -2.1183270  936.9805  936.9651
2021 04 27 17 51 00    -5.3876435   -2.1221848  936.9791  936.9755
2021 04 27 17 52 00    -5.3957014   -2.1263110  936.9782  936.9899
2021 04 27 17 53 00    -5.4037034   -2.1302403  936.9774  937.0006
2021 04 27 17 54 00    -5.4104527   -2.1334973  936.9769  937.0016
2021 04 27 17 55 00    -5.4176177   -2.1370494  936.9764  936.9967
2021 04 27 17 56 00    -5.4261542   -2.1413942  936.9756  936.9957
2021 04 27 17 57 00    -5.4335147   -2.1451561  936.9748  936.9959
2021 04 27 17 58 00    -5.4394778   -2.1481149  936.9735  936.9873
2021 04 27 17 59 00    -5.4463444   -2.1515274  936.9714  936.9774
2021 04 27 18 00 00    -5.4538024   -2.1553424  936.9697  936.9831
2021 04 27 18 01 00    -5.4605034   -2.1588255  936.9686  936.9964
2021 04 27 18 02 00    -5.4668282   -2.1621514  936.9673  936.9968
2021 04 27 18 03 00    -5.4732810   -2.1655017  936.9659  936.9919
2021 04 27 18 04 00    -5.4797530   -2.1686379  936.9649  937.0019
2021 04 27 18 05 00    -5.4860903   -2.1715223  936.9641  937.0191
2021 04 27 18 06 00    -5.4919536   -2.1742806  936.9632  937.0268
2021 04 27 18 07 00    -5.4975537   -2.1771694  936.9627  937.0298
2021 04 27 18 08 00    -5.5035206   -2.1803418  936.9629  937.0368
2021 04 27 18 09 00    -5.5095887   -2.1834787  936.9624  937.0428
2021 04 27 18 10 00    -5.5152347   -2.1863142  936.9608  937.0416
2021 04 27 18 11 00    -5.5204330   -2.1888515  936.9592  937.0379
2021 04 27 18 12 00    -5.5253229   -2.1911325  936.9584  937.0399
2021 04 27 18 13 00    -5.5305575   -2.1936079  936.9578  937.0493
2021 04 27 18 14 00    -5.5363200   -2.1965421  936.9575  937.0606
2021 04 27 18 15 00    -5.5413953   -2.1992551  936.9575  937.0692
2021 04 27 18 16 00    -5.5457429   -2.2015318  936.9570  937.0759
2021 04 27 18 17 00    -5.5506910   -2.2039804  936.9562  937.0817
2021 04 27 18 18 00    -5.5558078   -2.2064707  936.9562  937.0878
2021 04 27 18 19 00    -5.5601012   -2.2085983  936.9567  937.0967
2021 04 27 18 20 00    -5.5642089   -2.2106881  936.9564  937.1072
2021 04 27 18 21 00    -5.5686031   -2.2129135  936.9557  937.1182
2021 04 27 18 22 00    -5.5728088   -2.2149985  936.9558  937.1303
2021 04 27 18 23 00    -5.5767129   -2.2169406  936.9563  937.1420
2021 04 27 18 24 00    -5.5804918   -2.2188604  936.9565  937.1511
2021 04 27 18 25 00    -5.5842169   -2.2207527  936.9564  937.1577
2021 04 27 18 26 00    -5.5880792   -2.2227004  936.9564  937.1655
2021 04 27 18 27 00    -5.5919919   -2.2246478  936.9567  937.1769
2021 04 27 18 28 00    -5.5955309   -2.2264155  936.9570  937.1871
2021 04 27 18 29 00    -5.5986134   -2.2280473  936.9574  937.1935
2021 04 27 18 30 00    -5.6015322   -2.2295968  936.9579  937.2025
2021 04 27 18 31 00    -5.6045036   -2.2310052  936.9586  937.2151
2021 04 27 18 32 00    -5.6075340   -2.2323604  936.9594  937.2254
2021 04 27 18 33 00    -5.6104477   -2.2337659  936.9604  937.2310
2021 04 27 18 34 00    -5.6130635   -2.2351338  936.9617  937.2324
2021 04 27 18 35 00    -5.6154980   -2.2364211  936.9628  937.2345
2021 04 27 18 36 00    -5.6180320   -2.2377501  936.9636  937.2433
2021 04 27 18 37 00    -5.6207229   -2.2391367  936.9647  937.2543
2021 04 27 18 38 00    -5.6232345   -2.2403319  936.9660  937.2592
2021 04 27 18 39 00    -5.6252906   -2.2412741  936.9666  937.2616
2021 04 27 18 40 00    -5.6272571   -2.2423223  936.9666  937.2683
2021 04 27 18 41 00    -5.6293968   -2.2434943  936.9673  937.2783
2021 04 27 18 42 00    -5.6312807   -2.2444094  936.9687  937.2832
2021 04 27 18 43 00    -5.6327848   -2.2451671  936.9700  937.2800
2021 04 27 18 44 00    -5.6343114   -2.2459920  936.9708  937.2788
2021 04 27 18 45 00    -5.6358556   -2.2466154  936.9716  937.2855
2021 04 27 18 46 00    -5.6371966   -2.2470748  936.9725  937.2926
2021 04 27 18 47 00    -5.6384674   -2.2477865  936.9733  937.2966
2021 04 27 18 48 00    -5.6396965   -2.2485572  936.9738  937.3025
2021 04 27 18 49 00    -5.6407248   -2.2490372  936.9742  937.3098
2021 04 27 18 50 00    -5.6416157   -2.2494652  936.9746  937.3145
2021 04 27 18 51 00    -5.6425074   -2.2500479  936.9751  937.3173
2021 04 27 18 52 00    -5.6433605   -2.2505673  936.9758  937.3223
2021 04 27 18 53 00    -5.6439675   -2.2508298  936.9767  937.3299
2021 04 27 18 54 00    -5.6443340   -2.2509393  936.9773  937.3362
2021 04 27 18 55 00    -5.6447031   -2.2510621  936.9780  937.3404
2021 04 27 18 56 00    -5.6450107   -2.2512089  936.9791  937.3488
2021 04 27 18 57 00    -5.6451234   -2.2513777  936.9805  937.3595
2021 04 27 18 58 00    -5.6451965   -2.2515413  936.9817  937.3627
2021 04 27 18 59 00    -5.6452535   -2.2515154  936.9821  937.3642
2021 04 27 19 00 00    -5.6451099   -2.2512590  936.9824  937.3756
2021 04 27 19 01 00    -5.6447674   -2.2509954  936.9832  937.3903
2021 04 27 19 02 00    -5.6443905   -2.2508239  936.9845  937.4006
2021 04 27 19 03 00    -5.6439419   -2.2506330  936.9859  937.4108
2021 04 27 19 04 00    -5.6432433   -2.2502796  936.9875  937.4234
2021 04 27 19 05 00    -5.6423999   -2.2497732  936.9889  937.4362
2021 04 27 19 06 00    -5.6416186   -2.2493612  936.9904  937.4486
2021 04 27 19 07 00    -5.6407773   -2.2490405  936.9924  937.4597
2021 04 27 19 08 00    -5.6397851   -2.2485293  936.9945  937.4708
2021 04 27 19 09 00    -5.6386817   -2.2478956  936.9967  937.4842
2021 04 27 19 10 00    -5.6372961   -2.2472888  936.9990  937.4961
2021 04 27 19 11 00    -5.6358133   -2.2466590  937.0011  937.5013
2021 04 27 19 12 00    -5.6346453   -2.2460366  937.0029  937.5024
2021 04 27 19 13 00    -5.6333642   -2.2453218  937.0046  937.5057
2021 04 27 19 14 00    -5.6316023   -2.2444630  937.0066  937.5159
2021 04 27 19 15 00    -5.6298812   -2.2436942  937.0092  937.5325
2021 04 27 19 16 00    -5.6281911   -2.2428529  937.0124  937.5491
2021 04 27 19 17 00    -5.6260759   -2.2416654  937.0155  937.5595
2021 04 27 19 18 00    -5.6239042   -2.2405153  937.0177  937.5671
2021 04 27 19 19 00    -5.6219192   -2.2395933  937.0191  937.5772
2021 04 27 19 20 00    -5.6196630   -2.2385400  937.0211  937.5877
2021 04 27 19 21 00    -5.6172032   -2.2373997  937.0237  937.5971
2021 04 27 19 22 00    -5.6149041   -2.2363124  937.0262  937.6098
2021 04 27 19 23 00    -5.6125208   -2.2349984  937.0290  937.6236
2021 04 27 19 24 00    -5.6098650   -2.2335390  937.0324  937.6303
2021 04 27 19 25 00    -5.6070896   -2.2322109  937.0357  937.6333
2021 04 27 19 26 00    -5.6041930   -2.2307957  937.0387  937.6398
2021 04 27 19 27 00    -5.6011836   -2.2291723  937.0418  937.6472
2021 04 27 19 28 00    -5.5982140   -2.2276067  937.0450  937.6530
2021 04 27 19 29 00    -5.5952782   -2.2261857  937.0481  937.6606
2021 04 27 19 30 00    -5.5921580   -2.2247457  937.0511  937.6706
2021 04 27 19 31 00    -5.5888193   -2.2231813  937.0533  937.6803
2021 04 27 19 32 00    -5.5855266   -2.2215067  937.0552  937.6864
2021 04 27 19 33 00    -5.5823392   -2.2198002  937.0575  937.6908
2021 04 27 19 34 00    -5.5789489   -2.2180824  937.0605  937.6970
2021 04 27 19 35 00    -5.5752421   -2.2162962  937.0641  937.6990
2021 04 27 19 36 00    -5.5715040   -2.2144707  937.0675  937.6944
2021 04 27 19 37 00    -5.5678639   -2.2126286  937.0700  937.6933
2021 04 27 19 38 00    -5.5641352   -2.2106935  937.0719  937.6970
2021 04 27 19 39 00    -5.5602419   -2.2086757  937.0741  937.6946
2021 04 27 19 40 00    -5.5562719   -2.2066835  937.0764  937.6869
2021 04 27 19 41 00    -5.5522267   -2.2047384  937.0780  937.6847
2021 04 27 19 42 00    -5.5480449   -2.2027420  937.0793  937.6897
2021 04 27 19 43 00    -5.5437756   -2.2006449  937.0815  937.6936
2021 04 27 19 44 00    -5.5395035   -2.1984552  937.0841  937.6895
2021 04 27 19 45 00    -5.5351949   -2.1961571  937.0857  937.6843
2021 04 27 19 46 00    -5.5307907   -2.1938679  937.0864  937.6898
2021 04 27 19 47 00    -5.5262685   -2.1917076  937.0872  937.6998
2021 04 27 19 48 00    -5.5216062   -2.1895216  937.0883  937.6971
2021 04 27 19 49 00    -5.5168460   -2.1871961  937.0892  937.6854
2021 04 27 19 50 00    -5.5120461   -2.1847948  937.0904  937.6777
2021 04 27 19 51 00    -5.5071822   -2.1822717  937.0924  937.6691
2021 04 27 19 52 00    -5.5022798   -2.1797169  937.0943  937.6596
2021 04 27 19 53 00    -5.4974410   -2.1773802  937.0948  937.6596
2021 04 27 19 54 00    -5.4925693   -2.1750841  937.0943  937.6604
2021 04 27 19 55 00    -5.4874211   -2.1724608  937.0941  937.6500
2021 04 27 19 56 00    -5.4820769   -2.1696317  937.0941  937.6359
2021 04 27 19 57 00    -5.4768178   -2.1669450  937.0934  937.6250
2021 04 27 19 58 00    -5.4716076   -2.1643940  937.0919  937.6138
2021 04 27 19 59 00    -5.4663162   -2.1617450  937.0909  937.6054
2021 04 27 20 00 00    -5.4609447   -2.1588931  937.0907  937.6038
2021 04 27 20 01 00    -5.4554612   -2.1559767  937.0904  937.6045
2021 04 27 20 02 00    -5.4499350   -2.1532156  937.0893  937.6065
2021 04 27 20 03 00    -5.4443657   -2.1504794  937.0882  937.6093
2021 04 27 20 04 00    -5.4385619   -2.1475287  937.0875  937.6050
2021 04 27 20 05 00    -5.4326213   -2.1445751  937.0870  937.5926
2021 04 27 20 06 00    -5.4267193   -2.1417449  937.0864  937.5854
2021 04 27 20 07 00    -5.4207005   -2.1387271  937.0857  937.5899
2021 04 27 20 08 00    -5.4146008   -2.1355663  937.0848  937.5908
2021 04 27 20 09 00    -5.4086583   -2.1326482  937.0837  937.5786
2021 04 27 20 10 00    -5.4027144   -2.1298454  937.0823  937.5677
2021 04 27 20 11 00    -5.3965461   -2.1267919  937.0806  937.5642
2021 04 27 20 12 00    -5.3902808   -2.1235741  937.0790  937.5568
2021 04 27 20 13 00    -5.3839673   -2.1203870  937.0781  937.5476
2021 04 27 20 14 00    -5.3774974   -2.1171921  937.0774  937.5440
2021 04 27 20 15 00    -5.3710199   -2.1139791  937.0758  937.5389
2021 04 27 20 16 00    -5.3646735   -2.1107267  937.0735  937.5334
2021 04 27 20 17 00    -5.3582431   -2.1073936  937.0717  937.5407
2021 04 27 20 18 00    -5.3515571   -2.1040804  937.0708  937.5571
2021 04 27 20 19 00    -5.3446365   -2.1007598  937.0702  937.5674
2021 04 27 20 20 00    -5.3375900   -2.0972966  937.0693  937.5740
2021 04 27 20 21 00    -5.3306535   -2.0937818  937.0681  937.5850
2021 04 27 20 22 00    -5.3238309   -2.0903439  937.0673  937.5944
2021 04 27 20 23 00    -5.3169313   -2.0869142  937.0669  937.5971
2021 04 27 20 24 00    -5.3100009   -2.0833734  937.0668  937.5998
2021 04 27 20 25 00    -5.3031039   -2.0797875  937.0662  937.6039
2021 04 27 20 26 00    -5.2962085   -2.0763474  937.0653  937.6009
2021 04 27 20 27 00    -5.2892404   -2.0729615  937.0647  937.5905
2021 04 27 20 28 00    -5.2820648   -2.0693815  937.0643  937.5847
2021 04 27 20 29 00    -5.2747886   -2.0657156  937.0637  937.5865
2021 04 27 20 30 00    -5.2676118   -2.0621506  937.0630  937.5882
2021 04 27 20 31 00    -5.2604466   -2.0585400  937.0623  937.5866
2021 04 27 20 32 00    -5.2531210   -2.0547506  937.0615  937.5824
2021 04 27 20 33 00    -5.2456563   -2.0509629  937.0608  937.5813
2021 04 27 20 34 00    -5.2382108   -2.0473778  937.0602  937.5880
2021 04 27 20 35 00    -5.2307823   -2.0438313  937.0599  937.5930
2021 04 27 20 36 00    -5.2232066   -2.0400019  937.0594  937.5907
2021 04 27 20 37 00    -5.2155539   -2.0359891  937.0587  937.5896
2021 04 27 20 38 00    -5.2080243   -2.0321765  937.0581  937.5934
2021 04 27 20 39 00    -5.2005995   -2.0286060  937.0580  937.5993
2021 04 27 20 40 00    -5.1931335   -2.0249937  937.0581  937.6057
2021 04 27 20 41 00    -5.1854759   -2.0211544  937.0581  937.6077
2021 04 27 20 42 00    -5.1776218   -2.0171586  937.0573  937.6008
2021 04 27 20 43 00    -5.1698028   -2.0132059  937.0559  937.5892
2021 04 27 20 44 00    -5.1621910   -2.0093860  937.0544  937.5809
2021 04 27 20 45 00    -5.1546242   -2.0055457  937.0532  937.5759
2021 04 27 20 46 00    -5.1468338   -2.0015279  937.0522  937.5706
2021 04 27 20 47 00    -5.1389401   -1.9974853  937.0514  937.5682
2021 04 27 20 48 00    -5.1311777   -1.9936003  937.0508  937.5701
2021 04 27 20 49 00    -5.1233358   -1.9897803  937.0500  937.5702
2021 04 27 20 50 00    -5.1153004   -1.9859319  937.0490  937.5683
2021 04 27 20 51 00    -5.1073111   -1.9820231  937.0475  937.5733
2021 04 27 20 52 00    -5.0993497   -1.9780325  937.0461  937.5831
2021 04 27 20 53 00    -5.0913101   -1.9740447  937.0448  937.5871
2021 04 27 20 54 00    -5.0832404   -1.9700120  937.0438  937.5870
2021 04 27 20 55 00    -5.0752213   -1.9659355  937.0430  937.5898
2021 04 27 20 56 00    -5.0672672   -1.9619795  937.0428  937.5952
2021 04 27 20 57 00    -5.0590468   -1.9579147  937.0430  937.6004
2021 04 27 20 58 00    -5.0506279   -1.9535934  937.0427  937.6043
2021 04 27 20 59 00    -5.0425505   -1.9493669  937.0420  937.6080
2021 04 27 21 00 00    -5.0344744   -1.9452659  937.0414  937.6140
2021 04 27 21 01 00    -5.0260053   -1.9411305  937.0404  937.6200
2021 04 27 21 02 00    -5.0177777   -1.9371151  937.0391  937.6198
2021 04 27 21 03 00    -5.0099542   -1.9331548  937.0384  937.6157
2021 04 27 21 04 00    -5.0018119   -1.9289307  937.0386  937.6156
2021 04 27 21 05 00    -4.9932738   -1.9244908  937.0389  937.6188
2021 04 27 21 06 00    -4.9849250   -1.9201904  937.0387  937.6179
2021 04 27 21 07 00    -4.9768581   -1.9161792  937.0379  937.6118
2021 04 27 21 08 00    -4.9687589   -1.9123196  937.0368  937.6092
2021 04 27 21 09 00    -4.9605085   -1.9084055  937.0361  937.6106
2021 04 27 21 10 00    -4.9521367   -1.9042651  937.0358  937.6086
2021 04 27 21 11 00    -4.9437727   -1.8999651  937.0355  937.6057
2021 04 27 21 12 00    -4.9355444   -1.8957900  937.0346  937.6064
2021 04 27 21 13 00    -4.9273448   -1.8917780  937.0330  937.6065
2021 04 27 21 14 00    -4.9189817   -1.8876450  937.0317  937.6070
2021 04 27 21 15 00    -4.9104724   -1.8832929  937.0312  937.6129
2021 04 27 21 16 00    -4.9021845   -1.8790635  937.0310  937.6218
2021 04 27 21 17 00    -4.8942604   -1.8751356  937.0303  937.6292
2021 04 27 21 18 00    -4.8860954   -1.8710957  937.0296  937.6329
2021 04 27 21 19 00    -4.8774467   -1.8667661  937.0296  937.6324
2021 04 27 21 20 00    -4.8689972   -1.8625987  937.0297  937.6310
2021 04 27 21 21 00    -4.8608518   -1.8586281  937.0296  937.6323
2021 04 27 21 22 00    -4.8524291   -1.8543936  937.0291  937.6355
2021 04 27 21 23 00    -4.8439126   -1.8499736  937.0286  937.6396
2021 04 27 21 24 00    -4.8356976   -1.8456991  937.0286  937.6463
2021 04 27 21 25 00    -4.8274694   -1.8415080  937.0290  937.6548
2021 04 27 21 26 00    -4.8191090   -1.8373577  937.0295  937.6624
2021 04 27 21 27 00    -4.8109353   -1.8333297  937.0298  937.6697
2021 04 27 21 28 00    -4.8028590   -1.8293164  937.0298  937.6770
2021 04 27 21 29 00    -4.7945060   -1.8251631  937.0298  937.6819
2021 04 27 21 30 00    -4.7858970   -1.8208524  937.0302  937.6845
2021 04 27 21 31 00    -4.7774052   -1.8165373  937.0308  937.6874
2021 04 27 21 32 00    -4.7691728   -1.8123414  937.0316  937.6912
2021 04 27 21 33 00    -4.7610255   -1.8082070  937.0323  937.6929
2021 04 27 21 34 00    -4.7528409   -1.8041476  937.0327  937.6933
2021 04 27 21 35 00    -4.7445862   -1.8001351  937.0330  937.6987
2021 04 27 21 36 00    -4.7363018   -1.7959938  937.0335  937.7089
2021 04 27 21 37 00    -4.7280414   -1.7917905  937.0340  937.7189
2021 04 27 21 38 00    -4.7198271   -1.7877191  937.0345  937.7307
2021 04 27 21 39 00    -4.7117187   -1.7837268  937.0359  937.7424
2021 04 27 21 40 00    -4.7036554   -1.7797159  937.0374  937.7489
2021 04 27 21 41 00    -4.6955631   -1.7757170  937.0382  937.7533
2021 04 27 21 42 00    -4.6874313   -1.7716880  937.0395  937.7593
2021 04 27 21 43 00    -4.6792229   -1.7675654  937.0419  937.7653
2021 04 27 21 44 00    -4.6710853   -1.7634177  937.0439  937.7712
2021 04 27 21 45 00    -4.6630961   -1.7592912  937.0447  937.7772
2021 04 27 21 46 00    -4.6550758   -1.7551952  937.0451  937.7790
2021 04 27 21 47 00    -4.6470740   -1.7512436  937.0459  937.7744
2021 04 27 21 48 00    -4.6392860   -1.7474413  937.0472  937.7689
2021 04 27 21 49 00    -4.6315416   -1.7435632  937.0488  937.7670
2021 04 27 21 50 00    -4.6236184   -1.7395779  937.0498  937.7659
2021 04 27 21 51 00    -4.6157224   -1.7356879  937.0498  937.7627
2021 04 27 21 52 00    -4.6080021   -1.7318520  937.0494  937.7572
2021 04 27 21 53 00    -4.6002662   -1.7278894  937.0493  937.7504
2021 04 27 21 54 00    -4.5925112   -1.7238871  937.0499  937.7464
2021 04 27 21 55 00    -4.5848849   -1.7200447  937.0506  937.7472
2021 04 27 21 56 00    -4.5773110   -1.7163392  937.0509  937.7459
2021 04 27 21 57 00    -4.5696473   -1.7125485  937.0505  937.7378
2021 04 27 21 58 00    -4.5619347   -1.7085909  937.0498  937.7315
2021 04 27 21 59 00    -4.5543293   -1.7046989  937.0492  937.7306
2021 04 27 22 00 00    -4.5468226   -1.7010068  937.0489  937.7305
2021 04 27 22 01 00    -4.5393270   -1.6972913  937.0489  937.7293
2021 04 27 22 02 00    -4.5319160   -1.6934508  937.0482  937.7245
2021 04 27 22 03 00    -4.5246073   -1.6897285  937.0469  937.7174
2021 04 27 22 04 00    -4.5172692   -1.6861565  937.0456  937.7151
2021 04 27 22 05 00    -4.5098509   -1.6824543  937.0449  937.7161
2021 04 27 22 06 00    -4.5024613   -1.6787003  937.0443  937.7166
2021 04 27 22 07 00    -4.4951789   -1.6751519  937.0436  937.7175
2021 04 27 22 08 00    -4.4879292   -1.6715749  937.0433  937.7183
2021 04 27 22 09 00    -4.4807266   -1.6677667  937.0435  937.7166
2021 04 27 22 10 00    -4.4736180   -1.6640573  937.0432  937.7127
2021 04 27 22 11 00    -4.4664093   -1.6606311  937.0420  937.7104
2021 04 27 22 12 00    -4.4591097   -1.6572117  937.0403  937.7097
2021 04 27 22 13 00    -4.4520666   -1.6536069  937.0388  937.7079
2021 04 27 22 14 00    -4.4452793   -1.6499779  937.0381  937.7077
2021 04 27 22 15 00    -4.4384632   -1.6465675  937.0377  937.7115
2021 04 27 22 16 00    -4.4315370   -1.6433135  937.0366  937.7149
2021 04 27 22 17 00    -4.4245810   -1.6399570  937.0356  937.7151
2021 04 27 22 18 00    -4.4177484   -1.6365119  937.0353  937.7134
2021 04 27 22 19 00    -4.4110269   -1.6331153  937.0352  937.7095
2021 04 27 22 20 00    -4.4042291   -1.6297178  937.0347  937.7052
2021 04 27 22 21 00    -4.3974725   -1.6263257  937.0340  937.7059
2021 04 27 22 22 00    -4.3909642   -1.6230016  937.0335  937.7105
2021 04 27 22 23 00    -4.3844615   -1.6196499  937.0336  937.7135
2021 04 27 22 24 00    -4.3777659   -1.6162432  937.0336  937.7130
2021 04 27 22 25 00    -4.3712024   -1.6129267  937.0328  937.7093
2021 04 27 22 26 00    -4.3649165   -1.6097680  937.0312  937.7033
2021 04 27 22 27 00    -4.3586185   -1.6066920  937.0294  937.6987
2021 04 27 22 28 00    -4.3523181   -1.6036252  937.0276  937.6974
2021 04 27 22 29 00    -4.3462179   -1.6005555  937.0263  937.6983
2021 04 27 22 30 00    -4.3401192   -1.5973815  937.0256  937.7018
2021 04 27 22 31 00    -4.3338469   -1.5940915  937.0254  937.7096
2021 04 27 22 32 00    -4.3276905   -1.5910388  937.0254  937.7201
2021 04 27 22 33 00    -4.3217752   -1.5882738  937.0256  937.7295
2021 04 27 22 34 00    -4.3158131   -1.5853205  937.0258  937.7351
2021 04 27 22 35 00    -4.3097777   -1.5821944  937.0255  937.7385
2021 04 27 22 36 00    -4.3039065   -1.5793242  937.0250  937.7437
2021 04 27 22 37 00    -4.2981893   -1.5765710  937.0252  937.7526
2021 04 27 22 38 00    -4.2924698   -1.5736061  937.0259  937.7615
2021 04 27 22 39 00    -4.2867748   -1.5706505  937.0265  937.7630
2021 04 27 22 40 00    -4.2812652   -1.5680182  937.0268  937.7546
2021 04 27 22 41 00    -4.2759132   -1.5655574  937.0270  937.7433
2021 04 27 22 42 00    -4.2705720   -1.5629618  937.0269  937.7360
2021 04 27 22 43 00    -4.2651991   -1.5601621  937.0264  937.7342
2021 04 27 22 44 00    -4.2597450   -1.5572845  937.0259  937.7385
2021 04 27 22 45 00    -4.2543432   -1.5545314  937.0259  937.7480
2021 04 27 22 46 00    -4.2492301   -1.5519794  937.0262  937.7569
2021 04 27 22 47 00    -4.2442860   -1.5495437  937.0264  937.7600
2021 04 27 22 48 00    -4.2393691   -1.5471602  937.0267  937.7597
2021 04 27 22 49 00    -4.2344864   -1.5446662  937.0270  937.7597
2021 04 27 22 50 00    -4.2294478   -1.5419212  937.0269  937.7601
2021 04 27 22 51 00    -4.2242495   -1.5392067  937.0267  937.7611
2021 04 27 22 52 00    -4.2193475   -1.5368819  937.0269  937.7632
2021 04 27 22 53 00    -4.2148791   -1.5347542  937.0275  937.7655
2021 04 27 22 54 00    -4.2103572   -1.5323874  937.0276  937.7657
2021 04 27 22 55 00    -4.2055339   -1.5298084  937.0271  937.7652
2021 04 27 22 56 00    -4.2007675   -1.5273735  937.0269  937.7697
2021 04 27 22 57 00    -4.1963548   -1.5252705  937.0276  937.7790
2021 04 27 22 58 00    -4.1921301   -1.5233672  937.0284  937.7861
2021 04 27 22 59 00    -4.1878052   -1.5213099  937.0285  937.7881
2021 04 27 23 00 00    -4.1833427   -1.5189613  937.0283  937.7890
2021 04 27 23 01 00    -4.1789562   -1.5165935  937.0284  937.7897
2021 04 27 23 02 00    -4.1748526   -1.5144454  937.0292  937.7870
2021 04 27 23 03 00    -4.1709813   -1.5125344  937.0299  937.7811
2021 04 27 23 04 00    -4.1671619   -1.5107624  937.0299  937.7767
2021 04 27 23 05 00    -4.1633434   -1.5089295  937.0296  937.7763
2021 04 27 23 06 00    -4.1595863   -1.5070071  937.0297  937.7767
2021 04 27 23 07 00    -4.1559564   -1.5052061  937.0302  937.7753
2021 04 27 23 08 00    -4.1524744   -1.5035952  937.0305  937.7726
2021 04 27 23 09 00    -4.1491213   -1.5020083  937.0301  937.7663
2021 04 27 23 10 00    -4.1457517   -1.5002583  937.0297  937.7532
2021 04 27 23 11 00    -4.1422452   -1.4983633  937.0287  937.7372
2021 04 27 23 12 00    -4.1388367   -1.4965800  937.0268  937.7237
2021 04 27 23 13 00    -4.1357501   -1.4950735  937.0247  937.7135
2021 04 27 23 14 00    -4.1328787   -1.4937371  937.0231  937.7051
2021 04 27 23 15 00    -4.1300057   -1.4923592  937.0215  937.6974
2021 04 27 23 16 00    -4.1269706   -1.4908796  937.0194  937.6901
2021 04 27 23 17 00    -4.1239530   -1.4894635  937.0177  937.6828
2021 04 27 23 18 00    -4.1212137   -1.4881522  937.0166  937.6749
2021 04 27 23 19 00    -4.1185460   -1.4867985  937.0149  937.6683
2021 04 27 23 20 00    -4.1157608   -1.4854080  937.0124  937.6653
2021 04 27 23 21 00    -4.1130411   -1.4840259  937.0104  937.6648
2021 04 27 23 22 00    -4.1104770   -1.4826348  937.0092  937.6657
2021 04 27 23 23 00    -4.1079463   -1.4813084  937.0076  937.6687
2021 04 27 23 24 00    -4.1054000   -1.4800485  937.0052  937.6742
2021 04 27 23 25 00    -4.1030156   -1.4788198  937.0030  937.6805
2021 04 27 23 26 00    -4.1008859   -1.4777347  937.0019  937.6845
2021 04 27 23 27 00    -4.0988058   -1.4768204  937.0014  937.6865
2021 04 27 23 28 00    -4.0966752   -1.4758925  937.0011  937.6889
2021 04 27 23 29 00    -4.0945902   -1.4747840  937.0006  937.6936
2021 04 27 23 30 00    -4.0926007   -1.4735850  936.9995  937.7025
2021 04 27 23 31 00    -4.0906865   -1.4725226  936.9982  937.7171
2021 04 27 23 32 00    -4.0888593   -1.4716398  936.9974  937.7338
2021 04 27 23 33 00    -4.0872138   -1.4708558  936.9978  937.7473
2021 04 27 23 34 00    -4.0857119   -1.4700946  936.9988  937.7546
2021 04 27 23 35 00    -4.0841834   -1.4692981  936.9994  937.7534
2021 04 27 23 36 00    -4.0826428   -1.4685289  936.9995  937.7464
2021 04 27 23 37 00    -4.0812400   -1.4678431  936.9999  937.7418
2021 04 27 23 38 00    -4.0800071   -1.4671911  937.0004  937.7403
2021 04 27 23 39 00    -4.0788831   -1.4665696  937.0003  937.7345
2021 04 27 23 40 00    -4.0778272   -1.4659772  936.9995  937.7235
2021 04 27 23 41 00    -4.0768217   -1.4653872  936.9981  937.7111
2021 04 27 23 42 00    -4.0759393   -1.4650142  936.9965  937.6979
2021 04 27 23 43 00    -4.0753036   -1.4650612  936.9950  937.6853
2021 04 27 23 44 00    -4.0748606   -1.4651125  936.9936  937.6761
2021 04 27 23 45 00    -4.0744066   -1.4647648  936.9920  937.6689
2021 04 27 23 46 00    -4.0739009   -1.4643986  936.9901  937.6616
2021 04 27 23 47 00    -4.0734854   -1.4643177  936.9881  937.6554
2021 04 27 23 48 00    -4.0731818   -1.4642574  936.9863  937.6513
2021 04 27 23 49 00    -4.0729058   -1.4640923  936.9850  937.6475
2021 04 27 23 50 00    -4.0726286   -1.4639049  936.9840  937.6405
2021 04 27 23 51 00    -4.0724044   -1.4637427  936.9825  937.6309
2021 04 27 23 52 00    -4.0724079   -1.4637032  936.9799  937.6231
2021 04 27 23 53 00    -4.0726258   -1.4637194  936.9771  937.6182
2021 04 27 23 54 00    -4.0727442   -1.4636191  936.9750  937.6122
2021 04 27 23 55 00    -4.0727721   -1.4635486  936.9729  937.6035
2021 04 27 23 56 00    -4.0730775   -1.4637158  936.9706  937.5962
2021 04 27 23 57 00    -4.0736405   -1.4640163  936.9682  937.5911
2021 04 27 23 58 00    -4.0741193   -1.4643047  936.9659  937.5844
2021 04 27 23 59 00    -4.0745238   -1.4646019  936.9633  937.5769
