[TSF-file]     v01.0

[TIMEFORMAT]   DATETIME
[INCREMENT]    60
[CHANNELS]
    BF:SG056:G1-F60 
    BF:SG056:G2-F60 
    BF:SG056:Br1-F60
    BF:SG056:Br2-F60
[UNITS]
    Volt
    Volt
    mbar
    mbar
[UNDETVAL]                      9999.999
[PHASE_LAG_1_DEG_CPD]           0.0402
[PHASE_LAG_1_DEG_CPD_ERROR]     0.0002
[N_LATITUDE_DEG]                48.3294
[N_LATITUDE_DEG_ERROR]          0.0001
[E_LONGITUDE_DEG]               008.3284
[E_LONGITUDE_DEG_ERROR]         0.0001
[HEIGHT_M_1]                    589.20
[HEIGHT_M_1_ERROR]              0.01
[GRAVITY_CAL_1_UGAL_V]          -40.1100
[GRAVITY_CAL_1_UGAL_V_ERROR]    0.0300
[PRESSURE_CAL_MBAR_V]           1.0000
[PRESSURE_CAL_MBAR_V_ERROR]     0.0001
[AUTHOR]                        Thomas Forbriger@kit.edu
[PHASE_LAG_2_DEG_CPD]           0.0402
[PHASE_LAG_2_DEG_CPD_ERROR]     0.0002
[HEIGHT_M_2]                    589.40
[HEIGHT_M_2_ERROR]              0.01
[GRAVITY_CAL_2_UGAL_V]          -80.0699
[GRAVITY_CAL_2_UGAL_V_ERROR]    0.0600
[PRESSURE_ADMIT_HPA_NMS2]       -3.4000
[PRESSURE_MEAN_HPA]             0980.0
[COMMENT]                           
software upgrade and FitPC2 replacement on 29. July 2019



Date           Time     G1-F60        G2-F60        Br1-F60       Br2-F60      
[DATA]
2021 04 02 00 00 00    -4.5072346   -1.6722509  950.1957  950.8490
2021 04 02 00 01 00    -4.5053976   -1.6712014  950.1927  950.8429
2021 04 02 00 02 00    -4.5038111   -1.6704290  950.1898  950.8427
2021 04 02 00 03 00    -4.5023023   -1.6698682  950.1875  950.8508
2021 04 02 00 04 00    -4.5006162   -1.6691059  950.1857  950.8594
2021 04 02 00 05 00    -4.4989387   -1.6680934  950.1838  950.8592
2021 04 02 00 06 00    -4.4974149   -1.6671966  950.1810  950.8553
2021 04 02 00 07 00    -4.4957654   -1.6664753  950.1777  950.8570
2021 04 02 00 08 00    -4.4939571   -1.6656792  950.1751  950.8644
2021 04 02 00 09 00    -4.4922769   -1.6647808  950.1734  950.8711
2021 04 02 00 10 00    -4.4906222   -1.6638608  950.1723  950.8741
2021 04 02 00 11 00    -4.4887085   -1.6628643  950.1715  950.8814
2021 04 02 00 12 00    -4.4867319   -1.6618435  950.1706  950.8986
2021 04 02 00 13 00    -4.4850101   -1.6609603  950.1699  950.9126
2021 04 02 00 14 00    -4.4834551   -1.6602056  950.1697  950.9137
2021 04 02 00 15 00    -4.4818935   -1.6594547  950.1697  950.9147
2021 04 02 00 16 00    -4.4802635   -1.6586170  950.1698  950.9240
2021 04 02 00 17 00    -4.4785601   -1.6577188  950.1701  950.9284
2021 04 02 00 18 00    -4.4769623   -1.6569000  950.1702  950.9258
2021 04 02 00 19 00    -4.4754755   -1.6561318  950.1704  950.9311
2021 04 02 00 20 00    -4.4738490   -1.6552660  950.1712  950.9423
2021 04 02 00 21 00    -4.4721884   -1.6544372  950.1725  950.9474
2021 04 02 00 22 00    -4.4707393   -1.6538195  950.1736  950.9471
2021 04 02 00 23 00    -4.4693796   -1.6532834  950.1744  950.9445
2021 04 02 00 24 00    -4.4679951   -1.6526643  950.1749  950.9378
2021 04 02 00 25 00    -4.4666560   -1.6519089  950.1750  950.9313
2021 04 02 00 26 00    -4.4652512   -1.6510325  950.1747  950.9282
2021 04 02 00 27 00    -4.4636623   -1.6501488  950.1743  950.9195
2021 04 02 00 28 00    -4.4621086   -1.6493907  950.1736  950.9061
2021 04 02 00 29 00    -4.4608398   -1.6488431  950.1727  950.9006
2021 04 02 00 30 00    -4.4597521   -1.6484321  950.1720  950.9000
2021 04 02 00 31 00    -4.4584869   -1.6479225  950.1719  950.8948
2021 04 02 00 32 00    -4.4569608   -1.6472143  950.1716  950.8871
2021 04 02 00 33 00    -4.4555129   -1.6464265  950.1702  950.8817
2021 04 02 00 34 00    -4.4543011   -1.6457343  950.1677  950.8764
2021 04 02 00 35 00    -4.4532076   -1.6452340  950.1657  950.8664
2021 04 02 00 36 00    -4.4520641   -1.6447318  950.1642  950.8556
2021 04 02 00 37 00    -4.4506983   -1.6439856  950.1624  950.8483
2021 04 02 00 38 00    -4.4492977   -1.6432045  950.1600  950.8410
2021 04 02 00 39 00    -4.4480422   -1.6426027  950.1577  950.8311
2021 04 02 00 40 00    -4.4467136   -1.6419611  950.1555  950.8157
2021 04 02 00 41 00    -4.4454258   -1.6412560  950.1530  950.7964
2021 04 02 00 42 00    -4.4444189   -1.6407259  950.1498  950.7815
2021 04 02 00 43 00    -4.4433618   -1.6402167  950.1465  950.7706
2021 04 02 00 44 00    -4.4420642   -1.6395347  950.1435  950.7605
2021 04 02 00 45 00    -4.4408797   -1.6389750  950.1411  950.7576
2021 04 02 00 46 00    -4.4399657   -1.6386932  950.1384  950.7615
2021 04 02 00 47 00    -4.4390758   -1.6383064  950.1351  950.7632
2021 04 02 00 48 00    -4.4380108   -1.6376137  950.1318  950.7617
2021 04 02 00 49 00    -4.4367931   -1.6369100  950.1295  950.7581
2021 04 02 00 50 00    -4.4355934   -1.6363717  950.1274  950.7478
2021 04 02 00 51 00    -4.4345598   -1.6358485  950.1247  950.7338
2021 04 02 00 52 00    -4.4335668   -1.6352528  950.1221  950.7254
2021 04 02 00 53 00    -4.4324367   -1.6346985  950.1199  950.7204
2021 04 02 00 54 00    -4.4313026   -1.6342512  950.1176  950.7125
2021 04 02 00 55 00    -4.4302457   -1.6338162  950.1149  950.7081
2021 04 02 00 56 00    -4.4291939   -1.6333610  950.1126  950.7169
2021 04 02 00 57 00    -4.4282398   -1.6329187  950.1110  950.7369
2021 04 02 00 58 00    -4.4272881   -1.6324386  950.1094  950.7570
2021 04 02 00 59 00    -4.4260867   -1.6318586  950.1077  950.7690
2021 04 02 01 00 00    -4.4248126   -1.6311809  950.1067  950.7766
2021 04 02 01 01 00    -4.4237927   -1.6305857  950.1069  950.7866
2021 04 02 01 02 00    -4.4230193   -1.6302444  950.1080  950.7980
2021 04 02 01 03 00    -4.4223443   -1.6299488  950.1095  950.8050
2021 04 02 01 04 00    -4.4216381   -1.6294705  950.1102  950.8059
2021 04 02 01 05 00    -4.4207983   -1.6289358  950.1095  950.8038
2021 04 02 01 06 00    -4.4200220   -1.6285724  950.1085  950.7990
2021 04 02 01 07 00    -4.4195568   -1.6284395  950.1082  950.7908
2021 04 02 01 08 00    -4.4190497   -1.6282636  950.1081  950.7859
2021 04 02 01 09 00    -4.4181278   -1.6278084  950.1072  950.7900
2021 04 02 01 10 00    -4.4172069   -1.6273688  950.1057  950.7974
2021 04 02 01 11 00    -4.4167025   -1.6271843  950.1047  950.8029
2021 04 02 01 12 00    -4.4162899   -1.6269622  950.1051  950.8086
2021 04 02 01 13 00    -4.4156252   -1.6265440  950.1062  950.8106
2021 04 02 01 14 00    -4.4149604   -1.6261943  950.1069  950.8072
2021 04 02 01 15 00    -4.4144588   -1.6259447  950.1067  950.8081
2021 04 02 01 16 00    -4.4138585   -1.6255876  950.1058  950.8134
2021 04 02 01 17 00    -4.4131876   -1.6252474  950.1047  950.8151
2021 04 02 01 18 00    -4.4126546   -1.6250547  950.1037  950.8154
2021 04 02 01 19 00    -4.4122651   -1.6248662  950.1034  950.8170
2021 04 02 01 20 00    -4.4120124   -1.6246425  950.1037  950.8117
2021 04 02 01 21 00    -4.4117875   -1.6244138  950.1036  950.7935
2021 04 02 01 22 00    -4.4115661   -1.6242418  950.1030  950.7757
2021 04 02 01 23 00    -4.4114871   -1.6242362  950.1026  950.7728
2021 04 02 01 24 00    -4.4113470   -1.6242313  950.1021  950.7737
2021 04 02 01 25 00    -4.4109073   -1.6240666  950.1004  950.7674
2021 04 02 01 26 00    -4.4104842   -1.6239233  950.0981  950.7654
2021 04 02 01 27 00    -4.4103065   -1.6238145  950.0965  950.7742
2021 04 02 01 28 00    -4.4101146   -1.6235869  950.0960  950.7865
2021 04 02 01 29 00    -4.4099534   -1.6234878  950.0957  950.7982
2021 04 02 01 30 00    -4.4099686   -1.6236765  950.0950  950.8060
2021 04 02 01 31 00    -4.4098763   -1.6237751  950.0941  950.8069
2021 04 02 01 32 00    -4.4097476   -1.6236807  950.0938  950.8035
2021 04 02 01 33 00    -4.4097612   -1.6235946  950.0940  950.8008
2021 04 02 01 34 00    -4.4095666   -1.6234006  950.0944  950.8017
2021 04 02 01 35 00    -4.4092577   -1.6231813  950.0944  950.7996
2021 04 02 01 36 00    -4.4093380   -1.6232308  950.0938  950.7915
2021 04 02 01 37 00    -4.4096817   -1.6233692  950.0927  950.7907
2021 04 02 01 38 00    -4.4098850   -1.6233941  950.0921  950.8016
2021 04 02 01 39 00    -4.4098319   -1.6234380  950.0923  950.8107
2021 04 02 01 40 00    -4.4096171   -1.6234652  950.0929  950.8130
2021 04 02 01 41 00    -4.4095602   -1.6234179  950.0937  950.8150
2021 04 02 01 42 00    -4.4099671   -1.6235817  950.0945  950.8209
2021 04 02 01 43 00    -4.4105239   -1.6239766  950.0949  950.8285
2021 04 02 01 44 00    -4.4106847   -1.6241609  950.0948  950.8298
2021 04 02 01 45 00    -4.4107887   -1.6241188  950.0944  950.8210
2021 04 02 01 46 00    -4.4114045   -1.6242502  950.0940  950.8065
2021 04 02 01 47 00    -4.4121205   -1.6245116  950.0933  950.7908
2021 04 02 01 48 00    -4.4125308   -1.6246876  950.0926  950.7753
2021 04 02 01 49 00    -4.4130083   -1.6249917  950.0916  950.7642
2021 04 02 01 50 00    -4.4137418   -1.6255402  950.0901  950.7572
2021 04 02 01 51 00    -4.4145298   -1.6260386  950.0883  950.7453
2021 04 02 01 52 00    -4.4152934   -1.6263088  950.0866  950.7308
2021 04 02 01 53 00    -4.4159630   -1.6264605  950.0849  950.7218
2021 04 02 01 54 00    -4.4164760   -1.6266544  950.0825  950.7138
2021 04 02 01 55 00    -4.4169848   -1.6269413  950.0794  950.7044
2021 04 02 01 56 00    -4.4176864   -1.6273143  950.0768  950.6992
2021 04 02 01 57 00    -4.4185769   -1.6278098  950.0749  950.6987
2021 04 02 01 58 00    -4.4194818   -1.6283582  950.0730  950.6985
2021 04 02 01 59 00    -4.4202572   -1.6288220  950.0709  950.6952
2021 04 02 02 00 00    -4.4209413   -1.6292446  950.0686  950.6892
2021 04 02 02 01 00    -4.4217544   -1.6296964  950.0660  950.6817
2021 04 02 02 02 00    -4.4227703   -1.6300778  950.0633  950.6728
2021 04 02 02 03 00    -4.4237479   -1.6303860  950.0610  950.6675
2021 04 02 02 04 00    -4.4245969   -1.6307840  950.0592  950.6667
2021 04 02 02 05 00    -4.4255600   -1.6313124  950.0571  950.6630
2021 04 02 02 06 00    -4.4267870   -1.6319391  950.0542  950.6543
2021 04 02 02 07 00    -4.4280955   -1.6326623  950.0510  950.6469
2021 04 02 02 08 00    -4.4292873   -1.6334512  950.0478  950.6426
2021 04 02 02 09 00    -4.4304546   -1.6342105  950.0450  950.6382
2021 04 02 02 10 00    -4.4317057   -1.6347395  950.0426  950.6354
2021 04 02 02 11 00    -4.4329334   -1.6350645  950.0404  950.6335
2021 04 02 02 12 00    -4.4340644   -1.6355527  950.0381  950.6270
2021 04 02 02 13 00    -4.4352337   -1.6363064  950.0356  950.6202
2021 04 02 02 14 00    -4.4365684   -1.6370769  950.0332  950.6187
2021 04 02 02 15 00    -4.4379447   -1.6377098  950.0308  950.6170
2021 04 02 02 16 00    -4.4391958   -1.6381944  950.0285  950.6153
2021 04 02 02 17 00    -4.4404515   -1.6386739  950.0258  950.6196
2021 04 02 02 18 00    -4.4418542   -1.6392800  950.0230  950.6217
2021 04 02 02 19 00    -4.4433071   -1.6399752  950.0205  950.6138
2021 04 02 02 20 00    -4.4449194   -1.6408864  950.0180  950.6046
2021 04 02 02 21 00    -4.4467774   -1.6419740  950.0147  950.5989
2021 04 02 02 22 00    -4.4485036   -1.6428380  950.0115  950.5873
2021 04 02 02 23 00    -4.4499969   -1.6435677  950.0092  950.5680
2021 04 02 02 24 00    -4.4515056   -1.6444618  950.0072  950.5529
2021 04 02 02 25 00    -4.4530787   -1.6453364  950.0041  950.5468
2021 04 02 02 26 00    -4.4548419   -1.6460679  950.0001  950.5428
2021 04 02 02 27 00    -4.4567289   -1.6467563  949.9959  950.5345
2021 04 02 02 28 00    -4.4583580   -1.6474808  949.9924  950.5227
2021 04 02 02 29 00    -4.4599013   -1.6484258  949.9899  950.5152
2021 04 02 02 30 00    -4.4617678   -1.6496039  949.9871  950.5142
2021 04 02 02 31 00    -4.4637688   -1.6507026  949.9837  950.5084
2021 04 02 02 32 00    -4.4657033   -1.6516368  949.9804  950.4971
2021 04 02 02 33 00    -4.4676869   -1.6525631  949.9773  950.4925
2021 04 02 02 34 00    -4.4696405   -1.6534659  949.9732  950.4898
2021 04 02 02 35 00    -4.4715398   -1.6543920  949.9685  950.4822
2021 04 02 02 36 00    -4.4735891   -1.6554765  949.9647  950.4814
2021 04 02 02 37 00    -4.4757104   -1.6565773  949.9623  950.4877
2021 04 02 02 38 00    -4.4777879   -1.6575817  949.9600  950.4847
2021 04 02 02 39 00    -4.4800327   -1.6586802  949.9568  950.4742
2021 04 02 02 40 00    -4.4823674   -1.6598566  949.9533  950.4690
2021 04 02 02 41 00    -4.4843907   -1.6608523  949.9503  950.4665
2021 04 02 02 42 00    -4.4862601   -1.6618063  949.9474  950.4605
2021 04 02 02 43 00    -4.4884867   -1.6630022  949.9443  950.4582
2021 04 02 02 44 00    -4.4909243   -1.6642074  949.9411  950.4667
2021 04 02 02 45 00    -4.4931161   -1.6651849  949.9382  950.4754
2021 04 02 02 46 00    -4.4952047   -1.6661876  949.9357  950.4709
2021 04 02 02 47 00    -4.4975893   -1.6674480  949.9331  950.4611
2021 04 02 02 48 00    -4.5002855   -1.6688898  949.9306  950.4601
2021 04 02 02 49 00    -4.5028814   -1.6702217  949.9286  950.4637
2021 04 02 02 50 00    -4.5051595   -1.6713493  949.9263  950.4637
2021 04 02 02 51 00    -4.5075316   -1.6726284  949.9233  950.4577
2021 04 02 02 52 00    -4.5101877   -1.6740693  949.9199  950.4437
2021 04 02 02 53 00    -4.5128176   -1.6752847  949.9163  950.4333
2021 04 02 02 54 00    -4.5153247   -1.6763844  949.9131  950.4372
2021 04 02 02 55 00    -4.5178200   -1.6776687  949.9103  950.4416
2021 04 02 02 56 00    -4.5204249   -1.6790423  949.9081  950.4324
2021 04 02 02 57 00    -4.5231737   -1.6803477  949.9060  950.4147
2021 04 02 02 58 00    -4.5258776   -1.6816307  949.9029  950.3997
2021 04 02 02 59 00    -4.5284030   -1.6829334  949.8987  950.3908
2021 04 02 03 00 00    -4.5308613   -1.6842004  949.8946  950.3828
2021 04 02 03 01 00    -4.5334891   -1.6854987  949.8909  950.3772
2021 04 02 03 02 00    -4.5363354   -1.6868889  949.8874  950.3806
2021 04 02 03 03 00    -4.5391385   -1.6882523  949.8841  950.3830
2021 04 02 03 04 00    -4.5419083   -1.6896675  949.8811  950.3735
2021 04 02 03 05 00    -4.5449330   -1.6912683  949.8778  950.3594
2021 04 02 03 06 00    -4.5480356   -1.6928068  949.8737  950.3458
2021 04 02 03 07 00    -4.5508662   -1.6941194  949.8694  950.3320
2021 04 02 03 08 00    -4.5536856   -1.6955058  949.8660  950.3251
2021 04 02 03 09 00    -4.5569029   -1.6972281  949.8638  950.3255
2021 04 02 03 10 00    -4.5602432   -1.6990306  949.8614  950.3266
2021 04 02 03 11 00    -4.5632396   -1.7004918  949.8578  950.3273
2021 04 02 03 12 00    -4.5660622   -1.7017612  949.8539  950.3254
2021 04 02 03 13 00    -4.5691120   -1.7032821  949.8510  950.3177
2021 04 02 03 14 00    -4.5722677   -1.7049658  949.8487  950.3064
2021 04 02 03 15 00    -4.5752039   -1.7064439  949.8450  950.2958
2021 04 02 03 16 00    -4.5780429   -1.7077603  949.8402  950.2923
2021 04 02 03 17 00    -4.5811067   -1.7092463  949.8360  950.2978
2021 04 02 03 18 00    -4.5843857   -1.7109794  949.8333  950.3063
2021 04 02 03 19 00    -4.5876556   -1.7127561  949.8311  950.3131
2021 04 02 03 20 00    -4.5908094   -1.7144123  949.8284  950.3174
2021 04 02 03 21 00    -4.5939228   -1.7159313  949.8249  950.3150
2021 04 02 03 22 00    -4.5972525   -1.7174984  949.8217  950.3064
2021 04 02 03 23 00    -4.6008178   -1.7192474  949.8192  950.3015
2021 04 02 03 24 00    -4.6042009   -1.7209737  949.8172  950.3055
2021 04 02 03 25 00    -4.6073819   -1.7225583  949.8154  950.3133
2021 04 02 03 26 00    -4.6107093   -1.7241355  949.8133  950.3236
2021 04 02 03 27 00    -4.6140153   -1.7257079  949.8109  950.3358
2021 04 02 03 28 00    -4.6171211   -1.7272740  949.8084  950.3433
2021 04 02 03 29 00    -4.6204081   -1.7289668  949.8067  950.3458
2021 04 02 03 30 00    -4.6239563   -1.7307097  949.8055  950.3473
2021 04 02 03 31 00    -4.6274148   -1.7324364  949.8040  950.3434
2021 04 02 03 32 00    -4.6309204   -1.7343636  949.8016  950.3327
2021 04 02 03 33 00    -4.6346521   -1.7363601  949.7989  950.3199
2021 04 02 03 34 00    -4.6382721   -1.7380732  949.7964  950.3049
2021 04 02 03 35 00    -4.6417567   -1.7396919  949.7939  950.2912
2021 04 02 03 36 00    -4.6453678   -1.7414453  949.7912  950.2839
2021 04 02 03 37 00    -4.6490642   -1.7432350  949.7888  950.2772
2021 04 02 03 38 00    -4.6527358   -1.7450757  949.7865  950.2672
2021 04 02 03 39 00    -4.6563190   -1.7469738  949.7835  950.2590
2021 04 02 03 40 00    -4.6598412   -1.7488337  949.7800  950.2548
2021 04 02 03 41 00    -4.6633900   -1.7506376  949.7768  950.2519
2021 04 02 03 42 00    -4.6669578   -1.7524394  949.7739  950.2504
2021 04 02 03 43 00    -4.6705990   -1.7543389  949.7710  950.2525
2021 04 02 03 44 00    -4.6743476   -1.7562015  949.7681  950.2592
2021 04 02 03 45 00    -4.6781004   -1.7578161  949.7654  950.2634
2021 04 02 03 46 00    -4.6818129   -1.7594725  949.7627  950.2518
2021 04 02 03 47 00    -4.6855041   -1.7614389  949.7599  950.2296
2021 04 02 03 48 00    -4.6891903   -1.7634114  949.7570  950.2227
2021 04 02 03 49 00    -4.6929519   -1.7652316  949.7545  950.2360
2021 04 02 03 50 00    -4.6968235   -1.7671307  949.7520  950.2465
2021 04 02 03 51 00    -4.7006576   -1.7691184  949.7491  950.2474
2021 04 02 03 52 00    -4.7043824   -1.7710225  949.7460  950.2513
2021 04 02 03 53 00    -4.7080505   -1.7728156  949.7439  950.2618
2021 04 02 03 54 00    -4.7116589   -1.7745833  949.7425  950.2727
2021 04 02 03 55 00    -4.7153456   -1.7764487  949.7411  950.2776
2021 04 02 03 56 00    -4.7191895   -1.7783583  949.7395  950.2779
2021 04 02 03 57 00    -4.7230645   -1.7802032  949.7381  950.2805
2021 04 02 03 58 00    -4.7270234   -1.7821621  949.7369  950.2853
2021 04 02 03 59 00    -4.7310181   -1.7842713  949.7357  950.2865
2021 04 02 04 00 00    -4.7348177   -1.7862767  949.7341  950.2828
2021 04 02 04 01 00    -4.7386153   -1.7881966  949.7322  950.2780
2021 04 02 04 02 00    -4.7426368   -1.7901485  949.7300  950.2789
2021 04 02 04 03 00    -4.7465167   -1.7920230  949.7283  950.2866
2021 04 02 04 04 00    -4.7500944   -1.7939015  949.7275  950.2923
2021 04 02 04 05 00    -4.7538414   -1.7959746  949.7268  950.2875
2021 04 02 04 06 00    -4.7579704   -1.7980901  949.7250  950.2785
2021 04 02 04 07 00    -4.7621779   -1.8001081  949.7229  950.2787
2021 04 02 04 08 00    -4.7661335   -1.8020868  949.7217  950.2892
2021 04 02 04 09 00    -4.7698489   -1.8039950  949.7210  950.2971
2021 04 02 04 10 00    -4.7737320   -1.8058780  949.7196  950.2942
2021 04 02 04 11 00    -4.7779791   -1.8079132  949.7175  950.2903
2021 04 02 04 12 00    -4.7821651   -1.8100525  949.7160  950.2953
2021 04 02 04 13 00    -4.7858940   -1.8120087  949.7155  950.2999
2021 04 02 04 14 00    -4.7895024   -1.8137361  949.7154  950.2975
2021 04 02 04 15 00    -4.7934987   -1.8155633  949.7153  950.3020
2021 04 02 04 16 00    -4.7976818   -1.8176290  949.7149  950.3148
2021 04 02 04 17 00    -4.8016743   -1.8197588  949.7132  950.3157
2021 04 02 04 18 00    -4.8056808   -1.8218962  949.7106  950.3041
2021 04 02 04 19 00    -4.8098650   -1.8239939  949.7093  950.2984
2021 04 02 04 20 00    -4.8139120   -1.8259375  949.7097  950.2978
2021 04 02 04 21 00    -4.8178150   -1.8278664  949.7092  950.2923
2021 04 02 04 22 00    -4.8218955   -1.8299297  949.7066  950.2856
2021 04 02 04 23 00    -4.8260124   -1.8320194  949.7040  950.2841
2021 04 02 04 24 00    -4.8299289   -1.8340240  949.7031  950.2860
2021 04 02 04 25 00    -4.8338128   -1.8359310  949.7026  950.2852
2021 04 02 04 26 00    -4.8377792   -1.8378207  949.7011  950.2806
2021 04 02 04 27 00    -4.8417080   -1.8397660  949.6993  950.2781
2021 04 02 04 28 00    -4.8455952   -1.8417604  949.6983  950.2765
2021 04 02 04 29 00    -4.8496145   -1.8438298  949.6972  950.2699
2021 04 02 04 30 00    -4.8536889   -1.8458755  949.6953  950.2663
2021 04 02 04 31 00    -4.8575466   -1.8477866  949.6935  950.2741
2021 04 02 04 32 00    -4.8613154   -1.8497256  949.6926  950.2861
2021 04 02 04 33 00    -4.8653008   -1.8518011  949.6919  950.2926
2021 04 02 04 34 00    -4.8694479   -1.8538630  949.6908  950.2937
2021 04 02 04 35 00    -4.8735570   -1.8557437  949.6897  950.2925
2021 04 02 04 36 00    -4.8775686   -1.8574980  949.6890  950.2903
2021 04 02 04 37 00    -4.8814944   -1.8593922  949.6879  950.2860
2021 04 02 04 38 00    -4.8854000   -1.8614846  949.6859  950.2793
2021 04 02 04 39 00    -4.8893412   -1.8635533  949.6842  950.2747
2021 04 02 04 40 00    -4.8932316   -1.8655730  949.6839  950.2769
2021 04 02 04 41 00    -4.8970096   -1.8676045  949.6838  950.2797
2021 04 02 04 42 00    -4.9008181   -1.8694856  949.6827  950.2740
2021 04 02 04 43 00    -4.9047488   -1.8712561  949.6809  950.2668
2021 04 02 04 44 00    -4.9086980   -1.8732318  949.6795  950.2693
2021 04 02 04 45 00    -4.9126429   -1.8754228  949.6784  950.2752
2021 04 02 04 46 00    -4.9166125   -1.8775135  949.6771  950.2726
2021 04 02 04 47 00    -4.9204962   -1.8793518  949.6757  950.2673
2021 04 02 04 48 00    -4.9242592   -1.8811403  949.6748  950.2722
2021 04 02 04 49 00    -4.9280310   -1.8830658  949.6742  950.2831
2021 04 02 04 50 00    -4.9317970   -1.8849512  949.6738  950.2901
2021 04 02 04 51 00    -4.9353837   -1.8866834  949.6728  950.2978
2021 04 02 04 52 00    -4.9388252   -1.8884457  949.6715  950.3096
2021 04 02 04 53 00    -4.9424017   -1.8902872  949.6703  950.3179
2021 04 02 04 54 00    -4.9462422   -1.8921546  949.6696  950.3217
2021 04 02 04 55 00    -4.9501788   -1.8941134  949.6694  950.3253
2021 04 02 04 56 00    -4.9540184   -1.8961427  949.6695  950.3243
2021 04 02 04 57 00    -4.9576100   -1.8980042  949.6692  950.3178
2021 04 02 04 58 00    -4.9609959   -1.8996474  949.6683  950.3161
2021 04 02 04 59 00    -4.9645635   -1.9014284  949.6675  950.3193
2021 04 02 05 00 00    -4.9683705   -1.9034137  949.6674  950.3177
2021 04 02 05 01 00    -4.9720154   -1.9052258  949.6670  950.3149
2021 04 02 05 02 00    -4.9755178   -1.9068889  949.6663  950.3195
2021 04 02 05 03 00    -4.9791889   -1.9087298  949.6655  950.3265
2021 04 02 05 04 00    -4.9829953   -1.9106928  949.6649  950.3294
2021 04 02 05 05 00    -4.9867840   -1.9125680  949.6648  950.3285
2021 04 02 05 06 00    -4.9904433   -1.9143015  949.6650  950.3269
2021 04 02 05 07 00    -4.9939247   -1.9159519  949.6650  950.3251
2021 04 02 05 08 00    -4.9973841   -1.9176629  949.6644  950.3211
2021 04 02 05 09 00    -5.0009371   -1.9194655  949.6636  950.3162
2021 04 02 05 10 00    -5.0045144   -1.9212365  949.6631  950.3138
2021 04 02 05 11 00    -5.0079446   -1.9228770  949.6629  950.3132
2021 04 02 05 12 00    -5.0110741   -1.9243932  949.6628  950.3154
2021 04 02 05 13 00    -5.0140492   -1.9259527  949.6627  950.3233
2021 04 02 05 14 00    -5.0172337   -1.9277399  949.6624  950.3332
2021 04 02 05 15 00    -5.0207438   -1.9296016  949.6621  950.3375
2021 04 02 05 16 00    -5.0243341   -1.9312055  949.6619  950.3373
2021 04 02 05 17 00    -5.0277517   -1.9326773  949.6619  950.3417
2021 04 02 05 18 00    -5.0309588   -1.9343727  949.6625  950.3513
2021 04 02 05 19 00    -5.0340069   -1.9361364  949.6631  950.3577
2021 04 02 05 20 00    -5.0370227   -1.9376902  949.6635  950.3586
2021 04 02 05 21 00    -5.0401540   -1.9391678  949.6642  950.3582
2021 04 02 05 22 00    -5.0433451   -1.9407365  949.6651  950.3592
2021 04 02 05 23 00    -5.0465033   -1.9424032  949.6653  950.3652
2021 04 02 05 24 00    -5.0496318   -1.9440967  949.6647  950.3782
2021 04 02 05 25 00    -5.0525884   -1.9455824  949.6650  950.3913
2021 04 02 05 26 00    -5.0553772   -1.9468231  949.6670  950.3969
2021 04 02 05 27 00    -5.0583637   -1.9482573  949.6694  950.3957
2021 04 02 05 28 00    -5.0614997   -1.9499601  949.6704  950.3963
2021 04 02 05 29 00    -5.0643461   -1.9514157  949.6710  950.4067
2021 04 02 05 30 00    -5.0670192   -1.9525971  949.6721  950.4200
2021 04 02 05 31 00    -5.0698303   -1.9538692  949.6733  950.4225
2021 04 02 05 32 00    -5.0726853   -1.9552389  949.6739  950.4188
2021 04 02 05 33 00    -5.0754996   -1.9566782  949.6746  950.4213
2021 04 02 05 34 00    -5.0782668   -1.9582255  949.6764  950.4307
2021 04 02 05 35 00    -5.0809647   -1.9597162  949.6788  950.4422
2021 04 02 05 36 00    -5.0836674   -1.9610501  949.6805  950.4539
2021 04 02 05 37 00    -5.0863382   -1.9623178  949.6820  950.4601
2021 04 02 05 38 00    -5.0888914   -1.9635631  949.6838  950.4556
2021 04 02 05 39 00    -5.0914222   -1.9647719  949.6852  950.4490
2021 04 02 05 40 00    -5.0939845   -1.9659941  949.6860  950.4503
2021 04 02 05 41 00    -5.0964994   -1.9672796  949.6869  950.4531
2021 04 02 05 42 00    -5.0989556   -1.9685782  949.6884  950.4547
2021 04 02 05 43 00    -5.1013583   -1.9697987  949.6903  950.4659
2021 04 02 05 44 00    -5.1036682   -1.9709814  949.6919  950.4801
2021 04 02 05 45 00    -5.1059568   -1.9722621  949.6929  950.4823
2021 04 02 05 46 00    -5.1083439   -1.9735514  949.6944  950.4791
2021 04 02 05 47 00    -5.1107579   -1.9746163  949.6966  950.4788
2021 04 02 05 48 00    -5.1130298   -1.9755705  949.6990  950.4800
2021 04 02 05 49 00    -5.1152185   -1.9767196  949.7010  950.4858
2021 04 02 05 50 00    -5.1174658   -1.9779878  949.7027  950.4902
2021 04 02 05 51 00    -5.1196660   -1.9791297  949.7044  950.4809
2021 04 02 05 52 00    -5.1217416   -1.9801764  949.7060  950.4658
2021 04 02 05 53 00    -5.1238071   -1.9812083  949.7070  950.4641
2021 04 02 05 54 00    -5.1258525   -1.9821954  949.7073  950.4794
2021 04 02 05 55 00    -5.1278050   -1.9831729  949.7078  950.4995
2021 04 02 05 56 00    -5.1296761   -1.9841350  949.7099  950.5151
2021 04 02 05 57 00    -5.1313899   -1.9849617  949.7137  950.5258
2021 04 02 05 58 00    -5.1329801   -1.9857251  949.7173  950.5358
2021 04 02 05 59 00    -5.1347721   -1.9866635  949.7198  950.5444
2021 04 02 06 00 00    -5.1367880   -1.9877217  949.7219  950.5451
2021 04 02 06 01 00    -5.1385790   -1.9885616  949.7238  950.5404
2021 04 02 06 02 00    -5.1401053   -1.9891742  949.7255  950.5395
2021 04 02 06 03 00    -5.1417705   -1.9899407  949.7281  950.5396
2021 04 02 06 04 00    -5.1434558   -1.9908736  949.7313  950.5355
2021 04 02 06 05 00    -5.1447095   -1.9916032  949.7335  950.5358
2021 04 02 06 06 00    -5.1456574   -1.9921243  949.7349  950.5469
2021 04 02 06 07 00    -5.1468235   -1.9927261  949.7365  950.5591
2021 04 02 06 08 00    -5.1483119   -1.9934005  949.7385  950.5641
2021 04 02 06 09 00    -5.1496627   -1.9938885  949.7405  950.5663
2021 04 02 06 10 00    -5.1506123   -1.9941807  949.7425  950.5672
2021 04 02 06 11 00    -5.1516618   -1.9946467  949.7440  950.5656
2021 04 02 06 12 00    -5.1532411   -1.9955215  949.7450  950.5682
2021 04 02 06 13 00    -5.1548630   -1.9964975  949.7466  950.5715
2021 04 02 06 14 00    -5.1560460   -1.9971955  949.7491  950.5627
2021 04 02 06 15 00    -5.1570223   -1.9976911  949.7510  950.5482
2021 04 02 06 16 00    -5.1580439   -1.9982362  949.7518  950.5433
2021 04 02 06 17 00    -5.1590227   -1.9988074  949.7525  950.5450
2021 04 02 06 18 00    -5.1598165   -1.9992056  949.7537  950.5455
2021 04 02 06 19 00    -5.1604620   -1.9994694  949.7543  950.5473
2021 04 02 06 20 00    -5.1611275   -1.9998208  949.7546  950.5533
2021 04 02 06 21 00    -5.1619013   -2.0002897  949.7555  950.5610
2021 04 02 06 22 00    -5.1626838   -2.0007059  949.7571  950.5677
2021 04 02 06 23 00    -5.1632871   -2.0009800  949.7592  950.5726
2021 04 02 06 24 00    -5.1636560   -2.0011951  949.7613  950.5747
2021 04 02 06 25 00    -5.1639606   -2.0014107  949.7626  950.5723
2021 04 02 06 26 00    -5.1644866   -2.0016439  949.7632  950.5638
2021 04 02 06 27 00    -5.1651429   -2.0018589  949.7632  950.5542
2021 04 02 06 28 00    -5.1654393   -2.0019204  949.7628  950.5552
2021 04 02 06 29 00    -5.1654708   -2.0019151  949.7632  950.5640
2021 04 02 06 30 00    -5.1656939   -2.0020471  949.7652  950.5652
2021 04 02 06 31 00    -5.1659668   -2.0022521  949.7676  950.5615
2021 04 02 06 32 00    -5.1661430   -2.0024405  949.7685  950.5659
2021 04 02 06 33 00    -5.1663303   -2.0025904  949.7684  950.5713
2021 04 02 06 34 00    -5.1663482   -2.0026203  949.7685  950.5643
2021 04 02 06 35 00    -5.1660855   -2.0025327  949.7688  950.5543
2021 04 02 06 36 00    -5.1657456   -2.0023672  949.7692  950.5574
2021 04 02 06 37 00    -5.1655213   -2.0021240  949.7701  950.5686
2021 04 02 06 38 00    -5.1654033   -2.0018509  949.7713  950.5738
2021 04 02 06 39 00    -5.1651361   -2.0016183  949.7721  950.5712
2021 04 02 06 40 00    -5.1646281   -2.0014476  949.7727  950.5661
2021 04 02 06 41 00    -5.1641358   -2.0012717  949.7733  950.5616
2021 04 02 06 42 00    -5.1636779   -2.0010495  949.7736  950.5617
2021 04 02 06 43 00    -5.1630483   -2.0008141  949.7736  950.5695
2021 04 02 06 44 00    -5.1622677   -2.0004613  949.7745  950.5823
2021 04 02 06 45 00    -5.1614106   -1.9999216  949.7767  950.5941
2021 04 02 06 46 00    -5.1605741   -1.9994248  949.7788  950.6022
2021 04 02 06 47 00    -5.1599483   -1.9991436  949.7802  950.6059
2021 04 02 06 48 00    -5.1593848   -1.9989039  949.7817  950.6033
2021 04 02 06 49 00    -5.1585795   -1.9985282  949.7832  950.5943
2021 04 02 06 50 00    -5.1576254   -1.9981058  949.7843  950.5821
2021 04 02 06 51 00    -5.1565970   -1.9976226  949.7849  950.5703
2021 04 02 06 52 00    -5.1553588   -1.9969409  949.7851  950.5592
2021 04 02 06 53 00    -5.1541010   -1.9962883  949.7848  950.5455
2021 04 02 06 54 00    -5.1530823   -1.9959104  949.7840  950.5276
2021 04 02 06 55 00    -5.1520730   -1.9955225  949.7829  950.5099
2021 04 02 06 56 00    -5.1508225   -1.9948192  949.7814  950.4990
2021 04 02 06 57 00    -5.1494580   -1.9939869  949.7794  950.4969
2021 04 02 06 58 00    -5.1479931   -1.9932402  949.7773  950.5016
2021 04 02 06 59 00    -5.1462676   -1.9924683  949.7757  950.5108
2021 04 02 07 00 00    -5.1443967   -1.9915673  949.7745  950.5199
2021 04 02 07 01 00    -5.1426335   -1.9906281  949.7738  950.5225
2021 04 02 07 02 00    -5.1409772   -1.9897777  949.7730  950.5158
2021 04 02 07 03 00    -5.1392309   -1.9889400  949.7721  950.5028
2021 04 02 07 04 00    -5.1372813   -1.9879407  949.7710  950.4905
2021 04 02 07 05 00    -5.1352584   -1.9869197  949.7701  950.4815
2021 04 02 07 06 00    -5.1333935   -1.9860748  949.7694  950.4719
2021 04 02 07 07 00    -5.1315938   -1.9852273  949.7679  950.4592
2021 04 02 07 08 00    -5.1295196   -1.9841509  949.7652  950.4462
2021 04 02 07 09 00    -5.1271395   -1.9828753  949.7627  950.4339
2021 04 02 07 10 00    -5.1247279   -1.9816011  949.7609  950.4213
2021 04 02 07 11 00    -5.1224312   -1.9804658  949.7594  950.4090
2021 04 02 07 12 00    -5.1201327   -1.9793347  949.7572  950.3982
2021 04 02 07 13 00    -5.1176836   -1.9780716  949.7543  950.3900
2021 04 02 07 14 00    -5.1151075   -1.9767767  949.7508  950.3862
2021 04 02 07 15 00    -5.1125430   -1.9755388  949.7472  950.3844
2021 04 02 07 16 00    -5.1100214   -1.9742634  949.7442  950.3809
2021 04 02 07 17 00    -5.1073569   -1.9728537  949.7417  950.3750
2021 04 02 07 18 00    -5.1044822   -1.9714138  949.7392  950.3674
2021 04 02 07 19 00    -5.1016314   -1.9700415  949.7371  950.3589
2021 04 02 07 20 00    -5.0987606   -1.9685867  949.7353  950.3536
2021 04 02 07 21 00    -5.0955679   -1.9669794  949.7332  950.3567
2021 04 02 07 22 00    -5.0921866   -1.9653697  949.7308  950.3671
2021 04 02 07 23 00    -5.0888364   -1.9637489  949.7288  950.3805
2021 04 02 07 24 00    -5.0854507   -1.9620496  949.7276  950.3963
2021 04 02 07 25 00    -5.0820217   -1.9603137  949.7273  950.4143
2021 04 02 07 26 00    -5.0785354   -1.9584669  949.7273  950.4315
2021 04 02 07 27 00    -5.0749142   -1.9565392  949.7275  950.4451
2021 04 02 07 28 00    -5.0711304   -1.9547083  949.7280  950.4532
2021 04 02 07 29 00    -5.0672465   -1.9529139  949.7285  950.4547
2021 04 02 07 30 00    -5.0634653   -1.9510796  949.7289  950.4530
2021 04 02 07 31 00    -5.0598122   -1.9492556  949.7289  950.4516
2021 04 02 07 32 00    -5.0561317   -1.9473735  949.7288  950.4488
2021 04 02 07 33 00    -5.0524639   -1.9454188  949.7289  950.4436
2021 04 02 07 34 00    -5.0487379   -1.9434575  949.7290  950.4399
2021 04 02 07 35 00    -5.0446229   -1.9414416  949.7288  950.4375
2021 04 02 07 36 00    -5.0402738   -1.9393911  949.7281  950.4344
2021 04 02 07 37 00    -5.0361285   -1.9373363  949.7277  950.4341
2021 04 02 07 38 00    -5.0319155   -1.9351430  949.7276  950.4376
2021 04 02 07 39 00    -5.0273107   -1.9328310  949.7276  950.4401
2021 04 02 07 40 00    -5.0226544   -1.9305332  949.7276  950.4391
2021 04 02 07 41 00    -5.0181436   -1.9282104  949.7279  950.4361
2021 04 02 07 42 00    -5.0136303   -1.9259113  949.7280  950.4343
2021 04 02 07 43 00    -5.0090239   -1.9236978  949.7273  950.4352
2021 04 02 07 44 00    -5.0043291   -1.9213769  949.7263  950.4361
2021 04 02 07 45 00    -4.9995774   -1.9188969  949.7261  950.4354
2021 04 02 07 46 00    -4.9946642   -1.9164040  949.7262  950.4331
2021 04 02 07 47 00    -4.9895206   -1.9138784  949.7260  950.4263
2021 04 02 07 48 00    -4.9843569   -1.9113039  949.7258  950.4182
2021 04 02 07 49 00    -4.9793478   -1.9087644  949.7255  950.4154
2021 04 02 07 50 00    -4.9744170   -1.9062473  949.7247  950.4113
2021 04 02 07 51 00    -4.9694339   -1.9037417  949.7232  950.3998
2021 04 02 07 52 00    -4.9643121   -1.9012180  949.7217  950.3894
2021 04 02 07 53 00    -4.9590052   -1.8985312  949.7205  950.3859
2021 04 02 07 54 00    -4.9535419   -1.8957148  949.7194  950.3865
2021 04 02 07 55 00    -4.9479312   -1.8928810  949.7180  950.3889
2021 04 02 07 56 00    -4.9421257   -1.8899437  949.7168  950.3923
2021 04 02 07 57 00    -4.9362871   -1.8870057  949.7164  950.3968
2021 04 02 07 58 00    -4.9306798   -1.8842917  949.7162  950.4020
2021 04 02 07 59 00    -4.9251618   -1.8816539  949.7155  950.4046
2021 04 02 08 00 00    -4.9194027   -1.8788586  949.7148  950.4028
2021 04 02 08 01 00    -4.9134451   -1.8759162  949.7139  950.3999
2021 04 02 08 02 00    -4.9075144   -1.8729112  949.7124  950.3953
2021 04 02 08 03 00    -4.9015738   -1.8698725  949.7109  950.3848
2021 04 02 08 04 00    -4.8954824   -1.8668050  949.7101  950.3703
2021 04 02 08 05 00    -4.8893064   -1.8637237  949.7091  950.3563
2021 04 02 08 06 00    -4.8830809   -1.8605700  949.7071  950.3426
2021 04 02 08 07 00    -4.8766902   -1.8572971  949.7044  950.3283
2021 04 02 08 08 00    -4.8702208   -1.8540486  949.7016  950.3163
2021 04 02 08 09 00    -4.8637992   -1.8508609  949.6990  950.3083
2021 04 02 08 10 00    -4.8572529   -1.8475471  949.6964  950.3040
2021 04 02 08 11 00    -4.8505018   -1.8441700  949.6937  950.3055
2021 04 02 08 12 00    -4.8437098   -1.8408883  949.6916  950.3144
2021 04 02 08 13 00    -4.8369109   -1.8375170  949.6905  950.3254
2021 04 02 08 14 00    -4.8300321   -1.8339446  949.6896  950.3304
2021 04 02 08 15 00    -4.8230467   -1.8303866  949.6877  950.3257
2021 04 02 08 16 00    -4.8159882   -1.8269850  949.6855  950.3171
2021 04 02 08 17 00    -4.8089603   -1.8236039  949.6838  950.3145
2021 04 02 08 18 00    -4.8019118   -1.8199778  949.6827  950.3199
2021 04 02 08 19 00    -4.7946460   -1.8161096  949.6819  950.3280
2021 04 02 08 20 00    -4.7871702   -1.8123381  949.6813  950.3376
2021 04 02 08 21 00    -4.7796079   -1.8087453  949.6809  950.3508
2021 04 02 08 22 00    -4.7720087   -1.8050571  949.6811  950.3657
2021 04 02 08 23 00    -4.7644443   -1.8011869  949.6818  950.3773
2021 04 02 08 24 00    -4.7568615   -1.7972513  949.6820  950.3832
2021 04 02 08 25 00    -4.7490714   -1.7933482  949.6817  950.3875
2021 04 02 08 26 00    -4.7411029   -1.7896094  949.6824  950.3967
2021 04 02 08 27 00    -4.7331101   -1.7858991  949.6847  950.4122
2021 04 02 08 28 00    -4.7250997   -1.7818327  949.6873  950.4313
2021 04 02 08 29 00    -4.7170188   -1.7775108  949.6892  950.4502
2021 04 02 08 30 00    -4.7088301   -1.7733557  949.6909  950.4628
2021 04 02 08 31 00    -4.7004695   -1.7693417  949.6936  950.4679
2021 04 02 08 32 00    -4.6919975   -1.7652056  949.6969  950.4766
2021 04 02 08 33 00    -4.6836318   -1.7609223  949.7001  950.4958
2021 04 02 08 34 00    -4.6753750   -1.7565804  949.7032  950.5091
2021 04 02 08 35 00    -4.6670193   -1.7522792  949.7059  950.5032
2021 04 02 08 36 00    -4.6585423   -1.7480749  949.7079  950.4925
2021 04 02 08 37 00    -4.6500653   -1.7438409  949.7096  950.4929
2021 04 02 08 38 00    -4.6415862   -1.7395086  949.7112  950.4970
2021 04 02 08 39 00    -4.6330105   -1.7352181  949.7127  950.4950
2021 04 02 08 40 00    -4.6243597   -1.7310190  949.7145  950.4889
2021 04 02 08 41 00    -4.6157116   -1.7267608  949.7164  950.4814
2021 04 02 08 42 00    -4.6069336   -1.7222818  949.7175  950.4735
2021 04 02 08 43 00    -4.5978618   -1.7176216  949.7182  950.4679
2021 04 02 08 44 00    -4.5886483   -1.7129780  949.7196  950.4651
2021 04 02 08 45 00    -4.5795624   -1.7084252  949.7211  950.4650
2021 04 02 08 46 00    -4.5706263   -1.7039355  949.7216  950.4682
2021 04 02 08 47 00    -4.5615962   -1.6994954  949.7217  950.4685
2021 04 02 08 48 00    -4.5522542   -1.6949672  949.7218  950.4608
2021 04 02 08 49 00    -4.5426594   -1.6901657  949.7214  950.4526
2021 04 02 08 50 00    -4.5331352   -1.6852576  949.7207  950.4503
2021 04 02 08 51 00    -4.5239181   -1.6806140  949.7210  950.4487
2021 04 02 08 52 00    -4.5147526   -1.6761528  949.7219  950.4475
2021 04 02 08 53 00    -4.5053322   -1.6715269  949.7217  950.4495
2021 04 02 08 54 00    -4.4957840   -1.6667067  949.7201  950.4456
2021 04 02 08 55 00    -4.4861461   -1.6618113  949.7185  950.4278
2021 04 02 08 56 00    -4.4762706   -1.6568680  949.7177  950.4100
2021 04 02 08 57 00    -4.4663127   -1.6518735  949.7169  950.4103
2021 04 02 08 58 00    -4.4564338   -1.6468017  949.7151  950.4224
2021 04 02 08 59 00    -4.4464125   -1.6416489  949.7127  950.4288
2021 04 02 09 00 00    -4.4361650   -1.6365492  949.7111  950.4272
2021 04 02 09 01 00    -4.4259714   -1.6315793  949.7107  950.4288
2021 04 02 09 02 00    -4.4158002   -1.6265119  949.7111  950.4410
2021 04 02 09 03 00    -4.4055228   -1.6213073  949.7115  950.4534
2021 04 02 09 04 00    -4.3953525   -1.6162743  949.7110  950.4490
2021 04 02 09 05 00    -4.3851067   -1.6112826  949.7097  950.4284
2021 04 02 09 06 00    -4.3745296   -1.6059799  949.7084  950.4068
2021 04 02 09 07 00    -4.3640752   -1.6006403  949.7070  950.3953
2021 04 02 09 08 00    -4.3539574   -1.5955966  949.7054  950.3942
2021 04 02 09 09 00    -4.3437152   -1.5904913  949.7037  950.3920
2021 04 02 09 10 00    -4.3331444   -1.5850103  949.7021  950.3764
2021 04 02 09 11 00    -4.3224782   -1.5795313  949.7006  950.3553
2021 04 02 09 12 00    -4.3117839   -1.5743404  949.6996  950.3552
2021 04 02 09 13 00    -4.3009074   -1.5690938  949.6990  950.3813
2021 04 02 09 14 00    -4.2899424   -1.5635741  949.6979  950.4013
2021 04 02 09 15 00    -4.2790278   -1.5580308  949.6964  950.3942
2021 04 02 09 16 00    -4.2679615   -1.5525491  949.6951  950.3789
2021 04 02 09 17 00    -4.2567289   -1.5469703  949.6944  950.3779
2021 04 02 09 18 00    -4.2456008   -1.5413105  949.6937  950.3855
2021 04 02 09 19 00    -4.2345891   -1.5356914  949.6924  950.3837
2021 04 02 09 20 00    -4.2235485   -1.5301085  949.6906  950.3674
2021 04 02 09 21 00    -4.2123665   -1.5244807  949.6893  950.3490
2021 04 02 09 22 00    -4.2009937   -1.5188161  949.6878  950.3432
2021 04 02 09 23 00    -4.1895539   -1.5132427  949.6855  950.3462
2021 04 02 09 24 00    -4.1781131   -1.5077195  949.6834  950.3457
2021 04 02 09 25 00    -4.1666561   -1.5019744  949.6824  950.3466
2021 04 02 09 26 00    -4.1552787   -1.4960420  949.6817  950.3546
2021 04 02 09 27 00    -4.1438901   -1.4901914  949.6804  950.3536
2021 04 02 09 28 00    -4.1322118   -1.4843432  949.6781  950.3351
2021 04 02 09 29 00    -4.1203015   -1.4783812  949.6754  950.3188
2021 04 02 09 30 00    -4.1084593   -1.4725039  949.6733  950.3116
2021 04 02 09 31 00    -4.0966859   -1.4667822  949.6718  950.3028
2021 04 02 09 32 00    -4.0848281   -1.4609694  949.6701  950.3009
2021 04 02 09 33 00    -4.0728959   -1.4549030  949.6686  950.3170
2021 04 02 09 34 00    -4.0608828   -1.4487760  949.6675  950.3390
2021 04 02 09 35 00    -4.0488187   -1.4428071  949.6667  950.3490
2021 04 02 09 36 00    -4.0368677   -1.4369023  949.6659  950.3431
2021 04 02 09 37 00    -4.0249863   -1.4309196  949.6650  950.3335
2021 04 02 09 38 00    -4.0128349   -1.4248209  949.6637  950.3358
2021 04 02 09 39 00    -4.0003464   -1.4185915  949.6623  950.3409
2021 04 02 09 40 00    -3.9879645   -1.4123860  949.6610  950.3225
2021 04 02 09 41 00    -3.9759521   -1.4063643  949.6596  950.2874
2021 04 02 09 42 00    -3.9640067   -1.4003860  949.6579  950.2665
2021 04 02 09 43 00    -3.9517076   -1.3941721  949.6557  950.2636
2021 04 02 09 44 00    -3.9389623   -1.3876741  949.6529  950.2618
2021 04 02 09 45 00    -3.9261027   -1.3812093  949.6503  950.2521
2021 04 02 09 46 00    -3.9135557   -1.3750267  949.6486  950.2358
2021 04 02 09 47 00    -3.9012261   -1.3689017  949.6473  950.2272
2021 04 02 09 48 00    -3.8886010   -1.3625419  949.6452  950.2475
2021 04 02 09 49 00    -3.8756458   -1.3560169  949.6426  950.2908
2021 04 02 09 50 00    -3.8627686   -1.3495155  949.6408  950.3191
2021 04 02 09 51 00    -3.8501013   -1.3431291  949.6405  950.3225
2021 04 02 09 52 00    -3.8374738   -1.3368634  949.6409  950.3269
2021 04 02 09 53 00    -3.8246591   -1.3305911  949.6413  950.3333
2021 04 02 09 54 00    -3.8117100   -1.3242355  949.6414  950.3265
2021 04 02 09 55 00    -3.7988699   -1.3178077  949.6411  950.3141
2021 04 02 09 56 00    -3.7860410   -1.3112656  949.6404  950.3112
2021 04 02 09 57 00    -3.7730718   -1.3047067  949.6397  950.3076
2021 04 02 09 58 00    -3.7600614   -1.2982417  949.6389  950.2783
2021 04 02 09 59 00    -3.7470654   -1.2917524  949.6376  950.2361
2021 04 02 10 00 00    -3.7340279   -1.2851807  949.6358  950.2246
2021 04 02 10 01 00    -3.7208667   -1.2786004  949.6334  950.2389
2021 04 02 10 02 00    -3.7076777   -1.2720434  949.6311  950.2393
2021 04 02 10 03 00    -3.6946136   -1.2654866  949.6291  950.2269
2021 04 02 10 04 00    -3.6814726   -1.2588659  949.6267  950.2278
2021 04 02 10 05 00    -3.6680569   -1.2521558  949.6236  950.2421
2021 04 02 10 06 00    -3.6544556   -1.2453503  949.6208  950.2549
2021 04 02 10 07 00    -3.6407967   -1.2384619  949.6197  950.2666
2021 04 02 10 08 00    -3.6272853   -1.2316532  949.6196  950.2879
2021 04 02 10 09 00    -3.6139741   -1.2250149  949.6198  950.3155
2021 04 02 10 10 00    -3.6005519   -1.2183323  949.6203  950.3280
2021 04 02 10 11 00    -3.5869124   -1.2114428  949.6208  950.3114
2021 04 02 10 12 00    -3.5732882   -1.2044969  949.6208  950.2798
2021 04 02 10 13 00    -3.5597262   -1.1976377  949.6205  950.2564
2021 04 02 10 14 00    -3.5461570   -1.1908461  949.6200  950.2487
2021 04 02 10 15 00    -3.5326374   -1.1841321  949.6189  950.2463
2021 04 02 10 16 00    -3.5192109   -1.1774935  949.6164  950.2373
2021 04 02 10 17 00    -3.5058445   -1.1708228  949.6137  950.2254
2021 04 02 10 18 00    -3.4923453   -1.1640452  949.6119  950.2155
2021 04 02 10 19 00    -3.4785027   -1.1571198  949.6101  950.1998
2021 04 02 10 20 00    -3.4644952   -1.1500736  949.6072  950.1753
2021 04 02 10 21 00    -3.4506439   -1.1431662  949.6038  950.1559
2021 04 02 10 22 00    -3.4369337   -1.1364783  949.6005  950.1531
2021 04 02 10 23 00    -3.4231475   -1.1296240  949.5978  950.1598
2021 04 02 10 24 00    -3.4091850   -1.1224456  949.5955  950.1714
2021 04 02 10 25 00    -3.3951654   -1.1152924  949.5935  950.1882
2021 04 02 10 26 00    -3.3812305   -1.1083718  949.5916  950.1978
2021 04 02 10 27 00    -3.3673655   -1.1015361  949.5896  950.1991
2021 04 02 10 28 00    -3.3535580   -1.0946432  949.5872  950.1978
2021 04 02 10 29 00    -3.3397661   -1.0876821  949.5849  950.1865
2021 04 02 10 30 00    -3.3258056   -1.0806502  949.5835  950.1728
2021 04 02 10 31 00    -3.3116533   -1.0735630  949.5826  950.1663
2021 04 02 10 32 00    -3.2974779   -1.0664971  949.5809  950.1527
2021 04 02 10 33 00    -3.2833674   -1.0595055  949.5786  950.1349
2021 04 02 10 34 00    -3.2693219   -1.0525373  949.5767  950.1301
2021 04 02 10 35 00    -3.2552954   -1.0455002  949.5746  950.1314
2021 04 02 10 36 00    -3.2412766   -1.0384386  949.5719  950.1270
2021 04 02 10 37 00    -3.2272697   -1.0314413  949.5699  950.1157
2021 04 02 10 38 00    -3.2132104   -1.0244314  949.5681  950.1012
2021 04 02 10 39 00    -3.1991169   -1.0173483  949.5650  950.0892
2021 04 02 10 40 00    -3.1850270   -1.0102347  949.5610  950.0852
2021 04 02 10 41 00    -3.1708631   -1.0030698  949.5574  950.0875
2021 04 02 10 42 00    -3.1566676   -0.9959169  949.5538  950.0832
2021 04 02 10 43 00    -3.1425392   -0.9889013  949.5504  950.0726
2021 04 02 10 44 00    -3.1283149   -0.9819008  949.5475  950.0738
2021 04 02 10 45 00    -3.1138757   -0.9747001  949.5446  950.0877
2021 04 02 10 46 00    -3.0994855   -0.9673754  949.5413  950.0938
2021 04 02 10 47 00    -3.0853143   -0.9602141  949.5381  950.0803
2021 04 02 10 48 00    -3.0710671   -0.9531677  949.5355  950.0657
2021 04 02 10 49 00    -3.0565810   -0.9459059  949.5334  950.0711
2021 04 02 10 50 00    -3.0420990   -0.9385184  949.5311  950.0761
2021 04 02 10 51 00    -3.0277391   -0.9313565  949.5284  950.0619
2021 04 02 10 52 00    -3.0134620   -0.9243684  949.5257  950.0544
2021 04 02 10 53 00    -2.9992334   -0.9172860  949.5239  950.0674
2021 04 02 10 54 00    -2.9849296   -0.9100967  949.5232  950.0774
2021 04 02 10 55 00    -2.9705215   -0.9028753  949.5223  950.0721
2021 04 02 10 56 00    -2.9561227   -0.8955716  949.5203  950.0592
2021 04 02 10 57 00    -2.9418296   -0.8882455  949.5176  950.0469
2021 04 02 10 58 00    -2.9276266   -0.8810714  949.5151  950.0458
2021 04 02 10 59 00    -2.9132354   -0.8739707  949.5126  950.0591
2021 04 02 11 00 00    -2.8984981   -0.8667320  949.5105  950.0711
2021 04 02 11 01 00    -2.8838481   -0.8594769  949.5094  950.0665
2021 04 02 11 02 00    -2.8696387   -0.8523584  949.5079  950.0526
2021 04 02 11 03 00    -2.8554607   -0.8451281  949.5052  950.0503
2021 04 02 11 04 00    -2.8409024   -0.8377050  949.5023  950.0584
2021 04 02 11 05 00    -2.8263263   -0.8304242  949.5004  950.0538
2021 04 02 11 06 00    -2.8121140   -0.8233712  949.4992  950.0370
2021 04 02 11 07 00    -2.7979392   -0.8163445  949.4981  950.0305
2021 04 02 11 08 00    -2.7834186   -0.8092032  949.4969  950.0367
2021 04 02 11 09 00    -2.7687081   -0.8018547  949.4951  950.0438
2021 04 02 11 10 00    -2.7542049   -0.7944655  949.4928  950.0476
2021 04 02 11 11 00    -2.7400311   -0.7873291  949.4901  950.0488
2021 04 02 11 12 00    -2.7258984   -0.7803128  949.4869  950.0471
2021 04 02 11 13 00    -2.7114830   -0.7730970  949.4841  950.0408
2021 04 02 11 14 00    -2.6968406   -0.7657452  949.4825  950.0337
2021 04 02 11 15 00    -2.6823505   -0.7585068  949.4815  950.0319
2021 04 02 11 16 00    -2.6682143   -0.7514092  949.4801  950.0314
2021 04 02 11 17 00    -2.6542027   -0.7443695  949.4787  950.0223
2021 04 02 11 18 00    -2.6400048   -0.7372999  949.4775  950.0048
2021 04 02 11 19 00    -2.6255885   -0.7300677  949.4754  949.9858
2021 04 02 11 20 00    -2.6111859   -0.7227403  949.4723  949.9695
2021 04 02 11 21 00    -2.5969697   -0.7155381  949.4688  949.9580
2021 04 02 11 22 00    -2.5827965   -0.7084553  949.4652  949.9518
2021 04 02 11 23 00    -2.5685448   -0.7013868  949.4620  949.9473
2021 04 02 11 24 00    -2.5543747   -0.6942986  949.4592  949.9396
2021 04 02 11 25 00    -2.5402525   -0.6871304  949.4566  949.9281
2021 04 02 11 26 00    -2.5259734   -0.6799570  949.4539  949.9186
2021 04 02 11 27 00    -2.5116881   -0.6728803  949.4506  949.9149
2021 04 02 11 28 00    -2.4975078   -0.6657474  949.4466  949.9094
2021 04 02 11 29 00    -2.4832644   -0.6585662  949.4432  949.8967
2021 04 02 11 30 00    -2.4690089   -0.6515818  949.4406  949.8842
2021 04 02 11 31 00    -2.4548246   -0.6446498  949.4382  949.8781
2021 04 02 11 32 00    -2.4406775   -0.6375135  949.4353  949.8738
2021 04 02 11 33 00    -2.4266061   -0.6303050  949.4319  949.8663
2021 04 02 11 34 00    -2.4124866   -0.6231217  949.4281  949.8573
2021 04 02 11 35 00    -2.3983097   -0.6159906  949.4244  949.8522
2021 04 02 11 36 00    -2.3843336   -0.6090750  949.4209  949.8549
2021 04 02 11 37 00    -2.3704480   -0.6022612  949.4176  949.8632
2021 04 02 11 38 00    -2.3563213   -0.5952763  949.4144  949.8691
2021 04 02 11 39 00    -2.3420568   -0.5881544  949.4113  949.8661
2021 04 02 11 40 00    -2.3280315   -0.5810227  949.4086  949.8623
2021 04 02 11 41 00    -2.3142680   -0.5739286  949.4057  949.8745
2021 04 02 11 42 00    -2.3004183   -0.5669453  949.4026  949.8969
2021 04 02 11 43 00    -2.2863469   -0.5600331  949.3997  949.9031
2021 04 02 11 44 00    -2.2722487   -0.5530325  949.3973  949.8862
2021 04 02 11 45 00    -2.2583127   -0.5459461  949.3948  949.8662
2021 04 02 11 46 00    -2.2444862   -0.5389331  949.3923  949.8573
2021 04 02 11 47 00    -2.2305754   -0.5320354  949.3901  949.8564
2021 04 02 11 48 00    -2.2166285   -0.5251786  949.3878  949.8574
2021 04 02 11 49 00    -2.2028601   -0.5183398  949.3853  949.8574
2021 04 02 11 50 00    -2.1892709   -0.5115109  949.3824  949.8541
2021 04 02 11 51 00    -2.1756729   -0.5046275  949.3793  949.8469
2021 04 02 11 52 00    -2.1619380   -0.4977037  949.3766  949.8382
2021 04 02 11 53 00    -2.1481154   -0.4908321  949.3739  949.8292
2021 04 02 11 54 00    -2.1343177   -0.4839254  949.3708  949.8208
2021 04 02 11 55 00    -2.1206326   -0.4769255  949.3670  949.8133
2021 04 02 11 56 00    -2.1071237   -0.4700935  949.3632  949.8047
2021 04 02 11 57 00    -2.0936908   -0.4635099  949.3604  949.7955
2021 04 02 11 58 00    -2.0801643   -0.4568684  949.3583  949.7902
2021 04 02 11 59 00    -2.0666217   -0.4500580  949.3555  949.7879
2021 04 02 12 00 00    -2.0532274   -0.4432458  949.3517  949.7833
2021 04 02 12 01 00    -2.0399780   -0.4365373  949.3480  949.7758
2021 04 02 12 02 00    -2.0267761   -0.4299457  949.3450  949.7681
2021 04 02 12 03 00    -2.0135056   -0.4233764  949.3424  949.7599
2021 04 02 12 04 00    -2.0001529   -0.4167394  949.3392  949.7506
2021 04 02 12 05 00    -1.9868191   -0.4101225  949.3350  949.7379
2021 04 02 12 06 00    -1.9735588   -0.4035229  949.3308  949.7215
2021 04 02 12 07 00    -1.9603401   -0.3967864  949.3273  949.7080
2021 04 02 12 08 00    -1.9470904   -0.3899692  949.3242  949.7040
2021 04 02 12 09 00    -1.9338514   -0.3832762  949.3211  949.7101
2021 04 02 12 10 00    -1.9207866   -0.3767716  949.3179  949.7173
2021 04 02 12 11 00    -1.9078065   -0.3703468  949.3146  949.7154
2021 04 02 12 12 00    -1.8946395   -0.3638216  949.3113  949.7087
2021 04 02 12 13 00    -1.8813869   -0.3571809  949.3081  949.7062
2021 04 02 12 14 00    -1.8683520   -0.3506291  949.3055  949.7078
2021 04 02 12 15 00    -1.8554950   -0.3442497  949.3033  949.7112
2021 04 02 12 16 00    -1.8426599   -0.3379191  949.3007  949.7149
2021 04 02 12 17 00    -1.8298972   -0.3315536  949.2974  949.7168
2021 04 02 12 18 00    -1.8171792   -0.3251452  949.2943  949.7188
2021 04 02 12 19 00    -1.8044003   -0.3187164  949.2917  949.7236
2021 04 02 12 20 00    -1.7915962   -0.3123099  949.2892  949.7268
2021 04 02 12 21 00    -1.7788871   -0.3059766  949.2864  949.7213
2021 04 02 12 22 00    -1.7664143   -0.2997711  949.2836  949.7080
2021 04 02 12 23 00    -1.7539716   -0.2935706  949.2807  949.6927
2021 04 02 12 24 00    -1.7412575   -0.2872096  949.2776  949.6784
2021 04 02 12 25 00    -1.7286657   -0.2808133  949.2748  949.6709
2021 04 02 12 26 00    -1.7164554   -0.2745138  949.2723  949.6757
2021 04 02 12 27 00    -1.7041227   -0.2682887  949.2696  949.6851
2021 04 02 12 28 00    -1.6915881   -0.2622293  949.2664  949.6906
2021 04 02 12 29 00    -1.6792606   -0.2562880  949.2631  949.6949
2021 04 02 12 30 00    -1.6671214   -0.2501308  949.2602  949.6988
2021 04 02 12 31 00    -1.6550130   -0.2438019  949.2577  949.6959
2021 04 02 12 32 00    -1.6429365   -0.2377326  949.2552  949.6853
2021 04 02 12 33 00    -1.6308224   -0.2318477  949.2528  949.6757
2021 04 02 12 34 00    -1.6186721   -0.2257387  949.2503  949.6771
2021 04 02 12 35 00    -1.6066772   -0.2195572  949.2477  949.6847
2021 04 02 12 36 00    -1.5949431   -0.2136875  949.2451  949.6831
2021 04 02 12 37 00    -1.5832371   -0.2079618  949.2425  949.6701
2021 04 02 12 38 00    -1.5713015   -0.2020034  949.2395  949.6541
2021 04 02 12 39 00    -1.5593186   -0.1959047  949.2364  949.6424
2021 04 02 12 40 00    -1.5476050   -0.1899730  949.2330  949.6392
2021 04 02 12 41 00    -1.5360828   -0.1841915  949.2295  949.6421
2021 04 02 12 42 00    -1.5245306   -0.1783942  949.2263  949.6442
2021 04 02 12 43 00    -1.5130047   -0.1726076  949.2235  949.6408
2021 04 02 12 44 00    -1.5015842   -0.1668895  949.2207  949.6316
2021 04 02 12 45 00    -1.4901717   -0.1611616  949.2177  949.6192
2021 04 02 12 46 00    -1.4788036   -0.1554624  949.2139  949.6080
2021 04 02 12 47 00    -1.4675837   -0.1499203  949.2100  949.6029
2021 04 02 12 48 00    -1.4564092   -0.1443913  949.2071  949.6043
2021 04 02 12 49 00    -1.4452276   -0.1387626  949.2052  949.6082
2021 04 02 12 50 00    -1.4340988   -0.1331925  949.2028  949.6119
2021 04 02 12 51 00    -1.4230158   -0.1276926  949.2000  949.6126
2021 04 02 12 52 00    -1.4120609   -0.1221856  949.1972  949.6071
2021 04 02 12 53 00    -1.4012019   -0.1167040  949.1942  949.6013
2021 04 02 12 54 00    -1.3901796   -0.1112316  949.1908  949.6060
2021 04 02 12 55 00    -1.3791251   -0.1057802  949.1874  949.6167
2021 04 02 12 56 00    -1.3683577   -0.1003521  949.1848  949.6179
2021 04 02 12 57 00    -1.3577029   -0.0948932  949.1831  949.6070
2021 04 02 12 58 00    -1.3470127   -0.0895456  949.1811  949.5936
2021 04 02 12 59 00    -1.3364355   -0.0844011  949.1781  949.5825
2021 04 02 13 00 00    -1.3259348   -0.0792179  949.1750  949.5707
2021 04 02 13 01 00    -1.3155169   -0.0738588  949.1723  949.5546
2021 04 02 13 02 00    -1.3052491   -0.0685105  949.1694  949.5361
2021 04 02 13 03 00    -1.2949952   -0.0633498  949.1656  949.5233
2021 04 02 13 04 00    -1.2847383   -0.0583008  949.1612  949.5201
2021 04 02 13 05 00    -1.2745465   -0.0532466  949.1567  949.5195
2021 04 02 13 06 00    -1.2644590   -0.0483210  949.1523  949.5133
2021 04 02 13 07 00    -1.2545115   -0.0435058  949.1484  949.5043
2021 04 02 13 08 00    -1.2445410   -0.0384552  949.1453  949.5000
2021 04 02 13 09 00    -1.2345368   -0.0332446  949.1421  949.4965
2021 04 02 13 10 00    -1.2246829   -0.0282669  949.1390  949.4868
2021 04 02 13 11 00    -1.2149211   -0.0234504  949.1360  949.4758
2021 04 02 13 12 00    -1.2052228   -0.0186084  949.1326  949.4705
2021 04 02 13 13 00    -1.1956543   -0.0138229  949.1282  949.4708
2021 04 02 13 14 00    -1.1860625   -0.0090165  949.1236  949.4712
2021 04 02 13 15 00    -1.1763557   -0.0040850  949.1196  949.4669
2021 04 02 13 16 00    -1.1667747    0.0007353  949.1162  949.4587
2021 04 02 13 17 00    -1.1574636    0.0053134  949.1129  949.4522
2021 04 02 13 18 00    -1.1482445    0.0098633  949.1093  949.4493
2021 04 02 13 19 00    -1.1390097    0.0144864  949.1057  949.4497
2021 04 02 13 20 00    -1.1297577    0.0191070  949.1024  949.4542
2021 04 02 13 21 00    -1.1205448    0.0237063  949.0989  949.4588
2021 04 02 13 22 00    -1.1115701    0.0282609  949.0950  949.4571
2021 04 02 13 23 00    -1.1028197    0.0327220  949.0911  949.4505
2021 04 02 13 24 00    -1.0940378    0.0371054  949.0876  949.4436
2021 04 02 13 25 00    -1.0851976    0.0414842  949.0842  949.4352
2021 04 02 13 26 00    -1.0765179    0.0458711  949.0805  949.4240
2021 04 02 13 27 00    -1.0679938    0.0502518  949.0768  949.4124
2021 04 02 13 28 00    -1.0594157    0.0546338  949.0733  949.4021
2021 04 02 13 29 00    -1.0508773    0.0589004  949.0700  949.3912
2021 04 02 13 30 00    -1.0425889    0.0629525  949.0662  949.3771
2021 04 02 13 31 00    -1.0344599    0.0669428  949.0615  949.3604
2021 04 02 13 32 00    -1.0263125    0.0710868  949.0569  949.3450
2021 04 02 13 33 00    -1.0181004    0.0753614  949.0528  949.3348
2021 04 02 13 34 00    -1.0099606    0.0794962  949.0488  949.3325
2021 04 02 13 35 00    -1.0020270    0.0833468  949.0448  949.3370
2021 04 02 13 36 00    -0.9941222    0.0871308  949.0408  949.3391
2021 04 02 13 37 00    -0.9862109    0.0909922  949.0368  949.3307
2021 04 02 13 38 00    -0.9785470    0.0947912  949.0328  949.3158
2021 04 02 13 39 00    -0.9709558    0.0985678  949.0286  949.3064
2021 04 02 13 40 00    -0.9632230    0.1024240  949.0238  949.3065
2021 04 02 13 41 00    -0.9556303    0.1062048  949.0191  949.3091
2021 04 02 13 42 00    -0.9482332    0.1099299  949.0148  949.3074
2021 04 02 13 43 00    -0.9408262    0.1137565  949.0109  949.3011
2021 04 02 13 44 00    -0.9334877    0.1175159  949.0070  949.2936
2021 04 02 13 45 00    -0.9263295    0.1210253  949.0028  949.2867
2021 04 02 13 46 00    -0.9193176    0.1244093  948.9981  949.2766
2021 04 02 13 47 00    -0.9123640    0.1278705  948.9936  949.2598
2021 04 02 13 48 00    -0.9053833    0.1314039  948.9895  949.2429
2021 04 02 13 49 00    -0.8984396    0.1348253  948.9857  949.2354
2021 04 02 13 50 00    -0.8915792    0.1381920  948.9815  949.2355
2021 04 02 13 51 00    -0.8847884    0.1417167  948.9767  949.2311
2021 04 02 13 52 00    -0.8781118    0.1452792  948.9719  949.2154
2021 04 02 13 53 00    -0.8714673    0.1486899  948.9673  949.1934
2021 04 02 13 54 00    -0.8648437    0.1519553  948.9625  949.1732
2021 04 02 13 55 00    -0.8584683    0.1550296  948.9573  949.1580
2021 04 02 13 56 00    -0.8524080    0.1579535  948.9520  949.1512
2021 04 02 13 57 00    -0.8464444    0.1609664  948.9470  949.1519
2021 04 02 13 58 00    -0.8403568    0.1641121  948.9420  949.1485
2021 04 02 13 59 00    -0.8341680    0.1672199  948.9369  949.1344
2021 04 02 14 00 00    -0.8281463    0.1702035  948.9315  949.1161
2021 04 02 14 01 00    -0.8224426    0.1730385  948.9264  949.1001
2021 04 02 14 02 00    -0.8168200    0.1757999  948.9215  949.0889
2021 04 02 14 03 00    -0.8110554    0.1786886  948.9163  949.0856
2021 04 02 14 04 00    -0.8052891    0.1817169  948.9106  949.0894
2021 04 02 14 05 00    -0.7996482    0.1847017  948.9052  949.0950
2021 04 02 14 06 00    -0.7940305    0.1875470  948.9005  949.1015
2021 04 02 14 07 00    -0.7883967    0.1902356  948.8961  949.1091
2021 04 02 14 08 00    -0.7828806    0.1928279  948.8920  949.1117
2021 04 02 14 09 00    -0.7775647    0.1954267  948.8880  949.1048
2021 04 02 14 10 00    -0.7723734    0.1979896  948.8840  949.0940
2021 04 02 14 11 00    -0.7672646    0.2005116  948.8795  949.0900
2021 04 02 14 12 00    -0.7621993    0.2031484  948.8751  949.0940
2021 04 02 14 13 00    -0.7571360    0.2058030  948.8715  949.0970
2021 04 02 14 14 00    -0.7522885    0.2081766  948.8684  949.0943
2021 04 02 14 15 00    -0.7477217    0.2103669  948.8648  949.0882
2021 04 02 14 16 00    -0.7431488    0.2126521  948.8601  949.0795
2021 04 02 14 17 00    -0.7385718    0.2149966  948.8547  949.0683
2021 04 02 14 18 00    -0.7341194    0.2172977  948.8494  949.0595
2021 04 02 14 19 00    -0.7296273    0.2195147  948.8448  949.0561
2021 04 02 14 20 00    -0.7251624    0.2216359  948.8405  949.0544
2021 04 02 14 21 00    -0.7209707    0.2238214  948.8362  949.0501
2021 04 02 14 22 00    -0.7169032    0.2260962  948.8320  949.0426
2021 04 02 14 23 00    -0.7128487    0.2281768  948.8278  949.0339
2021 04 02 14 24 00    -0.7089677    0.2300164  948.8234  949.0273
2021 04 02 14 25 00    -0.7051984    0.2318846  948.8191  949.0225
2021 04 02 14 26 00    -0.7014196    0.2338096  948.8148  949.0152
2021 04 02 14 27 00    -0.6977604    0.2356249  948.8104  949.0041
2021 04 02 14 28 00    -0.6942239    0.2373782  948.8063  948.9917
2021 04 02 14 29 00    -0.6906031    0.2392189  948.8024  948.9797
2021 04 02 14 30 00    -0.6870393    0.2410512  948.7981  948.9718
2021 04 02 14 31 00    -0.6838320    0.2426399  948.7932  948.9713
2021 04 02 14 32 00    -0.6806720    0.2441222  948.7879  948.9744
2021 04 02 14 33 00    -0.6771932    0.2458134  948.7825  948.9755
2021 04 02 14 34 00    -0.6737993    0.2475330  948.7779  948.9751
2021 04 02 14 35 00    -0.6708319    0.2490291  948.7742  948.9755
2021 04 02 14 36 00    -0.6679254    0.2505370  948.7706  948.9749
2021 04 02 14 37 00    -0.6648983    0.2521729  948.7665  948.9699
2021 04 02 14 38 00    -0.6620700    0.2536368  948.7623  948.9606
2021 04 02 14 39 00    -0.6595078    0.2548455  948.7580  948.9502
2021 04 02 14 40 00    -0.6569995    0.2559946  948.7530  948.9426
2021 04 02 14 41 00    -0.6545405    0.2570613  948.7477  948.9402
2021 04 02 14 42 00    -0.6522031    0.2580686  948.7433  948.9433
2021 04 02 14 43 00    -0.6498711    0.2593140  948.7396  948.9500
2021 04 02 14 44 00    -0.6475155    0.2606730  948.7361  948.9559
2021 04 02 14 45 00    -0.6452973    0.2617029  948.7329  948.9566
2021 04 02 14 46 00    -0.6432002    0.2625451  948.7299  948.9512
2021 04 02 14 47 00    -0.6411184    0.2635886  948.7263  948.9418
2021 04 02 14 48 00    -0.6391495    0.2647107  948.7216  948.9317
2021 04 02 14 49 00    -0.6373905    0.2656154  948.7169  948.9235
2021 04 02 14 50 00    -0.6357647    0.2663400  948.7127  948.9184
2021 04 02 14 51 00    -0.6342342    0.2670494  948.7083  948.9156
2021 04 02 14 52 00    -0.6328564    0.2677950  948.7042  948.9124
2021 04 02 14 53 00    -0.6315482    0.2685987  948.7009  948.9070
2021 04 02 14 54 00    -0.6301043    0.2694202  948.6973  948.9014
2021 04 02 14 55 00    -0.6285731    0.2701485  948.6929  948.8992
2021 04 02 14 56 00    -0.6273193    0.2707234  948.6887  948.9000
2021 04 02 14 57 00    -0.6264292    0.2711420  948.6853  948.9001
2021 04 02 14 58 00    -0.6255146    0.2715389  948.6820  948.8969
2021 04 02 14 59 00    -0.6243787    0.2720875  948.6782  948.8921
2021 04 02 15 00 00    -0.6233174    0.2726393  948.6743  948.8879
2021 04 02 15 01 00    -0.6225616    0.2730055  948.6705  948.8851
2021 04 02 15 02 00    -0.6219003    0.2733330  948.6662  948.8835
2021 04 02 15 03 00    -0.6211804    0.2737066  948.6615  948.8827
2021 04 02 15 04 00    -0.6206055    0.2740239  948.6574  948.8817
2021 04 02 15 05 00    -0.6201981    0.2743141  948.6540  948.8801
2021 04 02 15 06 00    -0.6197948    0.2746540  948.6505  948.8788
2021 04 02 15 07 00    -0.6195477    0.2749037  948.6468  948.8770
2021 04 02 15 08 00    -0.6195402    0.2749065  948.6434  948.8721
2021 04 02 15 09 00    -0.6195099    0.2748225  948.6404  948.8623
2021 04 02 15 10 00    -0.6194735    0.2748202  948.6371  948.8468
2021 04 02 15 11 00    -0.6196235    0.2747729  948.6335  948.8261
2021 04 02 15 12 00    -0.6198187    0.2745923  948.6297  948.8039
2021 04 02 15 13 00    -0.6200438    0.2744001  948.6253  948.7863
2021 04 02 15 14 00    -0.6205074    0.2742848  948.6206  948.7757
2021 04 02 15 15 00    -0.6210881    0.2741549  948.6158  948.7688
2021 04 02 15 16 00    -0.6216345    0.2738501  948.6108  948.7620
2021 04 02 15 17 00    -0.6222195    0.2734235  948.6057  948.7551
2021 04 02 15 18 00    -0.6228062    0.2730982  948.6013  948.7533
2021 04 02 15 19 00    -0.6234988    0.2727871  948.5977  948.7629
2021 04 02 15 20 00    -0.6244097    0.2722752  948.5940  948.7827
2021 04 02 15 21 00    -0.6252162    0.2717669  948.5900  948.8037
2021 04 02 15 22 00    -0.6258973    0.2714364  948.5862  948.8226
2021 04 02 15 23 00    -0.6268872    0.2710496  948.5826  948.8421
2021 04 02 15 24 00    -0.6282403    0.2704364  948.5796  948.8550
2021 04 02 15 25 00    -0.6297175    0.2696476  948.5772  948.8527
2021 04 02 15 26 00    -0.6311195    0.2688438  948.5747  948.8432
2021 04 02 15 27 00    -0.6324514    0.2681480  948.5717  948.8397
2021 04 02 15 28 00    -0.6339820    0.2674506  948.5691  948.8456
2021 04 02 15 29 00    -0.6356616    0.2666458  948.5671  948.8546
2021 04 02 15 30 00    -0.6372777    0.2657541  948.5646  948.8560
2021 04 02 15 31 00    -0.6390485    0.2648295  948.5616  948.8508
2021 04 02 15 32 00    -0.6410543    0.2639438  948.5587  948.8528
2021 04 02 15 33 00    -0.6430343    0.2629800  948.5558  948.8579
2021 04 02 15 34 00    -0.6450332    0.2618306  948.5527  948.8513
2021 04 02 15 35 00    -0.6471998    0.2607382  948.5497  948.8420
2021 04 02 15 36 00    -0.6493082    0.2598418  948.5470  948.8408
2021 04 02 15 37 00    -0.6512896    0.2588682  948.5446  948.8393
2021 04 02 15 38 00    -0.6535446    0.2576268  948.5424  948.8373
2021 04 02 15 39 00    -0.6561747    0.2563112  948.5398  948.8472
2021 04 02 15 40 00    -0.6588065    0.2551242  948.5366  948.8614
2021 04 02 15 41 00    -0.6613401    0.2539341  948.5334  948.8572
2021 04 02 15 42 00    -0.6639541    0.2525395  948.5309  948.8425
2021 04 02 15 43 00    -0.6666178    0.2510705  948.5289  948.8445
2021 04 02 15 44 00    -0.6693030    0.2497416  948.5271  948.8618
2021 04 02 15 45 00    -0.6721289    0.2484251  948.5259  948.8772
2021 04 02 15 46 00    -0.6751256    0.2468904  948.5253  948.8873
2021 04 02 15 47 00    -0.6782929    0.2451817  948.5245  948.8904
2021 04 02 15 48 00    -0.6815325    0.2435072  948.5223  948.8857
2021 04 02 15 49 00    -0.6847528    0.2419467  948.5193  948.8834
2021 04 02 15 50 00    -0.6881368    0.2403606  948.5172  948.8912
2021 04 02 15 51 00    -0.6917396    0.2385599  948.5166  948.9019
2021 04 02 15 52 00    -0.6953774    0.2365740  948.5161  948.9029
2021 04 02 15 53 00    -0.6989580    0.2346975  948.5149  948.8946
2021 04 02 15 54 00    -0.7024261    0.2330808  948.5135  948.8908
2021 04 02 15 55 00    -0.7058810    0.2314542  948.5120  948.8996
2021 04 02 15 56 00    -0.7095938    0.2295706  948.5098  948.9104
2021 04 02 15 57 00    -0.7135619    0.2274954  948.5074  948.9066
2021 04 02 15 58 00    -0.7175929    0.2253357  948.5057  948.8898
2021 04 02 15 59 00    -0.7216603    0.2231906  948.5047  948.8788
2021 04 02 16 00 00    -0.7257638    0.2211820  948.5037  948.8829
2021 04 02 16 01 00    -0.7298916    0.2192666  948.5019  948.8909
2021 04 02 16 02 00    -0.7341575    0.2172570  948.4995  948.8830
2021 04 02 16 03 00    -0.7386631    0.2150104  948.4972  948.8546
2021 04 02 16 04 00    -0.7434000    0.2125609  948.4948  948.8203
2021 04 02 16 05 00    -0.7482913    0.2100933  948.4916  948.7888
2021 04 02 16 06 00    -0.7532407    0.2076932  948.4881  948.7561
2021 04 02 16 07 00    -0.7580940    0.2053567  948.4847  948.7222
2021 04 02 16 08 00    -0.7627125    0.2031088  948.4811  948.6970
2021 04 02 16 09 00    -0.7673239    0.2007454  948.4771  948.6864
2021 04 02 16 10 00    -0.7722860    0.1980162  948.4729  948.6861
2021 04 02 16 11 00    -0.7774475    0.1951868  948.4686  948.6936
2021 04 02 16 12 00    -0.7824260    0.1927277  948.4645  948.7098
2021 04 02 16 13 00    -0.7872801    0.1905680  948.4608  948.7287
2021 04 02 16 14 00    -0.7923270    0.1882341  948.4575  948.7423
2021 04 02 16 15 00    -0.7975870    0.1855810  948.4551  948.7482
2021 04 02 16 16 00    -0.8028527    0.1828864  948.4533  948.7488
2021 04 02 16 17 00    -0.8080318    0.1803613  948.4511  948.7506
2021 04 02 16 18 00    -0.8131401    0.1778914  948.4480  948.7612
2021 04 02 16 19 00    -0.8183324    0.1752083  948.4453  948.7844
2021 04 02 16 20 00    -0.8238469    0.1723017  948.4441  948.8164
2021 04 02 16 21 00    -0.8295360    0.1695004  948.4437  948.8514
2021 04 02 16 22 00    -0.8350008    0.1669679  948.4435  948.8902
2021 04 02 16 23 00    -0.8402618    0.1644327  948.4436  948.9345
2021 04 02 16 24 00    -0.8457026    0.1616139  948.4446  948.9780
2021 04 02 16 25 00    -0.8516123    0.1585107  948.4465  949.0124
2021 04 02 16 26 00    -0.8578533    0.1552659  948.4491  949.0357
2021 04 02 16 27 00    -0.8639307    0.1521188  948.4520  949.0483
2021 04 02 16 28 00    -0.8697997    0.1491782  948.4552  949.0455
2021 04 02 16 29 00    -0.8759681    0.1462191  948.4581  949.0250
2021 04 02 16 30 00    -0.8825103    0.1430578  948.4597  948.9947
2021 04 02 16 31 00    -0.8890186    0.1397608  948.4596  948.9674
2021 04 02 16 32 00    -0.8953281    0.1364780  948.4592  948.9600
2021 04 02 16 33 00    -0.9015435    0.1333613  948.4593  948.9832
2021 04 02 16 34 00    -0.9077872    0.1303812  948.4603  949.0263
2021 04 02 16 35 00    -0.9140925    0.1272906  948.4625  949.0684
2021 04 02 16 36 00    -0.9205203    0.1239320  948.4658  949.0960
2021 04 02 16 37 00    -0.9272359    0.1204549  948.4695  949.1042
2021 04 02 16 38 00    -0.9340347    0.1171491  948.4729  949.1040
2021 04 02 16 39 00    -0.9406036    0.1139568  948.4760  949.1200
2021 04 02 16 40 00    -0.9472498    0.1105635  948.4798  949.1674
2021 04 02 16 41 00    -0.9541618    0.1070539  948.4854  949.2355
2021 04 02 16 42 00    -0.9609721    0.1036994  948.4919  949.2953
2021 04 02 16 43 00    -0.9676944    0.1003748  948.4985  949.3229
2021 04 02 16 44 00    -0.9747218    0.0968291  948.5054  949.3216
2021 04 02 16 45 00    -0.9820354    0.0931550  948.5128  949.3163
2021 04 02 16 46 00    -0.9892330    0.0896207  948.5199  949.3274
2021 04 02 16 47 00    -0.9962082    0.0861622  948.5273  949.3506
2021 04 02 16 48 00    -1.0033298    0.0825383  948.5351  949.3662
2021 04 02 16 49 00    -1.0107783    0.0788003  948.5424  949.3676
2021 04 02 16 50 00    -1.0183916    0.0750376  948.5489  949.3675
2021 04 02 16 51 00    -1.0261393    0.0711728  948.5551  949.3671
2021 04 02 16 52 00    -1.0339823    0.0672452  948.5616  949.3571
2021 04 02 16 53 00    -1.0416379    0.0634026  948.5678  949.3510
2021 04 02 16 54 00    -1.0490267    0.0596847  948.5736  949.3686
2021 04 02 16 55 00    -1.0564508    0.0560096  948.5799  949.4083
2021 04 02 16 56 00    -1.0640319    0.0522766  948.5875  949.4622
2021 04 02 16 57 00    -1.0715367    0.0485013  948.5964  949.5199
2021 04 02 16 58 00    -1.0790087    0.0446808  948.6062  949.5673
2021 04 02 16 59 00    -1.0867882    0.0406873  948.6166  949.6088
2021 04 02 17 00 00    -1.0947692    0.0366140  948.6268  949.6568
2021 04 02 17 01 00    -1.1027368    0.0325619  948.6367  949.6947
2021 04 02 17 02 00    -1.1109013    0.0283850  948.6467  949.7015
2021 04 02 17 03 00    -1.1192122    0.0242256  948.6569  949.6929
2021 04 02 17 04 00    -1.1274223    0.0202037  948.6668  949.6908
2021 04 02 17 05 00    -1.1357342    0.0159781  948.6759  949.6930
2021 04 02 17 06 00    -1.1442689    0.0115469  948.6844  949.6939
2021 04 02 17 07 00    -1.1528279    0.0072753  948.6920  949.6938
2021 04 02 17 08 00    -1.1614209    0.0031050  948.6987  949.6889
2021 04 02 17 09 00    -1.1700861   -0.0011266  948.7056  949.6762
2021 04 02 17 10 00    -1.1786073   -0.0053130  948.7131  949.6706
2021 04 02 17 11 00    -1.1869515   -0.0094976  948.7206  949.6982
2021 04 02 17 12 00    -1.1953965   -0.0138063  948.7282  949.7550
2021 04 02 17 13 00    -1.2040564   -0.0181838  948.7365  949.8056
2021 04 02 17 14 00    -1.2128293   -0.0225713  948.7453  949.8290
2021 04 02 17 15 00    -1.2216006   -0.0269136  948.7535  949.8361
2021 04 02 17 16 00    -1.2302305   -0.0312021  948.7611  949.8458
2021 04 02 17 17 00    -1.2388278   -0.0356035  948.7691  949.8623
2021 04 02 17 18 00    -1.2477533   -0.0401601  948.7774  949.8808
2021 04 02 17 19 00    -1.2569464   -0.0446998  948.7853  949.9034
2021 04 02 17 20 00    -1.2659928   -0.0491597  948.7931  949.9284
2021 04 02 17 21 00    -1.2749367   -0.0536333  948.8018  949.9469
2021 04 02 17 22 00    -1.2841573   -0.0582181  948.8105  949.9552
2021 04 02 17 23 00    -1.2935397   -0.0628654  948.8187  949.9584
2021 04 02 17 24 00    -1.3026949   -0.0674698  948.8267  949.9638
2021 04 02 17 25 00    -1.3118262   -0.0721291  948.8352  949.9738
2021 04 02 17 26 00    -1.3212327   -0.0768983  948.8435  949.9864
2021 04 02 17 27 00    -1.3306000   -0.0815582  948.8513  949.9994
2021 04 02 17 28 00    -1.3398321   -0.0860589  948.8589  950.0113
2021 04 02 17 29 00    -1.3493156   -0.0907129  948.8663  950.0215
2021 04 02 17 30 00    -1.3590370   -0.0956380  948.8739  950.0321
2021 04 02 17 31 00    -1.3686387   -0.1005297  948.8821  950.0448
2021 04 02 17 32 00    -1.3780863   -0.1052535  948.8902  950.0571
2021 04 02 17 33 00    -1.3876715   -0.1100765  948.8974  950.0629
2021 04 02 17 34 00    -1.3975055   -0.1150876  948.9039  950.0621
2021 04 02 17 35 00    -1.4073591   -0.1200575  948.9105  950.0629
2021 04 02 17 36 00    -1.4170965   -0.1249307  948.9171  950.0729
2021 04 02 17 37 00    -1.4268482   -0.1298472  948.9239  950.0913
2021 04 02 17 38 00    -1.4367070   -0.1348239  948.9313  950.1103
2021 04 02 17 39 00    -1.4466469   -0.1397657  948.9389  950.1204
2021 04 02 17 40 00    -1.4566485   -0.1446404  948.9459  950.1190
2021 04 02 17 41 00    -1.4666865   -0.1495306  948.9526  950.1132
2021 04 02 17 42 00    -1.4767653   -0.1545712  948.9595  950.1134
2021 04 02 17 43 00    -1.4869024   -0.1597650  948.9661  950.1264
2021 04 02 17 44 00    -1.4969851   -0.1648515  948.9719  950.1464
2021 04 02 17 45 00    -1.5069877   -0.1697226  948.9772  950.1593
2021 04 02 17 46 00    -1.5171017   -0.1747334  948.9833  950.1665
2021 04 02 17 47 00    -1.5273260   -0.1800587  948.9901  950.1802
2021 04 02 17 48 00    -1.5374581   -0.1853335  948.9971  950.1976
2021 04 02 17 49 00    -1.5475258   -0.1902992  949.0040  950.2113
2021 04 02 17 50 00    -1.5577134   -0.1951799  949.0109  950.2282
2021 04 02 17 51 00    -1.5680441   -0.2002697  949.0183  950.2550
2021 04 02 17 52 00    -1.5783824   -0.2055004  949.0263  950.2845
2021 04 02 17 53 00    -1.5885936   -0.2106347  949.0342  950.3104
2021 04 02 17 54 00    -1.5986639   -0.2156811  949.0418  950.3350
2021 04 02 17 55 00    -1.6086999   -0.2207558  949.0498  950.3606
2021 04 02 17 56 00    -1.6188490   -0.2258682  949.0586  950.3867
2021 04 02 17 57 00    -1.6291916   -0.2310374  949.0678  950.4140
2021 04 02 17 58 00    -1.6397507   -0.2363028  949.0769  950.4441
2021 04 02 17 59 00    -1.6504446   -0.2416565  949.0863  950.4763
2021 04 02 18 00 00    -1.6610270   -0.2469691  949.0962  950.5052
2021 04 02 18 01 00    -1.6714933   -0.2521100  949.1059  950.5256
2021 04 02 18 02 00    -1.6820519   -0.2572405  949.1154  950.5374
2021 04 02 18 03 00    -1.6926589   -0.2626078  949.1250  950.5409
2021 04 02 18 04 00    -1.7033033   -0.2681393  949.1343  950.5342
2021 04 02 18 05 00    -1.7141775   -0.2736251  949.1429  950.5209
2021 04 02 18 06 00    -1.7251989   -0.2790306  949.1514  950.5142
2021 04 02 18 07 00    -1.7360523   -0.2843678  949.1600  950.5227
2021 04 02 18 08 00    -1.7467943   -0.2896950  949.1680  950.5355
2021 04 02 18 09 00    -1.7577002   -0.2952031  949.1752  950.5361
2021 04 02 18 10 00    -1.7686614   -0.3008659  949.1823  950.5262
2021 04 02 18 11 00    -1.7795467   -0.3064404  949.1897  950.5227
2021 04 02 18 12 00    -1.7905443   -0.3118945  949.1977  950.5354
2021 04 02 18 13 00    -1.8016287   -0.3173256  949.2059  950.5559
2021 04 02 18 14 00    -1.8125373   -0.3227395  949.2140  950.5700
2021 04 02 18 15 00    -1.8233197   -0.3281845  949.2213  950.5771
2021 04 02 18 16 00    -1.8342973   -0.3337148  949.2276  950.5814
2021 04 02 18 17 00    -1.8454698   -0.3392085  949.2338  950.5848
2021 04 02 18 18 00    -1.8564665   -0.3445850  949.2406  950.5938
2021 04 02 18 19 00    -1.8672782   -0.3500193  949.2481  950.6120
2021 04 02 18 20 00    -1.8782282   -0.3555939  949.2559  950.6328
2021 04 02 18 21 00    -1.8892733   -0.3611409  949.2636  950.6506
2021 04 02 18 22 00    -1.9002871   -0.3666328  949.2713  950.6642
2021 04 02 18 23 00    -1.9114144   -0.3721822  949.2790  950.6720
2021 04 02 18 24 00    -1.9226296   -0.3778201  949.2866  950.6793
2021 04 02 18 25 00    -1.9337298   -0.3835043  949.2941  950.6964
2021 04 02 18 26 00    -1.9446685   -0.3890293  949.3019  950.7241
2021 04 02 18 27 00    -1.9555771   -0.3943727  949.3102  950.7546
2021 04 02 18 28 00    -1.9666433   -0.3999049  949.3194  950.7813
2021 04 02 18 29 00    -1.9778386   -0.4056436  949.3289  950.8005
2021 04 02 18 30 00    -1.9889769   -0.4112241  949.3382  950.8120
2021 04 02 18 31 00    -2.0001183   -0.4166817  949.3474  950.8199
2021 04 02 18 32 00    -2.0114213   -0.4223338  949.3562  950.8315
2021 04 02 18 33 00    -2.0227553   -0.4281532  949.3647  950.8531
2021 04 02 18 34 00    -2.0338929   -0.4337889  949.3736  950.8839
2021 04 02 18 35 00    -2.0448346   -0.4391711  949.3829  950.9157
2021 04 02 18 36 00    -2.0557601   -0.4445908  949.3922  950.9422
2021 04 02 18 37 00    -2.0668476   -0.4501283  949.4011  950.9640
2021 04 02 18 38 00    -2.0781214   -0.4557119  949.4107  950.9834
2021 04 02 18 39 00    -2.0894660   -0.4614305  949.4214  950.9968
2021 04 02 18 40 00    -2.1008012   -0.4672400  949.4321  951.0008
2021 04 02 18 41 00    -2.1121212   -0.4729105  949.4417  950.9972
2021 04 02 18 42 00    -2.1234262   -0.4784049  949.4507  950.9935
2021 04 02 18 43 00    -2.1346926   -0.4839397  949.4599  950.9977
2021 04 02 18 44 00    -2.1459810   -0.4896829  949.4691  951.0045
2021 04 02 18 45 00    -2.1574672   -0.4955239  949.4778  951.0012
2021 04 02 18 46 00    -2.1690857   -0.5012983  949.4859  950.9941
2021 04 02 18 47 00    -2.1805689   -0.5070606  949.4941  950.9984
2021 04 02 18 48 00    -2.1919274   -0.5128656  949.5024  951.0138
2021 04 02 18 49 00    -2.2033151   -0.5186108  949.5104  951.0327
2021 04 02 18 50 00    -2.2147120   -0.5242270  949.5182  951.0510
2021 04 02 18 51 00    -2.2260892   -0.5297923  949.5263  951.0644
2021 04 02 18 52 00    -2.2374936   -0.5354493  949.5346  951.0711
2021 04 02 18 53 00    -2.2488793   -0.5412397  949.5430  951.0743
2021 04 02 18 54 00    -2.2602232   -0.5471101  949.5518  951.0809
2021 04 02 18 55 00    -2.2716034   -0.5529269  949.5606  951.0965
2021 04 02 18 56 00    -2.2829875   -0.5585397  949.5690  951.1183
2021 04 02 18 57 00    -2.2942999   -0.5640897  949.5770  951.1383
2021 04 02 18 58 00    -2.3055865   -0.5697573  949.5855  951.1546
2021 04 02 18 59 00    -2.3169746   -0.5754376  949.5947  951.1673
2021 04 02 19 00 00    -2.3284002   -0.5810990  949.6037  951.1763
2021 04 02 19 01 00    -2.3396234   -0.5867474  949.6122  951.1875
2021 04 02 19 02 00    -2.3508202   -0.5923211  949.6206  951.2017
2021 04 02 19 03 00    -2.3622629   -0.5979469  949.6295  951.2135
2021 04 02 19 04 00    -2.3736568   -0.6036571  949.6387  951.2245
2021 04 02 19 05 00    -2.3848919   -0.6093399  949.6482  951.2364
2021 04 02 19 06 00    -2.3963370   -0.6150756  949.6572  951.2443
2021 04 02 19 07 00    -2.4079758   -0.6208889  949.6653  951.2444
2021 04 02 19 08 00    -2.4195766   -0.6266912  949.6726  951.2393
2021 04 02 19 09 00    -2.4311497   -0.6324905  949.6805  951.2349
2021 04 02 19 10 00    -2.4426364   -0.6382659  949.6889  951.2327
2021 04 02 19 11 00    -2.4540200   -0.6440333  949.6967  951.2329
2021 04 02 19 12 00    -2.4654424   -0.6498530  949.7039  951.2376
2021 04 02 19 13 00    -2.4769150   -0.6556124  949.7113  951.2425
2021 04 02 19 14 00    -2.4884172   -0.6612955  949.7186  951.2425
2021 04 02 19 15 00    -2.4999944   -0.6670698  949.7251  951.2426
2021 04 02 19 16 00    -2.5115146   -0.6728022  949.7317  951.2478
2021 04 02 19 17 00    -2.5228577   -0.6783524  949.7391  951.2517
2021 04 02 19 18 00    -2.5343077   -0.6840613  949.7465  951.2404
2021 04 02 19 19 00    -2.5460097   -0.6900673  949.7529  951.2116
2021 04 02 19 20 00    -2.5575730   -0.6959436  949.7586  951.1851
2021 04 02 19 21 00    -2.5688303   -0.7014989  949.7640  951.1842
2021 04 02 19 22 00    -2.5800627   -0.7070783  949.7690  951.2083
2021 04 02 19 23 00    -2.5914251   -0.7128725  949.7739  951.2353
2021 04 02 19 24 00    -2.6028108   -0.7185867  949.7793  951.2463
2021 04 02 19 25 00    -2.6140711   -0.7240351  949.7850  951.2416
2021 04 02 19 26 00    -2.6252361   -0.7295359  949.7910  951.2409
2021 04 02 19 27 00    -2.6364138   -0.7353468  949.7972  951.2585
2021 04 02 19 28 00    -2.6476238   -0.7412314  949.8037  951.2825
2021 04 02 19 29 00    -2.6590298   -0.7469313  949.8104  951.2918
2021 04 02 19 30 00    -2.6706352   -0.7525201  949.8167  951.2825
2021 04 02 19 31 00    -2.6820251   -0.7581747  949.8226  951.2630
2021 04 02 19 32 00    -2.6931578   -0.7639143  949.8278  951.2450
2021 04 02 19 33 00    -2.7043460   -0.7695629  949.8324  951.2402
2021 04 02 19 34 00    -2.7155369   -0.7750768  949.8371  951.2519
2021 04 02 19 35 00    -2.7266328   -0.7806457  949.8424  951.2740
2021 04 02 19 36 00    -2.7377583   -0.7862804  949.8476  951.2959
2021 04 02 19 37 00    -2.7489040   -0.7918294  949.8528  951.3090
2021 04 02 19 38 00    -2.7599266   -0.7973040  949.8585  951.3180
2021 04 02 19 39 00    -2.7708588   -0.8027983  949.8641  951.3342
2021 04 02 19 40 00    -2.7819161   -0.8083727  949.8694  951.3547
2021 04 02 19 41 00    -2.7930086   -0.8139746  949.8753  951.3648
2021 04 02 19 42 00    -2.8038365   -0.8194186  949.8817  951.3601
2021 04 02 19 43 00    -2.8146545   -0.8247707  949.8871  951.3515
2021 04 02 19 44 00    -2.8258285   -0.8303055  949.8919  951.3519
2021 04 02 19 45 00    -2.8370271   -0.8359473  949.8972  951.3664
2021 04 02 19 46 00    -2.8479197   -0.8414203  949.9031  951.3911
2021 04 02 19 47 00    -2.8587524   -0.8467904  949.9088  951.4166
2021 04 02 19 48 00    -2.8697093   -0.8523094  949.9150  951.4330
2021 04 02 19 49 00    -2.8806555   -0.8578933  949.9221  951.4346
2021 04 02 19 50 00    -2.8915931   -0.8633399  949.9290  951.4251
2021 04 02 19 51 00    -2.9026150   -0.8687743  949.9346  951.4144
2021 04 02 19 52 00    -2.9135723   -0.8742813  949.9397  951.4101
2021 04 02 19 53 00    -2.9243590   -0.8797447  949.9450  951.4151
2021 04 02 19 54 00    -2.9350810   -0.8851501  949.9509  951.4271
2021 04 02 19 55 00    -2.9458297   -0.8905147  949.9568  951.4378
2021 04 02 19 56 00    -2.9566927   -0.8958767  949.9627  951.4436
2021 04 02 19 57 00    -2.9676014   -0.9013000  949.9683  951.4464
2021 04 02 19 58 00    -2.9783837   -0.9067483  949.9735  951.4424
2021 04 02 19 59 00    -2.9891261   -0.9121671  949.9787  951.4299
2021 04 02 20 00 00    -2.9999273   -0.9175496  949.9840  951.4131
2021 04 02 20 01 00    -3.0107309   -0.9229837  949.9884  951.3900
2021 04 02 20 02 00    -3.0215621   -0.9285241  949.9919  951.3630
2021 04 02 20 03 00    -3.0324200   -0.9339944  949.9949  951.3445
2021 04 02 20 04 00    -3.0431809   -0.9392921  949.9974  951.3350
2021 04 02 20 05 00    -3.0537774   -0.9445453  949.9993  951.3286
2021 04 02 20 06 00    -3.0642196   -0.9497549  950.0014  951.3333
2021 04 02 20 07 00    -3.0746071   -0.9549056  950.0047  951.3540
2021 04 02 20 08 00    -3.0851256   -0.9602144  950.0085  951.3743
2021 04 02 20 09 00    -3.0957326   -0.9656647  950.0122  951.3818
2021 04 02 20 10 00    -3.1062059   -0.9709251  950.0163  951.3886
2021 04 02 20 11 00    -3.1165611   -0.9760197  950.0206  951.4003
2021 04 02 20 12 00    -3.1269398   -0.9812299  950.0248  951.4018
2021 04 02 20 13 00    -3.1373643   -0.9864820  950.0286  951.3891
2021 04 02 20 14 00    -3.1477586   -0.9915787  950.0315  951.3738
2021 04 02 20 15 00    -3.1580182   -0.9965986  950.0331  951.3640
2021 04 02 20 16 00    -3.1682229   -1.0016970  950.0351  951.3641
2021 04 02 20 17 00    -3.1785130   -1.0068928  950.0385  951.3740
2021 04 02 20 18 00    -3.1887783   -1.0120843  950.0422  951.3827
2021 04 02 20 19 00    -3.1989882   -1.0172042  950.0450  951.3808
2021 04 02 20 20 00    -3.2092928   -1.0223498  950.0475  951.3712
2021 04 02 20 21 00    -3.2195424   -1.0275506  950.0500  951.3627
2021 04 02 20 22 00    -3.2295655   -1.0326369  950.0522  951.3565
2021 04 02 20 23 00    -3.2396323   -1.0375884  950.0543  951.3446
2021 04 02 20 24 00    -3.2499004   -1.0426023  950.0565  951.3283
2021 04 02 20 25 00    -3.2601287   -1.0477328  950.0582  951.3230
2021 04 02 20 26 00    -3.2701194   -1.0528390  950.0594  951.3375
2021 04 02 20 27 00    -3.2798292   -1.0578007  950.0608  951.3642
2021 04 02 20 28 00    -3.2894519   -1.0626422  950.0630  951.3888
2021 04 02 20 29 00    -3.2993126   -1.0674726  950.0656  951.4031
2021 04 02 20 30 00    -3.3092859   -1.0723039  950.0690  951.4098
2021 04 02 20 31 00    -3.3190393   -1.0771593  950.0736  951.4158
2021 04 02 20 32 00    -3.3286662   -1.0821099  950.0779  951.4236
2021 04 02 20 33 00    -3.3383768   -1.0870263  950.0814  951.4277
2021 04 02 20 34 00    -3.3481130   -1.0918285  950.0844  951.4288
2021 04 02 20 35 00    -3.3576689   -1.0966181  950.0877  951.4398
2021 04 02 20 36 00    -3.3670718   -1.1014304  950.0913  951.4595
2021 04 02 20 37 00    -3.3766680   -1.1063117  950.0950  951.4692
2021 04 02 20 38 00    -3.3864531   -1.1112188  950.0986  951.4676
2021 04 02 20 39 00    -3.3960715   -1.1160308  950.1025  951.4677
2021 04 02 20 40 00    -3.4054907   -1.1207783  950.1068  951.4702
2021 04 02 20 41 00    -3.4148592   -1.1254284  950.1107  951.4736
2021 04 02 20 42 00    -3.4242599   -1.1299852  950.1142  951.4808
2021 04 02 20 43 00    -3.4337269   -1.1346424  950.1177  951.4844
2021 04 02 20 44 00    -3.4431472   -1.1393839  950.1214  951.4749
2021 04 02 20 45 00    -3.4525033   -1.1441004  950.1249  951.4552
2021 04 02 20 46 00    -3.4619405   -1.1488739  950.1280  951.4387
2021 04 02 20 47 00    -3.4713635   -1.1536690  950.1305  951.4385
2021 04 02 20 48 00    -3.4805857   -1.1583524  950.1327  951.4510
2021 04 02 20 49 00    -3.4897010   -1.1629382  950.1359  951.4615
2021 04 02 20 50 00    -3.4988346   -1.1674368  950.1398  951.4686
2021 04 02 20 51 00    -3.5079706   -1.1718495  950.1433  951.4815
2021 04 02 20 52 00    -3.5170355   -1.1762967  950.1464  951.5004
2021 04 02 20 53 00    -3.5258860   -1.1807971  950.1501  951.5203
2021 04 02 20 54 00    -3.5345899   -1.1852298  950.1544  951.5363
2021 04 02 20 55 00    -3.5435604   -1.1897213  950.1588  951.5385
2021 04 02 20 56 00    -3.5529082   -1.1944194  950.1627  951.5223
2021 04 02 20 57 00    -3.5621955   -1.1990911  950.1659  951.4960
2021 04 02 20 58 00    -3.5712028   -1.2035846  950.1686  951.4704
2021 04 02 20 59 00    -3.5801174   -1.2079973  950.1715  951.4537
2021 04 02 21 00 00    -3.5889824   -1.2123337  950.1738  951.4496
2021 04 02 21 01 00    -3.5977417   -1.2166375  950.1747  951.4531
2021 04 02 21 02 00    -3.6064456   -1.2210465  950.1757  951.4581
2021 04 02 21 03 00    -3.6150772   -1.2254788  950.1783  951.4669
2021 04 02 21 04 00    -3.6235895   -1.2297421  950.1815  951.4799
2021 04 02 21 05 00    -3.6319903   -1.2339110  950.1839  951.4924
2021 04 02 21 06 00    -3.6403043   -1.2381462  950.1864  951.5093
2021 04 02 21 07 00    -3.6486656   -1.2423991  950.1901  951.5369
2021 04 02 21 08 00    -3.6571089   -1.2466198  950.1949  951.5687
2021 04 02 21 09 00    -3.6654400   -1.2508701  950.1994  951.5970
2021 04 02 21 10 00    -3.6737036   -1.2551504  950.2035  951.6224
2021 04 02 21 11 00    -3.6820893   -1.2593892  950.2078  951.6397
2021 04 02 21 12 00    -3.6904921   -1.2635240  950.2126  951.6381
2021 04 02 21 13 00    -3.6988076   -1.2675549  950.2176  951.6226
2021 04 02 21 14 00    -3.7070535   -1.2715755  950.2226  951.6122
2021 04 02 21 15 00    -3.7152402   -1.2756785  950.2271  951.6098
2021 04 02 21 16 00    -3.7234993   -1.2798562  950.2310  951.6046
2021 04 02 21 17 00    -3.7317970   -1.2840271  950.2345  951.5954
2021 04 02 21 18 00    -3.7398970   -1.2881468  950.2379  951.5841
2021 04 02 21 19 00    -3.7479481   -1.2922354  950.2412  951.5752
2021 04 02 21 20 00    -3.7561962   -1.2962857  950.2443  951.5764
2021 04 02 21 21 00    -3.7643329   -1.3002831  950.2468  951.5860
2021 04 02 21 22 00    -3.7720832   -1.3042837  950.2496  951.5957
2021 04 02 21 23 00    -3.7797652   -1.3083001  950.2532  951.6019
2021 04 02 21 24 00    -3.7876126   -1.3122089  950.2573  951.6038
2021 04 02 21 25 00    -3.7954638   -1.3160102  950.2606  951.5995
2021 04 02 21 26 00    -3.8033056   -1.3199142  950.2632  951.5898
2021 04 02 21 27 00    -3.8111614   -1.3238664  950.2660  951.5839
2021 04 02 21 28 00    -3.8188180   -1.3275598  950.2689  951.5919
2021 04 02 21 29 00    -3.8262858   -1.3311343  950.2720  951.6119
2021 04 02 21 30 00    -3.8337911   -1.3349849  950.2755  951.6326
2021 04 02 21 31 00    -3.8413748   -1.3389907  950.2791  951.6455
2021 04 02 21 32 00    -3.8490086   -1.3428471  950.2828  951.6512
2021 04 02 21 33 00    -3.8565998   -1.3465881  950.2866  951.6536
2021 04 02 21 34 00    -3.8640368   -1.3503104  950.2903  951.6509
2021 04 02 21 35 00    -3.8714279   -1.3540351  950.2938  951.6415
2021 04 02 21 36 00    -3.8788191   -1.3577164  950.2969  951.6278
2021 04 02 21 37 00    -3.8861044   -1.3612670  950.2996  951.6134
2021 04 02 21 38 00    -3.8933589   -1.3648324  950.3020  951.6045
2021 04 02 21 39 00    -3.9006447   -1.3685227  950.3042  951.6063
2021 04 02 21 40 00    -3.9078646   -1.3721487  950.3062  951.6150
2021 04 02 21 41 00    -3.9150618   -1.3757479  950.3089  951.6215
2021 04 02 21 42 00    -3.9222233   -1.3794308  950.3119  951.6206
2021 04 02 21 43 00    -3.9292142   -1.3829562  950.3146  951.6121
2021 04 02 21 44 00    -3.9361957   -1.3863244  950.3169  951.6013
2021 04 02 21 45 00    -3.9432601   -1.3898495  950.3195  951.5982
2021 04 02 21 46 00    -3.9501868   -1.3935127  950.3219  951.6074
2021 04 02 21 47 00    -3.9569480   -1.3970279  950.3238  951.6198
2021 04 02 21 48 00    -3.9636573   -1.4003097  950.3258  951.6277
2021 04 02 21 49 00    -3.9702934   -1.4035084  950.3283  951.6376
2021 04 02 21 50 00    -3.9768439   -1.4067171  950.3318  951.6543
2021 04 02 21 51 00    -3.9834557   -1.4100034  950.3358  951.6663
2021 04 02 21 52 00    -3.9902273   -1.4134776  950.3394  951.6631
2021 04 02 21 53 00    -3.9970041   -1.4170064  950.3423  951.6509
2021 04 02 21 54 00    -4.0036344   -1.4203222  950.3444  951.6420
2021 04 02 21 55 00    -4.0101619   -1.4234462  950.3456  951.6408
2021 04 02 21 56 00    -4.0167386   -1.4266309  950.3475  951.6458
2021 04 02 21 57 00    -4.0233892   -1.4299605  950.3506  951.6537
2021 04 02 21 58 00    -4.0298308   -1.4332798  950.3538  951.6627
2021 04 02 21 59 00    -4.0358777   -1.4364713  950.3566  951.6793
2021 04 02 22 00 00    -4.0417626   -1.4394890  950.3599  951.7068
2021 04 02 22 01 00    -4.0478129   -1.4423782  950.3636  951.7294
2021 04 02 22 02 00    -4.0541303   -1.4454219  950.3673  951.7351
2021 04 02 22 03 00    -4.0604831   -1.4487005  950.3714  951.7366
2021 04 02 22 04 00    -4.0666516   -1.4518816  950.3757  951.7468
2021 04 02 22 05 00    -4.0727268   -1.4548517  950.3797  951.7570
2021 04 02 22 06 00    -4.0787121   -1.4577809  950.3836  951.7544
2021 04 02 22 07 00    -4.0846376   -1.4607743  950.3877  951.7399
2021 04 02 22 08 00    -4.0907459   -1.4638807  950.3912  951.7254
2021 04 02 22 09 00    -4.0968430   -1.4669179  950.3938  951.7193
2021 04 02 22 10 00    -4.1025992   -1.4696861  950.3966  951.7166
2021 04 02 22 11 00    -4.1083451   -1.4724893  950.4000  951.7095
2021 04 02 22 12 00    -4.1144562   -1.4756234  950.4028  951.6983
2021 04 02 22 13 00    -4.1206588   -1.4787937  950.4052  951.6831
2021 04 02 22 14 00    -4.1265246   -1.4817138  950.4074  951.6613
2021 04 02 22 15 00    -4.1320722   -1.4845094  950.4091  951.6453
2021 04 02 22 16 00    -4.1376283   -1.4873121  950.4102  951.6496
2021 04 02 22 17 00    -4.1433450   -1.4901373  950.4114  951.6625
2021 04 02 22 18 00    -4.1490392   -1.4929884  950.4138  951.6659
2021 04 02 22 19 00    -4.1545344   -1.4958199  950.4168  951.6632
2021 04 02 22 20 00    -4.1599499   -1.4985875  950.4188  951.6600
2021 04 02 22 21 00    -4.1654562   -1.5013024  950.4194  951.6537
2021 04 02 22 22 00    -4.1709625   -1.5039889  950.4200  951.6466
2021 04 02 22 23 00    -4.1763035   -1.5066575  950.4215  951.6440
2021 04 02 22 24 00    -4.1815556   -1.5093506  950.4237  951.6451
2021 04 02 22 25 00    -4.1868493   -1.5120716  950.4254  951.6471
2021 04 02 22 26 00    -4.1920765   -1.5146955  950.4260  951.6523
2021 04 02 22 27 00    -4.1971630   -1.5171861  950.4265  951.6633
2021 04 02 22 28 00    -4.2023202   -1.5197524  950.4281  951.6757
2021 04 02 22 29 00    -4.2076043   -1.5224698  950.4307  951.6854
2021 04 02 22 30 00    -4.2126895   -1.5250716  950.4332  951.6909
2021 04 02 22 31 00    -4.2174634   -1.5274082  950.4351  951.6863
2021 04 02 22 32 00    -4.2222364   -1.5296498  950.4361  951.6742
2021 04 02 22 33 00    -4.2271929   -1.5319997  950.4367  951.6693
2021 04 02 22 34 00    -4.2321973   -1.5344659  950.4384  951.6747
2021 04 02 22 35 00    -4.2371066   -1.5369168  950.4414  951.6852
2021 04 02 22 36 00    -4.2419841   -1.5393921  950.4443  951.7000
2021 04 02 22 37 00    -4.2469007   -1.5419724  950.4468  951.7158
2021 04 02 22 38 00    -4.2516466   -1.5444163  950.4496  951.7256
2021 04 02 22 39 00    -4.2561047   -1.5465727  950.4521  951.7305
2021 04 02 22 40 00    -4.2606433   -1.5487676  950.4542  951.7385
2021 04 02 22 41 00    -4.2654277   -1.5512005  950.4573  951.7505
2021 04 02 22 42 00    -4.2699844   -1.5535730  950.4615  951.7565
2021 04 02 22 43 00    -4.2741956   -1.5557630  950.4654  951.7519
2021 04 02 22 44 00    -4.2786310   -1.5580317  950.4682  951.7460
2021 04 02 22 45 00    -4.2834032   -1.5604129  950.4703  951.7479
2021 04 02 22 46 00    -4.2879911   -1.5627152  950.4722  951.7535
2021 04 02 22 47 00    -4.2922220   -1.5648625  950.4751  951.7522
2021 04 02 22 48 00    -4.2963899   -1.5668580  950.4781  951.7459
2021 04 02 22 49 00    -4.3006559   -1.5688030  950.4799  951.7448
2021 04 02 22 50 00    -4.3049299   -1.5709101  950.4812  951.7515
2021 04 02 22 51 00    -4.3091598   -1.5732418  950.4839  951.7581
2021 04 02 22 52 00    -4.3134648   -1.5755493  950.4873  951.7558
2021 04 02 22 53 00    -4.3179236   -1.5776208  950.4896  951.7465
2021 04 02 22 54 00    -4.3223388   -1.5796660  950.4911  951.7423
2021 04 02 22 55 00    -4.3264675   -1.5818814  950.4933  951.7498
2021 04 02 22 56 00    -4.3304313   -1.5840265  950.4960  951.7589
2021 04 02 22 57 00    -4.3344571   -1.5859416  950.4986  951.7619
2021 04 02 22 58 00    -4.3384172   -1.5878107  950.5010  951.7677
2021 04 02 22 59 00    -4.3422454   -1.5897737  950.5037  951.7810
2021 04 02 23 00 00    -4.3461280   -1.5918136  950.5067  951.7903
2021 04 02 23 01 00    -4.3499888   -1.5938516  950.5098  951.7886
2021 04 02 23 02 00    -4.3536701   -1.5957565  950.5125  951.7821
2021 04 02 23 03 00    -4.3573179   -1.5975007  950.5149  951.7744
2021 04 02 23 04 00    -4.3611138   -1.5992723  950.5168  951.7652
2021 04 02 23 05 00    -4.3649918   -1.6011864  950.5182  951.7564
2021 04 02 23 06 00    -4.3687551   -1.6031150  950.5197  951.7464
2021 04 02 23 07 00    -4.3723531   -1.6049369  950.5219  951.7381
2021 04 02 23 08 00    -4.3758929   -1.6066621  950.5247  951.7433
2021 04 02 23 09 00    -4.3794691   -1.6083880  950.5273  951.7636
2021 04 02 23 10 00    -4.3830268   -1.6101693  950.5294  951.7832
2021 04 02 23 11 00    -4.3864593   -1.6119052  950.5311  951.7880
2021 04 02 23 12 00    -4.3899736   -1.6136373  950.5329  951.7840
2021 04 02 23 13 00    -4.3937158   -1.6155387  950.5351  951.7851
2021 04 02 23 14 00    -4.3972154   -1.6173896  950.5379  951.7937
2021 04 02 23 15 00    -4.4002485   -1.6189114  950.5410  951.8053
2021 04 02 23 16 00    -4.4033302   -1.6203526  950.5443  951.8194
2021 04 02 23 17 00    -4.4066702   -1.6219787  950.5474  951.8306
2021 04 02 23 18 00    -4.4099212   -1.6236603  950.5504  951.8304
2021 04 02 23 19 00    -4.4130137   -1.6252939  950.5535  951.8223
2021 04 02 23 20 00    -4.4161676   -1.6268982  950.5566  951.8165
2021 04 02 23 21 00    -4.4193412   -1.6283937  950.5592  951.8200
2021 04 02 23 22 00    -4.4224010   -1.6298136  950.5617  951.8329
2021 04 02 23 23 00    -4.4254091   -1.6313244  950.5646  951.8449
2021 04 02 23 24 00    -4.4283794   -1.6328869  950.5676  951.8487
2021 04 02 23 25 00    -4.4312484   -1.6343641  950.5701  951.8508
2021 04 02 23 26 00    -4.4341317   -1.6357952  950.5727  951.8562
2021 04 02 23 27 00    -4.4371533   -1.6372683  950.5761  951.8598
2021 04 02 23 28 00    -4.4401625   -1.6387434  950.5800  951.8571
2021 04 02 23 29 00    -4.4430112   -1.6401687  950.5838  951.8558
2021 04 02 23 30 00    -4.4458304   -1.6416213  950.5876  951.8656
2021 04 02 23 31 00    -4.4487103   -1.6431037  950.5915  951.8797
2021 04 02 23 32 00    -4.4514718   -1.6444542  950.5949  951.8892
2021 04 02 23 33 00    -4.4540018   -1.6456857  950.5985  951.8979
2021 04 02 23 34 00    -4.4564468   -1.6469356  950.6027  951.9071
2021 04 02 23 35 00    -4.4589758   -1.6482076  950.6071  951.9200
2021 04 02 23 36 00    -4.4616230   -1.6495341  950.6113  951.9472
2021 04 02 23 37 00    -4.4642559   -1.6508921  950.6155  951.9797
2021 04 02 23 38 00    -4.4667023   -1.6520656  950.6203  952.0015
2021 04 02 23 39 00    -4.4690345   -1.6531047  950.6255  952.0234
2021 04 02 23 40 00    -4.4714469   -1.6543433  950.6312  952.0557
2021 04 02 23 41 00    -4.4739660   -1.6557616  950.6373  952.0835
2021 04 02 23 42 00    -4.4764684   -1.6570489  950.6436  952.0972
2021 04 02 23 43 00    -4.4787706   -1.6581571  950.6498  952.1072
2021 04 02 23 44 00    -4.4809244   -1.6592977  950.6565  952.1173
2021 04 02 23 45 00    -4.4832631   -1.6605924  950.6631  952.1163
2021 04 02 23 46 00    -4.4858108   -1.6619311  950.6689  952.1057
2021 04 02 23 47 00    -4.4882882   -1.6631709  950.6741  952.1007
2021 04 02 23 48 00    -4.4906124   -1.6643128  950.6800  952.1046
2021 04 02 23 49 00    -4.4928132   -1.6653639  950.6862  952.1135
2021 04 02 23 50 00    -4.4949491   -1.6663637  950.6917  952.1259
2021 04 02 23 51 00    -4.4971692   -1.6674583  950.6969  952.1358
2021 04 02 23 52 00    -4.4994985   -1.6686153  950.7028  952.1439
2021 04 02 23 53 00    -4.5017601   -1.6696937  950.7088  952.1534
2021 04 02 23 54 00    -4.5038151   -1.6707558  950.7142  952.1609
2021 04 02 23 55 00    -4.5058295   -1.6718764  950.7198  952.1661
2021 04 02 23 56 00    -4.5080270   -1.6729457  950.7258  952.1656
2021 04 02 23 57 00    -4.5101989   -1.6738371  950.7312  952.1521
2021 04 02 23 58 00    -4.5121889   -1.6747536  950.7356  952.1350
2021 04 02 23 59 00    -4.5143142   -1.6760204  950.7397  952.1346
