[TSF-file]     v01.0

[TIMEFORMAT]   DATETIME
[INCREMENT]    60
[CHANNELS]
    BF:SG056:G1-F60 
    BF:SG056:G2-F60 
    BF:SG056:Br1-F60
    BF:SG056:Br2-F60
[UNITS]
    Volt
    Volt
    mbar
    mbar
[UNDETVAL]                      9999.999
[PHASE_LAG_1_DEG_CPD]           0.0402
[PHASE_LAG_1_DEG_CPD_ERROR]     0.0002
[N_LATITUDE_DEG]                48.3294
[N_LATITUDE_DEG_ERROR]          0.0001
[E_LONGITUDE_DEG]               008.3284
[E_LONGITUDE_DEG_ERROR]         0.0001
[HEIGHT_M_1]                    589.20
[HEIGHT_M_1_ERROR]              0.01
[GRAVITY_CAL_1_UGAL_V]          -40.1100
[GRAVITY_CAL_1_UGAL_V_ERROR]    0.0300
[PRESSURE_CAL_MBAR_V]           1.0000
[PRESSURE_CAL_MBAR_V_ERROR]     0.0001
[AUTHOR]                        Thomas Forbriger@kit.edu
[PHASE_LAG_2_DEG_CPD]           0.0402
[PHASE_LAG_2_DEG_CPD_ERROR]     0.0002
[HEIGHT_M_2]                    589.40
[HEIGHT_M_2_ERROR]              0.01
[GRAVITY_CAL_2_UGAL_V]          -80.0699
[GRAVITY_CAL_2_UGAL_V_ERROR]    0.0600
[PRESSURE_ADMIT_HPA_NMS2]       -3.4000
[PRESSURE_MEAN_HPA]             0980.0
[COMMENT]                           
software upgrade and FitPC2 replacement on 29. July 2019



Date           Time     G1-F60        G2-F60        Br1-F60       Br2-F60      
[DATA]
2021 04 16 00 00 00    -4.0175974   -1.4316748  954.0033  954.4270
2021 04 16 00 01 00    -4.0155843   -1.4305269  953.9978  954.4117
2021 04 16 00 02 00    -4.0136755   -1.4296027  953.9924  954.3998
2021 04 16 00 03 00    -4.0118236   -1.4288099  953.9875  954.3890
2021 04 16 00 04 00    -4.0101478   -1.4280304  953.9829  954.3700
2021 04 16 00 05 00    -4.0085034   -1.4271339  953.9778  954.3481
2021 04 16 00 06 00    -4.0066798   -1.4261512  953.9720  954.3340
2021 04 16 00 07 00    -4.0048348   -1.4252669  953.9660  954.3300
2021 04 16 00 08 00    -4.0031553   -1.4244811  953.9600  954.3301
2021 04 16 00 09 00    -4.0014652   -1.4236192  953.9539  954.3255
2021 04 16 00 10 00    -3.9996060   -1.4226844  953.9481  954.3073
2021 04 16 00 11 00    -3.9979081   -1.4219096  953.9421  954.2756
2021 04 16 00 12 00    -3.9965672   -1.4213492  953.9361  954.2485
2021 04 16 00 13 00    -3.9951564   -1.4207319  953.9306  954.2415
2021 04 16 00 14 00    -3.9935979   -1.4199459  953.9255  954.2413
2021 04 16 00 15 00    -3.9922537   -1.4191302  953.9198  954.2285
2021 04 16 00 16 00    -3.9909616   -1.4183168  953.9129  954.2055
2021 04 16 00 17 00    -3.9895343   -1.4175388  953.9059  954.1849
2021 04 16 00 18 00    -3.9881795   -1.4168477  953.8996  954.1729
2021 04 16 00 19 00    -3.9868147   -1.4161355  953.8940  954.1682
2021 04 16 00 20 00    -3.9853162   -1.4154181  953.8886  954.1622
2021 04 16 00 21 00    -3.9839641   -1.4148407  953.8832  954.1506
2021 04 16 00 22 00    -3.9828376   -1.4143312  953.8777  954.1442
2021 04 16 00 23 00    -3.9816553   -1.4137784  953.8719  954.1466
2021 04 16 00 24 00    -3.9804455   -1.4132443  953.8656  954.1432
2021 04 16 00 25 00    -3.9794023   -1.4127641  953.8594  954.1243
2021 04 16 00 26 00    -3.9783137   -1.4122157  953.8539  954.1011
2021 04 16 00 27 00    -3.9770944   -1.4114984  953.8488  954.0934
2021 04 16 00 28 00    -3.9760526   -1.4108153  953.8433  954.0972
2021 04 16 00 29 00    -3.9751805   -1.4103965  953.8370  954.0892
2021 04 16 00 30 00    -3.9742809   -1.4100116  953.8302  954.0726
2021 04 16 00 31 00    -3.9734436   -1.4094731  953.8238  954.0658
2021 04 16 00 32 00    -3.9727274   -1.4090422  953.8179  954.0639
2021 04 16 00 33 00    -3.9720220   -1.4087545  953.8118  954.0498
2021 04 16 00 34 00    -3.9712758   -1.4083797  953.8050  954.0209
2021 04 16 00 35 00    -3.9705462   -1.4079986  953.7981  953.9946
2021 04 16 00 36 00    -3.9698630   -1.4076820  953.7918  953.9877
2021 04 16 00 37 00    -3.9690802   -1.4072834  953.7864  953.9871
2021 04 16 00 38 00    -3.9682770   -1.4069556  953.7808  953.9748
2021 04 16 00 39 00    -3.9678802   -1.4068852  953.7746  953.9625
2021 04 16 00 40 00    -3.9676887   -1.4067309  953.7681  953.9609
2021 04 16 00 41 00    -3.9670881   -1.4062648  953.7619  953.9599
2021 04 16 00 42 00    -3.9664336   -1.4059146  953.7558  953.9532
2021 04 16 00 43 00    -3.9662981   -1.4059371  953.7497  953.9466
2021 04 16 00 44 00    -3.9661606   -1.4059110  953.7436  953.9462
2021 04 16 00 45 00    -3.9655642   -1.4055834  953.7377  953.9428
2021 04 16 00 46 00    -3.9650383   -1.4052455  953.7317  953.9230
2021 04 16 00 47 00    -3.9649007   -1.4050524  953.7253  953.9012
2021 04 16 00 48 00    -3.9646682   -1.4048901  953.7187  953.8932
2021 04 16 00 49 00    -3.9641465   -1.4047779  953.7121  953.8858
2021 04 16 00 50 00    -3.9639033   -1.4047923  953.7061  953.8727
2021 04 16 00 51 00    -3.9641781   -1.4048718  953.7005  953.8623
2021 04 16 00 52 00    -3.9644163   -1.4049701  953.6941  953.8531
2021 04 16 00 53 00    -3.9642827   -1.4050578  953.6869  953.8486
2021 04 16 00 54 00    -3.9641557   -1.4050565  953.6805  953.8575
2021 04 16 00 55 00    -3.9643604   -1.4050183  953.6755  953.8612
2021 04 16 00 56 00    -3.9645942   -1.4049895  953.6707  953.8430
2021 04 16 00 57 00    -3.9646035   -1.4049545  953.6650  953.8250
2021 04 16 00 58 00    -3.9647556   -1.4050813  953.6586  953.8221
2021 04 16 00 59 00    -3.9652443   -1.4053975  953.6521  953.8155
2021 04 16 01 00 00    -3.9657052   -1.4056402  953.6458  953.7963
2021 04 16 01 01 00    -3.9659682   -1.4057266  953.6396  953.7810
2021 04 16 01 02 00    -3.9662521   -1.4057725  953.6337  953.7762
2021 04 16 01 03 00    -3.9666512   -1.4058721  953.6280  953.7692
2021 04 16 01 04 00    -3.9670207   -1.4060711  953.6217  953.7579
2021 04 16 01 05 00    -3.9674081   -1.4063599  953.6147  953.7524
2021 04 16 01 06 00    -3.9680130   -1.4067322  953.6081  953.7517
2021 04 16 01 07 00    -3.9686669   -1.4070866  953.6024  953.7495
2021 04 16 01 08 00    -3.9691882   -1.4073144  953.5968  953.7484
2021 04 16 01 09 00    -3.9697879   -1.4075598  953.5904  953.7490
2021 04 16 01 10 00    -3.9704452   -1.4079205  953.5843  953.7473
2021 04 16 01 11 00    -3.9709429   -1.4082590  953.5794  953.7477
2021 04 16 01 12 00    -3.9714889   -1.4085066  953.5746  953.7527
2021 04 16 01 13 00    -3.9723087   -1.4087598  953.5690  953.7515
2021 04 16 01 14 00    -3.9732477   -1.4091592  953.5629  953.7436
2021 04 16 01 15 00    -3.9741927   -1.4097222  953.5575  953.7413
2021 04 16 01 16 00    -3.9751764   -1.4103045  953.5523  953.7461
2021 04 16 01 17 00    -3.9761054   -1.4108126  953.5468  953.7433
2021 04 16 01 18 00    -3.9769411   -1.4112904  953.5414  953.7294
2021 04 16 01 19 00    -3.9778726   -1.4117747  953.5366  953.7300
2021 04 16 01 20 00    -3.9789805   -1.4122871  953.5322  953.7551
2021 04 16 01 21 00    -3.9801388   -1.4128999  953.5280  953.7756
2021 04 16 01 22 00    -3.9812597   -1.4135541  953.5239  953.7750
2021 04 16 01 23 00    -3.9823301   -1.4140976  953.5197  953.7644
2021 04 16 01 24 00    -3.9834375   -1.4146011  953.5154  953.7597
2021 04 16 01 25 00    -3.9846907   -1.4151788  953.5114  953.7647
2021 04 16 01 26 00    -3.9859941   -1.4157691  953.5076  953.7641
2021 04 16 01 27 00    -3.9873162   -1.4164312  953.5037  953.7539
2021 04 16 01 28 00    -3.9888897   -1.4173006  953.4995  953.7492
2021 04 16 01 29 00    -3.9906222   -1.4181689  953.4949  953.7492
2021 04 16 01 30 00    -3.9920962   -1.4188176  953.4900  953.7455
2021 04 16 01 31 00    -3.9934185   -1.4194856  953.4854  953.7369
2021 04 16 01 32 00    -3.9949414   -1.4203196  953.4808  953.7211
2021 04 16 01 33 00    -3.9965344   -1.4211151  953.4759  953.7051
2021 04 16 01 34 00    -3.9981012   -1.4218776  953.4711  953.6991
2021 04 16 01 35 00    -3.9999430   -1.4228199  953.4669  953.6931
2021 04 16 01 36 00    -4.0020835   -1.4239455  953.4632  953.6775
2021 04 16 01 37 00    -4.0040930   -1.4249770  953.4589  953.6620
2021 04 16 01 38 00    -4.0057955   -1.4256970  953.4538  953.6547
2021 04 16 01 39 00    -4.0074846   -1.4263189  953.4488  953.6490
2021 04 16 01 40 00    -4.0094147   -1.4271991  953.4441  953.6379
2021 04 16 01 41 00    -4.0115471   -1.4283522  953.4389  953.6284
2021 04 16 01 42 00    -4.0137229   -1.4295527  953.4336  953.6250
2021 04 16 01 43 00    -4.0158321   -1.4306493  953.4291  953.6202
2021 04 16 01 44 00    -4.0178027   -1.4316294  953.4249  953.6142
2021 04 16 01 45 00    -4.0196429   -1.4325631  953.4204  953.6160
2021 04 16 01 46 00    -4.0216288   -1.4335688  953.4155  953.6193
2021 04 16 01 47 00    -4.0240353   -1.4347743  953.4107  953.6055
2021 04 16 01 48 00    -4.0266432   -1.4361752  953.4061  953.5811
2021 04 16 01 49 00    -4.0290295   -1.4374995  953.4014  953.5741
2021 04 16 01 50 00    -4.0311347   -1.4385387  953.3965  953.5851
2021 04 16 01 51 00    -4.0332695   -1.4395514  953.3918  953.5914
2021 04 16 01 52 00    -4.0357183   -1.4407874  953.3878  953.5803
2021 04 16 01 53 00    -4.0383777   -1.4420521  953.3837  953.5569
2021 04 16 01 54 00    -4.0409236   -1.4432060  953.3786  953.5366
2021 04 16 01 55 00    -4.0432733   -1.4443807  953.3729  953.5241
2021 04 16 01 56 00    -4.0456480   -1.4456406  953.3671  953.5135
2021 04 16 01 57 00    -4.0481853   -1.4468974  953.3616  953.5109
2021 04 16 01 58 00    -4.0507857   -1.4481081  953.3568  953.5200
2021 04 16 01 59 00    -4.0534323   -1.4494286  953.3522  953.5245
2021 04 16 02 00 00    -4.0561881   -1.4509585  953.3471  953.5173
2021 04 16 02 01 00    -4.0589458   -1.4524630  953.3417  953.5083
2021 04 16 02 02 00    -4.0616098   -1.4537248  953.3372  953.5014
2021 04 16 02 03 00    -4.0642743   -1.4549427  953.3331  953.4980
2021 04 16 02 04 00    -4.0670768   -1.4563850  953.3284  953.4945
2021 04 16 02 05 00    -4.0700488   -1.4579484  953.3229  953.4784
2021 04 16 02 06 00    -4.0730937   -1.4594254  953.3172  953.4582
2021 04 16 02 07 00    -4.0760163   -1.4607986  953.3116  953.4540
2021 04 16 02 08 00    -4.0787152   -1.4621110  953.3064  953.4571
2021 04 16 02 09 00    -4.0814865   -1.4634899  953.3017  953.4486
2021 04 16 02 10 00    -4.0846673   -1.4650972  953.2972  953.4371
2021 04 16 02 11 00    -4.0879428   -1.4667843  953.2932  953.4419
2021 04 16 02 12 00    -4.0908732   -1.4682962  953.2891  953.4596
2021 04 16 02 13 00    -4.0937433   -1.4697529  953.2840  953.4685
2021 04 16 02 14 00    -4.0968817   -1.4713605  953.2789  953.4551
2021 04 16 02 15 00    -4.1000299   -1.4729845  953.2746  953.4373
2021 04 16 02 16 00    -4.1030541   -1.4744582  953.2708  953.4427
2021 04 16 02 17 00    -4.1061597   -1.4758940  953.2665  953.4569
2021 04 16 02 18 00    -4.1093738   -1.4774490  953.2613  953.4503
2021 04 16 02 19 00    -4.1126407   -1.4791049  953.2561  953.4379
2021 04 16 02 20 00    -4.1160084   -1.4807512  953.2515  953.4379
2021 04 16 02 21 00    -4.1194737   -1.4824040  953.2471  953.4298
2021 04 16 02 22 00    -4.1229605   -1.4841744  953.2424  953.4101
2021 04 16 02 23 00    -4.1263906   -1.4860098  953.2377  953.4037
2021 04 16 02 24 00    -4.1297656   -1.4877586  953.2332  953.4081
2021 04 16 02 25 00    -4.1331331   -1.4893760  953.2290  953.4085
2021 04 16 02 26 00    -4.1364947   -1.4909836  953.2250  953.4132
2021 04 16 02 27 00    -4.1398518   -1.4927382  953.2215  953.4258
2021 04 16 02 28 00    -4.1432515   -1.4946220  953.2177  953.4374
2021 04 16 02 29 00    -4.1467842   -1.4964815  953.2138  953.4496
2021 04 16 02 30 00    -4.1503322   -1.4981287  953.2106  953.4576
2021 04 16 02 31 00    -4.1536522   -1.4995968  953.2078  953.4513
2021 04 16 02 32 00    -4.1570080   -1.5012462  953.2045  953.4467
2021 04 16 02 33 00    -4.1607218   -1.5031554  953.2007  953.4607
2021 04 16 02 34 00    -4.1644897   -1.5050334  953.1970  953.4756
2021 04 16 02 35 00    -4.1681611   -1.5068730  953.1938  953.4666
2021 04 16 02 36 00    -4.1719763   -1.5088230  953.1903  953.4391
2021 04 16 02 37 00    -4.1759127   -1.5108055  953.1867  953.4209
2021 04 16 02 38 00    -4.1798097   -1.5127829  953.1834  953.4257
2021 04 16 02 39 00    -4.1835763   -1.5147582  953.1803  953.4357
2021 04 16 02 40 00    -4.1872025   -1.5165889  953.1766  953.4293
2021 04 16 02 41 00    -4.1909536   -1.5183754  953.1726  953.4136
2021 04 16 02 42 00    -4.1950114   -1.5203936  953.1682  953.4065
2021 04 16 02 43 00    -4.1990842   -1.5224845  953.1638  953.4067
2021 04 16 02 44 00    -4.2029911   -1.5244268  953.1601  953.4043
2021 04 16 02 45 00    -4.2069771   -1.5264155  953.1569  953.3968
2021 04 16 02 46 00    -4.2110007   -1.5284759  953.1538  953.3897
2021 04 16 02 47 00    -4.2148277   -1.5303949  953.1508  953.3896
2021 04 16 02 48 00    -4.2186911   -1.5322602  953.1483  953.3943
2021 04 16 02 49 00    -4.2227055   -1.5342054  953.1454  953.3969
2021 04 16 02 50 00    -4.2266880   -1.5362299  953.1417  953.3953
2021 04 16 02 51 00    -4.2307900   -1.5383939  953.1378  953.3935
2021 04 16 02 52 00    -4.2350378   -1.5405845  953.1342  953.3940
2021 04 16 02 53 00    -4.2391763   -1.5426263  953.1308  953.3933
2021 04 16 02 54 00    -4.2432815   -1.5446286  953.1275  953.3908
2021 04 16 02 55 00    -4.2474637   -1.5467133  953.1240  953.3861
2021 04 16 02 56 00    -4.2516140   -1.5488485  953.1202  953.3766
2021 04 16 02 57 00    -4.2557260   -1.5509609  953.1167  953.3721
2021 04 16 02 58 00    -4.2598128   -1.5529594  953.1139  953.3791
2021 04 16 02 59 00    -4.2639057   -1.5549336  953.1114  953.3797
2021 04 16 03 00 00    -4.2681317   -1.5571010  953.1083  953.3659
2021 04 16 03 01 00    -4.2723362   -1.5593630  953.1046  953.3565
2021 04 16 03 02 00    -4.2763066   -1.5614284  953.1011  953.3626
2021 04 16 03 03 00    -4.2803227   -1.5633447  953.0979  953.3706
2021 04 16 03 04 00    -4.2846271   -1.5653794  953.0946  953.3666
2021 04 16 03 05 00    -4.2889656   -1.5675780  953.0911  953.3600
2021 04 16 03 06 00    -4.2931387   -1.5697520  953.0880  953.3664
2021 04 16 03 07 00    -4.2973244   -1.5718309  953.0849  953.3815
2021 04 16 03 08 00    -4.3017127   -1.5739965  953.0817  953.3948
2021 04 16 03 09 00    -4.3061083   -1.5762259  953.0787  953.4014
2021 04 16 03 10 00    -4.3102011   -1.5782269  953.0758  953.3950
2021 04 16 03 11 00    -4.3142044   -1.5800788  953.0730  953.3797
2021 04 16 03 12 00    -4.3185219   -1.5821572  953.0702  953.3739
2021 04 16 03 13 00    -4.3230110   -1.5844610  953.0671  953.3810
2021 04 16 03 14 00    -4.3273741   -1.5867203  953.0643  953.3834
2021 04 16 03 15 00    -4.3317067   -1.5888887  953.0621  953.3772
2021 04 16 03 16 00    -4.3361148   -1.5910652  953.0598  953.3771
2021 04 16 03 17 00    -4.3405521   -1.5932998  953.0573  953.3838
2021 04 16 03 18 00    -4.3450505   -1.5955792  953.0550  953.3817
2021 04 16 03 19 00    -4.3494812   -1.5977330  953.0523  953.3670
2021 04 16 03 20 00    -4.3537192   -1.5997118  953.0489  953.3510
2021 04 16 03 21 00    -4.3580433   -1.6018559  953.0456  953.3413
2021 04 16 03 22 00    -4.3626008   -1.6042996  953.0430  953.3390
2021 04 16 03 23 00    -4.3671155   -1.6066611  953.0403  953.3453
2021 04 16 03 24 00    -4.3714554   -1.6087354  953.0367  953.3607
2021 04 16 03 25 00    -4.3758530   -1.6108479  953.0336  953.3731
2021 04 16 03 26 00    -4.3803972   -1.6132186  953.0320  953.3658
2021 04 16 03 27 00    -4.3847842   -1.6155617  953.0304  953.3469
2021 04 16 03 28 00    -4.3890413   -1.6177603  953.0274  953.3392
2021 04 16 03 29 00    -4.3936083   -1.6200721  953.0236  953.3436
2021 04 16 03 30 00    -4.3983154   -1.6224387  953.0202  953.3423
2021 04 16 03 31 00    -4.4026675   -1.6246149  953.0176  953.3291
2021 04 16 03 32 00    -4.4068374   -1.6266848  953.0146  953.3190
2021 04 16 03 33 00    -4.4111763   -1.6288413  953.0113  953.3293
2021 04 16 03 34 00    -4.4156022   -1.6310915  953.0086  953.3510
2021 04 16 03 35 00    -4.4199961   -1.6333469  953.0066  953.3600
2021 04 16 03 36 00    -4.4243910   -1.6355453  953.0043  953.3568
2021 04 16 03 37 00    -4.4288338   -1.6376938  953.0015  953.3588
2021 04 16 03 38 00    -4.4333782   -1.6398856  952.9988  953.3639
2021 04 16 03 39 00    -4.4379549   -1.6421623  952.9963  953.3616
2021 04 16 03 40 00    -4.4423885   -1.6444219  952.9936  953.3552
2021 04 16 03 41 00    -4.4466781   -1.6465873  952.9906  953.3490
2021 04 16 03 42 00    -4.4510369   -1.6487442  952.9879  953.3386
2021 04 16 03 43 00    -4.4555664   -1.6509472  952.9854  953.3221
2021 04 16 03 44 00    -4.4600175   -1.6531029  952.9822  953.3030
2021 04 16 03 45 00    -4.4641801   -1.6552208  952.9780  953.2875
2021 04 16 03 46 00    -4.4683757   -1.6574084  952.9740  953.2829
2021 04 16 03 47 00    -4.4729054   -1.6596587  952.9709  953.2930
2021 04 16 03 48 00    -4.4774616   -1.6619288  952.9683  953.3093
2021 04 16 03 49 00    -4.4817799   -1.6641403  952.9662  953.3136
2021 04 16 03 50 00    -4.4860337   -1.6662167  952.9644  953.3090
2021 04 16 03 51 00    -4.4903654   -1.6683438  952.9618  953.3126
2021 04 16 03 52 00    -4.4947303   -1.6706853  952.9587  953.3179
2021 04 16 03 53 00    -4.4990192   -1.6729751  952.9562  953.3173
2021 04 16 03 54 00    -4.5030992   -1.6749358  952.9546  953.3203
2021 04 16 03 55 00    -4.5070174   -1.6767577  952.9524  953.3219
2021 04 16 03 56 00    -4.5110666   -1.6787846  952.9493  953.3175
2021 04 16 03 57 00    -4.5153003   -1.6809621  952.9465  953.3209
2021 04 16 03 58 00    -4.5195491   -1.6830883  952.9452  953.3339
2021 04 16 03 59 00    -4.5238937   -1.6852793  952.9440  953.3425
2021 04 16 04 00 00    -4.5282592   -1.6875428  952.9415  953.3442
2021 04 16 04 01 00    -4.5323517   -1.6896287  952.9387  953.3504
2021 04 16 04 02 00    -4.5363168   -1.6915608  952.9371  953.3693
2021 04 16 04 03 00    -4.5404023   -1.6935020  952.9360  953.3937
2021 04 16 04 04 00    -4.5444966   -1.6954741  952.9346  953.4086
2021 04 16 04 05 00    -4.5485164   -1.6975338  952.9334  953.4093
2021 04 16 04 06 00    -4.5525297   -1.6996308  952.9330  953.4071
2021 04 16 04 07 00    -4.5565464   -1.7015511  952.9323  953.4164
2021 04 16 04 08 00    -4.5605561   -1.7033469  952.9310  953.4346
2021 04 16 04 09 00    -4.5645412   -1.7053232  952.9295  953.4478
2021 04 16 04 10 00    -4.5684614   -1.7075049  952.9282  953.4568
2021 04 16 04 11 00    -4.5723569   -1.7096114  952.9276  953.4667
2021 04 16 04 12 00    -4.5762775   -1.7115306  952.9274  953.4697
2021 04 16 04 13 00    -4.5801815   -1.7133924  952.9275  953.4687
2021 04 16 04 14 00    -4.5840374   -1.7152943  952.9277  953.4803
2021 04 16 04 15 00    -4.5878476   -1.7171953  952.9277  953.4988
2021 04 16 04 16 00    -4.5916420   -1.7190561  952.9277  953.5021
2021 04 16 04 17 00    -4.5955122   -1.7209835  952.9277  953.4943
2021 04 16 04 18 00    -4.5994277   -1.7230149  952.9274  953.4973
2021 04 16 04 19 00    -4.6032056   -1.7249975  952.9271  953.5057
2021 04 16 04 20 00    -4.6069080   -1.7268778  952.9272  953.4980
2021 04 16 04 21 00    -4.6107622   -1.7287022  952.9275  953.4781
2021 04 16 04 22 00    -4.6145933   -1.7304566  952.9272  953.4673
2021 04 16 04 23 00    -4.6181612   -1.7322270  952.9264  953.4696
2021 04 16 04 24 00    -4.6217272   -1.7341473  952.9256  953.4789
2021 04 16 04 25 00    -4.6254632   -1.7360967  952.9251  953.4967
2021 04 16 04 26 00    -4.6291564   -1.7378983  952.9249  953.5172
2021 04 16 04 27 00    -4.6327548   -1.7396184  952.9251  953.5261
2021 04 16 04 28 00    -4.6363286   -1.7413532  952.9254  953.5257
2021 04 16 04 29 00    -4.6398501   -1.7431012  952.9255  953.5304
2021 04 16 04 30 00    -4.6433128   -1.7448970  952.9253  953.5387
2021 04 16 04 31 00    -4.6468015   -1.7468053  952.9253  953.5431
2021 04 16 04 32 00    -4.6504626   -1.7487868  952.9260  953.5474
2021 04 16 04 33 00    -4.6541446   -1.7506455  952.9267  953.5508
2021 04 16 04 34 00    -4.6574921   -1.7522662  952.9272  953.5431
2021 04 16 04 35 00    -4.6606791   -1.7538255  952.9274  953.5296
2021 04 16 04 36 00    -4.6640831   -1.7555073  952.9271  953.5229
2021 04 16 04 37 00    -4.6675618   -1.7572056  952.9264  953.5152
2021 04 16 04 38 00    -4.6708357   -1.7587820  952.9256  953.5016
2021 04 16 04 39 00    -4.6739537   -1.7603128  952.9248  953.4977
2021 04 16 04 40 00    -4.6771354   -1.7619080  952.9237  953.5070
2021 04 16 04 41 00    -4.6803713   -1.7635551  952.9231  953.5161
2021 04 16 04 42 00    -4.6834165   -1.7651699  952.9237  953.5240
2021 04 16 04 43 00    -4.6863074   -1.7667128  952.9246  953.5358
2021 04 16 04 44 00    -4.6893030   -1.7682056  952.9244  953.5410
2021 04 16 04 45 00    -4.6924088   -1.7696500  952.9231  953.5291
2021 04 16 04 46 00    -4.6954800   -1.7711085  952.9218  953.5109
2021 04 16 04 47 00    -4.6984331   -1.7726675  952.9212  953.5069
2021 04 16 04 48 00    -4.7012287   -1.7742181  952.9212  953.5209
2021 04 16 04 49 00    -4.7039405   -1.7756364  952.9213  953.5327
2021 04 16 04 50 00    -4.7067308   -1.7770136  952.9212  953.5291
2021 04 16 04 51 00    -4.7096953   -1.7784566  952.9208  953.5255
2021 04 16 04 52 00    -4.7127607   -1.7798935  952.9197  953.5296
2021 04 16 04 53 00    -4.7156955   -1.7811848  952.9189  953.5272
2021 04 16 04 54 00    -4.7183656   -1.7824312  952.9189  953.5178
2021 04 16 04 55 00    -4.7208825   -1.7838435  952.9190  953.5129
2021 04 16 04 56 00    -4.7233569   -1.7852582  952.9182  953.5182
2021 04 16 04 57 00    -4.7257811   -1.7864598  952.9175  953.5315
2021 04 16 04 58 00    -4.7281982   -1.7876171  952.9174  953.5389
2021 04 16 04 59 00    -4.7306852   -1.7888695  952.9173  953.5372
2021 04 16 05 00 00    -4.7332138   -1.7901580  952.9168  953.5390
2021 04 16 05 01 00    -4.7356494   -1.7914207  952.9163  953.5367
2021 04 16 05 02 00    -4.7379008   -1.7926150  952.9156  953.5262
2021 04 16 05 03 00    -4.7401520   -1.7937797  952.9144  953.5290
2021 04 16 05 04 00    -4.7425403   -1.7949223  952.9134  953.5485
2021 04 16 05 05 00    -4.7447946   -1.7959982  952.9129  953.5632
2021 04 16 05 06 00    -4.7467754   -1.7970485  952.9122  953.5627
2021 04 16 05 07 00    -4.7486771   -1.7980550  952.9115  953.5544
2021 04 16 05 08 00    -4.7506459   -1.7990281  952.9111  953.5466
2021 04 16 05 09 00    -4.7527749   -1.8001167  952.9113  953.5390
2021 04 16 05 10 00    -4.7549867   -1.8012681  952.9115  953.5325
2021 04 16 05 11 00    -4.7570197   -1.8022274  952.9115  953.5291
2021 04 16 05 12 00    -4.7588034   -1.8029579  952.9111  953.5224
2021 04 16 05 13 00    -4.7604924   -1.8037165  952.9103  953.5157
2021 04 16 05 14 00    -4.7622624   -1.8046161  952.9094  953.5235
2021 04 16 05 15 00    -4.7640837   -1.8054706  952.9089  953.5374
2021 04 16 05 16 00    -4.7658061   -1.8063151  952.9092  953.5372
2021 04 16 05 17 00    -4.7674596   -1.8073391  952.9092  953.5285
2021 04 16 05 18 00    -4.7689993   -1.8082447  952.9082  953.5289
2021 04 16 05 19 00    -4.7703241   -1.8087372  952.9073  953.5397
2021 04 16 05 20 00    -4.7716157   -1.8091825  952.9072  953.5483
2021 04 16 05 21 00    -4.7730231   -1.8099213  952.9069  953.5458
2021 04 16 05 22 00    -4.7744541   -1.8107664  952.9057  953.5307
2021 04 16 05 23 00    -4.7757993   -1.8114849  952.9040  953.5096
2021 04 16 05 24 00    -4.7770722   -1.8121083  952.9031  953.5085
2021 04 16 05 25 00    -4.7783008   -1.8127063  952.9032  953.5406
2021 04 16 05 26 00    -4.7793427   -1.8132250  952.9033  953.5693
2021 04 16 05 27 00    -4.7802257   -1.8136980  952.9031  953.5636
2021 04 16 05 28 00    -4.7812540   -1.8142382  952.9030  953.5484
2021 04 16 05 29 00    -4.7823596   -1.8147622  952.9030  953.5543
2021 04 16 05 30 00    -4.7832411   -1.8151697  952.9027  953.5721
2021 04 16 05 31 00    -4.7839796   -1.8155509  952.9022  953.5763
2021 04 16 05 32 00    -4.7847292   -1.8159303  952.9017  953.5624
2021 04 16 05 33 00    -4.7854394   -1.8161946  952.9013  953.5544
2021 04 16 05 34 00    -4.7860628   -1.8163722  952.9010  953.5722
2021 04 16 05 35 00    -4.7865869   -1.8166525  952.9012  953.5998
2021 04 16 05 36 00    -4.7870100   -1.8170304  952.9013  953.6082
2021 04 16 05 37 00    -4.7873707   -1.8173080  952.9013  953.5968
2021 04 16 05 38 00    -4.7878092   -1.8175078  952.9016  953.5861
2021 04 16 05 39 00    -4.7883390   -1.8177608  952.9020  953.5842
2021 04 16 05 40 00    -4.7887269   -1.8180241  952.9020  953.5839
2021 04 16 05 41 00    -4.7889784   -1.8182393  952.9018  953.5837
2021 04 16 05 42 00    -4.7893168   -1.8183626  952.9020  953.5874
2021 04 16 05 43 00    -4.7897119   -1.8183475  952.9023  953.5861
2021 04 16 05 44 00    -4.7899190   -1.8183028  952.9020  953.5707
2021 04 16 05 45 00    -4.7899063   -1.8184152  952.9008  953.5545
2021 04 16 05 46 00    -4.7899802   -1.8186710  952.8996  953.5551
2021 04 16 05 47 00    -4.7901531   -1.8188304  952.8986  953.5685
2021 04 16 05 48 00    -4.7900665   -1.8187545  952.8974  953.5722
2021 04 16 05 49 00    -4.7897182   -1.8185600  952.8964  953.5523
2021 04 16 05 50 00    -4.7893382   -1.8183964  952.8960  953.5338
2021 04 16 05 51 00    -4.7889876   -1.8182741  952.8956  953.5441
2021 04 16 05 52 00    -4.7886670   -1.8181176  952.8945  953.5608
2021 04 16 05 53 00    -4.7882563   -1.8178967  952.8931  953.5579
2021 04 16 05 54 00    -4.7876531   -1.8176339  952.8921  953.5483
2021 04 16 05 55 00    -4.7869992   -1.8172735  952.8918  953.5426
2021 04 16 05 56 00    -4.7862859   -1.8167271  952.8916  953.5359
2021 04 16 05 57 00    -4.7853459   -1.8161062  952.8912  953.5334
2021 04 16 05 58 00    -4.7843788   -1.8156286  952.8900  953.5404
2021 04 16 05 59 00    -4.7836108   -1.8152835  952.8885  953.5550
2021 04 16 06 00 00    -4.7827837   -1.8149191  952.8880  953.5744
2021 04 16 06 01 00    -4.7816668   -1.8144477  952.8890  953.5864
2021 04 16 06 02 00    -4.7804461   -1.8138114  952.8899  953.5819
2021 04 16 06 03 00    -4.7792925   -1.8130805  952.8897  953.5794
2021 04 16 06 04 00    -4.7781403   -1.8124249  952.8891  953.5936
2021 04 16 06 05 00    -4.7769108   -1.8118767  952.8887  953.6100
2021 04 16 06 06 00    -4.7755871   -1.8113443  952.8879  953.6173
2021 04 16 06 07 00    -4.7741904   -1.8107333  952.8870  953.6209
2021 04 16 06 08 00    -4.7727164   -1.8099900  952.8869  953.6232
2021 04 16 06 09 00    -4.7710697   -1.8091685  952.8875  953.6243
2021 04 16 06 10 00    -4.7692924   -1.8083781  952.8883  953.6232
2021 04 16 06 11 00    -4.7675637   -1.8075386  952.8890  953.6202
2021 04 16 06 12 00    -4.7658878   -1.8065638  952.8893  953.6242
2021 04 16 06 13 00    -4.7642163   -1.8057082  952.8892  953.6275
2021 04 16 06 14 00    -4.7624875   -1.8049918  952.8886  953.6055
2021 04 16 06 15 00    -4.7605197   -1.8039728  952.8877  953.5730
2021 04 16 06 16 00    -4.7583055   -1.8026402  952.8874  953.5665
2021 04 16 06 17 00    -4.7560060   -1.8014030  952.8882  953.5772
2021 04 16 06 18 00    -4.7537718   -1.8003635  952.8887  953.5800
2021 04 16 06 19 00    -4.7516907   -1.7993889  952.8879  953.5772
2021 04 16 06 20 00    -4.7495739   -1.7983679  952.8864  953.5764
2021 04 16 06 21 00    -4.7472643   -1.7972775  952.8852  953.5770
2021 04 16 06 22 00    -4.7449333   -1.7961534  952.8845  953.5824
2021 04 16 06 23 00    -4.7425961   -1.7948961  952.8845  953.5934
2021 04 16 06 24 00    -4.7400324   -1.7934427  952.8846  953.5963
2021 04 16 06 25 00    -4.7372307   -1.7919586  952.8838  953.5843
2021 04 16 06 26 00    -4.7343642   -1.7905195  952.8824  953.5822
2021 04 16 06 27 00    -4.7315244   -1.7890872  952.8818  953.6079
2021 04 16 06 28 00    -4.7287214   -1.7877751  952.8820  953.6247
2021 04 16 06 29 00    -4.7259264   -1.7865486  952.8821  953.6009
2021 04 16 06 30 00    -4.7229699   -1.7850880  952.8815  953.5799
2021 04 16 06 31 00    -4.7197052   -1.7833621  952.8803  953.6037
2021 04 16 06 32 00    -4.7163369   -1.7816643  952.8791  953.6335
2021 04 16 06 33 00    -4.7131289   -1.7800878  952.8779  953.6243
2021 04 16 06 34 00    -4.7099841   -1.7785790  952.8769  953.5931
2021 04 16 06 35 00    -4.7067303   -1.7770305  952.8762  953.5710
2021 04 16 06 36 00    -4.7033054   -1.7751975  952.8758  953.5649
2021 04 16 06 37 00    -4.6996808   -1.7731870  952.8753  953.5724
2021 04 16 06 38 00    -4.6960055   -1.7713953  952.8751  953.5877
2021 04 16 06 39 00    -4.6924026   -1.7697268  952.8752  953.6022
2021 04 16 06 40 00    -4.6887693   -1.7679171  952.8750  953.6052
2021 04 16 06 41 00    -4.6850177   -1.7660647  952.8743  953.5919
2021 04 16 06 42 00    -4.6811246   -1.7641343  952.8738  953.5769
2021 04 16 06 43 00    -4.6770948   -1.7619660  952.8735  953.5727
2021 04 16 06 44 00    -4.6730048   -1.7597821  952.8733  953.5731
2021 04 16 06 45 00    -4.6689224   -1.7578281  952.8728  953.5764
2021 04 16 06 46 00    -4.6648706   -1.7559476  952.8722  953.5860
2021 04 16 06 47 00    -4.6607529   -1.7539095  952.8715  953.5952
2021 04 16 06 48 00    -4.6563901   -1.7516992  952.8711  953.5957
2021 04 16 06 49 00    -4.6519227   -1.7494155  952.8707  953.5841
2021 04 16 06 50 00    -4.6476400   -1.7471826  952.8696  953.5678
2021 04 16 06 51 00    -4.6433559   -1.7450739  952.8679  953.5636
2021 04 16 06 52 00    -4.6387291   -1.7429512  952.8665  953.5709
2021 04 16 06 53 00    -4.6338374   -1.7405929  952.8659  953.5664
2021 04 16 06 54 00    -4.6289904   -1.7380555  952.8650  953.5450
2021 04 16 06 55 00    -4.6243425   -1.7356058  952.8634  953.5355
2021 04 16 06 56 00    -4.6196751   -1.7332832  952.8620  953.5565
2021 04 16 06 57 00    -4.6146018   -1.7308431  952.8616  953.5857
2021 04 16 06 58 00    -4.6092402   -1.7282154  952.8611  953.5977
2021 04 16 06 59 00    -4.6041090   -1.7255976  952.8603  953.6012
2021 04 16 07 00 00    -4.5991588   -1.7229666  952.8599  953.6095
2021 04 16 07 01 00    -4.5939438   -1.7201816  952.8609  953.6125
2021 04 16 07 02 00    -4.5885672   -1.7174463  952.8619  953.6066
2021 04 16 07 03 00    -4.5833310   -1.7149172  952.8614  953.6051
2021 04 16 07 04 00    -4.5780591   -1.7123456  952.8595  953.5992
2021 04 16 07 05 00    -4.5725358   -1.7095783  952.8574  953.5694
2021 04 16 07 06 00    -4.5669211   -1.7067780  952.8559  953.5376
2021 04 16 07 07 00    -4.5613493   -1.7039892  952.8549  953.5363
2021 04 16 07 08 00    -4.5556548   -1.7010736  952.8536  953.5549
2021 04 16 07 09 00    -4.5497575   -1.6980973  952.8518  953.5668
2021 04 16 07 10 00    -4.5438320   -1.6952006  952.8502  953.5746
2021 04 16 07 11 00    -4.5378733   -1.6922756  952.8494  953.5861
2021 04 16 07 12 00    -4.5317053   -1.6892768  952.8489  953.5874
2021 04 16 07 13 00    -4.5253987   -1.6862861  952.8484  953.5782
2021 04 16 07 14 00    -4.5191179   -1.6831469  952.8479  953.5792
2021 04 16 07 15 00    -4.5128710   -1.6798029  952.8474  953.5899
2021 04 16 07 16 00    -4.5065447   -1.6765317  952.8466  953.5970
2021 04 16 07 17 00    -4.5000014   -1.6733701  952.8457  953.5986
2021 04 16 07 18 00    -4.4934176   -1.6701386  952.8451  953.5979
2021 04 16 07 19 00    -4.4870094   -1.6668403  952.8445  953.5989
2021 04 16 07 20 00    -4.4804600   -1.6634910  952.8441  953.6002
2021 04 16 07 21 00    -4.4736026   -1.6600750  952.8439  953.5973
2021 04 16 07 22 00    -4.4667059   -1.6566193  952.8442  953.5926
2021 04 16 07 23 00    -4.4597236   -1.6531295  952.8449  953.5907
2021 04 16 07 24 00    -4.4525705   -1.6496410  952.8452  953.5951
2021 04 16 07 25 00    -4.4454863   -1.6461594  952.8450  953.6103
2021 04 16 07 26 00    -4.4384837   -1.6425879  952.8449  953.6269
2021 04 16 07 27 00    -4.4313539   -1.6389057  952.8455  953.6264
2021 04 16 07 28 00    -4.4241437   -1.6352884  952.8463  953.6152
2021 04 16 07 29 00    -4.4169713   -1.6317750  952.8468  953.6146
2021 04 16 07 30 00    -4.4096579   -1.6280722  952.8466  953.6193
2021 04 16 07 31 00    -4.4020359   -1.6241258  952.8461  953.6136
2021 04 16 07 32 00    -4.3943639   -1.6202910  952.8461  953.6101
2021 04 16 07 33 00    -4.3869141   -1.6166261  952.8468  953.6261
2021 04 16 07 34 00    -4.3794322   -1.6128322  952.8477  953.6545
2021 04 16 07 35 00    -4.3716546   -1.6089361  952.8482  953.6770
2021 04 16 07 36 00    -4.3638009   -1.6051965  952.8478  953.6752
2021 04 16 07 37 00    -4.3560076   -1.6014642  952.8465  953.6440
2021 04 16 07 38 00    -4.3480572   -1.5974458  952.8455  953.6130
2021 04 16 07 39 00    -4.3398773   -1.5932546  952.8458  953.6137
2021 04 16 07 40 00    -4.3317073   -1.5891170  952.8467  953.6400
2021 04 16 07 41 00    -4.3236646   -1.5850221  952.8475  953.6675
2021 04 16 07 42 00    -4.3155191   -1.5808623  952.8486  953.6806
2021 04 16 07 43 00    -4.3071492   -1.5766480  952.8503  953.6813
2021 04 16 07 44 00    -4.2987553   -1.5724740  952.8514  953.6796
2021 04 16 07 45 00    -4.2904138   -1.5683076  952.8512  953.6726
2021 04 16 07 46 00    -4.2820295   -1.5640932  952.8502  953.6499
2021 04 16 07 47 00    -4.2735744   -1.5598712  952.8497  953.6273
2021 04 16 07 48 00    -4.2650019   -1.5556042  952.8500  953.6323
2021 04 16 07 49 00    -4.2562909   -1.5512585  952.8510  953.6566
2021 04 16 07 50 00    -4.2475168   -1.5468988  952.8522  953.6673
2021 04 16 07 51 00    -4.2386342   -1.5424701  952.8540  953.6562
2021 04 16 07 52 00    -4.2295728   -1.5378713  952.8576  953.6480
2021 04 16 07 53 00    -4.2205313   -1.5332412  952.8627  953.6636
2021 04 16 07 54 00    -4.2116518   -1.5287719  952.8681  953.6912
2021 04 16 07 55 00    -4.2027150   -1.5243639  952.8726  953.6974
2021 04 16 07 56 00    -4.1935110   -1.5198113  952.8763  953.6685
2021 04 16 07 57 00    -4.1842283   -1.5151910  952.8798  953.6387
2021 04 16 07 58 00    -4.1751177   -1.5106593  952.8837  953.6480
2021 04 16 07 59 00    -4.1659131   -1.5060664  952.8878  953.6794
2021 04 16 08 00 00    -4.1563128   -1.5012567  952.8912  953.6904
2021 04 16 08 01 00    -4.1465536   -1.4963860  952.8940  953.6750
2021 04 16 08 02 00    -4.1368782   -1.4915657  952.8969  953.6564
2021 04 16 08 03 00    -4.1272667   -1.4866743  952.9000  953.6549
2021 04 16 08 04 00    -4.1177081   -1.4817020  952.9030  953.6697
2021 04 16 08 05 00    -4.1081673   -1.4768077  952.9054  953.6724
2021 04 16 08 06 00    -4.0985207   -1.4719976  952.9076  953.6434
2021 04 16 08 07 00    -4.0887033   -1.4671801  952.9093  953.6077
2021 04 16 08 08 00    -4.0788032   -1.4623755  952.9104  953.5935
2021 04 16 08 09 00    -4.0688635   -1.4575255  952.9107  953.5908
2021 04 16 08 10 00    -4.0588060   -1.4524776  952.9103  953.5908
2021 04 16 08 11 00    -4.0487146   -1.4472906  952.9101  953.6011
2021 04 16 08 12 00    -4.0387380   -1.4421661  952.9106  953.6150
2021 04 16 08 13 00    -4.0287550   -1.4371436  952.9116  953.6281
2021 04 16 08 14 00    -4.0185825   -1.4321219  952.9132  953.6485
2021 04 16 08 15 00    -4.0081604   -1.4270081  952.9157  953.6632
2021 04 16 08 16 00    -3.9974831   -1.4217386  952.9183  953.6593
2021 04 16 08 17 00    -3.9868045   -1.4164126  952.9202  953.6578
2021 04 16 08 18 00    -3.9763874   -1.4112090  952.9218  953.6706
2021 04 16 08 19 00    -3.9659678   -1.4060289  952.9237  953.6861
2021 04 16 08 20 00    -3.9552619   -1.4006808  952.9263  953.7070
2021 04 16 08 21 00    -3.9444300   -1.3952095  952.9293  953.7294
2021 04 16 08 22 00    -3.9335591   -1.3897316  952.9320  953.7306
2021 04 16 08 23 00    -3.9225897   -1.3842635  952.9339  953.7174
2021 04 16 08 24 00    -3.9116310   -1.3788048  952.9355  953.7170
2021 04 16 08 25 00    -3.9007580   -1.3734262  952.9380  953.7276
2021 04 16 08 26 00    -3.8898946   -1.3680563  952.9407  953.7300
2021 04 16 08 27 00    -3.8789781   -1.3625237  952.9422  953.7270
2021 04 16 08 28 00    -3.8679449   -1.3569390  952.9431  953.7336
2021 04 16 08 29 00    -3.8567471   -1.3514008  952.9446  953.7370
2021 04 16 08 30 00    -3.8454945   -1.3457543  952.9467  953.7218
2021 04 16 08 31 00    -3.8343004   -1.3400163  952.9487  953.7109
2021 04 16 08 32 00    -3.8230231   -1.3343320  952.9502  953.7263
2021 04 16 08 33 00    -3.8115358   -1.3286593  952.9516  953.7512
2021 04 16 08 34 00    -3.8000289   -1.3229097  952.9535  953.7588
2021 04 16 08 35 00    -3.7886731   -1.3171525  952.9552  953.7396
2021 04 16 08 36 00    -3.7773474   -1.3115099  952.9562  953.7085
2021 04 16 08 37 00    -3.7659076   -1.3058775  952.9563  953.6891
2021 04 16 08 38 00    -3.7543634   -1.3000918  952.9564  953.6878
2021 04 16 08 39 00    -3.7427661   -1.2942883  952.9569  953.6968
2021 04 16 08 40 00    -3.7311864   -1.2885588  952.9578  953.7060
2021 04 16 08 41 00    -3.7196282   -1.2827080  952.9585  953.7057
2021 04 16 08 42 00    -3.7079185   -1.2767234  952.9589  953.6937
2021 04 16 08 43 00    -3.6960450   -1.2708465  952.9592  953.6775
2021 04 16 08 44 00    -3.6842149   -1.2650506  952.9591  953.6694
2021 04 16 08 45 00    -3.6723518   -1.2590560  952.9589  953.6774
2021 04 16 08 46 00    -3.6602808   -1.2528793  952.9587  953.6920
2021 04 16 08 47 00    -3.6481497   -1.2467295  952.9585  953.6920
2021 04 16 08 48 00    -3.6361440   -1.2406673  952.9575  953.6752
2021 04 16 08 49 00    -3.6242405   -1.2347368  952.9561  953.6692
2021 04 16 08 50 00    -3.6121855   -1.2287820  952.9561  953.6863
2021 04 16 08 51 00    -3.5998197   -1.2225613  952.9573  953.7047
2021 04 16 08 52 00    -3.5874524   -1.2162919  952.9584  953.7159
2021 04 16 08 53 00    -3.5752752   -1.2102385  952.9592  953.7277
2021 04 16 08 54 00    -3.5630211   -1.2042131  952.9605  953.7334
2021 04 16 08 55 00    -3.5505621   -1.1979620  952.9622  953.7401
2021 04 16 08 56 00    -3.5379801   -1.1915773  952.9641  953.7686
2021 04 16 08 57 00    -3.5253307   -1.1852898  952.9660  953.7912
2021 04 16 08 58 00    -3.5127269   -1.1790724  952.9675  953.7744
2021 04 16 08 59 00    -3.5002630   -1.1728422  952.9685  953.7640
2021 04 16 09 00 00    -3.4878415   -1.1666059  952.9695  953.7976
2021 04 16 09 01 00    -3.4752302   -1.1602254  952.9714  953.8246
2021 04 16 09 02 00    -3.4624948   -1.1537484  952.9737  953.7930
2021 04 16 09 03 00    -3.4499677   -1.1474476  952.9749  953.7202
2021 04 16 09 04 00    -3.4375070   -1.1412215  952.9745  953.6724
2021 04 16 09 05 00    -3.4247084   -1.1348456  952.9740  953.6959
2021 04 16 09 06 00    -3.4117376   -1.1284173  952.9748  953.7561
2021 04 16 09 07 00    -3.3989451   -1.1220284  952.9763  953.7835
2021 04 16 09 08 00    -3.3861921   -1.1155943  952.9775  953.7764
2021 04 16 09 09 00    -3.3732717   -1.1090578  952.9786  953.7897
2021 04 16 09 10 00    -3.3603514   -1.1025091  952.9800  953.8238
2021 04 16 09 11 00    -3.3475383   -1.0960925  952.9817  953.8186
2021 04 16 09 12 00    -3.3346449   -1.0898097  952.9837  953.7692
2021 04 16 09 13 00    -3.3216383   -1.0834856  952.9851  953.7406
2021 04 16 09 14 00    -3.3086225   -1.0769238  952.9862  953.7532
2021 04 16 09 15 00    -3.2955478   -1.0702238  952.9877  953.7720
2021 04 16 09 16 00    -3.2824385   -1.0636765  952.9890  953.7820
2021 04 16 09 17 00    -3.2693385   -1.0571874  952.9893  953.7849
2021 04 16 09 18 00    -3.2561927   -1.0505456  952.9891  953.7776
2021 04 16 09 19 00    -3.2430803   -1.0439206  952.9895  953.7679
2021 04 16 09 20 00    -3.2299739   -1.0373609  952.9905  953.7744
2021 04 16 09 21 00    -3.2166832   -1.0306875  952.9914  953.7888
2021 04 16 09 22 00    -3.2033460   -1.0240278  952.9922  953.7850
2021 04 16 09 23 00    -3.1902127   -1.0175623  952.9934  953.7867
2021 04 16 09 24 00    -3.1771265   -1.0110678  952.9946  953.8274
2021 04 16 09 25 00    -3.1637856   -1.0042759  952.9958  953.8615
2021 04 16 09 26 00    -3.1502790   -0.9974026  952.9975  953.8400
2021 04 16 09 27 00    -3.1369640   -0.9908118  952.9993  953.7894
2021 04 16 09 28 00    -3.1238290   -0.9843576  953.0000  953.7476
2021 04 16 09 29 00    -3.1105434   -0.9776930  952.9992  953.7286
2021 04 16 09 30 00    -3.0970674   -0.9708770  952.9982  953.7399
2021 04 16 09 31 00    -3.0835663   -0.9641188  952.9981  953.7558
2021 04 16 09 32 00    -3.0700370   -0.9573886  952.9980  953.7363
2021 04 16 09 33 00    -3.0564694   -0.9506174  952.9973  953.6969
2021 04 16 09 34 00    -3.0429728   -0.9438344  952.9963  953.6879
2021 04 16 09 35 00    -3.0295268   -0.9370168  952.9951  953.7138
2021 04 16 09 36 00    -3.0160058   -0.9301636  952.9941  953.7369
2021 04 16 09 37 00    -3.0024646   -0.9234057  952.9937  953.7469
2021 04 16 09 38 00    -2.9890059   -0.9167824  952.9933  953.7632
2021 04 16 09 39 00    -2.9755026   -0.9101207  952.9927  953.7752
2021 04 16 09 40 00    -2.9618217   -0.9032942  952.9926  953.7500
2021 04 16 09 41 00    -2.9480991   -0.8963734  952.9930  953.7097
2021 04 16 09 42 00    -2.9344846   -0.8894653  952.9935  953.7117
2021 04 16 09 43 00    -2.9208563   -0.8825451  952.9947  953.7426
2021 04 16 09 44 00    -2.9070869   -0.8755824  952.9956  953.7438
2021 04 16 09 45 00    -2.8933660   -0.8687572  952.9954  953.7166
2021 04 16 09 46 00    -2.8798336   -0.8621258  952.9941  953.6915
2021 04 16 09 47 00    -2.8662402   -0.8553837  952.9921  953.6775
2021 04 16 09 48 00    -2.8524751   -0.8484256  952.9900  953.6848
2021 04 16 09 49 00    -2.8387691   -0.8414919  952.9891  953.7011
2021 04 16 09 50 00    -2.8251681   -0.8346671  952.9886  953.6981
2021 04 16 09 51 00    -2.8115460   -0.8278790  952.9876  953.6937
2021 04 16 09 52 00    -2.7978299   -0.8210846  952.9867  953.7038
2021 04 16 09 53 00    -2.7839762   -0.8141919  952.9867  953.7005
2021 04 16 09 54 00    -2.7701694   -0.8072368  952.9869  953.6844
2021 04 16 09 55 00    -2.7565934   -0.8003766  952.9865  953.6880
2021 04 16 09 56 00    -2.7429987   -0.7935248  952.9859  953.7133
2021 04 16 09 57 00    -2.7291378   -0.7865220  952.9866  953.7341
2021 04 16 09 58 00    -2.7151772   -0.7794837  952.9883  953.7317
2021 04 16 09 59 00    -2.7013498   -0.7725829  952.9892  953.7070
2021 04 16 10 00 00    -2.6876299   -0.7657497  952.9885  953.6762
2021 04 16 10 01 00    -2.6739070   -0.7588713  952.9868  953.6600
2021 04 16 10 02 00    -2.6601963   -0.7520366  952.9859  953.6653
2021 04 16 10 03 00    -2.6465183   -0.7452506  952.9853  953.6780
2021 04 16 10 04 00    -2.6327947   -0.7383282  952.9844  953.6830
2021 04 16 10 05 00    -2.6189112   -0.7312520  952.9836  953.6818
2021 04 16 10 06 00    -2.6049550   -0.7242360  952.9838  953.6822
2021 04 16 10 07 00    -2.5912204   -0.7174437  952.9840  953.6843
2021 04 16 10 08 00    -2.5776847   -0.7107923  952.9828  953.6819
2021 04 16 10 09 00    -2.5640880   -0.7040718  952.9812  953.6770
2021 04 16 10 10 00    -2.5504128   -0.6971840  952.9807  953.6801
2021 04 16 10 11 00    -2.5366923   -0.6902473  952.9811  953.6813
2021 04 16 10 12 00    -2.5229603   -0.6834406  952.9808  953.6619
2021 04 16 10 13 00    -2.5093339   -0.6766802  952.9792  953.6353
2021 04 16 10 14 00    -2.4957517   -0.6698397  952.9768  953.6190
2021 04 16 10 15 00    -2.4820739   -0.6630294  952.9742  953.6038
2021 04 16 10 16 00    -2.4682925   -0.6562141  952.9716  953.5953
2021 04 16 10 17 00    -2.4544687   -0.6492599  952.9694  953.6116
2021 04 16 10 18 00    -2.4406713   -0.6422184  952.9682  953.6381
2021 04 16 10 19 00    -2.4269291   -0.6351504  952.9681  953.6547
2021 04 16 10 20 00    -2.4132840   -0.6281875  952.9686  953.6630
2021 04 16 10 21 00    -2.3997081   -0.6213548  952.9689  953.6683
2021 04 16 10 22 00    -2.3860443   -0.6143952  952.9692  953.6733
2021 04 16 10 23 00    -2.3723181   -0.6073993  952.9701  953.6762
2021 04 16 10 24 00    -2.3586903   -0.6006934  952.9710  953.6712
2021 04 16 10 25 00    -2.3451334   -0.5941301  952.9710  953.6647
2021 04 16 10 26 00    -2.3315748   -0.5874681  952.9707  953.6649
2021 04 16 10 27 00    -2.3180951   -0.5808110  952.9707  953.6583
2021 04 16 10 28 00    -2.3047274   -0.5742373  952.9707  953.6348
2021 04 16 10 29 00    -2.2912802   -0.5676309  952.9697  953.6119
2021 04 16 10 30 00    -2.2777749   -0.5609124  952.9675  953.5982
2021 04 16 10 31 00    -2.2644861   -0.5540802  952.9651  953.5775
2021 04 16 10 32 00    -2.2512332   -0.5472056  952.9637  953.5557
2021 04 16 10 33 00    -2.2377394   -0.5404518  952.9630  953.5595
2021 04 16 10 34 00    -2.2242623   -0.5338249  952.9617  953.5793
2021 04 16 10 35 00    -2.2109922   -0.5271589  952.9600  953.5814
2021 04 16 10 36 00    -2.1977383   -0.5204128  952.9579  953.5650
2021 04 16 10 37 00    -2.1843699   -0.5136347  952.9553  953.5501
2021 04 16 10 38 00    -2.1709368   -0.5068562  952.9529  953.5413
2021 04 16 10 39 00    -2.1575457   -0.5001672  952.9510  953.5381
2021 04 16 10 40 00    -2.1442954   -0.4936021  952.9493  953.5400
2021 04 16 10 41 00    -2.1311689   -0.4870486  952.9471  953.5406
2021 04 16 10 42 00    -2.1179728   -0.4803914  952.9447  953.5364
2021 04 16 10 43 00    -2.1046225   -0.4736285  952.9431  953.5273
2021 04 16 10 44 00    -2.0913882   -0.4669222  952.9420  953.5106
2021 04 16 10 45 00    -2.0784163   -0.4604589  952.9401  953.4916
2021 04 16 10 46 00    -2.0654957   -0.4541574  952.9374  953.4847
2021 04 16 10 47 00    -2.0524831   -0.4477286  952.9346  953.4906
2021 04 16 10 48 00    -2.0393082   -0.4410260  952.9325  953.4944
2021 04 16 10 49 00    -2.0260252   -0.4342550  952.9304  953.4884
2021 04 16 10 50 00    -2.0130106   -0.4277868  952.9281  953.4744
2021 04 16 10 51 00    -2.0003566   -0.4215522  952.9259  953.4556
2021 04 16 10 52 00    -1.9875853   -0.4150602  952.9239  953.4456
2021 04 16 10 53 00    -1.9744855   -0.4082637  952.9214  953.4532
2021 04 16 10 54 00    -1.9614039   -0.4015933  952.9179  953.4558
2021 04 16 10 55 00    -1.9486417   -0.3952820  952.9140  953.4360
2021 04 16 10 56 00    -1.9361028   -0.3891527  952.9107  953.4181
2021 04 16 10 57 00    -1.9233872   -0.3827831  952.9082  953.4207
2021 04 16 10 58 00    -1.9104586   -0.3761527  952.9059  953.4271
2021 04 16 10 59 00    -1.8977814   -0.3697289  952.9033  953.4207
2021 04 16 11 00 00    -1.8852780   -0.3635696  952.9012  953.4073
2021 04 16 11 01 00    -1.8725436   -0.3573961  952.8996  953.4038
2021 04 16 11 02 00    -1.8598922   -0.3512017  952.8975  953.4135
2021 04 16 11 03 00    -1.8475829   -0.3450223  952.8947  953.4101
2021 04 16 11 04 00    -1.8351819   -0.3388090  952.8913  953.3758
2021 04 16 11 05 00    -1.8225311   -0.3325895  952.8880  953.3488
2021 04 16 11 06 00    -1.8099747   -0.3263916  952.8854  953.3706
2021 04 16 11 07 00    -1.7976516   -0.3202274  952.8835  953.4098
2021 04 16 11 08 00    -1.7853710   -0.3140979  952.8816  953.4200
2021 04 16 11 09 00    -1.7729719   -0.3079251  952.8793  953.4116
2021 04 16 11 10 00    -1.7605493   -0.3016854  952.8766  953.4003
2021 04 16 11 11 00    -1.7483068   -0.2955258  952.8741  953.3845
2021 04 16 11 12 00    -1.7362692   -0.2895159  952.8722  953.3849
2021 04 16 11 13 00    -1.7242736   -0.2835279  952.8711  953.4140
2021 04 16 11 14 00    -1.7121895   -0.2774783  952.8704  953.4448
2021 04 16 11 15 00    -1.7000281   -0.2713693  952.8691  953.4494
2021 04 16 11 16 00    -1.6879320   -0.2652901  952.8673  953.4237
2021 04 16 11 17 00    -1.6760661   -0.2593839  952.8654  953.3841
2021 04 16 11 18 00    -1.6644012   -0.2535934  952.8630  953.3614
2021 04 16 11 19 00    -1.6528025   -0.2477948  952.8603  953.3741
2021 04 16 11 20 00    -1.6412021   -0.2419519  952.8579  953.4014
2021 04 16 11 21 00    -1.6295116   -0.2360254  952.8562  953.3994
2021 04 16 11 22 00    -1.6177161   -0.2300965  952.8546  953.3634
2021 04 16 11 23 00    -1.6059315   -0.2242831  952.8523  953.3422
2021 04 16 11 24 00    -1.5942906   -0.2185615  952.8504  953.3517
2021 04 16 11 25 00    -1.5829021   -0.2128755  952.8495  953.3444
2021 04 16 11 26 00    -1.5716731   -0.2071892  952.8482  953.3084
2021 04 16 11 27 00    -1.5603948   -0.2014777  952.8453  953.2926
2021 04 16 11 28 00    -1.5490651   -0.1957590  952.8413  953.3103
2021 04 16 11 29 00    -1.5377621   -0.1900827  952.8374  953.3172
2021 04 16 11 30 00    -1.5264862   -0.1844415  952.8336  953.2910
2021 04 16 11 31 00    -1.5153394   -0.1788222  952.8303  953.2584
2021 04 16 11 32 00    -1.5043909   -0.1732919  952.8276  953.2480
2021 04 16 11 33 00    -1.4934441   -0.1677800  952.8249  953.2599
2021 04 16 11 34 00    -1.4824372   -0.1622115  952.8222  953.2737
2021 04 16 11 35 00    -1.4715323   -0.1567593  952.8199  953.2718
2021 04 16 11 36 00    -1.4606918   -0.1514310  952.8174  953.2494
2021 04 16 11 37 00    -1.4498992   -0.1460360  952.8139  953.2181
2021 04 16 11 38 00    -1.4392478   -0.1406019  952.8098  953.2060
2021 04 16 11 39 00    -1.4285722   -0.1352159  952.8060  953.2235
2021 04 16 11 40 00    -1.4177800   -0.1298489  952.8029  953.2450
2021 04 16 11 41 00    -1.4070978   -0.1245529  952.8005  953.2489
2021 04 16 11 42 00    -1.3966037   -0.1194048  952.7979  953.2386
2021 04 16 11 43 00    -1.3861298   -0.1142453  952.7950  953.2215
2021 04 16 11 44 00    -1.3756261   -0.1088965  952.7918  953.2058
2021 04 16 11 45 00    -1.3652419   -0.1035470  952.7887  953.2154
2021 04 16 11 46 00    -1.3549916   -0.0984181  952.7863  953.2569
2021 04 16 11 47 00    -1.3447299   -0.0933833  952.7846  953.2866
2021 04 16 11 48 00    -1.3345496   -0.0883297  952.7832  953.2859
2021 04 16 11 49 00    -1.3245726   -0.0833290  952.7822  953.2924
2021 04 16 11 50 00    -1.3146220   -0.0783363  952.7814  953.3088
2021 04 16 11 51 00    -1.3046229   -0.0732779  952.7804  953.3049
2021 04 16 11 52 00    -1.2947930   -0.0683119  952.7786  953.2840
2021 04 16 11 53 00    -1.2852291   -0.0635741  952.7767  953.2624
2021 04 16 11 54 00    -1.2756670   -0.0588864  952.7750  953.2525
2021 04 16 11 55 00    -1.2659227   -0.0540793  952.7729  953.2605
2021 04 16 11 56 00    -1.2562161   -0.0492532  952.7710  953.2614
2021 04 16 11 57 00    -1.2467044   -0.0444948  952.7697  953.2376
2021 04 16 11 58 00    -1.2373131   -0.0397670  952.7682  953.2172
2021 04 16 11 59 00    -1.2280144   -0.0350348  952.7657  953.2258
2021 04 16 12 00 00    -1.2187952   -0.0302954  952.7631  953.2554
2021 04 16 12 01 00    -1.2096472   -0.0256755  952.7614  953.2788
2021 04 16 12 02 00    -1.2005306   -0.0212238  952.7599  953.2673
2021 04 16 12 03 00    -1.1913199   -0.0166846  952.7575  953.2381
2021 04 16 12 04 00    -1.1821065   -0.0120256  952.7543  953.2427
2021 04 16 12 05 00    -1.1731458   -0.0075604  952.7518  953.2649
2021 04 16 12 06 00    -1.1643632   -0.0032337  952.7507  953.2561
2021 04 16 12 07 00    -1.1554979    0.0012615  952.7500  953.2471
2021 04 16 12 08 00    -1.1465721    0.0058479  952.7488  953.2728
2021 04 16 12 09 00    -1.1376959    0.0103347  952.7472  953.2851
2021 04 16 12 10 00    -1.1288336    0.0147574  952.7461  953.2598
2021 04 16 12 11 00    -1.1200710    0.0191137  952.7461  953.2598
2021 04 16 12 12 00    -1.1115472    0.0233586  952.7470  953.3235
2021 04 16 12 13 00    -1.1031162    0.0276273  952.7482  953.4007
2021 04 16 12 14 00    -1.0946085    0.0320224  952.7495  953.4346
2021 04 16 12 15 00    -1.0861419    0.0363976  952.7516  953.4303
2021 04 16 12 16 00    -1.0778814    0.0405796  952.7539  953.4282
2021 04 16 12 17 00    -1.0698761    0.0444823  952.7561  953.4387
2021 04 16 12 18 00    -1.0619868    0.0482149  952.7579  953.4328
2021 04 16 12 19 00    -1.0539836    0.0521317  952.7591  953.4212
2021 04 16 12 20 00    -1.0459845    0.0562392  952.7600  953.4581
2021 04 16 12 21 00    -1.0382114    0.0601679  952.7620  953.5285
2021 04 16 12 22 00    -1.0305367    0.0639499  952.7658  953.5589
2021 04 16 12 23 00    -1.0228920    0.0678221  952.7700  953.5424
2021 04 16 12 24 00    -1.0154889    0.0716075  952.7731  953.5302
2021 04 16 12 25 00    -1.0083157    0.0751753  952.7751  953.5339
2021 04 16 12 26 00    -1.0010705    0.0787937  952.7769  953.5367
2021 04 16 12 27 00    -0.9937680    0.0824742  952.7790  953.5431
2021 04 16 12 28 00    -0.9866791    0.0859879  952.7809  953.5440
2021 04 16 12 29 00    -0.9797227    0.0894629  952.7826  953.5184
2021 04 16 12 30 00    -0.9727283    0.0929720  952.7843  953.4864
2021 04 16 12 31 00    -0.9658264    0.0963209  952.7862  953.4875
2021 04 16 12 32 00    -0.9591367    0.0995687  952.7881  953.5178
2021 04 16 12 33 00    -0.9527106    0.1028271  952.7897  953.5286
2021 04 16 12 34 00    -0.9465202    0.1059982  952.7911  953.4983
2021 04 16 12 35 00    -0.9402220    0.1091525  952.7921  953.4634
2021 04 16 12 36 00    -0.9336265    0.1124624  952.7926  953.4584
2021 04 16 12 37 00    -0.9271308    0.1157573  952.7931  953.4666
2021 04 16 12 38 00    -0.9210860    0.1187219  952.7931  953.4626
2021 04 16 12 39 00    -0.9152200    0.1214878  952.7927  953.4528
2021 04 16 12 40 00    -0.9091304    0.1244534  952.7926  953.4444
2021 04 16 12 41 00    -0.9029605    0.1275689  952.7928  953.4346
2021 04 16 12 42 00    -0.8970695    0.1305476  952.7922  953.4303
2021 04 16 12 43 00    -0.8913896    0.1334496  952.7904  953.4317
2021 04 16 12 44 00    -0.8857153    0.1363089  952.7883  953.4286
2021 04 16 12 45 00    -0.8801207    0.1389486  952.7868  953.4087
2021 04 16 12 46 00    -0.8746433    0.1415476  952.7857  953.3650
2021 04 16 12 47 00    -0.8691885    0.1444352  952.7850  953.3225
2021 04 16 12 48 00    -0.8637911    0.1474640  952.7841  953.3190
2021 04 16 12 49 00    -0.8585319    0.1502739  952.7821  953.3470
2021 04 16 12 50 00    -0.8533776    0.1528095  952.7794  953.3612
2021 04 16 12 51 00    -0.8482309    0.1552743  952.7775  953.3564
2021 04 16 12 52 00    -0.8431137    0.1577812  952.7764  953.3657
2021 04 16 12 53 00    -0.8382097    0.1602476  952.7751  953.3743
2021 04 16 12 54 00    -0.8335536    0.1626234  952.7739  953.3505
2021 04 16 12 55 00    -0.8288669    0.1649922  952.7735  953.3266
2021 04 16 12 56 00    -0.8240393    0.1673593  952.7726  953.3313
2021 04 16 12 57 00    -0.8193812    0.1695871  952.7705  953.3395
2021 04 16 12 58 00    -0.8150006    0.1717021  952.7682  953.3372
2021 04 16 12 59 00    -0.8106809    0.1738864  952.7669  953.3373
2021 04 16 13 00 00    -0.8063937    0.1760903  952.7660  953.3443
2021 04 16 13 01 00    -0.8021960    0.1781873  952.7645  953.3437
2021 04 16 13 02 00    -0.7980432    0.1803029  952.7628  953.3191
2021 04 16 13 03 00    -0.7939739    0.1824757  952.7612  953.2918
2021 04 16 13 04 00    -0.7900766    0.1844853  952.7598  953.3005
2021 04 16 13 05 00    -0.7863230    0.1863148  952.7585  953.3321
2021 04 16 13 06 00    -0.7826127    0.1881917  952.7569  953.3393
2021 04 16 13 07 00    -0.7789263    0.1901625  952.7554  953.3155
2021 04 16 13 08 00    -0.7753522    0.1920472  952.7539  953.2984
2021 04 16 13 09 00    -0.7719491    0.1937016  952.7522  953.3073
2021 04 16 13 10 00    -0.7686506    0.1952375  952.7504  953.3235
2021 04 16 13 11 00    -0.7653871    0.1968904  952.7482  953.3318
2021 04 16 13 12 00    -0.7622141    0.1985782  952.7454  953.3334
2021 04 16 13 13 00    -0.7591748    0.2000677  952.7431  953.3333
2021 04 16 13 14 00    -0.7561813    0.2014475  952.7421  953.3410
2021 04 16 13 15 00    -0.7532347    0.2028561  952.7415  953.3461
2021 04 16 13 16 00    -0.7504822    0.2042351  952.7403  953.3300
2021 04 16 13 17 00    -0.7478798    0.2055789  952.7391  953.3097
2021 04 16 13 18 00    -0.7453064    0.2068996  952.7379  953.2984
2021 04 16 13 19 00    -0.7428910    0.2081244  952.7363  953.2871
2021 04 16 13 20 00    -0.7406920    0.2092822  952.7346  953.2933
2021 04 16 13 21 00    -0.7385585    0.2104294  952.7336  953.3195
2021 04 16 13 22 00    -0.7364001    0.2114739  952.7330  953.3177
2021 04 16 13 23 00    -0.7341938    0.2124317  952.7321  953.2821
2021 04 16 13 24 00    -0.7320710    0.2134612  952.7310  953.2662
2021 04 16 13 25 00    -0.7302812    0.2144497  952.7303  953.2718
2021 04 16 13 26 00    -0.7287449    0.2152337  952.7299  953.2633
2021 04 16 13 27 00    -0.7271271    0.2160048  952.7287  953.2494
2021 04 16 13 28 00    -0.7254138    0.2168790  952.7267  953.2383
2021 04 16 13 29 00    -0.7238545    0.2176952  952.7244  953.2158
2021 04 16 13 30 00    -0.7225499    0.2183569  952.7218  953.1972
2021 04 16 13 31 00    -0.7214495    0.2188843  952.7189  953.1932
2021 04 16 13 32 00    -0.7203699    0.2194036  952.7157  953.1837
2021 04 16 13 33 00    -0.7191473    0.2200798  952.7119  953.1698
2021 04 16 13 34 00    -0.7179328    0.2208260  952.7082  953.1617
2021 04 16 13 35 00    -0.7169329    0.2213230  952.7053  953.1582
2021 04 16 13 36 00    -0.7161108    0.2215142  952.7021  953.1673
2021 04 16 13 37 00    -0.7154005    0.2217130  952.6989  953.1737
2021 04 16 13 38 00    -0.7149176    0.2220355  952.6964  953.1490
2021 04 16 13 39 00    -0.7146728    0.2223452  952.6943  953.1143
2021 04 16 13 40 00    -0.7143470    0.2226355  952.6915  953.1070
2021 04 16 13 41 00    -0.7138878    0.2228338  952.6880  953.1259
2021 04 16 13 42 00    -0.7136056    0.2228305  952.6843  953.1451
2021 04 16 13 43 00    -0.7134870    0.2228413  952.6807  953.1440
2021 04 16 13 44 00    -0.7133895    0.2230326  952.6773  953.1247
2021 04 16 13 45 00    -0.7133927    0.2231767  952.6747  953.0992
2021 04 16 13 46 00    -0.7134440    0.2231388  952.6725  953.0742
2021 04 16 13 47 00    -0.7133970    0.2231200  952.6694  953.0593
2021 04 16 13 48 00    -0.7134678    0.2230906  952.6655  953.0627
2021 04 16 13 49 00    -0.7139931    0.2227525  952.6622  953.0811
2021 04 16 13 50 00    -0.7147340    0.2222226  952.6596  953.0932
2021 04 16 13 51 00    -0.7152193    0.2218686  952.6572  953.0786
2021 04 16 13 52 00    -0.7156465    0.2217105  952.6543  953.0582
2021 04 16 13 53 00    -0.7164642    0.2214972  952.6505  953.0606
2021 04 16 13 54 00    -0.7175264    0.2210506  952.6465  953.0665
2021 04 16 13 55 00    -0.7184870    0.2205068  952.6434  953.0438
2021 04 16 13 56 00    -0.7193759    0.2201081  952.6407  953.0091
2021 04 16 13 57 00    -0.7204326    0.2196785  952.6378  953.0051
2021 04 16 13 58 00    -0.7218137    0.2188788  952.6350  953.0320
2021 04 16 13 59 00    -0.7234095    0.2179194  952.6321  953.0491
2021 04 16 14 00 00    -0.7249033    0.2172408  952.6292  953.0390
2021 04 16 14 01 00    -0.7262055    0.2167644  952.6270  953.0258
2021 04 16 14 02 00    -0.7275986    0.2161686  952.6250  953.0339
2021 04 16 14 03 00    -0.7292757    0.2153602  952.6221  953.0573
2021 04 16 14 04 00    -0.7311298    0.2143362  952.6194  953.0727
2021 04 16 14 05 00    -0.7330144    0.2131980  952.6176  953.0687
2021 04 16 14 06 00    -0.7348977    0.2121481  952.6159  953.0578
2021 04 16 14 07 00    -0.7369091    0.2111718  952.6136  953.0542
2021 04 16 14 08 00    -0.7391772    0.2101291  952.6114  953.0520
2021 04 16 14 09 00    -0.7415586    0.2090035  952.6093  953.0469
2021 04 16 14 10 00    -0.7438851    0.2078188  952.6066  953.0488
2021 04 16 14 11 00    -0.7462663    0.2065923  952.6036  953.0619
2021 04 16 14 12 00    -0.7488147    0.2053004  952.6014  953.0767
2021 04 16 14 13 00    -0.7514193    0.2039380  952.6007  953.0779
2021 04 16 14 14 00    -0.7540767    0.2026026  952.6005  953.0663
2021 04 16 14 15 00    -0.7570389    0.2012164  952.5995  953.0571
2021 04 16 14 16 00    -0.7602587    0.1996263  952.5976  953.0511
2021 04 16 14 17 00    -0.7632836    0.1980088  952.5955  953.0474
2021 04 16 14 18 00    -0.7660411    0.1965167  952.5938  953.0618
2021 04 16 14 19 00    -0.7690265    0.1949831  952.5924  953.0920
2021 04 16 14 20 00    -0.7724408    0.1933598  952.5914  953.1133
2021 04 16 14 21 00    -0.7759343    0.1917602  952.5906  953.1159
2021 04 16 14 22 00    -0.7793564    0.1900698  952.5899  953.1030
2021 04 16 14 23 00    -0.7828970    0.1881529  952.5893  953.0816
2021 04 16 14 24 00    -0.7865640    0.1862011  952.5885  953.0704
2021 04 16 14 25 00    -0.7902134    0.1844467  952.5874  953.0822
2021 04 16 14 26 00    -0.7939728    0.1827123  952.5861  953.1001
2021 04 16 14 27 00    -0.7980277    0.1806515  952.5849  953.0975
2021 04 16 14 28 00    -0.8021221    0.1784327  952.5838  953.0717
2021 04 16 14 29 00    -0.8060684    0.1764371  952.5825  953.0424
2021 04 16 14 30 00    -0.8102006    0.1745159  952.5806  953.0295
2021 04 16 14 31 00    -0.8146225    0.1724001  952.5782  953.0390
2021 04 16 14 32 00    -0.8190397    0.1701303  952.5765  953.0542
2021 04 16 14 33 00    -0.8234077    0.1678421  952.5754  953.0543
2021 04 16 14 34 00    -0.8279039    0.1656334  952.5741  953.0462
2021 04 16 14 35 00    -0.8326272    0.1633697  952.5722  953.0410
2021 04 16 14 36 00    -0.8374864    0.1608985  952.5706  953.0363
2021 04 16 14 37 00    -0.8423221    0.1583952  952.5697  953.0328
2021 04 16 14 38 00    -0.8472103    0.1559743  952.5689  953.0240
2021 04 16 14 39 00    -0.8522501    0.1535473  952.5671  953.0024
2021 04 16 14 40 00    -0.8573478    0.1510736  952.5638  952.9779
2021 04 16 14 41 00    -0.8625034    0.1484723  952.5600  952.9610
2021 04 16 14 42 00    -0.8677790    0.1457002  952.5578  952.9534
2021 04 16 14 43 00    -0.8730737    0.1428965  952.5554  952.9522
2021 04 16 14 44 00    -0.8783227    0.1402010  952.5464  952.9564
2021 04 16 14 45 00    -0.8837335    0.1375619  952.5442  952.9699
2021 04 16 14 46 00    -0.8894678    0.1347917  952.5789  952.9878
2021 04 16 14 47 00    -0.8952906    0.1318895  952.6432  953.0010
2021 04 16 14 48 00    -0.9010170    0.1290007  952.6899  953.0133
2021 04 16 14 49 00    -0.9067947    0.1260929  952.6865  953.0246
2021 04 16 14 50 00    -0.9126760    0.1230955  952.6408  953.0188
2021 04 16 14 51 00    -0.9185804    0.1200597  952.5903  952.9934
2021 04 16 14 52 00    -0.9245326    0.1170612  952.5648  952.9713
2021 04 16 14 53 00    -0.9306553    0.1140601  952.5578  952.9633
2021 04 16 14 54 00    -0.9370169    0.1109153  952.5517  952.9574
2021 04 16 14 55 00    -0.9434939    0.1076651  952.5436  952.9424
2021 04 16 14 56 00    -0.9500035    0.1043890  952.5365  952.9185
2021 04 16 14 57 00    -0.9565176    0.1010707  952.5302  952.9056
2021 04 16 14 58 00    -0.9629802    0.0978118  952.5243  952.9230
2021 04 16 14 59 00    -0.9695929    0.0945119  952.5189  952.9511
2021 04 16 15 00 00    -0.9764258    0.0910225  952.5139  952.9591
2021 04 16 15 01 00    -0.9832165    0.0876373  952.5090  952.9470
2021 04 16 15 02 00    -0.9899718    0.0844311  952.5041  952.9272
2021 04 16 15 03 00    -0.9968675    0.0810511  952.4993  952.9112
2021 04 16 15 04 00    -1.0039099    0.0774897  952.4947  952.9085
2021 04 16 15 05 00    -1.0110420    0.0739806  952.4904  952.9049
2021 04 16 15 06 00    -1.0182000    0.0704471  952.4863  952.8862
2021 04 16 15 07 00    -1.0253554    0.0667480  952.4823  952.8825
2021 04 16 15 08 00    -1.0325804    0.0629749  952.4782  952.9099
2021 04 16 15 09 00    -1.0399958    0.0592255  952.4743  952.9291
2021 04 16 15 10 00    -1.0476008    0.0554876  952.4703  952.9293
2021 04 16 15 11 00    -1.0552108    0.0517601  952.4663  952.9318
2021 04 16 15 12 00    -1.0626579    0.0480570  952.4624  952.9270
2021 04 16 15 13 00    -1.0700340    0.0443070  952.4590  952.9171
2021 04 16 15 14 00    -1.0775326    0.0404756  952.4558  952.9313
2021 04 16 15 15 00    -1.0851543    0.0366855  952.4526  952.9652
2021 04 16 15 16 00    -1.0929356    0.0328954  952.4494  952.9784
2021 04 16 15 17 00    -1.1010151    0.0288443  952.4459  952.9521
2021 04 16 15 18 00    -1.1091827    0.0246476  952.4414  952.9286
2021 04 16 15 19 00    -1.1171833    0.0206924  952.4363  952.9453
2021 04 16 15 20 00    -1.1252900    0.0167887  952.4315  952.9724
2021 04 16 15 21 00    -1.1336664    0.0125345  952.4269  952.9837
2021 04 16 15 22 00    -1.1420416    0.0081517  952.4220  952.9817
2021 04 16 15 23 00    -1.1504215    0.0039680  952.4171  952.9610
2021 04 16 15 24 00    -1.1589364   -0.0001226  952.4124  952.9370
2021 04 16 15 25 00    -1.1674297   -0.0043083  952.4075  952.9276
2021 04 16 15 26 00    -1.1758855   -0.0086126  952.4026  952.9237
2021 04 16 15 27 00    -1.1844346   -0.0129589  952.3979  952.9257
2021 04 16 15 28 00    -1.1931053   -0.0173014  952.3933  952.9298
2021 04 16 15 29 00    -1.2019934   -0.0217221  952.3884  952.9210
2021 04 16 15 30 00    -1.2110175   -0.0262423  952.3836  952.9082
2021 04 16 15 31 00    -1.2198184   -0.0306968  952.3791  952.9097
2021 04 16 15 32 00    -1.2285140   -0.0350932  952.3749  952.9324
2021 04 16 15 33 00    -1.2375845   -0.0396700  952.3709  952.9707
2021 04 16 15 34 00    -1.2468353   -0.0443958  952.3669  952.9985
2021 04 16 15 35 00    -1.2558267   -0.0490271  952.3626  952.9872
2021 04 16 15 36 00    -1.2648807   -0.0535235  952.3582  952.9415
2021 04 16 15 37 00    -1.2743028   -0.0579640  952.3540  952.9037
2021 04 16 15 38 00    -1.2837345   -0.0624422  952.3497  952.9053
2021 04 16 15 39 00    -1.2930673   -0.0670579  952.3454  952.9219
2021 04 16 15 40 00    -1.3025001   -0.0717908  952.3412  952.9171
2021 04 16 15 41 00    -1.3119366   -0.0765613  952.3373  952.8998
2021 04 16 15 42 00    -1.3213859   -0.0813652  952.3335  952.8974
2021 04 16 15 43 00    -1.3310366   -0.0862555  952.3297  952.9160
2021 04 16 15 44 00    -1.3407445   -0.0911634  952.3258  952.9338
2021 04 16 15 45 00    -1.3503371   -0.0959290  952.3219  952.9293
2021 04 16 15 46 00    -1.3600762   -0.1006878  952.3183  952.9152
2021 04 16 15 47 00    -1.3700631   -0.1056490  952.3150  952.9108
2021 04 16 15 48 00    -1.3799234   -0.1106753  952.3116  952.9142
2021 04 16 15 49 00    -1.3896258   -0.1156405  952.3082  952.9241
2021 04 16 15 50 00    -1.3995080   -0.1205563  952.3051  952.9337
2021 04 16 15 51 00    -1.4094987   -0.1254209  952.3022  952.9267
2021 04 16 15 52 00    -1.4194214   -0.1303482  952.2996  952.9118
2021 04 16 15 53 00    -1.4295391   -0.1354743  952.2968  952.9101
2021 04 16 15 54 00    -1.4399172   -0.1407749  952.2939  952.9158
2021 04 16 15 55 00    -1.4501544   -0.1460424  952.2912  952.9166
2021 04 16 15 56 00    -1.4602896   -0.1511392  952.2887  952.9200
2021 04 16 15 57 00    -1.4707317   -0.1562733  952.2861  952.9317
2021 04 16 15 58 00    -1.4813428   -0.1615979  952.2835  952.9459
2021 04 16 15 59 00    -1.4917300   -0.1669213  952.2812  952.9552
2021 04 16 16 00 00    -1.5020134   -0.1721672  952.2791  952.9551
2021 04 16 16 01 00    -1.5125271   -0.1774175  952.2770  952.9513
2021 04 16 16 02 00    -1.5231590   -0.1826564  952.2752  952.9515
2021 04 16 16 03 00    -1.5336823   -0.1879765  952.2736  952.9539
2021 04 16 16 04 00    -1.5442197   -0.1934136  952.2720  952.9596
2021 04 16 16 05 00    -1.5548420   -0.1987576  952.2706  952.9741
2021 04 16 16 06 00    -1.5654536   -0.2039936  952.2692  952.9924
2021 04 16 16 07 00    -1.5761229   -0.2093184  952.2677  953.0049
2021 04 16 16 08 00    -1.5869344   -0.2147359  952.2664  953.0102
2021 04 16 16 09 00    -1.5978300   -0.2201412  952.2655  953.0137
2021 04 16 16 10 00    -1.6087860   -0.2256009  952.2648  953.0156
2021 04 16 16 11 00    -1.6197230   -0.2310985  952.2639  953.0135
2021 04 16 16 12 00    -1.6305331   -0.2364197  952.2629  953.0133
2021 04 16 16 13 00    -1.6414325   -0.2417499  952.2619  953.0187
2021 04 16 16 14 00    -1.6525960   -0.2474257  952.2607  953.0230
2021 04 16 16 15 00    -1.6637867   -0.2531408  952.2590  953.0275
2021 04 16 16 16 00    -1.6749224   -0.2585827  952.2576  953.0354
2021 04 16 16 17 00    -1.6861804   -0.2640770  952.2565  953.0347
2021 04 16 16 18 00    -1.6974956   -0.2698463  952.2557  953.0215
2021 04 16 16 19 00    -1.7086561   -0.2755948  952.2550  953.0117
2021 04 16 16 20 00    -1.7197304   -0.2811589  952.2542  953.0091
2021 04 16 16 21 00    -1.7310440   -0.2867855  952.2532  953.0018
2021 04 16 16 22 00    -1.7426544   -0.2925409  952.2520  952.9928
2021 04 16 16 23 00    -1.7542792   -0.2982423  952.2506  952.9939
2021 04 16 16 24 00    -1.7658491   -0.3039705  952.2493  953.0035
2021 04 16 16 25 00    -1.7774341   -0.3098440  952.2482  953.0115
2021 04 16 16 26 00    -1.7889159   -0.3156698  952.2473  953.0138
2021 04 16 16 27 00    -1.8002479   -0.3212533  952.2467  953.0097
2021 04 16 16 28 00    -1.8116099   -0.3267585  952.2461  953.0009
2021 04 16 16 29 00    -1.8231675   -0.3325571  952.2454  952.9952
2021 04 16 16 30 00    -1.8348381   -0.3386088  952.2444  952.9978
2021 04 16 16 31 00    -1.8464616   -0.3445154  952.2433  953.0081
2021 04 16 16 32 00    -1.8580508   -0.3502482  952.2426  953.0246
2021 04 16 16 33 00    -1.8697067   -0.3560927  952.2422  953.0389
2021 04 16 16 34 00    -1.8815233   -0.3620815  952.2417  953.0393
2021 04 16 16 35 00    -1.8933471   -0.3679544  952.2408  953.0296
2021 04 16 16 36 00    -1.9049443   -0.3736536  952.2399  953.0257
2021 04 16 16 37 00    -1.9165699   -0.3794513  952.2393  953.0343
2021 04 16 16 38 00    -1.9284610   -0.3854214  952.2393  953.0508
2021 04 16 16 39 00    -1.9403559   -0.3913924  952.2394  953.0690
2021 04 16 16 40 00    -1.9521255   -0.3973213  952.2394  953.0793
2021 04 16 16 41 00    -1.9639322   -0.4032609  952.2391  953.0712
2021 04 16 16 42 00    -1.9758660   -0.4092841  952.2389  953.0541
2021 04 16 16 43 00    -1.9879748   -0.4154099  952.2388  953.0506
2021 04 16 16 44 00    -2.0001688   -0.4214702  952.2387  953.0606
2021 04 16 16 45 00    -2.0121733   -0.4273954  952.2384  953.0648
2021 04 16 16 46 00    -2.0240404   -0.4333637  952.2381  953.0601
2021 04 16 16 47 00    -2.0361066   -0.4394333  952.2376  953.0548
2021 04 16 16 48 00    -2.0482808   -0.4455072  952.2372  953.0503
2021 04 16 16 49 00    -2.0602436   -0.4515196  952.2369  953.0473
2021 04 16 16 50 00    -2.0720973   -0.4574359  952.2368  953.0521
2021 04 16 16 51 00    -2.0840764   -0.4633702  952.2369  953.0653
2021 04 16 16 52 00    -2.0961346   -0.4694563  952.2370  953.0769
2021 04 16 16 53 00    -2.1081848   -0.4755887  952.2371  953.0786
2021 04 16 16 54 00    -2.1202732   -0.4816436  952.2371  953.0760
2021 04 16 16 55 00    -2.1324194   -0.4876146  952.2370  953.0812
2021 04 16 16 56 00    -2.1445874   -0.4935500  952.2371  953.0943
2021 04 16 16 57 00    -2.1567984   -0.4996143  952.2373  953.1022
2021 04 16 16 58 00    -2.1690608   -0.5058560  952.2375  953.0995
2021 04 16 16 59 00    -2.1812715   -0.5120752  952.2376  953.0919
2021 04 16 17 00 00    -2.1934189   -0.5181981  952.2375  953.0855
2021 04 16 17 01 00    -2.2056789   -0.5243879  952.2375  953.0831
2021 04 16 17 02 00    -2.2180857   -0.5306989  952.2377  953.0838
2021 04 16 17 03 00    -2.2304297   -0.5369052  952.2380  953.0870
2021 04 16 17 04 00    -2.2425757   -0.5428527  952.2383  953.0939
2021 04 16 17 05 00    -2.2546340   -0.5487615  952.2388  953.1011
2021 04 16 17 06 00    -2.2668395   -0.5548450  952.2396  953.1047
2021 04 16 17 07 00    -2.2792468   -0.5610670  952.2402  953.1114
2021 04 16 17 08 00    -2.2915935   -0.5673507  952.2408  953.1252
2021 04 16 17 09 00    -2.3036588   -0.5734967  952.2417  953.1386
2021 04 16 17 10 00    -2.3155618   -0.5793468  952.2427  953.1484
2021 04 16 17 11 00    -2.3275881   -0.5852324  952.2438  953.1607
2021 04 16 17 12 00    -2.3398510   -0.5914850  952.2448  953.1795
2021 04 16 17 13 00    -2.3521866   -0.5978482  952.2459  953.2015
2021 04 16 17 14 00    -2.3643977   -0.6040139  952.2470  953.2175
2021 04 16 17 15 00    -2.3765161   -0.6100167  952.2480  953.2225
2021 04 16 17 16 00    -2.3887383   -0.6159655  952.2495  953.2236
2021 04 16 17 17 00    -2.4010180   -0.6219571  952.2513  953.2301
2021 04 16 17 18 00    -2.4131537   -0.6280648  952.2530  953.2386
2021 04 16 17 19 00    -2.4253406   -0.6342905  952.2541  953.2374
2021 04 16 17 20 00    -2.4377366   -0.6405259  952.2550  953.2265
2021 04 16 17 21 00    -2.4500584   -0.6466354  952.2560  953.2214
2021 04 16 17 22 00    -2.4622431   -0.6526892  952.2570  953.2306
2021 04 16 17 23 00    -2.4744615   -0.6588211  952.2581  953.2372
2021 04 16 17 24 00    -2.4867086   -0.6649969  952.2592  953.2253
2021 04 16 17 25 00    -2.4989405   -0.6711034  952.2604  953.2110
2021 04 16 17 26 00    -2.5111664   -0.6771339  952.2617  953.2145
2021 04 16 17 27 00    -2.5234833   -0.6832546  952.2628  953.2277
2021 04 16 17 28 00    -2.5358722   -0.6895112  952.2638  953.2375
2021 04 16 17 29 00    -2.5481197   -0.6957162  952.2649  953.2381
2021 04 16 17 30 00    -2.5602977   -0.7018211  952.2661  953.2272
2021 04 16 17 31 00    -2.5725875   -0.7079513  952.2673  953.2157
2021 04 16 17 32 00    -2.5848745   -0.7141208  952.2687  953.2197
2021 04 16 17 33 00    -2.5971027   -0.7202544  952.2701  953.2348
2021 04 16 17 34 00    -2.6093386   -0.7263670  952.2714  953.2394
2021 04 16 17 35 00    -2.6215279   -0.7325052  952.2722  953.2265
2021 04 16 17 36 00    -2.6336427   -0.7386256  952.2728  953.2143
2021 04 16 17 37 00    -2.6457795   -0.7447428  952.2736  953.2166
2021 04 16 17 38 00    -2.6580160   -0.7509097  952.2746  953.2238
2021 04 16 17 39 00    -2.6703011   -0.7570235  952.2755  953.2235
2021 04 16 17 40 00    -2.6824864   -0.7630335  952.2763  953.2179
2021 04 16 17 41 00    -2.6945309   -0.7690522  952.2770  953.2153
2021 04 16 17 42 00    -2.7065897   -0.7751399  952.2779  953.2172
2021 04 16 17 43 00    -2.7186950   -0.7812803  952.2789  953.2195
2021 04 16 17 44 00    -2.7307196   -0.7874325  952.2801  953.2214
2021 04 16 17 45 00    -2.7426753   -0.7934829  952.2811  953.2263
2021 04 16 17 46 00    -2.7545730   -0.7993075  952.2819  953.2325
2021 04 16 17 47 00    -2.7664091   -0.8050127  952.2826  953.2315
2021 04 16 17 48 00    -2.7782972   -0.8108767  952.2834  953.2235
2021 04 16 17 49 00    -2.7902810   -0.8169267  952.2844  953.2190
2021 04 16 17 50 00    -2.8022822   -0.8229691  952.2856  953.2233
2021 04 16 17 51 00    -2.8142124   -0.8289612  952.2872  953.2334
2021 04 16 17 52 00    -2.8260892   -0.8349397  952.2888  953.2460
2021 04 16 17 53 00    -2.8380024   -0.8408610  952.2901  953.2566
2021 04 16 17 54 00    -2.8499139   -0.8467733  952.2911  953.2568
2021 04 16 17 55 00    -2.8616732   -0.8527406  952.2917  953.2474
2021 04 16 17 56 00    -2.8734186   -0.8587286  952.2923  953.2424
2021 04 16 17 57 00    -2.8854063   -0.8647632  952.2932  953.2467
2021 04 16 17 58 00    -2.8973176   -0.8707475  952.2946  953.2512
2021 04 16 17 59 00    -2.9089340   -0.8765524  952.2961  953.2538
2021 04 16 18 00 00    -2.9206997   -0.8824138  952.2975  953.2608
2021 04 16 18 01 00    -2.9326136   -0.8884084  952.2989  953.2715
2021 04 16 18 02 00    -2.9441789   -0.8941608  952.3003  953.2833
2021 04 16 18 03 00    -2.9555047   -0.8997086  952.3015  953.2960
2021 04 16 18 04 00    -2.9670104   -0.9054696  952.3027  953.3038
2021 04 16 18 05 00    -2.9786139   -0.9113312  952.3042  953.3042
2021 04 16 18 06 00    -2.9901612   -0.9170502  952.3057  953.3065
2021 04 16 18 07 00    -3.0017348   -0.9228198  952.3071  953.3165
2021 04 16 18 08 00    -3.0131956   -0.9286957  952.3086  953.3256
2021 04 16 18 09 00    -3.0244793   -0.9344902  952.3100  953.3252
2021 04 16 18 10 00    -3.0359207   -0.9402009  952.3116  953.3210
2021 04 16 18 11 00    -3.0475278   -0.9458475  952.3133  953.3244
2021 04 16 18 12 00    -3.0588655   -0.9513461  952.3149  953.3320
2021 04 16 18 13 00    -3.0700099   -0.9568593  952.3162  953.3337
2021 04 16 18 14 00    -3.0814200   -0.9626327  952.3174  953.3345
2021 04 16 18 15 00    -3.0929706   -0.9685181  952.3190  953.3424
2021 04 16 18 16 00    -3.1042882   -0.9743015  952.3210  953.3491
2021 04 16 18 17 00    -3.1154632   -0.9800046  952.3230  953.3446
2021 04 16 18 18 00    -3.1267175   -0.9856147  952.3245  953.3335
2021 04 16 18 19 00    -3.1379495   -0.9911021  952.3256  953.3252
2021 04 16 18 20 00    -3.1489702   -0.9965242  952.3266  953.3225
2021 04 16 18 21 00    -3.1599053   -1.0019855  952.3277  953.3247
2021 04 16 18 22 00    -3.1709708   -1.0076127  952.3291  953.3318
2021 04 16 18 23 00    -3.1821431   -1.0133572  952.3304  953.3410
2021 04 16 18 24 00    -3.1932701   -1.0189799  952.3316  953.3443
2021 04 16 18 25 00    -3.2042175   -1.0243699  952.3328  953.3397
2021 04 16 18 26 00    -3.2150422   -1.0296823  952.3340  953.3363
2021 04 16 18 27 00    -3.2258323   -1.0350681  952.3353  953.3391
2021 04 16 18 28 00    -3.2364401   -1.0404750  952.3366  953.3462
2021 04 16 18 29 00    -3.2469935   -1.0458755  952.3386  953.3559
2021 04 16 18 30 00    -3.2578442   -1.0513228  952.3410  953.3668
2021 04 16 18 31 00    -3.2687631   -1.0567400  952.3429  953.3808
2021 04 16 18 32 00    -3.2794330   -1.0620483  952.3442  953.3998
2021 04 16 18 33 00    -3.2900176   -1.0672886  952.3454  953.4148
2021 04 16 18 34 00    -3.3005701   -1.0724585  952.3469  953.4163
2021 04 16 18 35 00    -3.3110326   -1.0775832  952.3487  953.4125
2021 04 16 18 36 00    -3.3215220   -1.0828289  952.3506  953.4142
2021 04 16 18 37 00    -3.3319912   -1.0882404  952.3521  953.4154
2021 04 16 18 38 00    -3.3423116   -1.0936051  952.3535  953.4121
2021 04 16 18 39 00    -3.3526228   -1.0987737  952.3554  953.4149
2021 04 16 18 40 00    -3.3630442   -1.1038740  952.3577  953.4269
2021 04 16 18 41 00    -3.3733987   -1.1090352  952.3599  953.4396
2021 04 16 18 42 00    -3.3835472   -1.1141647  952.3615  953.4508
2021 04 16 18 43 00    -3.3936333   -1.1192008  952.3633  953.4647
2021 04 16 18 44 00    -3.4038224   -1.1242470  952.3656  953.4794
2021 04 16 18 45 00    -3.4140390   -1.1293679  952.3679  953.4890
2021 04 16 18 46 00    -3.4241045   -1.1344914  952.3699  953.4953
2021 04 16 18 47 00    -3.4339828   -1.1395189  952.3720  953.5071
2021 04 16 18 48 00    -3.4437745   -1.1444859  952.3745  953.5276
2021 04 16 18 49 00    -3.4535902   -1.1494521  952.3768  953.5468
2021 04 16 18 50 00    -3.4634402   -1.1543459  952.3788  953.5529
2021 04 16 18 51 00    -3.4732389   -1.1591923  952.3810  953.5511
2021 04 16 18 52 00    -3.4829848   -1.1641437  952.3835  953.5533
2021 04 16 18 53 00    -3.4928516   -1.1691632  952.3859  953.5579
2021 04 16 18 54 00    -3.5028627   -1.1740692  952.3883  953.5625
2021 04 16 18 55 00    -3.5126260   -1.1787619  952.3909  953.5753
2021 04 16 18 56 00    -3.5219607   -1.1833330  952.3935  953.5912
2021 04 16 18 57 00    -3.5313309   -1.1880796  952.3958  953.5945
2021 04 16 18 58 00    -3.5409501   -1.1930262  952.3979  953.5910
2021 04 16 18 59 00    -3.5504013   -1.1978134  952.4002  953.5973
2021 04 16 19 00 00    -3.5595930   -1.2024100  952.4029  953.6151
2021 04 16 19 01 00    -3.5688359   -1.2070221  952.4057  953.6361
2021 04 16 19 02 00    -3.5780626   -1.2115385  952.4086  953.6517
2021 04 16 19 03 00    -3.5871209   -1.2159152  952.4113  953.6622
2021 04 16 19 04 00    -3.5962036   -1.2203965  952.4141  953.6780
2021 04 16 19 05 00    -3.6053620   -1.2250363  952.4170  953.6997
2021 04 16 19 06 00    -3.6144365   -1.2296919  952.4201  953.7143
2021 04 16 19 07 00    -3.6234000   -1.2343134  952.4232  953.7228
2021 04 16 19 08 00    -3.6322943   -1.2388681  952.4263  953.7376
2021 04 16 19 09 00    -3.6411973   -1.2433230  952.4297  953.7557
2021 04 16 19 10 00    -3.6501419   -1.2477712  952.4330  953.7664
2021 04 16 19 11 00    -3.6590040   -1.2522580  952.4362  953.7743
2021 04 16 19 12 00    -3.6677042   -1.2566440  952.4393  953.7836
2021 04 16 19 13 00    -3.6762596   -1.2608715  952.4426  953.7805
2021 04 16 19 14 00    -3.6847844   -1.2651037  952.4459  953.7626
2021 04 16 19 15 00    -3.6935173   -1.2694866  952.4492  953.7559
2021 04 16 19 16 00    -3.7023706   -1.2739047  952.4524  953.7750
2021 04 16 19 17 00    -3.7108665   -1.2781222  952.4557  953.8010
2021 04 16 19 18 00    -3.7190503   -1.2821972  952.4589  953.8116
2021 04 16 19 19 00    -3.7274662   -1.2863774  952.4620  953.8085
2021 04 16 19 20 00    -3.7360429   -1.2906771  952.4656  953.8081
2021 04 16 19 21 00    -3.7443761   -1.2949832  952.4694  953.8160
2021 04 16 19 22 00    -3.7525900   -1.2992045  952.4727  953.8242
2021 04 16 19 23 00    -3.7608938   -1.3032948  952.4756  953.8313
2021 04 16 19 24 00    -3.7692053   -1.3074055  952.4786  953.8397
2021 04 16 19 25 00    -3.7773829   -1.3115912  952.4819  953.8445
2021 04 16 19 26 00    -3.7853639   -1.3156679  952.4850  953.8426
2021 04 16 19 27 00    -3.7933481   -1.3196656  952.4881  953.8377
2021 04 16 19 28 00    -3.8014948   -1.3237130  952.4911  953.8367
2021 04 16 19 29 00    -3.8095128   -1.3276788  952.4939  953.8443
2021 04 16 19 30 00    -3.8171662   -1.3314217  952.4968  953.8521
2021 04 16 19 31 00    -3.8246726   -1.3350904  952.5000  953.8495
2021 04 16 19 32 00    -3.8323019   -1.3389316  952.5032  953.8485
2021 04 16 19 33 00    -3.8399678   -1.3428446  952.5064  953.8580
2021 04 16 19 34 00    -3.8474710   -1.3465968  952.5098  953.8684
2021 04 16 19 35 00    -3.8549324   -1.3503558  952.5131  953.8803
2021 04 16 19 36 00    -3.8624714   -1.3542614  952.5162  953.8908
2021 04 16 19 37 00    -3.8699514   -1.3580492  952.5190  953.8850
2021 04 16 19 38 00    -3.8773741   -1.3616367  952.5216  953.8672
2021 04 16 19 39 00    -3.8847427   -1.3652218  952.5245  953.8553
2021 04 16 19 40 00    -3.8918486   -1.3688513  952.5278  953.8631
2021 04 16 19 41 00    -3.8988378   -1.3725091  952.5313  953.8941
2021 04 16 19 42 00    -3.9061336   -1.3761872  952.5348  953.9264
2021 04 16 19 43 00    -3.9135911   -1.3797909  952.5381  953.9314
2021 04 16 19 44 00    -3.9207177   -1.3832853  952.5414  953.9095
2021 04 16 19 45 00    -3.9275491   -1.3867159  952.5444  953.8873
2021 04 16 19 46 00    -3.9344416   -1.3901173  952.5475  953.8878
2021 04 16 19 47 00    -3.9413367   -1.3935486  952.5509  953.9086
2021 04 16 19 48 00    -3.9480843   -1.3970765  952.5543  953.9320
2021 04 16 19 49 00    -3.9548904   -1.4006162  952.5572  953.9454
2021 04 16 19 50 00    -3.9617552   -1.4039721  952.5602  953.9440
2021 04 16 19 51 00    -3.9684627   -1.4071947  952.5633  953.9276
2021 04 16 19 52 00    -3.9750545   -1.4104739  952.5663  953.9061
2021 04 16 19 53 00    -3.9815202   -1.4137303  952.5694  953.8927
2021 04 16 19 54 00    -3.9878564   -1.4168983  952.5726  953.8947
2021 04 16 19 55 00    -3.9943170   -1.4201598  952.5757  953.9084
2021 04 16 19 56 00    -4.0007844   -1.4234474  952.5789  953.9191
2021 04 16 19 57 00    -4.0068584   -1.4265095  952.5820  953.9141
2021 04 16 19 58 00    -4.0127685   -1.4295229  952.5849  953.9047
2021 04 16 19 59 00    -4.0189647   -1.4327144  952.5878  953.9109
2021 04 16 20 00 00    -4.0252395   -1.4357988  952.5907  953.9302
2021 04 16 20 01 00    -4.0312011   -1.4385823  952.5940  953.9464
2021 04 16 20 02 00    -4.0369646   -1.4413806  952.5974  953.9564
2021 04 16 20 03 00    -4.0428245   -1.4443471  952.6007  953.9648
2021 04 16 20 04 00    -4.0487364   -1.4472738  952.6040  953.9667
2021 04 16 20 05 00    -4.0545376   -1.4501704  952.6073  953.9611
2021 04 16 20 06 00    -4.0603007   -1.4531535  952.6103  953.9653
2021 04 16 20 07 00    -4.0660505   -1.4560867  952.6135  953.9847
2021 04 16 20 08 00    -4.0715889   -1.4588879  952.6167  953.9977
2021 04 16 20 09 00    -4.0769167   -1.4616372  952.6199  953.9952
2021 04 16 20 10 00    -4.0823308   -1.4643699  952.6231  953.9895
2021 04 16 20 11 00    -4.0879638   -1.4670738  952.6262  953.9834
2021 04 16 20 12 00    -4.0936097   -1.4697371  952.6294  953.9755
2021 04 16 20 13 00    -4.0990636   -1.4724467  952.6325  953.9710
2021 04 16 20 14 00    -4.1043689   -1.4752792  952.6354  953.9687
2021 04 16 20 15 00    -4.1096733   -1.4780913  952.6385  953.9671
2021 04 16 20 16 00    -4.1149942   -1.4807423  952.6419  953.9679
2021 04 16 20 17 00    -4.1201583   -1.4832495  952.6450  953.9666
2021 04 16 20 18 00    -4.1251056   -1.4856551  952.6479  953.9660
2021 04 16 20 19 00    -4.1300356   -1.4880596  952.6506  953.9723
2021 04 16 20 20 00    -4.1349878   -1.4905634  952.6531  953.9755
2021 04 16 20 21 00    -4.1399040   -1.4931246  952.6559  953.9669
2021 04 16 20 22 00    -4.1448329   -1.4956578  952.6589  953.9538
2021 04 16 20 23 00    -4.1496285   -1.4981284  952.6618  953.9458
2021 04 16 20 24 00    -4.1542516   -1.5005105  952.6646  953.9452
2021 04 16 20 25 00    -4.1589672   -1.5027655  952.6674  953.9484
2021 04 16 20 26 00    -4.1637614   -1.5049653  952.6702  953.9512
2021 04 16 20 27 00    -4.1683937   -1.5072488  952.6731  953.9546
2021 04 16 20 28 00    -4.1728335   -1.5095725  952.6761  953.9567
2021 04 16 20 29 00    -4.1771544   -1.5118149  952.6788  953.9517
2021 04 16 20 30 00    -4.1814005   -1.5139614  952.6812  953.9453
2021 04 16 20 31 00    -4.1856198   -1.5160322  952.6839  953.9478
2021 04 16 20 32 00    -4.1899094   -1.5181192  952.6868  953.9564
2021 04 16 20 33 00    -4.1942460   -1.5202937  952.6898  953.9600
2021 04 16 20 34 00    -4.1983937   -1.5223999  952.6926  953.9528
2021 04 16 20 35 00    -4.2024062   -1.5243385  952.6950  953.9388
2021 04 16 20 36 00    -4.2065583   -1.5262943  952.6971  953.9257
2021 04 16 20 37 00    -4.2107268   -1.5283997  952.6994  953.9153
2021 04 16 20 38 00    -4.2146756   -1.5305080  952.7019  953.9066
2021 04 16 20 39 00    -4.2185007   -1.5324489  952.7042  953.8997
2021 04 16 20 40 00    -4.2223670   -1.5342811  952.7060  953.8912
2021 04 16 20 41 00    -4.2262607   -1.5361802  952.7080  953.8794
2021 04 16 20 42 00    -4.2300991   -1.5381876  952.7103  953.8709
2021 04 16 20 43 00    -4.2338150   -1.5401232  952.7124  953.8677
2021 04 16 20 44 00    -4.2373813   -1.5418558  952.7142  953.8629
2021 04 16 20 45 00    -4.2409088   -1.5435468  952.7160  953.8547
2021 04 16 20 46 00    -4.2445147   -1.5453536  952.7183  953.8481
2021 04 16 20 47 00    -4.2480308   -1.5471614  952.7205  953.8448
2021 04 16 20 48 00    -4.2513067   -1.5488595  952.7221  953.8437
2021 04 16 20 49 00    -4.2545970   -1.5505253  952.7235  953.8454
2021 04 16 20 50 00    -4.2580276   -1.5521974  952.7249  953.8470
2021 04 16 20 51 00    -4.2612931   -1.5538540  952.7266  953.8424
2021 04 16 20 52 00    -4.2642599   -1.5554928  952.7287  953.8340
2021 04 16 20 53 00    -4.2671795   -1.5570237  952.7307  953.8324
2021 04 16 20 54 00    -4.2702686   -1.5584877  952.7322  953.8376
2021 04 16 20 55 00    -4.2734853   -1.5601164  952.7337  953.8380
2021 04 16 20 56 00    -4.2766332   -1.5617860  952.7354  953.8309
2021 04 16 20 57 00    -4.2795023   -1.5631530  952.7370  953.8241
2021 04 16 20 58 00    -4.2821083   -1.5643053  952.7385  953.8183
2021 04 16 20 59 00    -4.2847902   -1.5655234  952.7399  953.8095
2021 04 16 21 00 00    -4.2877320   -1.5669015  952.7411  953.8015
2021 04 16 21 01 00    -4.2906564   -1.5684439  952.7425  953.8014
2021 04 16 21 02 00    -4.2933328   -1.5699679  952.7442  953.8089
2021 04 16 21 03 00    -4.2959271   -1.5712655  952.7460  953.8156
2021 04 16 21 04 00    -4.2985874   -1.5724881  952.7474  953.8131
2021 04 16 21 05 00    -4.3011551   -1.5737818  952.7485  953.8027
2021 04 16 21 06 00    -4.3035219   -1.5749797  952.7495  953.7925
2021 04 16 21 07 00    -4.3058810   -1.5760802  952.7506  953.7888
2021 04 16 21 08 00    -4.3083418   -1.5773012  952.7521  953.7902
2021 04 16 21 09 00    -4.3107554   -1.5786394  952.7538  953.7907
2021 04 16 21 10 00    -4.3129721   -1.5798861  952.7553  953.7909
2021 04 16 21 11 00    -4.3148909   -1.5809060  952.7563  953.7975
2021 04 16 21 12 00    -4.3166966   -1.5818206  952.7572  953.8085
2021 04 16 21 13 00    -4.3187290   -1.5827864  952.7582  953.8121
2021 04 16 21 14 00    -4.3207961   -1.5836966  952.7593  953.8048
2021 04 16 21 15 00    -4.3226467   -1.5845093  952.7604  953.7986
2021 04 16 21 16 00    -4.3245778   -1.5854015  952.7618  953.8035
2021 04 16 21 17 00    -4.3266643   -1.5863980  952.7633  953.8108
2021 04 16 21 18 00    -4.3285500   -1.5873877  952.7648  953.8134
2021 04 16 21 19 00    -4.3302199   -1.5883553  952.7660  953.8177
2021 04 16 21 20 00    -4.3319298   -1.5892929  952.7671  953.8233
2021 04 16 21 21 00    -4.3336791   -1.5901248  952.7683  953.8262
2021 04 16 21 22 00    -4.3353170   -1.5908764  952.7697  953.8296
2021 04 16 21 23 00    -4.3367742   -1.5916658  952.7712  953.8356
2021 04 16 21 24 00    -4.3381512   -1.5924869  952.7728  953.8428
2021 04 16 21 25 00    -4.3397017   -1.5932629  952.7743  953.8487
2021 04 16 21 26 00    -4.3414153   -1.5939760  952.7756  953.8529
2021 04 16 21 27 00    -4.3429006   -1.5946552  952.7767  953.8584
2021 04 16 21 28 00    -4.3440559   -1.5953725  952.7778  953.8623
2021 04 16 21 29 00    -4.3452194   -1.5961224  952.7792  953.8579
2021 04 16 21 30 00    -4.3465307   -1.5967891  952.7809  953.8457
2021 04 16 21 31 00    -4.3478483   -1.5973838  952.7826  953.8350
2021 04 16 21 32 00    -4.3490922   -1.5979720  952.7839  953.8382
2021 04 16 21 33 00    -4.3502957   -1.5984798  952.7853  953.8511
2021 04 16 21 34 00    -4.3515740   -1.5989688  952.7865  953.8492
2021 04 16 21 35 00    -4.3529191   -1.5995432  952.7874  953.8293
2021 04 16 21 36 00    -4.3540049   -1.6000099  952.7881  953.8144
2021 04 16 21 37 00    -4.3547100   -1.6003402  952.7888  953.8059
2021 04 16 21 38 00    -4.3554213   -1.6007861  952.7900  953.7894
2021 04 16 21 39 00    -4.3563038   -1.6013245  952.7914  953.7763
2021 04 16 21 40 00    -4.3572098   -1.6018515  952.7926  953.7821
2021 04 16 21 41 00    -4.3581475   -1.6023957  952.7933  953.7932
2021 04 16 21 42 00    -4.3589815   -1.6028238  952.7938  953.7930
2021 04 16 21 43 00    -4.3595910   -1.6031130  952.7942  953.7814
2021 04 16 21 44 00    -4.3602379   -1.6034926  952.7948  953.7669
2021 04 16 21 45 00    -4.3610572   -1.6039455  952.7954  953.7590
2021 04 16 21 46 00    -4.3618703   -1.6042666  952.7959  953.7603
2021 04 16 21 47 00    -4.3625126   -1.6045089  952.7965  953.7633
2021 04 16 21 48 00    -4.3630311   -1.6048400  952.7970  953.7586
2021 04 16 21 49 00    -4.3636276   -1.6052426  952.7972  953.7450
2021 04 16 21 50 00    -4.3642709   -1.6055958  952.7976  953.7355
2021 04 16 21 51 00    -4.3647168   -1.6057904  952.7984  953.7377
2021 04 16 21 52 00    -4.3650021   -1.6058307  952.7989  953.7360
2021 04 16 21 53 00    -4.3653258   -1.6059065  952.7988  953.7183
2021 04 16 21 54 00    -4.3656047   -1.6061140  952.7985  953.6992
2021 04 16 21 55 00    -4.3657395   -1.6063058  952.7986  953.6932
2021 04 16 21 56 00    -4.3659263   -1.6064289  952.7986  953.6945
2021 04 16 21 57 00    -4.3662181   -1.6065752  952.7985  953.6949
2021 04 16 21 58 00    -4.3664771   -1.6067598  952.7986  953.6955
2021 04 16 21 59 00    -4.3667252   -1.6069244  952.7989  953.6950
2021 04 16 22 00 00    -4.3668310   -1.6069120  952.7990  953.6908
2021 04 16 22 01 00    -4.3666579   -1.6067095  952.7989  953.6900
2021 04 16 22 02 00    -4.3665155   -1.6065877  952.7988  953.7002
2021 04 16 22 03 00    -4.3665577   -1.6065979  952.7990  953.7135
2021 04 16 22 04 00    -4.3665449   -1.6065578  952.7994  953.7180
2021 04 16 22 05 00    -4.3664591   -1.6064389  952.7997  953.7192
2021 04 16 22 06 00    -4.3664249   -1.6062943  952.7999  953.7273
2021 04 16 22 07 00    -4.3663008   -1.6061272  952.8000  953.7316
2021 04 16 22 08 00    -4.3659401   -1.6059353  952.8001  953.7218
2021 04 16 22 09 00    -4.3655249   -1.6057959  952.8002  953.7109
2021 04 16 22 10 00    -4.3653144   -1.6058050  952.8004  953.7105
2021 04 16 22 11 00    -4.3652450   -1.6058971  952.8005  953.7140
2021 04 16 22 12 00    -4.3650797   -1.6059202  952.8007  953.7143
2021 04 16 22 13 00    -4.3647931   -1.6058243  952.8007  953.7099
2021 04 16 22 14 00    -4.3645024   -1.6056243  952.8008  953.7023
2021 04 16 22 15 00    -4.3642165   -1.6053216  952.8009  953.6942
2021 04 16 22 16 00    -4.3638414   -1.6049824  952.8009  953.6874
2021 04 16 22 17 00    -4.3633667   -1.6047749  952.8008  953.6840
2021 04 16 22 18 00    -4.3629265   -1.6047467  952.8005  953.6823
2021 04 16 22 19 00    -4.3625526   -1.6047069  952.8001  953.6743
2021 04 16 22 20 00    -4.3620849   -1.6045270  952.7998  953.6596
2021 04 16 22 21 00    -4.3614591   -1.6042594  952.7994  953.6534
2021 04 16 22 22 00    -4.3607321   -1.6038726  952.7988  953.6639
2021 04 16 22 23 00    -4.3600101   -1.6034329  952.7982  953.6743
2021 04 16 22 24 00    -4.3594722   -1.6031950  952.7976  953.6668
2021 04 16 22 25 00    -4.3590548   -1.6030521  952.7969  953.6492
2021 04 16 22 26 00    -4.3585237   -1.6027852  952.7962  953.6358
2021 04 16 22 27 00    -4.3578727   -1.6024684  952.7958  953.6289
2021 04 16 22 28 00    -4.3571574   -1.6020544  952.7953  953.6300
2021 04 16 22 29 00    -4.3563283   -1.6015240  952.7949  953.6406
2021 04 16 22 30 00    -4.3554242   -1.6010640  952.7946  953.6501
2021 04 16 22 31 00    -4.3545847   -1.6006477  952.7940  953.6466
2021 04 16 22 32 00    -4.3538174   -1.6001640  952.7933  953.6306
2021 04 16 22 33 00    -4.3530305   -1.5997105  952.7927  953.6131
2021 04 16 22 34 00    -4.3522629   -1.5994006  952.7921  953.6013
2021 04 16 22 35 00    -4.3515346   -1.5991505  952.7913  953.5894
2021 04 16 22 36 00    -4.3506665   -1.5987328  952.7903  953.5777
2021 04 16 22 37 00    -4.3495690   -1.5981093  952.7892  953.5788
2021 04 16 22 38 00    -4.3484819   -1.5975563  952.7883  953.5863
2021 04 16 22 39 00    -4.3476594   -1.5972383  952.7875  953.5787
2021 04 16 22 40 00    -4.3469238   -1.5969508  952.7867  953.5552
2021 04 16 22 41 00    -4.3459821   -1.5965150  952.7856  953.5329
2021 04 16 22 42 00    -4.3450203   -1.5960487  952.7846  953.5252
2021 04 16 22 43 00    -4.3442347   -1.5956417  952.7838  953.5300
2021 04 16 22 44 00    -4.3433336   -1.5952143  952.7831  953.5325
2021 04 16 22 45 00    -4.3421815   -1.5947122  952.7822  953.5277
2021 04 16 22 46 00    -4.3410583   -1.5941217  952.7809  953.5234
2021 04 16 22 47 00    -4.3400530   -1.5934819  952.7793  953.5191
2021 04 16 22 48 00    -4.3389547   -1.5928285  952.7780  953.5085
2021 04 16 22 49 00    -4.3377011   -1.5921556  952.7768  953.4978
2021 04 16 22 50 00    -4.3365368   -1.5916218  952.7755  953.4912
2021 04 16 22 51 00    -4.3355555   -1.5912859  952.7739  953.4821
2021 04 16 22 52 00    -4.3345054   -1.5908311  952.7722  953.4738
2021 04 16 22 53 00    -4.3333756   -1.5901632  952.7707  953.4756
2021 04 16 22 54 00    -4.3323127   -1.5895382  952.7693  953.4833
2021 04 16 22 55 00    -4.3310641   -1.5889127  952.7680  953.4829
2021 04 16 22 56 00    -4.3295573   -1.5881514  952.7667  953.4740
2021 04 16 22 57 00    -4.3282073   -1.5874707  952.7657  953.4749
2021 04 16 22 58 00    -4.3269965   -1.5869107  952.7646  953.4878
2021 04 16 22 59 00    -4.3255477   -1.5862197  952.7630  953.4889
2021 04 16 23 00 00    -4.3240896   -1.5854443  952.7614  953.4763
2021 04 16 23 01 00    -4.3230083   -1.5847990  952.7601  953.4766
2021 04 16 23 02 00    -4.3219926   -1.5842548  952.7592  953.4891
2021 04 16 23 03 00    -4.3206858   -1.5836747  952.7585  953.4931
2021 04 16 23 04 00    -4.3192547   -1.5830009  952.7577  953.4964
2021 04 16 23 05 00    -4.3177997   -1.5822328  952.7565  953.5051
2021 04 16 23 06 00    -4.3162558   -1.5814150  952.7550  953.5002
2021 04 16 23 07 00    -4.3147764   -1.5806783  952.7533  953.4853
2021 04 16 23 08 00    -4.3135467   -1.5801056  952.7519  953.4815
2021 04 16 23 09 00    -4.3124430   -1.5795259  952.7509  953.4859
2021 04 16 23 10 00    -4.3111191   -1.5787652  952.7501  953.4868
2021 04 16 23 11 00    -4.3095962   -1.5780081  952.7493  953.4780
2021 04 16 23 12 00    -4.3082872   -1.5774712  952.7480  953.4581
2021 04 16 23 13 00    -4.3070991   -1.5769905  952.7464  953.4408
2021 04 16 23 14 00    -4.3056617   -1.5763276  952.7446  953.4344
2021 04 16 23 15 00    -4.3042288   -1.5755387  952.7431  953.4295
2021 04 16 23 16 00    -4.3030060   -1.5747928  952.7419  953.4264
2021 04 16 23 17 00    -4.3016426   -1.5740724  952.7409  953.4324
2021 04 16 23 18 00    -4.3001155   -1.5732784  952.7399  953.4331
2021 04 16 23 19 00    -4.2987680   -1.5725455  952.7387  953.4160
2021 04 16 23 20 00    -4.2975845   -1.5720493  952.7371  953.3978
2021 04 16 23 21 00    -4.2962601   -1.5715577  952.7352  953.3910
2021 04 16 23 22 00    -4.2947217   -1.5707898  952.7333  953.3804
2021 04 16 23 23 00    -4.2933013   -1.5700014  952.7317  953.3603
2021 04 16 23 24 00    -4.2921294   -1.5694927  952.7303  953.3497
2021 04 16 23 25 00    -4.2908346   -1.5690030  952.7287  953.3499
2021 04 16 23 26 00    -4.2893493   -1.5682691  952.7269  953.3381
2021 04 16 23 27 00    -4.2880329   -1.5675213  952.7252  953.3183
2021 04 16 23 28 00    -4.2868762   -1.5669097  952.7235  953.3124
2021 04 16 23 29 00    -4.2856123   -1.5662023  952.7216  953.3135
2021 04 16 23 30 00    -4.2842108   -1.5653367  952.7196  953.3066
2021 04 16 23 31 00    -4.2827475   -1.5645851  952.7177  953.3019
2021 04 16 23 32 00    -4.2812551   -1.5639882  952.7162  953.3055
2021 04 16 23 33 00    -4.2796828   -1.5632303  952.7150  953.3024
2021 04 16 23 34 00    -4.2781686   -1.5623515  952.7135  953.2884
2021 04 16 23 35 00    -4.2770366   -1.5617628  952.7115  953.2746
2021 04 16 23 36 00    -4.2760788   -1.5614531  952.7094  953.2631
2021 04 16 23 37 00    -4.2748792   -1.5611100  952.7075  953.2524
2021 04 16 23 38 00    -4.2735628   -1.5605994  952.7055  953.2427
2021 04 16 23 39 00    -4.2722905   -1.5598635  952.7033  953.2312
2021 04 16 23 40 00    -4.2708485   -1.5589359  952.7009  953.2206
2021 04 16 23 41 00    -4.2691912   -1.5580149  952.6986  953.2140
2021 04 16 23 42 00    -4.2676680   -1.5572311  952.6964  953.2072
2021 04 16 23 43 00    -4.2664226   -1.5565548  952.6941  953.1988
2021 04 16 23 44 00    -4.2651491   -1.5559203  952.6915  953.1923
2021 04 16 23 45 00    -4.2636588   -1.5552328  952.6892  953.1880
2021 04 16 23 46 00    -4.2621927   -1.5544991  952.6874  953.1844
2021 04 16 23 47 00    -4.2609680   -1.5538682  952.6853  953.1788
2021 04 16 23 48 00    -4.2598082   -1.5532680  952.6829  953.1682
2021 04 16 23 49 00    -4.2584919   -1.5525477  952.6806  953.1592
2021 04 16 23 50 00    -4.2571109   -1.5518961  952.6785  953.1567
2021 04 16 23 51 00    -4.2558394   -1.5514448  952.6761  953.1515
2021 04 16 23 52 00    -4.2546331   -1.5509195  952.6734  953.1414
2021 04 16 23 53 00    -4.2534046   -1.5501801  952.6710  953.1358
2021 04 16 23 54 00    -4.2521441   -1.5494302  952.6689  953.1378
2021 04 16 23 55 00    -4.2507491   -1.5487022  952.6668  953.1395
2021 04 16 23 56 00    -4.2492892   -1.5479527  952.6644  953.1295
2021 04 16 23 57 00    -4.2480799   -1.5473681  952.6618  953.1093
2021 04 16 23 58 00    -4.2471145   -1.5469220  952.6591  953.0965
2021 04 16 23 59 00    -4.2460103   -1.5462790  952.6565  953.0985
