[TSF-file]     v01.0

[TIMEFORMAT]   DATETIME
[INCREMENT]    60
[CHANNELS]
    BF:SG056:G1-F60 
    BF:SG056:G2-F60 
    BF:SG056:Br1-F60
    BF:SG056:Br2-F60
[UNITS]
    Volt
    Volt
    mbar
    mbar
[UNDETVAL]                      9999.999
[PHASE_LAG_1_DEG_CPD]           0.0402
[PHASE_LAG_1_DEG_CPD_ERROR]     0.0002
[N_LATITUDE_DEG]                48.3294
[N_LATITUDE_DEG_ERROR]          0.0001
[E_LONGITUDE_DEG]               008.3284
[E_LONGITUDE_DEG_ERROR]         0.0001
[HEIGHT_M_1]                    589.20
[HEIGHT_M_1_ERROR]              0.01
[GRAVITY_CAL_1_UGAL_V]          -40.1100
[GRAVITY_CAL_1_UGAL_V_ERROR]    0.0300
[PRESSURE_CAL_MBAR_V]           1.0000
[PRESSURE_CAL_MBAR_V_ERROR]     0.0001
[AUTHOR]                        Thomas Forbriger@kit.edu
[PHASE_LAG_2_DEG_CPD]           0.0402
[PHASE_LAG_2_DEG_CPD_ERROR]     0.0002
[HEIGHT_M_2]                    589.40
[HEIGHT_M_2_ERROR]              0.01
[GRAVITY_CAL_2_UGAL_V]          -80.0699
[GRAVITY_CAL_2_UGAL_V_ERROR]    0.0600
[PRESSURE_ADMIT_HPA_NMS2]       -3.4000
[PRESSURE_MEAN_HPA]             0980.0
[COMMENT]                           
software upgrade and FitPC2 replacement on 29. July 2019



Date           Time     G1-F60        G2-F60        Br1-F60       Br2-F60      
[DATA]
2021 04 18 00 00 00    -4.3917441   -1.6195431  950.2691  950.7755
2021 04 18 00 01 00    -4.3921985   -1.6197442  950.2650  950.7662
2021 04 18 00 02 00    -4.3926501   -1.6198798  950.2609  950.7619
2021 04 18 00 03 00    -4.3932146   -1.6200862  950.2568  950.7512
2021 04 18 00 04 00    -4.3938229   -1.6204397  950.2527  950.7349
2021 04 18 00 05 00    -4.3943464   -1.6208114  950.2488  950.7247
2021 04 18 00 06 00    -4.3947694   -1.6210577  950.2447  950.7212
2021 04 18 00 07 00    -4.3950973   -1.6212371  950.2404  950.7158
2021 04 18 00 08 00    -4.3954611   -1.6214603  950.2361  950.7072
2021 04 18 00 09 00    -4.3959342   -1.6216740  950.2319  950.7021
2021 04 18 00 10 00    -4.3963350   -1.6218151  950.2277  950.7014
2021 04 18 00 11 00    -4.3966682   -1.6220198  950.2237  950.6995
2021 04 18 00 12 00    -4.3970961   -1.6223296  950.2198  950.6939
2021 04 18 00 13 00    -4.3975620   -1.6225755  950.2158  950.6848
2021 04 18 00 14 00    -4.3980151   -1.6227648  950.2117  950.6720
2021 04 18 00 15 00    -4.3984754   -1.6230059  950.2074  950.6574
2021 04 18 00 16 00    -4.3988408   -1.6232370  950.2029  950.6448
2021 04 18 00 17 00    -4.3991332   -1.6234155  950.1983  950.6349
2021 04 18 00 18 00    -4.3995309   -1.6235817  950.1938  950.6248
2021 04 18 00 19 00    -4.3999833   -1.6237301  950.1893  950.6128
2021 04 18 00 20 00    -4.4003443   -1.6239050  950.1846  950.6007
2021 04 18 00 21 00    -4.4006409   -1.6241681  950.1799  950.5908
2021 04 18 00 22 00    -4.4009092   -1.6243788  950.1754  950.5855
2021 04 18 00 23 00    -4.4012016   -1.6244189  950.1709  950.5863
2021 04 18 00 24 00    -4.4015927   -1.6244757  950.1664  950.5917
2021 04 18 00 25 00    -4.4020194   -1.6247125  950.1621  950.5966
2021 04 18 00 26 00    -4.4023690   -1.6250251  950.1576  950.5965
2021 04 18 00 27 00    -4.4025768   -1.6252206  950.1531  950.5915
2021 04 18 00 28 00    -4.4027062   -1.6252043  950.1488  950.5852
2021 04 18 00 29 00    -4.4029337   -1.6251235  950.1445  950.5807
2021 04 18 00 30 00    -4.4032910   -1.6252300  950.1400  950.5763
2021 04 18 00 31 00    -4.4036365   -1.6254909  950.1355  950.5690
2021 04 18 00 32 00    -4.4038336   -1.6256616  950.1311  950.5625
2021 04 18 00 33 00    -4.4039465   -1.6257278  950.1266  950.5579
2021 04 18 00 34 00    -4.4042894   -1.6258909  950.1223  950.5480
2021 04 18 00 35 00    -4.4049015   -1.6261589  950.1179  950.5330
2021 04 18 00 36 00    -4.4053829   -1.6264093  950.1135  950.5236
2021 04 18 00 37 00    -4.4055672   -1.6266490  950.1091  950.5240
2021 04 18 00 38 00    -4.4056837   -1.6268279  950.1047  950.5260
2021 04 18 00 39 00    -4.4060035   -1.6269063  950.1001  950.5200
2021 04 18 00 40 00    -4.4065174   -1.6270320  950.0954  950.5041
2021 04 18 00 41 00    -4.4068596   -1.6271912  950.0906  950.4873
2021 04 18 00 42 00    -4.4069460   -1.6272276  950.0859  950.4792
2021 04 18 00 43 00    -4.4071876   -1.6273142  950.0815  950.4811
2021 04 18 00 44 00    -4.4076680   -1.6276541  950.0772  950.4863
2021 04 18 00 45 00    -4.4080232   -1.6279736  950.0726  950.4855
2021 04 18 00 46 00    -4.4082279   -1.6280592  950.0678  950.4755
2021 04 18 00 47 00    -4.4084788   -1.6280869  950.0631  950.4624
2021 04 18 00 48 00    -4.4086928   -1.6281101  950.0585  950.4533
2021 04 18 00 49 00    -4.4088946   -1.6281202  950.0541  950.4484
2021 04 18 00 50 00    -4.4092513   -1.6282770  950.0498  950.4448
2021 04 18 00 51 00    -4.4096024   -1.6285327  950.0453  950.4423
2021 04 18 00 52 00    -4.4097685   -1.6286461  950.0406  950.4438
2021 04 18 00 53 00    -4.4099180   -1.6286845  950.0358  950.4486
2021 04 18 00 54 00    -4.4102173   -1.6288890  950.0311  950.4517
2021 04 18 00 55 00    -4.4105873   -1.6291612  950.0267  950.4487
2021 04 18 00 56 00    -4.4109150   -1.6292811  950.0226  950.4406
2021 04 18 00 57 00    -4.4112008   -1.6293296  950.0182  950.4323
2021 04 18 00 58 00    -4.4114326   -1.6294315  950.0136  950.4283
2021 04 18 00 59 00    -4.4116111   -1.6295418  950.0093  950.4296
2021 04 18 01 00 00    -4.4118524   -1.6296485  950.0052  950.4343
2021 04 18 01 01 00    -4.4121410   -1.6297722  950.0012  950.4388
2021 04 18 01 02 00    -4.4124111   -1.6299142  949.9971  950.4381
2021 04 18 01 03 00    -4.4127685   -1.6301058  949.9926  950.4293
2021 04 18 01 04 00    -4.4131821   -1.6302970  949.9878  950.4163
2021 04 18 01 05 00    -4.4135393   -1.6304126  949.9832  950.4068
2021 04 18 01 06 00    -4.4138927   -1.6305497  949.9790  950.4022
2021 04 18 01 07 00    -4.4142507   -1.6308112  949.9748  950.3988
2021 04 18 01 08 00    -4.4145337   -1.6310663  949.9703  950.3949
2021 04 18 01 09 00    -4.4148464   -1.6312465  949.9658  950.3894
2021 04 18 01 10 00    -4.4153732   -1.6315063  949.9614  950.3809
2021 04 18 01 11 00    -4.4158293   -1.6317203  949.9571  950.3708
2021 04 18 01 12 00    -4.4159877   -1.6317309  949.9528  950.3614
2021 04 18 01 13 00    -4.4163375   -1.6319113  949.9482  950.3531
2021 04 18 01 14 00    -4.4170512   -1.6323717  949.9436  950.3441
2021 04 18 01 15 00    -4.4176635   -1.6326372  949.9388  950.3318
2021 04 18 01 16 00    -4.4180227   -1.6326565  949.9340  950.3175
2021 04 18 01 17 00    -4.4183736   -1.6328466  949.9291  950.3048
2021 04 18 01 18 00    -4.4188530   -1.6332356  949.9241  950.2920
2021 04 18 01 19 00    -4.4193790   -1.6335389  949.9193  950.2767
2021 04 18 01 20 00    -4.4198870   -1.6337630  949.9146  950.2623
2021 04 18 01 21 00    -4.4202995   -1.6340121  949.9096  950.2525
2021 04 18 01 22 00    -4.4205660   -1.6341825  949.9044  950.2456
2021 04 18 01 23 00    -4.4209579   -1.6342828  949.8993  950.2374
2021 04 18 01 24 00    -4.4216325   -1.6345298  949.8944  950.2264
2021 04 18 01 25 00    -4.4223296   -1.6350025  949.8895  950.2142
2021 04 18 01 26 00    -4.4229065   -1.6354185  949.8843  950.2025
2021 04 18 01 27 00    -4.4234200   -1.6355346  949.8789  950.1916
2021 04 18 01 28 00    -4.4239324   -1.6356137  949.8737  950.1793
2021 04 18 01 29 00    -4.4245079   -1.6358901  949.8685  950.1633
2021 04 18 01 30 00    -4.4250348   -1.6361886  949.8633  950.1465
2021 04 18 01 31 00    -4.4254065   -1.6363836  949.8579  950.1339
2021 04 18 01 32 00    -4.4257776   -1.6365632  949.8523  950.1273
2021 04 18 01 33 00    -4.4262880   -1.6368769  949.8468  950.1246
2021 04 18 01 34 00    -4.4269048   -1.6372910  949.8416  950.1206
2021 04 18 01 35 00    -4.4275090   -1.6375798  949.8364  950.1118
2021 04 18 01 36 00    -4.4280220   -1.6377591  949.8310  950.1014
2021 04 18 01 37 00    -4.4285092   -1.6380303  949.8255  950.0945
2021 04 18 01 38 00    -4.4290134   -1.6383823  949.8200  950.0916
2021 04 18 01 39 00    -4.4294726   -1.6386403  949.8146  950.0909
2021 04 18 01 40 00    -4.4298880   -1.6387428  949.8091  950.0935
2021 04 18 01 41 00    -4.4303448   -1.6388533  949.8038  950.0974
2021 04 18 01 42 00    -4.4309034   -1.6391201  949.7986  950.0974
2021 04 18 01 43 00    -4.4315313   -1.6394881  949.7935  950.0919
2021 04 18 01 44 00    -4.4321895   -1.6398789  949.7882  950.0840
2021 04 18 01 45 00    -4.4328716   -1.6402462  949.7829  950.0760
2021 04 18 01 46 00    -4.4335132   -1.6405485  949.7775  950.0696
2021 04 18 01 47 00    -4.4341224   -1.6408630  949.7722  950.0637
2021 04 18 01 48 00    -4.4347433   -1.6412442  949.7669  950.0564
2021 04 18 01 49 00    -4.4352899   -1.6415767  949.7615  950.0521
2021 04 18 01 50 00    -4.4358102   -1.6418180  949.7561  950.0565
2021 04 18 01 51 00    -4.4365000   -1.6421144  949.7509  950.0638
2021 04 18 01 52 00    -4.4372384   -1.6424782  949.7458  950.0654
2021 04 18 01 53 00    -4.4377430   -1.6427036  949.7407  950.0632
2021 04 18 01 54 00    -4.4381656   -1.6428089  949.7355  950.0642
2021 04 18 01 55 00    -4.4387972   -1.6430519  949.7305  950.0684
2021 04 18 01 56 00    -4.4395587   -1.6435235  949.7258  950.0731
2021 04 18 01 57 00    -4.4402828   -1.6441185  949.7213  950.0769
2021 04 18 01 58 00    -4.4409511   -1.6445855  949.7166  950.0756
2021 04 18 01 59 00    -4.4415988   -1.6447382  949.7117  950.0707
2021 04 18 02 00 00    -4.4422361   -1.6448216  949.7066  950.0703
2021 04 18 02 01 00    -4.4428321   -1.6450954  949.7019  950.0766
2021 04 18 02 02 00    -4.4433885   -1.6453872  949.6974  950.0848
2021 04 18 02 03 00    -4.4439563   -1.6456144  949.6931  950.0928
2021 04 18 02 04 00    -4.4446004   -1.6459349  949.6885  950.1002
2021 04 18 02 05 00    -4.4453404   -1.6463205  949.6840  950.1067
2021 04 18 02 06 00    -4.4461148   -1.6467104  949.6799  950.1129
2021 04 18 02 07 00    -4.4468927   -1.6471506  949.6758  950.1166
2021 04 18 02 08 00    -4.4476524   -1.6475419  949.6716  950.1148
2021 04 18 02 09 00    -4.4483670   -1.6478144  949.6674  950.1102
2021 04 18 02 10 00    -4.4491391   -1.6481213  949.6633  950.1100
2021 04 18 02 11 00    -4.4499663   -1.6485093  949.6590  950.1153
2021 04 18 02 12 00    -4.4507007   -1.6489619  949.6549  950.1192
2021 04 18 02 13 00    -4.4514806   -1.6495813  949.6510  950.1165
2021 04 18 02 14 00    -4.4524869   -1.6502493  949.6471  950.1109
2021 04 18 02 15 00    -4.4534824   -1.6507047  949.6431  950.1079
2021 04 18 02 16 00    -4.4542477   -1.6509390  949.6392  950.1046
2021 04 18 02 17 00    -4.4549631   -1.6511876  949.6353  950.0974
2021 04 18 02 18 00    -4.4558366   -1.6517034  949.6312  950.0901
2021 04 18 02 19 00    -4.4568253   -1.6524025  949.6269  950.0863
2021 04 18 02 20 00    -4.4577821   -1.6529446  949.6228  950.0832
2021 04 18 02 21 00    -4.4586635   -1.6532755  949.6188  950.0784
2021 04 18 02 22 00    -4.4595695   -1.6536236  949.6146  950.0735
2021 04 18 02 23 00    -4.4605261   -1.6540497  949.6104  950.0665
2021 04 18 02 24 00    -4.4614348   -1.6544510  949.6063  950.0548
2021 04 18 02 25 00    -4.4623439   -1.6549064  949.6024  950.0459
2021 04 18 02 26 00    -4.4633646   -1.6555182  949.5984  950.0474
2021 04 18 02 27 00    -4.4644385   -1.6561072  949.5944  950.0542
2021 04 18 02 28 00    -4.4654841   -1.6565797  949.5904  950.0595
2021 04 18 02 29 00    -4.4665036   -1.6570810  949.5865  950.0629
2021 04 18 02 30 00    -4.4674976   -1.6576062  949.5826  950.0648
2021 04 18 02 31 00    -4.4684178   -1.6580952  949.5785  950.0637
2021 04 18 02 32 00    -4.4692735   -1.6586040  949.5745  950.0604
2021 04 18 02 33 00    -4.4702361   -1.6591270  949.5707  950.0588
2021 04 18 02 34 00    -4.4713778   -1.6596556  949.5669  950.0616
2021 04 18 02 35 00    -4.4725378   -1.6602334  949.5629  950.0663
2021 04 18 02 36 00    -4.4736162   -1.6608340  949.5590  950.0687
2021 04 18 02 37 00    -4.4745900   -1.6613646  949.5553  950.0696
2021 04 18 02 38 00    -4.4754958   -1.6618120  949.5521  950.0726
2021 04 18 02 39 00    -4.4765791   -1.6623315  949.5490  950.0783
2021 04 18 02 40 00    -4.4778302   -1.6629439  949.5456  950.0824
2021 04 18 02 41 00    -4.4788068   -1.6633782  949.5421  950.0809
2021 04 18 02 42 00    -4.4796046   -1.6636813  949.5387  950.0734
2021 04 18 02 43 00    -4.4807592   -1.6642135  949.5350  950.0622
2021 04 18 02 44 00    -4.4820270   -1.6648081  949.5312  950.0532
2021 04 18 02 45 00    -4.4830195   -1.6652134  949.5274  950.0515
2021 04 18 02 46 00    -4.4841183   -1.6657641  949.5237  950.0511
2021 04 18 02 47 00    -4.4854846   -1.6666041  949.5200  950.0450
2021 04 18 02 48 00    -4.4867308   -1.6674231  949.5164  950.0383
2021 04 18 02 49 00    -4.4878208   -1.6680763  949.5129  950.0358
2021 04 18 02 50 00    -4.4890572   -1.6686521  949.5094  950.0315
2021 04 18 02 51 00    -4.4903643   -1.6692185  949.5057  950.0215
2021 04 18 02 52 00    -4.4914060   -1.6697316  949.5020  950.0119
2021 04 18 02 53 00    -4.4923412   -1.6702159  949.4982  950.0105
2021 04 18 02 54 00    -4.4935815   -1.6708332  949.4944  950.0165
2021 04 18 02 55 00    -4.4950058   -1.6715646  949.4909  950.0256
2021 04 18 02 56 00    -4.4962991   -1.6722015  949.4876  950.0323
2021 04 18 02 57 00    -4.4974808   -1.6726817  949.4844  950.0319
2021 04 18 02 58 00    -4.4986627   -1.6731435  949.4811  950.0300
2021 04 18 02 59 00    -4.4998727   -1.6737194  949.4779  950.0327
2021 04 18 03 00 00    -4.5010982   -1.6743849  949.4748  950.0352
2021 04 18 03 01 00    -4.5022956   -1.6750606  949.4716  950.0348
2021 04 18 03 02 00    -4.5034785   -1.6757749  949.4683  950.0352
2021 04 18 03 03 00    -4.5047540   -1.6764847  949.4648  950.0384
2021 04 18 03 04 00    -4.5060975   -1.6769978  949.4613  950.0415
2021 04 18 03 05 00    -4.5072892   -1.6773558  949.4580  950.0400
2021 04 18 03 06 00    -4.5083605   -1.6778677  949.4549  950.0352
2021 04 18 03 07 00    -4.5096091   -1.6786200  949.4517  950.0333
2021 04 18 03 08 00    -4.5110090   -1.6793770  949.4486  950.0339
2021 04 18 03 09 00    -4.5123446   -1.6799764  949.4458  950.0324
2021 04 18 03 10 00    -4.5136326   -1.6805106  949.4429  950.0294
2021 04 18 03 11 00    -4.5149051   -1.6810928  949.4399  950.0280
2021 04 18 03 12 00    -4.5161326   -1.6816755  949.4369  950.0281
2021 04 18 03 13 00    -4.5173694   -1.6822509  949.4341  950.0295
2021 04 18 03 14 00    -4.5186528   -1.6829287  949.4312  950.0345
2021 04 18 03 15 00    -4.5199950   -1.6836776  949.4284  950.0407
2021 04 18 03 16 00    -4.5214395   -1.6844149  949.4254  950.0389
2021 04 18 03 17 00    -4.5229428   -1.6851837  949.4223  950.0265
2021 04 18 03 18 00    -4.5243980   -1.6859360  949.4191  950.0122
2021 04 18 03 19 00    -4.5257520   -1.6865703  949.4160  950.0029
2021 04 18 03 20 00    -4.5270331   -1.6871784  949.4130  949.9995
2021 04 18 03 21 00    -4.5283826   -1.6879336  949.4102  950.0019
2021 04 18 03 22 00    -4.5298644   -1.6888500  949.4072  950.0056
2021 04 18 03 23 00    -4.5313267   -1.6897375  949.4043  950.0049
2021 04 18 03 24 00    -4.5326330   -1.6903951  949.4014  950.0030
2021 04 18 03 25 00    -4.5338484   -1.6908135  949.3985  950.0087
2021 04 18 03 26 00    -4.5351693   -1.6912415  949.3959  950.0212
2021 04 18 03 27 00    -4.5365943   -1.6919584  949.3936  950.0321
2021 04 18 03 28 00    -4.5379086   -1.6928158  949.3909  950.0373
2021 04 18 03 29 00    -4.5391340   -1.6934700  949.3884  950.0383
2021 04 18 03 30 00    -4.5404978   -1.6940261  949.3862  950.0351
2021 04 18 03 31 00    -4.5420676   -1.6947595  949.3837  950.0269
2021 04 18 03 32 00    -4.5436921   -1.6955764  949.3808  950.0141
2021 04 18 03 33 00    -4.5451958   -1.6963196  949.3781  949.9990
2021 04 18 03 34 00    -4.5466556   -1.6971213  949.3756  949.9844
2021 04 18 03 35 00    -4.5482876   -1.6980529  949.3726  949.9714
2021 04 18 03 36 00    -4.5500270   -1.6988960  949.3694  949.9601
2021 04 18 03 37 00    -4.5516202   -1.6995626  949.3663  949.9524
2021 04 18 03 38 00    -4.5530373   -1.7002700  949.3634  949.9491
2021 04 18 03 39 00    -4.5544536   -1.7011400  949.3606  949.9494
2021 04 18 03 40 00    -4.5559267   -1.7020227  949.3578  949.9523
2021 04 18 03 41 00    -4.5573748   -1.7027735  949.3547  949.9552
2021 04 18 03 42 00    -4.5587772   -1.7033887  949.3518  949.9546
2021 04 18 03 43 00    -4.5600847   -1.7038769  949.3491  949.9520
2021 04 18 03 44 00    -4.5613033   -1.7043983  949.3463  949.9514
2021 04 18 03 45 00    -4.5627086   -1.7052156  949.3435  949.9543
2021 04 18 03 46 00    -4.5643273   -1.7061521  949.3408  949.9607
2021 04 18 03 47 00    -4.5657729   -1.7068140  949.3379  949.9686
2021 04 18 03 48 00    -4.5669655   -1.7072945  949.3351  949.9717
2021 04 18 03 49 00    -4.5682578   -1.7079587  949.3326  949.9671
2021 04 18 03 50 00    -4.5698082   -1.7088453  949.3303  949.9579
2021 04 18 03 51 00    -4.5713805   -1.7096511  949.3276  949.9485
2021 04 18 03 52 00    -4.5728857   -1.7102954  949.3246  949.9422
2021 04 18 03 53 00    -4.5744436   -1.7110568  949.3215  949.9402
2021 04 18 03 54 00    -4.5759391   -1.7119189  949.3184  949.9389
2021 04 18 03 55 00    -4.5773105   -1.7126101  949.3156  949.9320
2021 04 18 03 56 00    -4.5787641   -1.7132021  949.3127  949.9201
2021 04 18 03 57 00    -4.5803337   -1.7139448  949.3098  949.9110
2021 04 18 03 58 00    -4.5818082   -1.7148329  949.3070  949.9109
2021 04 18 03 59 00    -4.5830861   -1.7155841  949.3042  949.9176
2021 04 18 04 00 00    -4.5843559   -1.7161124  949.3012  949.9234
2021 04 18 04 01 00    -4.5858251   -1.7167428  949.2984  949.9238
2021 04 18 04 02 00    -4.5873913   -1.7175891  949.2955  949.9190
2021 04 18 04 03 00    -4.5889085   -1.7184227  949.2925  949.9095
2021 04 18 04 04 00    -4.5904513   -1.7191561  949.2896  949.8971
2021 04 18 04 05 00    -4.5920230   -1.7198344  949.2869  949.8894
2021 04 18 04 06 00    -4.5934796   -1.7205074  949.2840  949.8927
2021 04 18 04 07 00    -4.5948047   -1.7212228  949.2814  949.9040
2021 04 18 04 08 00    -4.5961229   -1.7219658  949.2791  949.9154
2021 04 18 04 09 00    -4.5974940   -1.7226711  949.2765  949.9222
2021 04 18 04 10 00    -4.5988493   -1.7232783  949.2737  949.9242
2021 04 18 04 11 00    -4.6001770   -1.7238880  949.2714  949.9241
2021 04 18 04 12 00    -4.6015347   -1.7246520  949.2695  949.9268
2021 04 18 04 13 00    -4.6028786   -1.7254478  949.2673  949.9332
2021 04 18 04 14 00    -4.6041688   -1.7260945  949.2649  949.9398
2021 04 18 04 15 00    -4.6054062   -1.7266475  949.2626  949.9429
2021 04 18 04 16 00    -4.6066327   -1.7272440  949.2601  949.9411
2021 04 18 04 17 00    -4.6080306   -1.7279457  949.2575  949.9367
2021 04 18 04 18 00    -4.6095991   -1.7287284  949.2555  949.9356
2021 04 18 04 19 00    -4.6110904   -1.7294985  949.2540  949.9424
2021 04 18 04 20 00    -4.6124501   -1.7301540  949.2525  949.9562
2021 04 18 04 21 00    -4.6137927   -1.7307347  949.2505  949.9674
2021 04 18 04 22 00    -4.6151510   -1.7313647  949.2484  949.9664
2021 04 18 04 23 00    -4.6164610   -1.7319980  949.2466  949.9561
2021 04 18 04 24 00    -4.6177248   -1.7325932  949.2453  949.9477
2021 04 18 04 25 00    -4.6189919   -1.7332320  949.2437  949.9449
2021 04 18 04 26 00    -4.6202420   -1.7339178  949.2417  949.9434
2021 04 18 04 27 00    -4.6215925   -1.7346849  949.2397  949.9434
2021 04 18 04 28 00    -4.6229964   -1.7354633  949.2378  949.9498
2021 04 18 04 29 00    -4.6241442   -1.7360393  949.2360  949.9635
2021 04 18 04 30 00    -4.6251745   -1.7365156  949.2347  949.9807
2021 04 18 04 31 00    -4.6263505   -1.7371009  949.2337  949.9970
2021 04 18 04 32 00    -4.6275789   -1.7378028  949.2326  950.0111
2021 04 18 04 33 00    -4.6287883   -1.7385097  949.2313  950.0247
2021 04 18 04 34 00    -4.6299412   -1.7390026  949.2303  950.0371
2021 04 18 04 35 00    -4.6310780   -1.7393559  949.2299  950.0467
2021 04 18 04 36 00    -4.6323221   -1.7398979  949.2296  950.0535
2021 04 18 04 37 00    -4.6335397   -1.7405663  949.2293  950.0572
2021 04 18 04 38 00    -4.6345728   -1.7411186  949.2291  950.0599
2021 04 18 04 39 00    -4.6355918   -1.7416173  949.2291  950.0680
2021 04 18 04 40 00    -4.6368091   -1.7422094  949.2292  950.0819
2021 04 18 04 41 00    -4.6380699   -1.7428631  949.2294  950.0946
2021 04 18 04 42 00    -4.6391326   -1.7434991  949.2301  950.1029
2021 04 18 04 43 00    -4.6401976   -1.7441135  949.2312  950.1096
2021 04 18 04 44 00    -4.6414513   -1.7446877  949.2323  950.1170
2021 04 18 04 45 00    -4.6425981   -1.7451860  949.2333  950.1255
2021 04 18 04 46 00    -4.6435100   -1.7456418  949.2343  950.1338
2021 04 18 04 47 00    -4.6444442   -1.7460924  949.2352  950.1399
2021 04 18 04 48 00    -4.6454497   -1.7465433  949.2362  950.1445
2021 04 18 04 49 00    -4.6464545   -1.7470626  949.2372  950.1508
2021 04 18 04 50 00    -4.6475425   -1.7476910  949.2382  950.1570
2021 04 18 04 51 00    -4.6486819   -1.7482983  949.2391  950.1594
2021 04 18 04 52 00    -4.6497604   -1.7487594  949.2402  950.1601
2021 04 18 04 53 00    -4.6507721   -1.7491560  949.2417  950.1636
2021 04 18 04 54 00    -4.6517939   -1.7496946  949.2433  950.1687
2021 04 18 04 55 00    -4.6528679   -1.7504015  949.2447  950.1695
2021 04 18 04 56 00    -4.6537690   -1.7509821  949.2456  950.1673
2021 04 18 04 57 00    -4.6544316   -1.7512908  949.2464  950.1692
2021 04 18 04 58 00    -4.6552730   -1.7516138  949.2476  950.1758
2021 04 18 04 59 00    -4.6563876   -1.7520719  949.2492  950.1833
2021 04 18 05 00 00    -4.6573719   -1.7524309  949.2510  950.1907
2021 04 18 05 01 00    -4.6581236   -1.7527400  949.2525  950.1948
2021 04 18 05 02 00    -4.6589256   -1.7532571  949.2537  950.1915
2021 04 18 05 03 00    -4.6599315   -1.7538815  949.2547  950.1838
2021 04 18 05 04 00    -4.6610487   -1.7544258  949.2559  950.1788
2021 04 18 05 05 00    -4.6621936   -1.7549565  949.2571  950.1772
2021 04 18 05 06 00    -4.6632714   -1.7554690  949.2585  950.1736
2021 04 18 05 07 00    -4.6640630   -1.7558452  949.2598  950.1664
2021 04 18 05 08 00    -4.6646351   -1.7561902  949.2607  950.1596
2021 04 18 05 09 00    -4.6653977   -1.7566543  949.2612  950.1550
2021 04 18 05 10 00    -4.6663965   -1.7571414  949.2616  950.1523
2021 04 18 05 11 00    -4.6672506   -1.7575453  949.2622  950.1543
2021 04 18 05 12 00    -4.6678023   -1.7578835  949.2631  950.1613
2021 04 18 05 13 00    -4.6683166   -1.7581387  949.2639  950.1691
2021 04 18 05 14 00    -4.6690625   -1.7583737  949.2647  950.1751
2021 04 18 05 15 00    -4.6698710   -1.7587395  949.2657  950.1814
2021 04 18 05 16 00    -4.6704441   -1.7591684  949.2670  950.1886
2021 04 18 05 17 00    -4.6709243   -1.7595286  949.2685  950.1969
2021 04 18 05 18 00    -4.6714962   -1.7598300  949.2697  950.2079
2021 04 18 05 19 00    -4.6719971   -1.7600413  949.2710  950.2210
2021 04 18 05 20 00    -4.6724598   -1.7602110  949.2725  950.2330
2021 04 18 05 21 00    -4.6730486   -1.7604794  949.2744  950.2415
2021 04 18 05 22 00    -4.6735821   -1.7607747  949.2766  950.2454
2021 04 18 05 23 00    -4.6739987   -1.7609931  949.2788  950.2460
2021 04 18 05 24 00    -4.6744781   -1.7612158  949.2806  950.2465
2021 04 18 05 25 00    -4.6749361   -1.7614861  949.2821  950.2484
2021 04 18 05 26 00    -4.6753291   -1.7617764  949.2835  950.2507
2021 04 18 05 27 00    -4.6758771   -1.7620777  949.2854  950.2524
2021 04 18 05 28 00    -4.6764775   -1.7623089  949.2875  950.2543
2021 04 18 05 29 00    -4.6768568   -1.7624244  949.2892  950.2583
2021 04 18 05 30 00    -4.6771112   -1.7625050  949.2905  950.2651
2021 04 18 05 31 00    -4.6773774   -1.7626155  949.2922  950.2714
2021 04 18 05 32 00    -4.6776891   -1.7627783  949.2943  950.2750
2021 04 18 05 33 00    -4.6780708   -1.7629439  949.2963  950.2785
2021 04 18 05 34 00    -4.6783444   -1.7630563  949.2981  950.2852
2021 04 18 05 35 00    -4.6784024   -1.7632226  949.3000  950.2960
2021 04 18 05 36 00    -4.6783677   -1.7634071  949.3023  950.3102
2021 04 18 05 37 00    -4.6783302   -1.7633541  949.3047  950.3261
2021 04 18 05 38 00    -4.6783968   -1.7631991  949.3070  950.3415
2021 04 18 05 39 00    -4.6786335   -1.7632780  949.3094  950.3540
2021 04 18 05 40 00    -4.6788671   -1.7634218  949.3122  950.3630
2021 04 18 05 41 00    -4.6789099   -1.7633707  949.3150  950.3702
2021 04 18 05 42 00    -4.6788487   -1.7632940  949.3178  950.3762
2021 04 18 05 43 00    -4.6788852   -1.7633859  949.3207  950.3791
2021 04 18 05 44 00    -4.6789422   -1.7635228  949.3234  950.3803
2021 04 18 05 45 00    -4.6788010   -1.7634283  949.3257  950.3851
2021 04 18 05 46 00    -4.6785620   -1.7631213  949.3282  950.3959
2021 04 18 05 47 00    -4.6784400   -1.7629765  949.3309  950.4108
2021 04 18 05 48 00    -4.6783318   -1.7630143  949.3340  950.4287
2021 04 18 05 49 00    -4.6780784   -1.7629223  949.3373  950.4495
2021 04 18 05 50 00    -4.6777987   -1.7627638  949.3409  950.4703
2021 04 18 05 51 00    -4.6775647   -1.7626985  949.3446  950.4868
2021 04 18 05 52 00    -4.6772532   -1.7626651  949.3481  950.4957
2021 04 18 05 53 00    -4.6768902   -1.7626269  949.3516  950.4972
2021 04 18 05 54 00    -4.6766220   -1.7625133  949.3552  950.4975
2021 04 18 05 55 00    -4.6764092   -1.7622964  949.3588  950.5008
2021 04 18 05 56 00    -4.6761483   -1.7620969  949.3622  950.5045
2021 04 18 05 57 00    -4.6758469   -1.7619226  949.3658  950.5061
2021 04 18 05 58 00    -4.6754250   -1.7616857  949.3693  950.5052
2021 04 18 05 59 00    -4.6748604   -1.7614279  949.3724  950.5040
2021 04 18 06 00 00    -4.6743459   -1.7612362  949.3754  950.5079
2021 04 18 06 01 00    -4.6739500   -1.7610920  949.3786  950.5171
2021 04 18 06 02 00    -4.6736169   -1.7608973  949.3820  950.5229
2021 04 18 06 03 00    -4.6732329   -1.7605901  949.3856  950.5207
2021 04 18 06 04 00    -4.6726227   -1.7602488  949.3892  950.5155
2021 04 18 06 05 00    -4.6719162   -1.7599714  949.3927  950.5113
2021 04 18 06 06 00    -4.6714494   -1.7597507  949.3959  950.5056
2021 04 18 06 07 00    -4.6712024   -1.7595794  949.3987  950.4956
2021 04 18 06 08 00    -4.6707909   -1.7593864  949.4013  950.4837
2021 04 18 06 09 00    -4.6700186   -1.7590216  949.4036  950.4739
2021 04 18 06 10 00    -4.6691190   -1.7585317  949.4061  950.4677
2021 04 18 06 11 00    -4.6683359   -1.7580906  949.4088  950.4650
2021 04 18 06 12 00    -4.6676697   -1.7576995  949.4117  950.4658
2021 04 18 06 13 00    -4.6670033   -1.7572624  949.4145  950.4683
2021 04 18 06 14 00    -4.6661798   -1.7567707  949.4170  950.4686
2021 04 18 06 15 00    -4.6652183   -1.7563388  949.4193  950.4647
2021 04 18 06 16 00    -4.6643481   -1.7560668  949.4214  950.4585
2021 04 18 06 17 00    -4.6636156   -1.7558049  949.4236  950.4533
2021 04 18 06 18 00    -4.6627549   -1.7553263  949.4261  950.4502
2021 04 18 06 19 00    -4.6615839   -1.7546937  949.4283  950.4498
2021 04 18 06 20 00    -4.6603628   -1.7541589  949.4303  950.4526
2021 04 18 06 21 00    -4.6593854   -1.7537545  949.4325  950.4574
2021 04 18 06 22 00    -4.6584061   -1.7532297  949.4351  950.4594
2021 04 18 06 23 00    -4.6571601   -1.7525294  949.4372  950.4565
2021 04 18 06 24 00    -4.6559002   -1.7519110  949.4392  950.4541
2021 04 18 06 25 00    -4.6548124   -1.7514292  949.4417  950.4580
2021 04 18 06 26 00    -4.6536450   -1.7508544  949.4443  950.4657
2021 04 18 06 27 00    -4.6521719   -1.7500654  949.4464  950.4719
2021 04 18 06 28 00    -4.6506001   -1.7492076  949.4482  950.4770
2021 04 18 06 29 00    -4.6492305   -1.7484584  949.4506  950.4827
2021 04 18 06 30 00    -4.6479485   -1.7477722  949.4533  950.4881
2021 04 18 06 31 00    -4.6465445   -1.7470267  949.4557  950.4946
2021 04 18 06 32 00    -4.6450249   -1.7462490  949.4581  950.5041
2021 04 18 06 33 00    -4.6433954   -1.7455147  949.4606  950.5144
2021 04 18 06 34 00    -4.6417106   -1.7447583  949.4632  950.5231
2021 04 18 06 35 00    -4.6400946   -1.7439123  949.4657  950.5307
2021 04 18 06 36 00    -4.6385417   -1.7430989  949.4686  950.5391
2021 04 18 06 37 00    -4.6369518   -1.7423772  949.4717  950.5478
2021 04 18 06 38 00    -4.6351783   -1.7416037  949.4747  950.5552
2021 04 18 06 39 00    -4.6331842   -1.7407234  949.4776  950.5628
2021 04 18 06 40 00    -4.6312095   -1.7398242  949.4807  950.5738
2021 04 18 06 41 00    -4.6294132   -1.7389243  949.4839  950.5887
2021 04 18 06 42 00    -4.6275975   -1.7379755  949.4872  950.6033
2021 04 18 06 43 00    -4.6255686   -1.7369482  949.4904  950.6142
2021 04 18 06 44 00    -4.6234930   -1.7358536  949.4935  950.6223
2021 04 18 06 45 00    -4.6215578   -1.7347809  949.4967  950.6284
2021 04 18 06 46 00    -4.6195838   -1.7337644  949.4998  950.6321
2021 04 18 06 47 00    -4.6174657   -1.7327181  949.5031  950.6349
2021 04 18 06 48 00    -4.6154320   -1.7316621  949.5065  950.6375
2021 04 18 06 49 00    -4.6135671   -1.7307144  949.5100  950.6384
2021 04 18 06 50 00    -4.6116134   -1.7298160  949.5134  950.6373
2021 04 18 06 51 00    -4.6093730   -1.7287593  949.5169  950.6350
2021 04 18 06 52 00    -4.6070609   -1.7275402  949.5203  950.6314
2021 04 18 06 53 00    -4.6048980   -1.7263787  949.5234  950.6249
2021 04 18 06 54 00    -4.6027224   -1.7253435  949.5260  950.6176
2021 04 18 06 55 00    -4.6003923   -1.7242503  949.5287  950.6145
2021 04 18 06 56 00    -4.5979598   -1.7229739  949.5315  950.6177
2021 04 18 06 57 00    -4.5955340   -1.7217354  949.5342  950.6236
2021 04 18 06 58 00    -4.5930932   -1.7206620  949.5371  950.6283
2021 04 18 06 59 00    -4.5904378   -1.7193758  949.5403  950.6300
2021 04 18 07 00 00    -4.5878900   -1.7178687  949.5433  950.6274
2021 04 18 07 01 00    -4.5857638   -1.7166080  949.5461  950.6203
2021 04 18 07 02 00    -4.5833632   -1.7154448  949.5488  950.6118
2021 04 18 07 03 00    -4.5804910   -1.7141120  949.5512  950.6051
2021 04 18 07 04 00    -4.5778541   -1.7128339  949.5536  950.6003
2021 04 18 07 05 00    -4.5753809   -1.7115625  949.5562  950.5968
2021 04 18 07 06 00    -4.5726357   -1.7101476  949.5587  950.5947
2021 04 18 07 07 00    -4.5698218   -1.7088217  949.5609  950.5960
2021 04 18 07 08 00    -4.5671211   -1.7076101  949.5635  950.5998
2021 04 18 07 09 00    -4.5643317   -1.7062612  949.5662  950.5999
2021 04 18 07 10 00    -4.5614509   -1.7047820  949.5685  950.5916
2021 04 18 07 11 00    -4.5585837   -1.7032604  949.5703  950.5803
2021 04 18 07 12 00    -4.5555742   -1.7016793  949.5722  950.5730
2021 04 18 07 13 00    -4.5524022   -1.7001364  949.5743  950.5685
2021 04 18 07 14 00    -4.5492711   -1.6986826  949.5763  950.5632
2021 04 18 07 15 00    -4.5462358   -1.6972031  949.5779  950.5585
2021 04 18 07 16 00    -4.5430842   -1.6955973  949.5794  950.5542
2021 04 18 07 17 00    -4.5396491   -1.6938652  949.5812  950.5509
2021 04 18 07 18 00    -4.5362510   -1.6921966  949.5834  950.5563
2021 04 18 07 19 00    -4.5331656   -1.6907224  949.5857  950.5718
2021 04 18 07 20 00    -4.5300232   -1.6891799  949.5876  950.5848
2021 04 18 07 21 00    -4.5265858   -1.6873691  949.5894  950.5881
2021 04 18 07 22 00    -4.5230795   -1.6855335  949.5913  950.5892
2021 04 18 07 23 00    -4.5194585   -1.6838175  949.5933  950.5971
2021 04 18 07 24 00    -4.5156278   -1.6820251  949.5954  950.6124
2021 04 18 07 25 00    -4.5119315   -1.6801304  949.5977  950.6295
2021 04 18 07 26 00    -4.5084828   -1.6783142  949.6000  950.6437
2021 04 18 07 27 00    -4.5048659   -1.6765368  949.6023  950.6519
2021 04 18 07 28 00    -4.5009064   -1.6746063  949.6047  950.6525
2021 04 18 07 29 00    -4.4969295   -1.6725531  949.6074  950.6560
2021 04 18 07 30 00    -4.4931301   -1.6705922  949.6104  950.6751
2021 04 18 07 31 00    -4.4893228   -1.6687200  949.6131  950.6971
2021 04 18 07 32 00    -4.4853625   -1.6667210  949.6156  950.7023
2021 04 18 07 33 00    -4.4814202   -1.6646628  949.6183  950.6944
2021 04 18 07 34 00    -4.4776495   -1.6627543  949.6212  950.6898
2021 04 18 07 35 00    -4.4738101   -1.6608478  949.6240  950.6945
2021 04 18 07 36 00    -4.4696384   -1.6587721  949.6267  950.7021
2021 04 18 07 37 00    -4.4653173   -1.6566616  949.6292  950.7049
2021 04 18 07 38 00    -4.4610851   -1.6545783  949.6319  950.7040
2021 04 18 07 39 00    -4.4568234   -1.6524471  949.6350  950.7059
2021 04 18 07 40 00    -4.4525028   -1.6503364  949.6378  950.7106
2021 04 18 07 41 00    -4.4483455   -1.6482582  949.6399  950.7103
2021 04 18 07 42 00    -4.4443040   -1.6461145  949.6425  950.6996
2021 04 18 07 43 00    -4.4401477   -1.6439908  949.6455  950.6843
2021 04 18 07 44 00    -4.4359200   -1.6419650  949.6479  950.6722
2021 04 18 07 45 00    -4.4316712   -1.6398732  949.6498  950.6641
2021 04 18 07 46 00    -4.4272418   -1.6375513  949.6519  950.6596
2021 04 18 07 47 00    -4.4226160   -1.6350999  949.6541  950.6590
2021 04 18 07 48 00    -4.4179576   -1.6327469  949.6560  950.6596
2021 04 18 07 49 00    -4.4134426   -1.6305075  949.6577  950.6604
2021 04 18 07 50 00    -4.4090654   -1.6282598  949.6595  950.6639
2021 04 18 07 51 00    -4.4045306   -1.6260188  949.6620  950.6706
2021 04 18 07 52 00    -4.3997190   -1.6237935  949.6643  950.6756
2021 04 18 07 53 00    -4.3949048   -1.6214889  949.6662  950.6726
2021 04 18 07 54 00    -4.3902626   -1.6190728  949.6679  950.6618
2021 04 18 07 55 00    -4.3855350   -1.6165566  949.6698  950.6505
2021 04 18 07 56 00    -4.3805138   -1.6140275  949.6716  950.6418
2021 04 18 07 57 00    -4.3754678   -1.6116144  949.6732  950.6319
2021 04 18 07 58 00    -4.3705560   -1.6092006  949.6745  950.6225
2021 04 18 07 59 00    -4.3656163   -1.6066714  949.6758  950.6199
2021 04 18 08 00 00    -4.3606017   -1.6041929  949.6773  950.6229
2021 04 18 08 01 00    -4.3554560   -1.6017594  949.6793  950.6260
2021 04 18 08 02 00    -4.3501979   -1.5991890  949.6813  950.6296
2021 04 18 08 03 00    -4.3450304   -1.5965315  949.6828  950.6342
2021 04 18 08 04 00    -4.3398934   -1.5938876  949.6840  950.6351
2021 04 18 08 05 00    -4.3346671   -1.5912748  949.6855  950.6291
2021 04 18 08 06 00    -4.3294705   -1.5886889  949.6874  950.6181
2021 04 18 08 07 00    -4.3242257   -1.5860353  949.6892  950.6074
2021 04 18 08 08 00    -4.3187867   -1.5833247  949.6903  950.6027
2021 04 18 08 09 00    -4.3133494   -1.5807353  949.6911  950.6043
2021 04 18 08 10 00    -4.3079756   -1.5781706  949.6921  950.6058
2021 04 18 08 11 00    -4.3024816   -1.5753702  949.6932  950.6047
2021 04 18 08 12 00    -4.2969467   -1.5725067  949.6943  950.6045
2021 04 18 08 13 00    -4.2914139   -1.5697778  949.6951  950.6063
2021 04 18 08 14 00    -4.2857426   -1.5669430  949.6958  950.6062
2021 04 18 08 15 00    -4.2800452   -1.5639856  949.6969  950.6017
2021 04 18 08 16 00    -4.2744132   -1.5611476  949.6981  950.5930
2021 04 18 08 17 00    -4.2686944   -1.5582961  949.6988  950.5813
2021 04 18 08 18 00    -4.2628893   -1.5553528  949.6992  950.5703
2021 04 18 08 19 00    -4.2571347   -1.5525780  949.6995  950.5625
2021 04 18 08 20 00    -4.2513486   -1.5498457  949.6997  950.5554
2021 04 18 08 21 00    -4.2453669   -1.5467639  949.6996  950.5456
2021 04 18 08 22 00    -4.2392459   -1.5434800  949.6993  950.5363
2021 04 18 08 23 00    -4.2331619   -1.5404082  949.6991  950.5344
2021 04 18 08 24 00    -4.2271738   -1.5374965  949.6991  950.5404
2021 04 18 08 25 00    -4.2210738   -1.5343915  949.6992  950.5483
2021 04 18 08 26 00    -4.2147337   -1.5311158  949.6994  950.5536
2021 04 18 08 27 00    -4.2084287   -1.5280064  949.6995  950.5556
2021 04 18 08 28 00    -4.2022563   -1.5250765  949.6998  950.5550
2021 04 18 08 29 00    -4.1959915   -1.5220758  949.7000  950.5548
2021 04 18 08 30 00    -4.1895960   -1.5188537  949.7000  950.5573
2021 04 18 08 31 00    -4.1831168   -1.5154214  949.7001  950.5603
2021 04 18 08 32 00    -4.1765983   -1.5120354  949.7003  950.5595
2021 04 18 08 33 00    -4.1700909   -1.5088573  949.7006  950.5589
2021 04 18 08 34 00    -4.1634906   -1.5056963  949.7012  950.5671
2021 04 18 08 35 00    -4.1567750   -1.5024159  949.7020  950.5835
2021 04 18 08 36 00    -4.1500979   -1.4990622  949.7027  950.5966
2021 04 18 08 37 00    -4.1434927   -1.4956686  949.7030  950.5962
2021 04 18 08 38 00    -4.1368579   -1.4922611  949.7033  950.5861
2021 04 18 08 39 00    -4.1301612   -1.4889058  949.7039  950.5791
2021 04 18 08 40 00    -4.1233836   -1.4855660  949.7046  950.5808
2021 04 18 08 41 00    -4.1165184   -1.4821342  949.7054  950.5868
2021 04 18 08 42 00    -4.1096766   -1.4786514  949.7068  950.5972
2021 04 18 08 43 00    -4.1028251   -1.4751612  949.7081  950.6126
2021 04 18 08 44 00    -4.0958112   -1.4716305  949.7090  950.6208
2021 04 18 08 45 00    -4.0887196   -1.4681003  949.7098  950.6170
2021 04 18 08 46 00    -4.0817093   -1.4646208  949.7105  950.6091
2021 04 18 08 47 00    -4.0747313   -1.4611290  949.7109  950.5981
2021 04 18 08 48 00    -4.0676409   -1.4575259  949.7111  950.5868
2021 04 18 08 49 00    -4.0604395   -1.4538692  949.7120  950.5886
2021 04 18 08 50 00    -4.0531638   -1.4502117  949.7136  950.6055
2021 04 18 08 51 00    -4.0457247   -1.4464746  949.7154  950.6257
2021 04 18 08 52 00    -4.0382623   -1.4427603  949.7171  950.6387
2021 04 18 08 53 00    -4.0310045   -1.4391901  949.7186  950.6406
2021 04 18 08 54 00    -4.0236809   -1.4355395  949.7197  950.6370
2021 04 18 08 55 00    -4.0160820   -1.4316867  949.7207  950.6357
2021 04 18 08 56 00    -4.0085298   -1.4278870  949.7221  950.6394
2021 04 18 08 57 00    -4.0011056   -1.4241645  949.7239  950.6502
2021 04 18 08 58 00    -3.9935497   -1.4203150  949.7256  950.6703
2021 04 18 08 59 00    -3.9858643   -1.4164908  949.7273  950.6954
2021 04 18 09 00 00    -3.9782111   -1.4128278  949.7293  950.7175
2021 04 18 09 01 00    -3.9706168   -1.4090506  949.7318  950.7361
2021 04 18 09 02 00    -3.9629508   -1.4050453  949.7342  950.7554
2021 04 18 09 03 00    -3.9551001   -1.4010429  949.7361  950.7705
2021 04 18 09 04 00    -3.9471727   -1.3971139  949.7382  950.7726
2021 04 18 09 05 00    -3.9392832   -1.3931607  949.7409  950.7619
2021 04 18 09 06 00    -3.9313534   -1.3892171  949.7434  950.7451
2021 04 18 09 07 00    -3.9233544   -1.3853273  949.7453  950.7313
2021 04 18 09 08 00    -3.9154100   -1.3813916  949.7472  950.7265
2021 04 18 09 09 00    -3.9075473   -1.3773407  949.7494  950.7276
2021 04 18 09 10 00    -3.8996365   -1.3733045  949.7517  950.7313
2021 04 18 09 11 00    -3.8916623   -1.3694300  949.7539  950.7367
2021 04 18 09 12 00    -3.8837263   -1.3656067  949.7563  950.7420
2021 04 18 09 13 00    -3.8757974   -1.3616431  949.7589  950.7468
2021 04 18 09 14 00    -3.8677094   -1.3575056  949.7611  950.7523
2021 04 18 09 15 00    -3.8593773   -1.3532162  949.7630  950.7602
2021 04 18 09 16 00    -3.8510188   -1.3489537  949.7652  950.7733
2021 04 18 09 17 00    -3.8428062   -1.3449180  949.7681  950.7896
2021 04 18 09 18 00    -3.8344818   -1.3408984  949.7709  950.8047
2021 04 18 09 19 00    -3.8259663   -1.3366939  949.7734  950.8209
2021 04 18 09 20 00    -3.8175580   -1.3324279  949.7761  950.8397
2021 04 18 09 21 00    -3.8092035   -1.3280826  949.7793  950.8537
2021 04 18 09 22 00    -3.8006764   -1.3236610  949.7827  950.8596
2021 04 18 09 23 00    -3.7921044   -1.3194099  949.7858  950.8634
2021 04 18 09 24 00    -3.7835708   -1.3153227  949.7886  950.8671
2021 04 18 09 25 00    -3.7750367   -1.3111681  949.7915  950.8675
2021 04 18 09 26 00    -3.7665161   -1.3068863  949.7947  950.8645
2021 04 18 09 27 00    -3.7579111   -1.3025209  949.7976  950.8602
2021 04 18 09 28 00    -3.7492869   -1.2981250  949.8005  950.8543
2021 04 18 09 29 00    -3.7407940   -1.2937901  949.8034  950.8462
2021 04 18 09 30 00    -3.7322660   -1.2895494  949.8060  950.8396
2021 04 18 09 31 00    -3.7235357   -1.2852342  949.8085  950.8392
2021 04 18 09 32 00    -3.7146313   -1.2807374  949.8113  950.8448
2021 04 18 09 33 00    -3.7057253   -1.2763324  949.8142  950.8510
2021 04 18 09 34 00    -3.6970364   -1.2721190  949.8168  950.8520
2021 04 18 09 35 00    -3.6884189   -1.2677221  949.8195  950.8506
2021 04 18 09 36 00    -3.6795815   -1.2630491  949.8224  950.8549
2021 04 18 09 37 00    -3.6706023   -1.2584001  949.8251  950.8627
2021 04 18 09 38 00    -3.6616239   -1.2539001  949.8276  950.8666
2021 04 18 09 39 00    -3.6526161   -1.2495266  949.8303  950.8686
2021 04 18 09 40 00    -3.6435862   -1.2452194  949.8330  950.8754
2021 04 18 09 41 00    -3.6345357   -1.2408174  949.8358  950.8858
2021 04 18 09 42 00    -3.6254495   -1.2362431  949.8388  950.8933
2021 04 18 09 43 00    -3.6163518   -1.2315428  949.8415  950.8981
2021 04 18 09 44 00    -3.6071828   -1.2267709  949.8441  950.9066
2021 04 18 09 45 00    -3.5979356   -1.2220782  949.8467  950.9159
2021 04 18 09 46 00    -3.5886860   -1.2175523  949.8494  950.9186
2021 04 18 09 47 00    -3.5794244   -1.2130143  949.8521  950.9165
2021 04 18 09 48 00    -3.5701898   -1.2083756  949.8550  950.9123
2021 04 18 09 49 00    -3.5610216   -1.2037534  949.8580  950.9034
2021 04 18 09 50 00    -3.5518212   -1.1991620  949.8606  950.8944
2021 04 18 09 51 00    -3.5424654   -1.1945187  949.8632  950.8934
2021 04 18 09 52 00    -3.5329919   -1.1897565  949.8658  950.8979
2021 04 18 09 53 00    -3.5236479   -1.1849717  949.8682  950.9003
2021 04 18 09 54 00    -3.5144191   -1.1803677  949.8706  950.9002
2021 04 18 09 55 00    -3.5049759   -1.1758005  949.8733  950.9033
2021 04 18 09 56 00    -3.4954026   -1.1710205  949.8761  950.9105
2021 04 18 09 57 00    -3.4860180   -1.1661957  949.8790  950.9158
2021 04 18 09 58 00    -3.4766122   -1.1614524  949.8820  950.9133
2021 04 18 09 59 00    -3.4669387   -1.1566609  949.8848  950.9054
2021 04 18 10 00 00    -3.4573388   -1.1518860  949.8872  950.8985
2021 04 18 10 01 00    -3.4479370   -1.1471653  949.8895  950.8954
2021 04 18 10 02 00    -3.4382854   -1.1422654  949.8919  950.8959
2021 04 18 10 03 00    -3.4283270   -1.1371529  949.8943  950.8996
2021 04 18 10 04 00    -3.4185418   -1.1321694  949.8967  950.9039
2021 04 18 10 05 00    -3.4090698   -1.1274842  949.8993  950.9059
2021 04 18 10 06 00    -3.3994938   -1.1227456  949.9017  950.9057
2021 04 18 10 07 00    -3.3895681   -1.1177008  949.9038  950.9040
2021 04 18 10 08 00    -3.3796672   -1.1126621  949.9058  950.9009
2021 04 18 10 09 00    -3.3700924   -1.1078475  949.9080  950.9007
2021 04 18 10 10 00    -3.3604895   -1.1029788  949.9102  950.9092
2021 04 18 10 11 00    -3.3505265   -1.0979074  949.9123  950.9215
2021 04 18 10 12 00    -3.3404782   -1.0928993  949.9145  950.9246
2021 04 18 10 13 00    -3.3306628   -1.0881082  949.9170  950.9165
2021 04 18 10 14 00    -3.3209076   -1.0833603  949.9194  950.9082
2021 04 18 10 15 00    -3.3109601   -1.0784405  949.9214  950.9060
2021 04 18 10 16 00    -3.3009216   -1.0733709  949.9233  950.9073
2021 04 18 10 17 00    -3.2909698   -1.0683762  949.9255  950.9097
2021 04 18 10 18 00    -3.2810946   -1.0635057  949.9278  950.9125
2021 04 18 10 19 00    -3.2712409   -1.0586068  949.9299  950.9135
2021 04 18 10 20 00    -3.2613322   -1.0535843  949.9321  950.9132
2021 04 18 10 21 00    -3.2512289   -1.0484426  949.9348  950.9141
2021 04 18 10 22 00    -3.2410260   -1.0433207  949.9373  950.9167
2021 04 18 10 23 00    -3.2310330   -1.0383522  949.9392  950.9185
2021 04 18 10 24 00    -3.2211505   -1.0334422  949.9411  950.9192
2021 04 18 10 25 00    -3.2110625   -1.0284813  949.9433  950.9185
2021 04 18 10 26 00    -3.2009526   -1.0234848  949.9454  950.9132
2021 04 18 10 27 00    -3.1910078   -1.0183805  949.9473  950.9023
2021 04 18 10 28 00    -3.1809849   -1.0131513  949.9489  950.8909
2021 04 18 10 29 00    -3.1708035   -1.0079536  949.9508  950.8821
2021 04 18 10 30 00    -3.1605544   -1.0028007  949.9527  950.8746
2021 04 18 10 31 00    -3.1502537   -0.9976684  949.9542  950.8686
2021 04 18 10 32 00    -3.1400739   -0.9926803  949.9553  950.8658
2021 04 18 10 33 00    -3.1300520   -0.9877714  949.9563  950.8652
2021 04 18 10 34 00    -3.1198764   -0.9827221  949.9574  950.8642
2021 04 18 10 35 00    -3.1095349   -0.9775763  949.9590  950.8621
2021 04 18 10 36 00    -3.0993202   -0.9725377  949.9606  950.8598
2021 04 18 10 37 00    -3.0891741   -0.9675432  949.9619  950.8562
2021 04 18 10 38 00    -3.0789076   -0.9623704  949.9627  950.8519
2021 04 18 10 39 00    -3.0685150   -0.9570383  949.9635  950.8525
2021 04 18 10 40 00    -3.0580081   -0.9517461  949.9645  950.8591
2021 04 18 10 41 00    -3.0475613   -0.9465886  949.9658  950.8653
2021 04 18 10 42 00    -3.0373480   -0.9415145  949.9670  950.8688
2021 04 18 10 43 00    -3.0270957   -0.9363973  949.9681  950.8712
2021 04 18 10 44 00    -3.0165416   -0.9311064  949.9694  950.8704
2021 04 18 10 45 00    -3.0059961   -0.9257358  949.9707  950.8656
2021 04 18 10 46 00    -2.9957175   -0.9204875  949.9719  950.8597
2021 04 18 10 47 00    -2.9854018   -0.9152446  949.9730  950.8553
2021 04 18 10 48 00    -2.9749216   -0.9099121  949.9739  950.8530
2021 04 18 10 49 00    -2.9646072   -0.9047672  949.9745  950.8529
2021 04 18 10 50 00    -2.9544813   -0.8998846  949.9752  950.8563
2021 04 18 10 51 00    -2.9441842   -0.8948994  949.9762  950.8603
2021 04 18 10 52 00    -2.9336036   -0.8895754  949.9774  950.8616
2021 04 18 10 53 00    -2.9229878   -0.8841153  949.9782  950.8622
2021 04 18 10 54 00    -2.9125347   -0.8788222  949.9787  950.8639
2021 04 18 10 55 00    -2.9020985   -0.8736717  949.9791  950.8636
2021 04 18 10 56 00    -2.8915542   -0.8684040  949.9798  950.8595
2021 04 18 10 57 00    -2.8810627   -0.8630119  949.9805  950.8523
2021 04 18 10 58 00    -2.8706569   -0.8577573  949.9810  950.8434
2021 04 18 10 59 00    -2.8602457   -0.8526298  949.9816  950.8381
2021 04 18 11 00 00    -2.8498160   -0.8474004  949.9823  950.8389
2021 04 18 11 01 00    -2.8392959   -0.8421029  949.9831  950.8389
2021 04 18 11 02 00    -2.8286990   -0.8368553  949.9837  950.8356
2021 04 18 11 03 00    -2.8181625   -0.8315891  949.9841  950.8350
2021 04 18 11 04 00    -2.8077093   -0.8262657  949.9844  950.8365
2021 04 18 11 05 00    -2.7972431   -0.8210006  949.9848  950.8387
2021 04 18 11 06 00    -2.7866325   -0.8157941  949.9851  950.8437
2021 04 18 11 07 00    -2.7759477   -0.8104914  949.9855  950.8448
2021 04 18 11 08 00    -2.7654380   -0.8051578  949.9860  950.8395
2021 04 18 11 09 00    -2.7550294   -0.7999525  949.9866  950.8365
2021 04 18 11 10 00    -2.7445261   -0.7947920  949.9873  950.8352
2021 04 18 11 11 00    -2.7339946   -0.7895647  949.9880  950.8299
2021 04 18 11 12 00    -2.7234846   -0.7842978  949.9886  950.8237
2021 04 18 11 13 00    -2.7129993   -0.7790197  949.9888  950.8179
2021 04 18 11 14 00    -2.7025435   -0.7737458  949.9888  950.8089
2021 04 18 11 15 00    -2.6920773   -0.7685224  949.9889  950.7995
2021 04 18 11 16 00    -2.6816784   -0.7633664  949.9888  950.7952
2021 04 18 11 17 00    -2.6713477   -0.7582231  949.9882  950.7900
2021 04 18 11 18 00    -2.6609150   -0.7529908  949.9871  950.7745
2021 04 18 11 19 00    -2.6504640   -0.7477192  949.9857  950.7546
2021 04 18 11 20 00    -2.6401840   -0.7425556  949.9845  950.7386
2021 04 18 11 21 00    -2.6298921   -0.7373711  949.9835  950.7237
2021 04 18 11 22 00    -2.6193753   -0.7320679  949.9824  950.7064
2021 04 18 11 23 00    -2.6088306   -0.7268864  949.9809  950.6890
2021 04 18 11 24 00    -2.5984736   -0.7218229  949.9790  950.6763
2021 04 18 11 25 00    -2.5881208   -0.7165624  949.9769  950.6727
2021 04 18 11 26 00    -2.5775899   -0.7111519  949.9750  950.6760
2021 04 18 11 27 00    -2.5670818   -0.7059634  949.9735  950.6779
2021 04 18 11 28 00    -2.5567165   -0.7010188  949.9722  950.6749
2021 04 18 11 29 00    -2.5462784   -0.6958902  949.9704  950.6693
2021 04 18 11 30 00    -2.5358017   -0.6904570  949.9681  950.6627
2021 04 18 11 31 00    -2.5254983   -0.6851104  949.9660  950.6571
2021 04 18 11 32 00    -2.5151154   -0.6799258  949.9644  950.6537
2021 04 18 11 33 00    -2.5045075   -0.6746597  949.9630  950.6518
2021 04 18 11 34 00    -2.4940477   -0.6694132  949.9611  950.6524
2021 04 18 11 35 00    -2.4837318   -0.6642814  949.9590  950.6550
2021 04 18 11 36 00    -2.4732656   -0.6590647  949.9572  950.6534
2021 04 18 11 37 00    -2.4628241   -0.6538084  949.9557  950.6462
2021 04 18 11 38 00    -2.4524888   -0.6487036  949.9539  950.6401
2021 04 18 11 39 00    -2.4419943   -0.6436208  949.9517  950.6386
2021 04 18 11 40 00    -2.4314833   -0.6384157  949.9497  950.6383
2021 04 18 11 41 00    -2.4212403   -0.6331898  949.9481  950.6360
2021 04 18 11 42 00    -2.4110579   -0.6279980  949.9467  950.6326
2021 04 18 11 43 00    -2.4006771   -0.6227156  949.9449  950.6319
2021 04 18 11 44 00    -2.3902455   -0.6173682  949.9427  950.6317
2021 04 18 11 45 00    -2.3799975   -0.6122620  949.9405  950.6267
2021 04 18 11 46 00    -2.3698665   -0.6073865  949.9386  950.6197
2021 04 18 11 47 00    -2.3596926   -0.6023271  949.9370  950.6151
2021 04 18 11 48 00    -2.3494930   -0.5970932  949.9352  950.6112
2021 04 18 11 49 00    -2.3392752   -0.5920488  949.9331  950.6067
2021 04 18 11 50 00    -2.3289576   -0.5870827  949.9310  950.6045
2021 04 18 11 51 00    -2.3185466   -0.5818646  949.9292  950.6054
2021 04 18 11 52 00    -2.3081755   -0.5765631  949.9276  950.6056
2021 04 18 11 53 00    -2.2979627   -0.5714830  949.9258  950.6015
2021 04 18 11 54 00    -2.2878400   -0.5664957  949.9238  950.5949
2021 04 18 11 55 00    -2.2776996   -0.5613852  949.9218  950.5878
2021 04 18 11 56 00    -2.2676077   -0.5562198  949.9201  950.5786
2021 04 18 11 57 00    -2.2575542   -0.5511220  949.9183  950.5693
2021 04 18 11 58 00    -2.2474094   -0.5460543  949.9161  950.5654
2021 04 18 11 59 00    -2.2372856   -0.5409419  949.9139  950.5658
2021 04 18 12 00 00    -2.2273519   -0.5358363  949.9119  950.5634
2021 04 18 12 01 00    -2.2173872   -0.5307713  949.9097  950.5524
2021 04 18 12 02 00    -2.2072150   -0.5257081  949.9071  950.5350
2021 04 18 12 03 00    -2.1971433   -0.5206950  949.9046  950.5194
2021 04 18 12 04 00    -2.1872189   -0.5156788  949.9022  950.5105
2021 04 18 12 05 00    -2.1771759   -0.5106172  949.8992  950.5083
2021 04 18 12 06 00    -2.1671850   -0.5056936  949.8962  950.5085
2021 04 18 12 07 00    -2.1573228   -0.5008471  949.8935  950.5055
2021 04 18 12 08 00    -2.1473662   -0.4958789  949.8910  950.5060
2021 04 18 12 09 00    -2.1374232   -0.4909046  949.8885  950.5184
2021 04 18 12 10 00    -2.1275897   -0.4859953  949.8864  950.5311
2021 04 18 12 11 00    -2.1176859   -0.4810087  949.8846  950.5316
2021 04 18 12 12 00    -2.1076485   -0.4759149  949.8825  950.5283
2021 04 18 12 13 00    -2.0976371   -0.4708473  949.8800  950.5303
2021 04 18 12 14 00    -2.0878387   -0.4659037  949.8778  950.5350
2021 04 18 12 15 00    -2.0781543   -0.4610137  949.8760  950.5390
2021 04 18 12 16 00    -2.0683494   -0.4560611  949.8744  950.5414
2021 04 18 12 17 00    -2.0584636   -0.4511016  949.8724  950.5438
2021 04 18 12 18 00    -2.0486437   -0.4462634  949.8704  950.5521
2021 04 18 12 19 00    -2.0389065   -0.4414655  949.8690  950.5693
2021 04 18 12 20 00    -2.0291762   -0.4365189  949.8681  950.5887
2021 04 18 12 21 00    -2.0193842   -0.4315054  949.8674  950.6049
2021 04 18 12 22 00    -2.0096125   -0.4266567  949.8667  950.6174
2021 04 18 12 23 00    -1.9999626   -0.4219319  949.8662  950.6231
2021 04 18 12 24 00    -1.9903547   -0.4171548  949.8659  950.6244
2021 04 18 12 25 00    -1.9807132   -0.4123228  949.8657  950.6320
2021 04 18 12 26 00    -1.9711471   -0.4075300  949.8657  950.6468
2021 04 18 12 27 00    -1.9617007   -0.4027874  949.8658  950.6596
2021 04 18 12 28 00    -1.9521757   -0.3979874  949.8660  950.6681
2021 04 18 12 29 00    -1.9425342   -0.3931661  949.8663  950.6762
2021 04 18 12 30 00    -1.9330571   -0.3885511  949.8667  950.6842
2021 04 18 12 31 00    -1.9238051   -0.3840727  949.8672  950.6893
2021 04 18 12 32 00    -1.9145760   -0.3794490  949.8678  950.6903
2021 04 18 12 33 00    -1.9052993   -0.3747237  949.8685  950.6877
2021 04 18 12 34 00    -1.8959468   -0.3700140  949.8691  950.6840
2021 04 18 12 35 00    -1.8865703   -0.3652699  949.8693  950.6833
2021 04 18 12 36 00    -1.8773572   -0.3605776  949.8695  950.6877
2021 04 18 12 37 00    -1.8682589   -0.3560261  949.8700  950.6952
2021 04 18 12 38 00    -1.8591153   -0.3515334  949.8704  950.7017
2021 04 18 12 39 00    -1.8499700   -0.3469973  949.8708  950.7044
2021 04 18 12 40 00    -1.8408801   -0.3423804  949.8717  950.7046
2021 04 18 12 41 00    -1.8318788   -0.3378437  949.8730  950.7054
2021 04 18 12 42 00    -1.8229777   -0.3334793  949.8742  950.7088
2021 04 18 12 43 00    -1.8140335   -0.3290098  949.8749  950.7148
2021 04 18 12 44 00    -1.8049966   -0.3243571  949.8755  950.7203
2021 04 18 12 45 00    -1.7960315   -0.3198364  949.8762  950.7221
2021 04 18 12 46 00    -1.7871495   -0.3154770  949.8767  950.7228
2021 04 18 12 47 00    -1.7782185   -0.3110281  949.8772  950.7289
2021 04 18 12 48 00    -1.7693331   -0.3065066  949.8779  950.7401
2021 04 18 12 49 00    -1.7605758   -0.3020884  949.8791  950.7492
2021 04 18 12 50 00    -1.7518044   -0.2977420  949.8806  950.7544
2021 04 18 12 51 00    -1.7430338   -0.2933246  949.8821  950.7622
2021 04 18 12 52 00    -1.7343278   -0.2888952  949.8835  950.7750
2021 04 18 12 53 00    -1.7256511   -0.2846564  949.8850  950.7881
2021 04 18 12 54 00    -1.7171079   -0.2805550  949.8866  950.7975
2021 04 18 12 55 00    -1.7086787   -0.2763497  949.8886  950.8024
2021 04 18 12 56 00    -1.7002531   -0.2720353  949.8907  950.8048
2021 04 18 12 57 00    -1.6918868   -0.2677452  949.8926  950.8059
2021 04 18 12 58 00    -1.6834921   -0.2635050  949.8940  950.8040
2021 04 18 12 59 00    -1.6750174   -0.2593071  949.8954  950.7969
2021 04 18 13 00 00    -1.6666678   -0.2551322  949.8967  950.7864
2021 04 18 13 01 00    -1.6584391   -0.2509236  949.8982  950.7764
2021 04 18 13 02 00    -1.6501727   -0.2466949  949.8997  950.7711
2021 04 18 13 03 00    -1.6419743   -0.2425703  949.9010  950.7728
2021 04 18 13 04 00    -1.6339975   -0.2386396  949.9021  950.7784
2021 04 18 13 05 00    -1.6260301   -0.2347774  949.9032  950.7826
2021 04 18 13 06 00    -1.6178221   -0.2307942  949.9042  950.7841
2021 04 18 13 07 00    -1.6096649   -0.2267780  949.9052  950.7840
2021 04 18 13 08 00    -1.6018597   -0.2228455  949.9067  950.7836
2021 04 18 13 09 00    -1.5940970   -0.2188529  949.9086  950.7829
2021 04 18 13 10 00    -1.5861024   -0.2147585  949.9101  950.7796
2021 04 18 13 11 00    -1.5780998   -0.2106883  949.9111  950.7726
2021 04 18 13 12 00    -1.5703155   -0.2067251  949.9118  950.7657
2021 04 18 13 13 00    -1.5626422   -0.2028830  949.9126  950.7624
2021 04 18 13 14 00    -1.5548550   -0.1989989  949.9134  950.7639
2021 04 18 13 15 00    -1.5470044   -0.1950093  949.9144  950.7702
2021 04 18 13 16 00    -1.5394048   -0.1911668  949.9158  950.7785
2021 04 18 13 17 00    -1.5320260   -0.1875070  949.9171  950.7856
2021 04 18 13 18 00    -1.5245005   -0.1837986  949.9182  950.7911
2021 04 18 13 19 00    -1.5168858   -0.1800708  949.9191  950.7958
2021 04 18 13 20 00    -1.5094330   -0.1764034  949.9201  950.8004
2021 04 18 13 21 00    -1.5020013   -0.1726552  949.9213  950.8043
2021 04 18 13 22 00    -1.4945431   -0.1688604  949.9225  950.8048
2021 04 18 13 23 00    -1.4872642   -0.1651962  949.9239  950.8005
2021 04 18 13 24 00    -1.4800839   -0.1615925  949.9254  950.7947
2021 04 18 13 25 00    -1.4728540   -0.1579718  949.9267  950.7910
2021 04 18 13 26 00    -1.4657482   -0.1544701  949.9276  950.7913
2021 04 18 13 27 00    -1.4588446   -0.1510628  949.9284  950.7953
2021 04 18 13 28 00    -1.4518608   -0.1475256  949.9294  950.7990
2021 04 18 13 29 00    -1.4446588   -0.1439087  949.9304  950.7981
2021 04 18 13 30 00    -1.4375782   -0.1404584  949.9310  950.7931
2021 04 18 13 31 00    -1.4308691   -0.1371479  949.9318  950.7876
2021 04 18 13 32 00    -1.4242599   -0.1337634  949.9327  950.7826
2021 04 18 13 33 00    -1.4175017   -0.1302934  949.9336  950.7761
2021 04 18 13 34 00    -1.4107011   -0.1268919  949.9343  950.7683
2021 04 18 13 35 00    -1.4039645   -0.1235143  949.9351  950.7616
2021 04 18 13 36 00    -1.3972556   -0.1200449  949.9357  950.7558
2021 04 18 13 37 00    -1.3906169   -0.1166728  949.9359  950.7517
2021 04 18 13 38 00    -1.3842281   -0.1135651  949.9361  950.7527
2021 04 18 13 39 00    -1.3780165   -0.1105248  949.9363  950.7564
2021 04 18 13 40 00    -1.3716825   -0.1073351  949.9365  950.7572
2021 04 18 13 41 00    -1.3652851   -0.1040641  949.9368  950.7557
2021 04 18 13 42 00    -1.3589851   -0.1008830  949.9371  950.7563
2021 04 18 13 43 00    -1.3526134   -0.0977849  949.9372  950.7581
2021 04 18 13 44 00    -1.3462177   -0.0946926  949.9373  950.7581
2021 04 18 13 45 00    -1.3400764   -0.0916226  949.9376  950.7579
2021 04 18 13 46 00    -1.3340276   -0.0885435  949.9382  950.7605
2021 04 18 13 47 00    -1.3278608   -0.0854282  949.9386  950.7642
2021 04 18 13 48 00    -1.3218067   -0.0824065  949.9390  950.7660
2021 04 18 13 49 00    -1.3159568   -0.0795650  949.9397  950.7670
2021 04 18 13 50 00    -1.3101114   -0.0767430  949.9404  950.7678
2021 04 18 13 51 00    -1.3042410   -0.0737442  949.9408  950.7664
2021 04 18 13 52 00    -1.2984190   -0.0706466  949.9410  950.7626
2021 04 18 13 53 00    -1.2926363   -0.0676528  949.9414  950.7597
2021 04 18 13 54 00    -1.2868885   -0.0647919  949.9419  950.7601
2021 04 18 13 55 00    -1.2812458   -0.0619933  949.9425  950.7614
2021 04 18 13 56 00    -1.2758080   -0.0593205  949.9432  950.7597
2021 04 18 13 57 00    -1.2705049   -0.0568326  949.9436  950.7542
2021 04 18 13 58 00    -1.2651280   -0.0542862  949.9439  950.7472
2021 04 18 13 59 00    -1.2596299   -0.0514263  949.9442  950.7411
2021 04 18 14 00 00    -1.2542093   -0.0484585  949.9443  950.7375
2021 04 18 14 01 00    -1.2490909   -0.0457701  949.9443  950.7374
2021 04 18 14 02 00    -1.2441695   -0.0433717  949.9445  950.7386
2021 04 18 14 03 00    -1.2391361   -0.0409883  949.9449  950.7379
2021 04 18 14 04 00    -1.2340149   -0.0384753  949.9452  950.7345
2021 04 18 14 05 00    -1.2289824   -0.0358844  949.9450  950.7302
2021 04 18 14 06 00    -1.2239471   -0.0332842  949.9449  950.7281
2021 04 18 14 07 00    -1.2188903   -0.0307189  949.9450  950.7296
2021 04 18 14 08 00    -1.2140163   -0.0282831  949.9451  950.7322
2021 04 18 14 09 00    -1.2093811   -0.0259973  949.9449  950.7323
2021 04 18 14 10 00    -1.2047770   -0.0237017  949.9446  950.7293
2021 04 18 14 11 00    -1.2000271   -0.0213214  949.9446  950.7260
2021 04 18 14 12 00    -1.1952630   -0.0189635  949.9445  950.7228
2021 04 18 14 13 00    -1.1906506   -0.0166515  949.9443  950.7180
2021 04 18 14 14 00    -1.1862207   -0.0144017  949.9437  950.7128
2021 04 18 14 15 00    -1.1819871   -0.0123057  949.9429  950.7088
2021 04 18 14 16 00    -1.1777915   -0.0102594  949.9421  950.7045
2021 04 18 14 17 00    -1.1734709   -0.0080878  949.9414  950.7004
2021 04 18 14 18 00    -1.1691233   -0.0058455  949.9408  950.6991
2021 04 18 14 19 00    -1.1649215   -0.0036978  949.9402  950.6992
2021 04 18 14 20 00    -1.1608861   -0.0016882  949.9397  950.6959
2021 04 18 14 21 00    -1.1568803    0.0002871  949.9391  950.6894
2021 04 18 14 22 00    -1.1528306    0.0023246  949.9383  950.6828
2021 04 18 14 23 00    -1.1488342    0.0043581  949.9373  950.6758
2021 04 18 14 24 00    -1.1451222    0.0061396  949.9362  950.6675
2021 04 18 14 25 00    -1.1417230    0.0076681  949.9350  950.6578
2021 04 18 14 26 00    -1.1381754    0.0094420  949.9336  950.6463
2021 04 18 14 27 00    -1.1343295    0.0115795  949.9322  950.6338
2021 04 18 14 28 00    -1.1306636    0.0135225  949.9310  950.6236
2021 04 18 14 29 00    -1.1272336    0.0151545  949.9296  950.6174
2021 04 18 14 30 00    -1.1237265    0.0168601  949.9281  950.6149
2021 04 18 14 31 00    -1.1202451    0.0186240  949.9265  950.6163
2021 04 18 14 32 00    -1.1168807    0.0202604  949.9248  950.6204
2021 04 18 14 33 00    -1.1135305    0.0218847  949.9233  950.6253
2021 04 18 14 34 00    -1.1102904    0.0235631  949.9221  950.6289
2021 04 18 14 35 00    -1.1071625    0.0251881  949.9210  950.6294
2021 04 18 14 36 00    -1.1040045    0.0267626  949.9199  950.6270
2021 04 18 14 37 00    -1.1008327    0.0282962  949.9189  950.6234
2021 04 18 14 38 00    -1.0978568    0.0296745  949.9179  950.6185
2021 04 18 14 39 00    -1.0951691    0.0310293  949.9164  950.6105
2021 04 18 14 40 00    -1.0923960    0.0326365  949.9144  950.6014
2021 04 18 14 41 00    -1.0894799    0.0341882  949.9125  950.5942
2021 04 18 14 42 00    -1.0868570    0.0352747  949.9108  950.5877
2021 04 18 14 43 00    -1.0844335    0.0362584  949.9089  950.5793
2021 04 18 14 44 00    -1.0819212    0.0375727  949.9069  950.5683
2021 04 18 14 45 00    -1.0794601    0.0390162  949.9050  950.5562
2021 04 18 14 46 00    -1.0771525    0.0402257  949.9030  950.5460
2021 04 18 14 47 00    -1.0748718    0.0412303  949.9007  950.5386
2021 04 18 14 48 00    -1.0725958    0.0423050  949.8983  950.5306
2021 04 18 14 49 00    -1.0703729    0.0434577  949.8960  950.5194
2021 04 18 14 50 00    -1.0681316    0.0445746  949.8939  950.5073
2021 04 18 14 51 00    -1.0658905    0.0457766  949.8916  950.4994
2021 04 18 14 52 00    -1.0637681    0.0470513  949.8890  950.4985
2021 04 18 14 53 00    -1.0618414    0.0480808  949.8866  950.5023
2021 04 18 14 54 00    -1.0599967    0.0488432  949.8844  950.5075
2021 04 18 14 55 00    -1.0576508    0.0498897  949.8821  950.5116
2021 04 18 14 56 00    -1.0554038    0.0510866  949.8798  950.5126
2021 04 18 14 57 00    -1.0545606    0.0516403  949.8777  950.5098
2021 04 18 14 58 00    -1.0533413    0.0522329  949.8759  950.5049
2021 04 18 14 59 00    -1.0506035    0.0534530  949.8739  950.5014
2021 04 18 15 00 00    -1.0489359    0.0542033  949.8718  950.5015
2021 04 18 15 01 00    -1.0483837    0.0545337  949.8697  950.5040
2021 04 18 15 02 00    -1.0468429    0.0553374  949.8679  950.5068
2021 04 18 15 03 00    -1.0449887    0.0561710  949.8660  950.5091
2021 04 18 15 04 00    -1.0438032    0.0566599  949.8639  950.5111
2021 04 18 15 05 00    -1.0426132    0.0572393  949.8618  950.5144
2021 04 18 15 06 00    -1.0411969    0.0579514  949.8600  950.5187
2021 04 18 15 07 00    -1.0400434    0.0584944  949.8587  950.5214
2021 04 18 15 08 00    -1.0391666    0.0589329  949.8574  950.5212
2021 04 18 15 09 00    -1.0382789    0.0594891  949.8557  950.5194
2021 04 18 15 10 00    -1.0373226    0.0601109  949.8536  950.5171
2021 04 18 15 11 00    -1.0364515    0.0605561  949.8517  950.5155
2021 04 18 15 12 00    -1.0357369    0.0607969  949.8502  950.5169
2021 04 18 15 13 00    -1.0350554    0.0610862  949.8485  950.5220
2021 04 18 15 14 00    -1.0344318    0.0615065  949.8464  950.5257
2021 04 18 15 15 00    -1.0339515    0.0619181  949.8442  950.5209
2021 04 18 15 16 00    -1.0335313    0.0622412  949.8424  950.5072
2021 04 18 15 17 00    -1.0331371    0.0624373  949.8408  950.4906
2021 04 18 15 18 00    -1.0327965    0.0625292  949.8387  950.4750
2021 04 18 15 19 00    -1.0325578    0.0625294  949.8362  950.4598
2021 04 18 15 20 00    -1.0324511    0.0624299  949.8338  950.4446
2021 04 18 15 21 00    -1.0323245    0.0624530  949.8314  950.4329
2021 04 18 15 22 00    -1.0320786    0.0627129  949.8287  950.4297
2021 04 18 15 23 00    -1.0319141    0.0628964  949.8262  950.4348
2021 04 18 15 24 00    -1.0319981    0.0627997  949.8242  950.4433
2021 04 18 15 25 00    -1.0322452    0.0626049  949.8227  950.4509
2021 04 18 15 26 00    -1.0324556    0.0625117  949.8209  950.4546
2021 04 18 15 27 00    -1.0325052    0.0624961  949.8186  950.4542
2021 04 18 15 28 00    -1.0326003    0.0624080  949.8166  950.4540
2021 04 18 15 29 00    -1.0330239    0.0621637  949.8149  950.4571
2021 04 18 15 30 00    -1.0336170    0.0618503  949.8132  950.4645
2021 04 18 15 31 00    -1.0341216    0.0616314  949.8113  950.4767
2021 04 18 15 32 00    -1.0344744    0.0615661  949.8096  950.4911
2021 04 18 15 33 00    -1.0346715    0.0615077  949.8085  950.5037
2021 04 18 15 34 00    -1.0350774    0.0612399  949.8079  950.5147
2021 04 18 15 35 00    -1.0358899    0.0608387  949.8074  950.5258
2021 04 18 15 36 00    -1.0367099    0.0604880  949.8069  950.5374
2021 04 18 15 37 00    -1.0374978    0.0600923  949.8063  950.5495
2021 04 18 15 38 00    -1.0384076    0.0596034  949.8057  950.5616
2021 04 18 15 39 00    -1.0392647    0.0591074  949.8054  950.5730
2021 04 18 15 40 00    -1.0401528    0.0585901  949.8054  950.5843
2021 04 18 15 41 00    -1.0412201    0.0581057  949.8058  950.5958
2021 04 18 15 42 00    -1.0422945    0.0576630  949.8063  950.6059
2021 04 18 15 43 00    -1.0434429    0.0570403  949.8069  950.6133
2021 04 18 15 44 00    -1.0448534    0.0562062  949.8075  950.6178
2021 04 18 15 45 00    -1.0462711    0.0554653  949.8083  950.6197
2021 04 18 15 46 00    -1.0475570    0.0549202  949.8092  950.6197
2021 04 18 15 47 00    -1.0490506    0.0542561  949.8098  950.6190
2021 04 18 15 48 00    -1.0508247    0.0532689  949.8104  950.6158
2021 04 18 15 49 00    -1.0526055    0.0521844  949.8110  950.6077
2021 04 18 15 50 00    -1.0543668    0.0512334  949.8118  950.5961
2021 04 18 15 51 00    -1.0561733    0.0503829  949.8124  950.5872
2021 04 18 15 52 00    -1.0579355    0.0495609  949.8124  950.5868
2021 04 18 15 53 00    -1.0597240    0.0487242  949.8124  950.5955
2021 04 18 15 54 00    -1.0616450    0.0478628  949.8127  950.6111
2021 04 18 15 55 00    -1.0634551    0.0470157  949.8133  950.6314
2021 04 18 15 56 00    -1.0651437    0.0461066  949.8143  950.6533
2021 04 18 15 57 00    -1.0671737    0.0450593  949.8155  950.6720
2021 04 18 15 58 00    -1.0695832    0.0438978  949.8169  950.6844
2021 04 18 15 59 00    -1.0720137    0.0426073  949.8180  950.6910
2021 04 18 16 00 00    -1.0744069    0.0412726  949.8194  950.6933
2021 04 18 16 01 00    -1.0768930    0.0399931  949.8211  950.6915
2021 04 18 16 02 00    -1.0794425    0.0387233  949.8227  950.6864
2021 04 18 16 03 00    -1.0819489    0.0375108  949.8239  950.6799
2021 04 18 16 04 00    -1.0844938    0.0363530  949.8251  950.6709
2021 04 18 16 05 00    -1.0872079    0.0350135  949.8262  950.6567
2021 04 18 16 06 00    -1.0900323    0.0334839  949.8270  950.6422
2021 04 18 16 07 00    -1.0928686    0.0320789  949.8273  950.6383
2021 04 18 16 08 00    -1.0956500    0.0308710  949.8276  950.6472
2021 04 18 16 09 00    -1.0984080    0.0296190  949.8284  950.6601
2021 04 18 16 10 00    -1.1013092    0.0281688  949.8298  950.6693
2021 04 18 16 11 00    -1.1043447    0.0265701  949.8311  950.6726
2021 04 18 16 12 00    -1.1074085    0.0249576  949.8321  950.6708
2021 04 18 16 13 00    -1.1105986    0.0233767  949.8328  950.6683
2021 04 18 16 14 00    -1.1139823    0.0217162  949.8334  950.6713
2021 04 18 16 15 00    -1.1173647    0.0199847  949.8344  950.6799
2021 04 18 16 16 00    -1.1205323    0.0183819  949.8360  950.6873
2021 04 18 16 17 00    -1.1235682    0.0169001  949.8379  950.6891
2021 04 18 16 18 00    -1.1267830    0.0153054  949.8393  950.6885
2021 04 18 16 19 00    -1.1304079    0.0134533  949.8405  950.6910
2021 04 18 16 20 00    -1.1343013    0.0114211  949.8418  950.6985
2021 04 18 16 21 00    -1.1380368    0.0094935  949.8430  950.7099
2021 04 18 16 22 00    -1.1415109    0.0078063  949.8445  950.7218
2021 04 18 16 23 00    -1.1450673    0.0061227  949.8465  950.7320
2021 04 18 16 24 00    -1.1488898    0.0042209  949.8487  950.7411
2021 04 18 16 25 00    -1.1528683    0.0021745  949.8504  950.7501
2021 04 18 16 26 00    -1.1569042    0.0001501  949.8520  950.7573
2021 04 18 16 27 00    -1.1608538   -0.0018177  949.8539  950.7621
2021 04 18 16 28 00    -1.1646839   -0.0037621  949.8560  950.7665
2021 04 18 16 29 00    -1.1686777   -0.0057218  949.8581  950.7721
2021 04 18 16 30 00    -1.1728127   -0.0077401  949.8599  950.7783
2021 04 18 16 31 00    -1.1769928   -0.0098659  949.8617  950.7842
2021 04 18 16 32 00    -1.1815645   -0.0121368  949.8638  950.7909
2021 04 18 16 33 00    -1.1859305   -0.0142324  949.8664  950.7998
2021 04 18 16 34 00    -1.1896659   -0.0160916  949.8689  950.8096
2021 04 18 16 35 00    -1.1941711   -0.0183776  949.8709  950.8171
2021 04 18 16 36 00    -1.1992470   -0.0209094  949.8730  950.8210
2021 04 18 16 37 00    -1.2033537   -0.0229937  949.8754  950.8239
2021 04 18 16 38 00    -1.2074088   -0.0250687  949.8778  950.8279
2021 04 18 16 39 00    -1.2124327   -0.0275474  949.8803  950.8328
2021 04 18 16 40 00    -1.2175092   -0.0299983  949.8828  950.8384
2021 04 18 16 41 00    -1.2221742   -0.0322449  949.8852  950.8466
2021 04 18 16 42 00    -1.2268841   -0.0346076  949.8880  950.8597
2021 04 18 16 43 00    -1.2318093   -0.0371813  949.8912  950.8761
2021 04 18 16 44 00    -1.2367408   -0.0396381  949.8943  950.8905
2021 04 18 16 45 00    -1.2415790   -0.0419012  949.8972  950.8984
2021 04 18 16 46 00    -1.2465228   -0.0443952  949.9000  950.9006
2021 04 18 16 47 00    -1.2516580   -0.0472252  949.9026  950.9015
2021 04 18 16 48 00    -1.2568872   -0.0499817  949.9051  950.9020
2021 04 18 16 49 00    -1.2622537   -0.0525448  949.9078  950.8986
2021 04 18 16 50 00    -1.2676551   -0.0551373  949.9108  950.8913
2021 04 18 16 51 00    -1.2728788   -0.0577979  949.9135  950.8860
2021 04 18 16 52 00    -1.2781028   -0.0604541  949.9159  950.8884
2021 04 18 16 53 00    -1.2835211   -0.0631143  949.9183  950.8982
2021 04 18 16 54 00    -1.2890247   -0.0658347  949.9208  950.9089
2021 04 18 16 55 00    -1.2946234   -0.0686809  949.9237  950.9139
2021 04 18 16 56 00    -1.3003501   -0.0715717  949.9267  950.9145
2021 04 18 16 57 00    -1.3060321   -0.0743953  949.9291  950.9164
2021 04 18 16 58 00    -1.3116762   -0.0772758  949.9315  950.9221
2021 04 18 16 59 00    -1.3174268   -0.0802805  949.9346  950.9292
2021 04 18 17 00 00    -1.3232100   -0.0832367  949.9378  950.9349
2021 04 18 17 01 00    -1.3289463   -0.0860983  949.9407  950.9385
2021 04 18 17 02 00    -1.3347421   -0.0889967  949.9435  950.9428
2021 04 18 17 03 00    -1.3406966   -0.0919746  949.9463  950.9525
2021 04 18 17 04 00    -1.3467548   -0.0949785  949.9493  950.9680
2021 04 18 17 05 00    -1.3528707   -0.0980211  949.9525  950.9830
2021 04 18 17 06 00    -1.3590903   -0.1011603  949.9559  950.9906
2021 04 18 17 07 00    -1.3652930   -0.1042965  949.9590  950.9885
2021 04 18 17 08 00    -1.3713737   -0.1072958  949.9619  950.9801
2021 04 18 17 09 00    -1.3775364   -0.1102856  949.9646  950.9724
2021 04 18 17 10 00    -1.3838374   -0.1133939  949.9674  950.9708
2021 04 18 17 11 00    -1.3901009   -0.1165480  949.9706  950.9761
2021 04 18 17 12 00    -1.3964131   -0.1197904  949.9735  950.9858
2021 04 18 17 13 00    -1.4028238   -0.1230863  949.9762  950.9973
2021 04 18 17 14 00    -1.4091969   -0.1261930  949.9791  951.0090
2021 04 18 17 15 00    -1.4157509   -0.1293338  949.9821  951.0184
2021 04 18 17 16 00    -1.4225088   -0.1328101  949.9854  951.0242
2021 04 18 17 17 00    -1.4289557   -0.1361521  949.9889  951.0275
2021 04 18 17 18 00    -1.4352644   -0.1391569  949.9924  951.0295
2021 04 18 17 19 00    -1.4420790   -0.1424081  949.9956  951.0293
2021 04 18 17 20 00    -1.4491521   -0.1459809  949.9985  951.0273
2021 04 18 17 21 00    -1.4560041   -0.1494382  950.0014  951.0250
2021 04 18 17 22 00    -1.4627547   -0.1527661  950.0045  951.0248
2021 04 18 17 23 00    -1.4695292   -0.1561620  950.0078  951.0274
2021 04 18 17 24 00    -1.4763438   -0.1596534  950.0111  951.0309
2021 04 18 17 25 00    -1.4833707   -0.1632752  950.0142  951.0339
2021 04 18 17 26 00    -1.4905940   -0.1669991  950.0170  951.0383
2021 04 18 17 27 00    -1.4976228   -0.1705232  950.0197  951.0443
2021 04 18 17 28 00    -1.5044720   -0.1738533  950.0229  951.0497
2021 04 18 17 29 00    -1.5116924   -0.1774639  950.0261  951.0540
2021 04 18 17 30 00    -1.5191534   -0.1812828  950.0292  951.0574
2021 04 18 17 31 00    -1.5263391   -0.1848775  950.0322  951.0604
2021 04 18 17 32 00    -1.5334810   -0.1884174  950.0352  951.0634
2021 04 18 17 33 00    -1.5408269   -0.1921227  950.0382  951.0668
2021 04 18 17 34 00    -1.5482048   -0.1958045  950.0413  951.0715
2021 04 18 17 35 00    -1.5556220   -0.1994257  950.0445  951.0778
2021 04 18 17 36 00    -1.5629593   -0.2031041  950.0479  951.0842
2021 04 18 17 37 00    -1.5700921   -0.2068156  950.0514  951.0892
2021 04 18 17 38 00    -1.5775040   -0.2105301  950.0546  951.0926
2021 04 18 17 39 00    -1.5854035   -0.2143030  950.0577  951.0951
2021 04 18 17 40 00    -1.5931952   -0.2181470  950.0609  951.0996
2021 04 18 17 41 00    -1.6006262   -0.2219939  950.0642  951.1103
2021 04 18 17 42 00    -1.6080920   -0.2258144  950.0675  951.1278
2021 04 18 17 43 00    -1.6157391   -0.2296510  950.0710  951.1464
2021 04 18 17 44 00    -1.6233583   -0.2334989  950.0746  951.1603
2021 04 18 17 45 00    -1.6309312   -0.2372641  950.0783  951.1698
2021 04 18 17 46 00    -1.6386912   -0.2410031  950.0822  951.1793
2021 04 18 17 47 00    -1.6466557   -0.2449835  950.0861  951.1906
2021 04 18 17 48 00    -1.6545030   -0.2491478  950.0899  951.2024
2021 04 18 17 49 00    -1.6621989   -0.2531386  950.0935  951.2138
2021 04 18 17 50 00    -1.6700458   -0.2569891  950.0970  951.2242
2021 04 18 17 51 00    -1.6780312   -0.2609343  950.1007  951.2328
2021 04 18 17 52 00    -1.6859843   -0.2649535  950.1047  951.2400
2021 04 18 17 53 00    -1.6939460   -0.2689346  950.1090  951.2465
2021 04 18 17 54 00    -1.7019117   -0.2727993  950.1135  951.2516
2021 04 18 17 55 00    -1.7098310   -0.2766296  950.1179  951.2552
2021 04 18 17 56 00    -1.7178103   -0.2806332  950.1222  951.2591
2021 04 18 17 57 00    -1.7259948   -0.2848152  950.1261  951.2649
2021 04 18 17 58 00    -1.7343732   -0.2890174  950.1300  951.2718
2021 04 18 17 59 00    -1.7427025   -0.2931613  950.1341  951.2784
2021 04 18 18 00 00    -1.7509413   -0.2973891  950.1382  951.2845
2021 04 18 18 01 00    -1.7593868   -0.3018490  950.1423  951.2894
2021 04 18 18 02 00    -1.7678441   -0.3061840  950.1464  951.2926
2021 04 18 18 03 00    -1.7759946   -0.3100914  950.1506  951.2944
2021 04 18 18 04 00    -1.7843340   -0.3140999  950.1547  951.2962
2021 04 18 18 05 00    -1.7930038   -0.3185126  950.1588  951.2996
2021 04 18 18 06 00    -1.8013214   -0.3228118  950.1629  951.3050
2021 04 18 18 07 00    -1.8094868   -0.3269325  950.1668  951.3110
2021 04 18 18 08 00    -1.8182426   -0.3312710  950.1705  951.3142
2021 04 18 18 09 00    -1.8271675   -0.3356406  950.1743  951.3126
2021 04 18 18 10 00    -1.8356472   -0.3397936  950.1783  951.3082
2021 04 18 18 11 00    -1.8440337   -0.3439954  950.1822  951.3035
2021 04 18 18 12 00    -1.8526796   -0.3483815  950.1858  951.2990
2021 04 18 18 13 00    -1.8614854   -0.3527244  950.1894  951.2952
2021 04 18 18 14 00    -1.8702823   -0.3569433  950.1930  951.2922
2021 04 18 18 15 00    -1.8789538   -0.3612690  950.1966  951.2895
2021 04 18 18 16 00    -1.8876059   -0.3657767  950.2000  951.2860
2021 04 18 18 17 00    -1.8963537   -0.3701849  950.2033  951.2805
2021 04 18 18 18 00    -1.9051595   -0.3744621  950.2066  951.2735
2021 04 18 18 19 00    -1.9141287   -0.3789793  950.2097  951.2686
2021 04 18 18 20 00    -1.9231740   -0.3836497  950.2128  951.2697
2021 04 18 18 21 00    -1.9320245   -0.3880669  950.2161  951.2773
2021 04 18 18 22 00    -1.9408848   -0.3924522  950.2197  951.2889
2021 04 18 18 23 00    -1.9498840   -0.3970132  950.2234  951.3022
2021 04 18 18 24 00    -1.9586923   -0.4013978  950.2270  951.3167
2021 04 18 18 25 00    -1.9673856   -0.4056790  950.2304  951.3324
2021 04 18 18 26 00    -1.9763489   -0.4102349  950.2340  951.3478
2021 04 18 18 27 00    -1.9854925   -0.4148570  950.2376  951.3605
2021 04 18 18 28 00    -1.9945320   -0.4192739  950.2415  951.3689
2021 04 18 18 29 00    -2.0035048   -0.4237460  950.2455  951.3729
2021 04 18 18 30 00    -2.0125614   -0.4284552  950.2496  951.3746
2021 04 18 18 31 00    -2.0216590   -0.4330707  950.2535  951.3755
2021 04 18 18 32 00    -2.0307021   -0.4374443  950.2571  951.3752
2021 04 18 18 33 00    -2.0397837   -0.4419800  950.2606  951.3747
2021 04 18 18 34 00    -2.0490115   -0.4468262  950.2641  951.3757
2021 04 18 18 35 00    -2.0582434   -0.4515756  950.2679  951.3780
2021 04 18 18 36 00    -2.0673732   -0.4560159  950.2717  951.3818
2021 04 18 18 37 00    -2.0765757   -0.4604227  950.2755  951.3879
2021 04 18 18 38 00    -2.0858746   -0.4649923  950.2796  951.3935
2021 04 18 18 39 00    -2.0950294   -0.4695972  950.2834  951.3952
2021 04 18 18 40 00    -2.1040842   -0.4741789  950.2871  951.3948
2021 04 18 18 41 00    -2.1133281   -0.4788149  950.2906  951.3959
2021 04 18 18 42 00    -2.1227931   -0.4835408  950.2941  951.3988
2021 04 18 18 43 00    -2.1322945   -0.4883808  950.2977  951.4015
2021 04 18 18 44 00    -2.1416276   -0.4932117  950.3015  951.4035
2021 04 18 18 45 00    -2.1507499   -0.4978337  950.3051  951.4063
2021 04 18 18 46 00    -2.1599318   -0.5023367  950.3085  951.4115
2021 04 18 18 47 00    -2.1692918   -0.5068792  950.3117  951.4186
2021 04 18 18 48 00    -2.1786288   -0.5114454  950.3152  951.4258
2021 04 18 18 49 00    -2.1879359   -0.5161079  950.3190  951.4322
2021 04 18 18 50 00    -2.1973282   -0.5209453  950.3229  951.4373
2021 04 18 18 51 00    -2.2067636   -0.5258084  950.3266  951.4402
2021 04 18 18 52 00    -2.2162287   -0.5305491  950.3300  951.4415
2021 04 18 18 53 00    -2.2257099   -0.5351928  950.3333  951.4440
2021 04 18 18 54 00    -2.2351439   -0.5398155  950.3370  951.4491
2021 04 18 18 55 00    -2.2446528   -0.5445199  950.3408  951.4547
2021 04 18 18 56 00    -2.2543186   -0.5493611  950.3444  951.4577
2021 04 18 18 57 00    -2.2638967   -0.5542111  950.3480  951.4573
2021 04 18 18 58 00    -2.2732496   -0.5589491  950.3515  951.4538
2021 04 18 18 59 00    -2.2825653   -0.5636518  950.3551  951.4475
2021 04 18 19 00 00    -2.2920025   -0.5684336  950.3587  951.4403
2021 04 18 19 01 00    -2.3015683   -0.5732574  950.3623  951.4358
2021 04 18 19 02 00    -2.3112166   -0.5780356  950.3656  951.4366
2021 04 18 19 03 00    -2.3208987   -0.5828101  950.3685  951.4413
2021 04 18 19 04 00    -2.3305385   -0.5876201  950.3715  951.4454
2021 04 18 19 05 00    -2.3400219   -0.5923423  950.3748  951.4468
2021 04 18 19 06 00    -2.3494315   -0.5969806  950.3783  951.4479
2021 04 18 19 07 00    -2.3590017   -0.6018196  950.3817  951.4514
2021 04 18 19 08 00    -2.3686722   -0.6068519  950.3848  951.4561
2021 04 18 19 09 00    -2.3782713   -0.6117249  950.3880  951.4581
2021 04 18 19 10 00    -2.3878773   -0.6164412  950.3913  951.4572
2021 04 18 19 11 00    -2.3974855   -0.6211787  950.3944  951.4572
2021 04 18 19 12 00    -2.4070180   -0.6259378  950.3974  951.4593
2021 04 18 19 13 00    -2.4166787   -0.6308205  950.4006  951.4610
2021 04 18 19 14 00    -2.4265387   -0.6358030  950.4037  951.4602
2021 04 18 19 15 00    -2.4362793   -0.6406031  950.4065  951.4573
2021 04 18 19 16 00    -2.4457465   -0.6451955  950.4091  951.4546
2021 04 18 19 17 00    -2.4551139   -0.6498143  950.4120  951.4549
2021 04 18 19 18 00    -2.4645780   -0.6545802  950.4153  951.4591
2021 04 18 19 19 00    -2.4742672   -0.6595037  950.4188  951.4655
2021 04 18 19 20 00    -2.4840803   -0.6645204  950.4219  951.4724
2021 04 18 19 21 00    -2.4936937   -0.6694542  950.4249  951.4783
2021 04 18 19 22 00    -2.5031285   -0.6742647  950.4282  951.4835
2021 04 18 19 23 00    -2.5127498   -0.6790933  950.4316  951.4900
2021 04 18 19 24 00    -2.5225287   -0.6838874  950.4348  951.4984
2021 04 18 19 25 00    -2.5320870   -0.6885298  950.4378  951.5059
2021 04 18 19 26 00    -2.5414122   -0.6932172  950.4409  951.5099
2021 04 18 19 27 00    -2.5509505   -0.6981535  950.4441  951.5115
2021 04 18 19 28 00    -2.5608453   -0.7031869  950.4470  951.5133
2021 04 18 19 29 00    -2.5706433   -0.7080819  950.4498  951.5157
2021 04 18 19 30 00    -2.5802199   -0.7129003  950.4529  951.5176
2021 04 18 19 31 00    -2.5898515   -0.7177320  950.4565  951.5186
2021 04 18 19 32 00    -2.5994580   -0.7224234  950.4599  951.5180
2021 04 18 19 33 00    -2.6089993   -0.7270660  950.4631  951.5148
2021 04 18 19 34 00    -2.6185908   -0.7319323  950.4659  951.5098
2021 04 18 19 35 00    -2.6282441   -0.7369215  950.4686  951.5062
2021 04 18 19 36 00    -2.6380891   -0.7418506  950.4715  951.5054
2021 04 18 19 37 00    -2.6478376   -0.7466723  950.4742  951.5060
2021 04 18 19 38 00    -2.6571875   -0.7513984  950.4766  951.5052
2021 04 18 19 39 00    -2.6667463   -0.7561687  950.4792  951.5034
2021 04 18 19 40 00    -2.6766213   -0.7609266  950.4820  951.5036
2021 04 18 19 41 00    -2.6861586   -0.7655452  950.4848  951.5057
2021 04 18 19 42 00    -2.6956961   -0.7703222  950.4877  951.5065
2021 04 18 19 43 00    -2.7056792   -0.7754196  950.4906  951.5051
2021 04 18 19 44 00    -2.7154395   -0.7804504  950.4931  951.5024
2021 04 18 19 45 00    -2.7247823   -0.7852726  950.4957  951.4978
2021 04 18 19 46 00    -2.7343429   -0.7901479  950.4982  951.4917
2021 04 18 19 47 00    -2.7441145   -0.7950138  950.5002  951.4862
2021 04 18 19 48 00    -2.7537090   -0.7996441  950.5020  951.4833
2021 04 18 19 49 00    -2.7631931   -0.8042139  950.5044  951.4822
2021 04 18 19 50 00    -2.7727275   -0.8090428  950.5071  951.4815
2021 04 18 19 51 00    -2.7823057   -0.8140492  950.5092  951.4811
2021 04 18 19 52 00    -2.7918756   -0.8188914  950.5108  951.4806
2021 04 18 19 53 00    -2.8014055   -0.8235908  950.5128  951.4787
2021 04 18 19 54 00    -2.8109125   -0.8283813  950.5150  951.4760
2021 04 18 19 55 00    -2.8203278   -0.8331468  950.5169  951.4752
2021 04 18 19 56 00    -2.8296717   -0.8377975  950.5183  951.4769
2021 04 18 19 57 00    -2.8391671   -0.8425556  950.5199  951.4786
2021 04 18 19 58 00    -2.8486837   -0.8473140  950.5220  951.4797
2021 04 18 19 59 00    -2.8579847   -0.8518339  950.5246  951.4845
2021 04 18 20 00 00    -2.8673470   -0.8564055  950.5268  951.4978
2021 04 18 20 01 00    -2.8768807   -0.8611286  950.5286  951.5176
2021 04 18 20 02 00    -2.8862824   -0.8656865  950.5308  951.5339
2021 04 18 20 03 00    -2.8955579   -0.8702470  950.5335  951.5378
2021 04 18 20 04 00    -2.9049246   -0.8751034  950.5361  951.5304
2021 04 18 20 05 00    -2.9143681   -0.8799777  950.5386  951.5197
2021 04 18 20 06 00    -2.9237800   -0.8846086  950.5412  951.5139
2021 04 18 20 07 00    -2.9331570   -0.8891781  950.5435  951.5182
2021 04 18 20 08 00    -2.9424860   -0.8938788  950.5454  951.5320
2021 04 18 20 09 00    -2.9516941   -0.8986872  950.5476  951.5481
2021 04 18 20 10 00    -2.9608627   -0.9035168  950.5500  951.5583
2021 04 18 20 11 00    -2.9701941   -0.9082769  950.5525  951.5610
2021 04 18 20 12 00    -2.9796462   -0.9129200  950.5547  951.5591
2021 04 18 20 13 00    -2.9890037   -0.9174914  950.5570  951.5532
2021 04 18 20 14 00    -2.9982830   -0.9220777  950.5594  951.5426
2021 04 18 20 15 00    -3.0075377   -0.9266882  950.5615  951.5315
2021 04 18 20 16 00    -3.0167012   -0.9312483  950.5632  951.5267
2021 04 18 20 17 00    -3.0258702   -0.9357999  950.5649  951.5302
2021 04 18 20 18 00    -3.0350851   -0.9404113  950.5672  951.5372
2021 04 18 20 19 00    -3.0442317   -0.9449972  950.5695  951.5413
2021 04 18 20 20 00    -3.0533820   -0.9495502  950.5713  951.5405
2021 04 18 20 21 00    -3.0626248   -0.9541937  950.5731  951.5370
2021 04 18 20 22 00    -3.0719045   -0.9589597  950.5752  951.5318
2021 04 18 20 23 00    -3.0812050   -0.9637423  950.5774  951.5228
2021 04 18 20 24 00    -3.0904641   -0.9684049  950.5790  951.5104
2021 04 18 20 25 00    -3.0995158   -0.9728569  950.5801  951.4984
2021 04 18 20 26 00    -3.1084368   -0.9771757  950.5811  951.4894
2021 04 18 20 27 00    -3.1175716   -0.9816917  950.5822  951.4832
2021 04 18 20 28 00    -3.1268862   -0.9865369  950.5833  951.4805
2021 04 18 20 29 00    -3.1360112   -0.9913274  950.5844  951.4828
2021 04 18 20 30 00    -3.1449901   -0.9957219  950.5855  951.4890
2021 04 18 20 31 00    -3.1539717   -0.9999033  950.5864  951.4950
2021 04 18 20 32 00    -3.1628348   -1.0042966  950.5872  951.4990
2021 04 18 20 33 00    -3.1717188   -1.0090051  950.5882  951.5025
2021 04 18 20 34 00    -3.1807514   -1.0136881  950.5895  951.5052
2021 04 18 20 35 00    -3.1896419   -1.0180588  950.5911  951.5030
2021 04 18 20 36 00    -3.1983123   -1.0222634  950.5926  951.4940
2021 04 18 20 37 00    -3.2070511   -1.0266070  950.5935  951.4822
2021 04 18 20 38 00    -3.2159860   -1.0311162  950.5940  951.4744
2021 04 18 20 39 00    -3.2249120   -1.0355922  950.5948  951.4753
2021 04 18 20 40 00    -3.2336472   -1.0399522  950.5957  951.4859
2021 04 18 20 41 00    -3.2422678   -1.0442378  950.5967  951.5024
2021 04 18 20 42 00    -3.2508468   -1.0485420  950.5978  951.5177
2021 04 18 20 43 00    -3.2594731   -1.0530256  950.5992  951.5270
2021 04 18 20 44 00    -3.2682565   -1.0575824  950.6009  951.5298
2021 04 18 20 45 00    -3.2770083   -1.0618922  950.6027  951.5291
2021 04 18 20 46 00    -3.2855393   -1.0660311  950.6042  951.5294
2021 04 18 20 47 00    -3.2939929   -1.0702564  950.6053  951.5353
2021 04 18 20 48 00    -3.3024952   -1.0744967  950.6064  951.5481
2021 04 18 20 49 00    -3.3110130   -1.0787078  950.6080  951.5645
2021 04 18 20 50 00    -3.3195657   -1.0830146  950.6102  951.5772
2021 04 18 20 51 00    -3.3281268   -1.0873706  950.6126  951.5816
2021 04 18 20 52 00    -3.3366370   -1.0917144  950.6148  951.5818
2021 04 18 20 53 00    -3.3452442   -1.0961031  950.6164  951.5837
2021 04 18 20 54 00    -3.3539548   -1.1004147  950.6180  951.5865
2021 04 18 20 55 00    -3.3624202   -1.1044248  950.6199  951.5868
2021 04 18 20 56 00    -3.3705944   -1.1083162  950.6219  951.5857
2021 04 18 20 57 00    -3.3788868   -1.1125631  950.6236  951.5853
2021 04 18 20 58 00    -3.3874495   -1.1171138  950.6251  951.5833
2021 04 18 20 59 00    -3.3960269   -1.1214295  950.6268  951.5779
2021 04 18 21 00 00    -3.4044183   -1.1253862  950.6288  951.5716
2021 04 18 21 01 00    -3.4126649   -1.1293531  950.6306  951.5656
2021 04 18 21 02 00    -3.4208677   -1.1335170  950.6321  951.5588
2021 04 18 21 03 00    -3.4289928   -1.1376606  950.6333  951.5507
2021 04 18 21 04 00    -3.4371070   -1.1416655  950.6344  951.5421
2021 04 18 21 05 00    -3.4454233   -1.1457779  950.6354  951.5351
2021 04 18 21 06 00    -3.4538479   -1.1500576  950.6365  951.5318
2021 04 18 21 07 00    -3.4621452   -1.1542701  950.6374  951.5316
2021 04 18 21 08 00    -3.4702949   -1.1583973  950.6383  951.5320
2021 04 18 21 09 00    -3.4783178   -1.1625013  950.6392  951.5323
2021 04 18 21 10 00    -3.4862095   -1.1664984  950.6403  951.5340
2021 04 18 21 11 00    -3.4940988   -1.1704948  950.6413  951.5371
2021 04 18 21 12 00    -3.5021951   -1.1746750  950.6420  951.5386
2021 04 18 21 13 00    -3.5103336   -1.1788268  950.6427  951.5360
2021 04 18 21 14 00    -3.5181184   -1.1826743  950.6434  951.5311
2021 04 18 21 15 00    -3.5257594   -1.1864002  950.6442  951.5298
2021 04 18 21 16 00    -3.5337589   -1.1902941  950.6451  951.5347
2021 04 18 21 17 00    -3.5419443   -1.1943502  950.6463  951.5419
2021 04 18 21 18 00    -3.5498463   -1.1984042  950.6476  951.5452
2021 04 18 21 19 00    -3.5575535   -1.2023163  950.6485  951.5427
2021 04 18 21 20 00    -3.5653475   -1.2061024  950.6492  951.5376
2021 04 18 21 21 00    -3.5731332   -1.2099262  950.6498  951.5340
2021 04 18 21 22 00    -3.5808725   -1.2139069  950.6505  951.5338
2021 04 18 21 23 00    -3.5886944   -1.2179517  950.6511  951.5349
2021 04 18 21 24 00    -3.5964177   -1.2218047  950.6516  951.5328
2021 04 18 21 25 00    -3.6039158   -1.2254370  950.6519  951.5276
2021 04 18 21 26 00    -3.6114959   -1.2291557  950.6521  951.5245
2021 04 18 21 27 00    -3.6192629   -1.2330636  950.6524  951.5258
2021 04 18 21 28 00    -3.6268666   -1.2368983  950.6530  951.5284
2021 04 18 21 29 00    -3.6342122   -1.2405590  950.6538  951.5282
2021 04 18 21 30 00    -3.6416254   -1.2442355  950.6546  951.5238
2021 04 18 21 31 00    -3.6491833   -1.2480096  950.6549  951.5166
2021 04 18 21 32 00    -3.6567370   -1.2518048  950.6552  951.5091
2021 04 18 21 33 00    -3.6643673   -1.2556087  950.6555  951.5038
2021 04 18 21 34 00    -3.6720029   -1.2593671  950.6558  951.5017
2021 04 18 21 35 00    -3.6793448   -1.2629635  950.6561  951.5003
2021 04 18 21 36 00    -3.6864966   -1.2665040  950.6563  951.4969
2021 04 18 21 37 00    -3.6937538   -1.2701676  950.6561  951.4920
2021 04 18 21 38 00    -3.7010999   -1.2739207  950.6557  951.4858
2021 04 18 21 39 00    -3.7083690   -1.2776266  950.6551  951.4762
2021 04 18 21 40 00    -3.7155290   -1.2812220  950.6544  951.4640
2021 04 18 21 41 00    -3.7227646   -1.2848784  950.6535  951.4533
2021 04 18 21 42 00    -3.7301463   -1.2887215  950.6527  951.4466
2021 04 18 21 43 00    -3.7373620   -1.2924131  950.6519  951.4427
2021 04 18 21 44 00    -3.7442762   -1.2957518  950.6508  951.4405
2021 04 18 21 45 00    -3.7512830   -1.2991431  950.6498  951.4391
2021 04 18 21 46 00    -3.7585675   -1.3027616  950.6489  951.4361
2021 04 18 21 47 00    -3.7657812   -1.3062973  950.6479  951.4291
2021 04 18 21 48 00    -3.7727620   -1.3097484  950.6466  951.4179
2021 04 18 21 49 00    -3.7796801   -1.3133359  950.6452  951.4049
2021 04 18 21 50 00    -3.7865792   -1.3169689  950.6438  951.3947
2021 04 18 21 51 00    -3.7934141   -1.3204498  950.6423  951.3910
2021 04 18 21 52 00    -3.8002093   -1.3237956  950.6410  951.3924
2021 04 18 21 53 00    -3.8069795   -1.3271743  950.6398  951.3932
2021 04 18 21 54 00    -3.8137498   -1.3306416  950.6383  951.3887
2021 04 18 21 55 00    -3.8206069   -1.3340928  950.6365  951.3802
2021 04 18 21 56 00    -3.8274777   -1.3374372  950.6347  951.3726
2021 04 18 21 57 00    -3.8341028   -1.3407200  950.6333  951.3677
2021 04 18 21 58 00    -3.8405386   -1.3440909  950.6320  951.3650
2021 04 18 21 59 00    -3.8471050   -1.3474901  950.6302  951.3639
2021 04 18 22 00 00    -3.8537938   -1.3507149  950.6280  951.3633
2021 04 18 22 01 00    -3.8603709   -1.3538197  950.6261  951.3635
2021 04 18 22 02 00    -3.8667873   -1.3569370  950.6247  951.3665
2021 04 18 22 03 00    -3.8732009   -1.3600934  950.6236  951.3730
2021 04 18 22 04 00    -3.8797341   -1.3633258  950.6224  951.3817
2021 04 18 22 05 00    -3.8862658   -1.3666156  950.6209  951.3902
2021 04 18 22 06 00    -3.8925570   -1.3698345  950.6192  951.3972
2021 04 18 22 07 00    -3.8985934   -1.3728820  950.6178  951.4044
2021 04 18 22 08 00    -3.9046935   -1.3758738  950.6170  951.4140
2021 04 18 22 09 00    -3.9110045   -1.3790273  950.6165  951.4260
2021 04 18 22 10 00    -3.9172176   -1.3823115  950.6163  951.4383
2021 04 18 22 11 00    -3.9232598   -1.3855115  950.6163  951.4470
2021 04 18 22 12 00    -3.9294332   -1.3885678  950.6163  951.4510
2021 04 18 22 13 00    -3.9357555   -1.3915802  950.6162  951.4513
2021 04 18 22 14 00    -3.9420071   -1.3945720  950.6160  951.4493
2021 04 18 22 15 00    -3.9480150   -1.3974874  950.6156  951.4473
2021 04 18 22 16 00    -3.9537873   -1.4003841  950.6153  951.4469
2021 04 18 22 17 00    -3.9596380   -1.4033648  950.6152  951.4465
2021 04 18 22 18 00    -3.9657810   -1.4065096  950.6150  951.4445
2021 04 18 22 19 00    -3.9719534   -1.4098147  950.6145  951.4416
2021 04 18 22 20 00    -3.9777752   -1.4129094  950.6139  951.4398
2021 04 18 22 21 00    -3.9833811   -1.4155921  950.6137  951.4401
2021 04 18 22 22 00    -3.9892891   -1.4183878  950.6137  951.4401
2021 04 18 22 23 00    -3.9954813   -1.4215179  950.6135  951.4370
2021 04 18 22 24 00    -4.0013667   -1.4245003  950.6131  951.4324
2021 04 18 22 25 00    -4.0068397   -1.4272525  950.6128  951.4302
2021 04 18 22 26 00    -4.0123865   -1.4300619  950.6127  951.4307
2021 04 18 22 27 00    -4.0182025   -1.4329323  950.6123  951.4312
2021 04 18 22 28 00    -4.0240477   -1.4358443  950.6118  951.4275
2021 04 18 22 29 00    -4.0297266   -1.4387869  950.6114  951.4190
2021 04 18 22 30 00    -4.0352420   -1.4415805  950.6107  951.4097
2021 04 18 22 31 00    -4.0407229   -1.4442404  950.6094  951.4030
2021 04 18 22 32 00    -4.0463308   -1.4469876  950.6082  951.3981
2021 04 18 22 33 00    -4.0519837   -1.4497921  950.6072  951.3958
2021 04 18 22 34 00    -4.0573813   -1.4524962  950.6065  951.3980
2021 04 18 22 35 00    -4.0625387   -1.4551431  950.6058  951.4028
2021 04 18 22 36 00    -4.0678141   -1.4578158  950.6050  951.4056
2021 04 18 22 37 00    -4.0732860   -1.4605188  950.6041  951.4044
2021 04 18 22 38 00    -4.0786972   -1.4632594  950.6032  951.4010
2021 04 18 22 39 00    -4.0840104   -1.4660171  950.6022  951.3991
2021 04 18 22 40 00    -4.0893779   -1.4686847  950.6011  951.4003
2021 04 18 22 41 00    -4.0946565   -1.4712156  950.6002  951.4025
2021 04 18 22 42 00    -4.0997105   -1.4737938  950.5995  951.4023
2021 04 18 22 43 00    -4.1048657   -1.4765623  950.5989  951.3979
2021 04 18 22 44 00    -4.1101885   -1.4792864  950.5982  951.3906
2021 04 18 22 45 00    -4.1153158   -1.4817779  950.5969  951.3841
2021 04 18 22 46 00    -4.1203854   -1.4842842  950.5954  951.3808
2021 04 18 22 47 00    -4.1255416   -1.4868464  950.5943  951.3802
2021 04 18 22 48 00    -4.1303609   -1.4891569  950.5934  951.3815
2021 04 18 22 49 00    -4.1349689   -1.4913702  950.5922  951.3859
2021 04 18 22 50 00    -4.1399510   -1.4938938  950.5913  951.3933
2021 04 18 22 51 00    -4.1451146   -1.4966299  950.5908  951.4008
2021 04 18 22 52 00    -4.1499779   -1.4992095  950.5904  951.4045
2021 04 18 22 53 00    -4.1546617   -1.5014859  950.5899  951.4008
2021 04 18 22 54 00    -4.1594612   -1.5035982  950.5894  951.3895
2021 04 18 22 55 00    -4.1643419   -1.5058296  950.5887  951.3751
2021 04 18 22 56 00    -4.1691021   -1.5082589  950.5875  951.3636
2021 04 18 22 57 00    -4.1737336   -1.5106930  950.5860  951.3552
2021 04 18 22 58 00    -4.1784546   -1.5131287  950.5844  951.3465
2021 04 18 22 59 00    -4.1833110   -1.5156647  950.5829  951.3385
2021 04 18 23 00 00    -4.1880599   -1.5180906  950.5815  951.3367
2021 04 18 23 01 00    -4.1926022   -1.5202707  950.5803  951.3412
2021 04 18 23 02 00    -4.1970894   -1.5224094  950.5791  951.3463
2021 04 18 23 03 00    -4.2015855   -1.5246408  950.5777  951.3492
2021 04 18 23 04 00    -4.2060969   -1.5269620  950.5763  951.3517
2021 04 18 23 05 00    -4.2106812   -1.5293528  950.5750  951.3516
2021 04 18 23 06 00    -4.2152075   -1.5316604  950.5740  951.3442
2021 04 18 23 07 00    -4.2195102   -1.5338020  950.5730  951.3336
2021 04 18 23 08 00    -4.2237156   -1.5358688  950.5716  951.3278
2021 04 18 23 09 00    -4.2279814   -1.5379239  950.5705  951.3279
2021 04 18 23 10 00    -4.2322946   -1.5400773  950.5696  951.3304
2021 04 18 23 11 00    -4.2366116   -1.5423000  950.5683  951.3335
2021 04 18 23 12 00    -4.2409153   -1.5443717  950.5664  951.3347
2021 04 18 23 13 00    -4.2452061   -1.5464137  950.5645  951.3311
2021 04 18 23 14 00    -4.2494370   -1.5486494  950.5632  951.3234
2021 04 18 23 15 00    -4.2535965   -1.5509079  950.5621  951.3144
2021 04 18 23 16 00    -4.2578222   -1.5530083  950.5607  951.3047
2021 04 18 23 17 00    -4.2621453   -1.5550382  950.5588  951.2938
2021 04 18 23 18 00    -4.2663915   -1.5571000  950.5566  951.2820
2021 04 18 23 19 00    -4.2704866   -1.5592055  950.5546  951.2701
2021 04 18 23 20 00    -4.2745517   -1.5613788  950.5530  951.2603
2021 04 18 23 21 00    -4.2786429   -1.5635506  950.5514  951.2530
2021 04 18 23 22 00    -4.2826352   -1.5655405  950.5492  951.2457
2021 04 18 23 23 00    -4.2864795   -1.5673932  950.5466  951.2352
2021 04 18 23 24 00    -4.2903508   -1.5692947  950.5441  951.2201
2021 04 18 23 25 00    -4.2943644   -1.5712387  950.5417  951.2015
2021 04 18 23 26 00    -4.2983684   -1.5732126  950.5390  951.1811
2021 04 18 23 27 00    -4.3022464   -1.5752777  950.5360  951.1618
2021 04 18 23 28 00    -4.3061331   -1.5773534  950.5328  951.1468
2021 04 18 23 29 00    -4.3099836   -1.5792314  950.5295  951.1361
2021 04 18 23 30 00    -4.3135864   -1.5808634  950.5263  951.1275
2021 04 18 23 31 00    -4.3172180   -1.5825733  950.5230  951.1200
2021 04 18 23 32 00    -4.3211811   -1.5845807  950.5198  951.1155
2021 04 18 23 33 00    -4.3250289   -1.5865749  950.5167  951.1154
2021 04 18 23 34 00    -4.3283870   -1.5883021  950.5136  951.1172
2021 04 18 23 35 00    -4.3317279   -1.5900234  950.5102  951.1159
2021 04 18 23 36 00    -4.3354191   -1.5919686  950.5067  951.1083
2021 04 18 23 37 00    -4.3391336   -1.5939321  950.5032  951.0972
2021 04 18 23 38 00    -4.3426766   -1.5957145  950.5002  951.0854
2021 04 18 23 39 00    -4.3461383   -1.5973699  950.4972  951.0730
2021 04 18 23 40 00    -4.3495200   -1.5989822  950.4937  951.0601
2021 04 18 23 41 00    -4.3529249   -1.6006459  950.4900  951.0476
2021 04 18 23 42 00    -4.3563759   -1.6023742  950.4863  951.0362
2021 04 18 23 43 00    -4.3597000   -1.6040652  950.4824  951.0281
2021 04 18 23 44 00    -4.3629386   -1.6057448  950.4788  951.0250
2021 04 18 23 45 00    -4.3662536   -1.6074785  950.4754  951.0254
2021 04 18 23 46 00    -4.3696094   -1.6092128  950.4721  951.0282
2021 04 18 23 47 00    -4.3728746   -1.6108836  950.4687  951.0350
2021 04 18 23 48 00    -4.3760055   -1.6124310  950.4652  951.0439
2021 04 18 23 49 00    -4.3790687   -1.6138184  950.4620  951.0516
2021 04 18 23 50 00    -4.3821384   -1.6151719  950.4589  951.0582
2021 04 18 23 51 00    -4.3851600   -1.6166544  950.4559  951.0640
2021 04 18 23 52 00    -4.3881463   -1.6182641  950.4530  951.0661
2021 04 18 23 53 00    -4.3912695   -1.6199287  950.4501  951.0621
2021 04 18 23 54 00    -4.3944934   -1.6215309  950.4470  951.0523
2021 04 18 23 55 00    -4.3975634   -1.6228965  950.4438  951.0383
2021 04 18 23 56 00    -4.4003494   -1.6241312  950.4408  951.0245
2021 04 18 23 57 00    -4.4031014   -1.6256325  950.4378  951.0152
2021 04 18 23 58 00    -4.4061232   -1.6273590  950.4346  951.0095
2021 04 18 23 59 00    -4.4092409   -1.6288668  950.4313  951.0036
