[TSF-file]     v01.0

[TIMEFORMAT]   DATETIME
[INCREMENT]    60
[CHANNELS]
    BF:SG056:G1-F60 
    BF:SG056:G2-F60 
    BF:SG056:Br1-F60
    BF:SG056:Br2-F60
[UNITS]
    Volt
    Volt
    mbar
    mbar
[UNDETVAL]                      9999.999
[PHASE_LAG_1_DEG_CPD]           0.0402
[PHASE_LAG_1_DEG_CPD_ERROR]     0.0002
[N_LATITUDE_DEG]                48.3294
[N_LATITUDE_DEG_ERROR]          0.0001
[E_LONGITUDE_DEG]               008.3284
[E_LONGITUDE_DEG_ERROR]         0.0001
[HEIGHT_M_1]                    589.20
[HEIGHT_M_1_ERROR]              0.01
[GRAVITY_CAL_1_UGAL_V]          -40.1100
[GRAVITY_CAL_1_UGAL_V_ERROR]    0.0300
[PRESSURE_CAL_MBAR_V]           1.0000
[PRESSURE_CAL_MBAR_V_ERROR]     0.0001
[AUTHOR]                        Thomas Forbriger@kit.edu
[PHASE_LAG_2_DEG_CPD]           0.0402
[PHASE_LAG_2_DEG_CPD_ERROR]     0.0002
[HEIGHT_M_2]                    589.40
[HEIGHT_M_2_ERROR]              0.01
[GRAVITY_CAL_2_UGAL_V]          -80.0699
[GRAVITY_CAL_2_UGAL_V_ERROR]    0.0600
[PRESSURE_ADMIT_HPA_NMS2]       -3.4000
[PRESSURE_MEAN_HPA]             0980.0
[COMMENT]                           
software upgrade and FitPC2 replacement on 29. July 2019



Date           Time     G1-F60        G2-F60        Br1-F60       Br2-F60      
[DATA]
2021 04 28 00 00 00    -4.0750851   -1.4649072  936.9605  937.5710
2021 04 28 00 01 00    -4.0757518   -1.4651462  936.9578  937.5635
2021 04 28 00 02 00    -4.0764057   -1.4653740  936.9551  937.5528
2021 04 28 00 03 00    -4.0772012   -1.4657326  936.9528  937.5433
2021 04 28 00 04 00    -4.0782506   -1.4662435  936.9507  937.5373
2021 04 28 00 05 00    -4.0794213   -1.4668561  936.9478  937.5297
2021 04 28 00 06 00    -4.0806973   -1.4675549  936.9443  937.5191
2021 04 28 00 07 00    -4.0820943   -1.4683166  936.9413  937.5110
2021 04 28 00 08 00    -4.0833333   -1.4690018  936.9383  937.5088
2021 04 28 00 09 00    -4.0843925   -1.4695027  936.9348  937.5090
2021 04 28 00 10 00    -4.0857184   -1.4700382  936.9319  937.5084
2021 04 28 00 11 00    -4.0874335   -1.4708846  936.9296  937.5084
2021 04 28 00 12 00    -4.0892181   -1.4718663  936.9267  937.5113
2021 04 28 00 13 00    -4.0909213   -1.4726535  936.9238  937.5156
2021 04 28 00 14 00    -4.0926592   -1.4734161  936.9216  937.5173
2021 04 28 00 15 00    -4.0945177   -1.4744757  936.9198  937.5137
2021 04 28 00 16 00    -4.0964667   -1.4755838  936.9180  937.5075
2021 04 28 00 17 00    -4.0984195   -1.4764214  936.9161  937.5038
2021 04 28 00 18 00    -4.1003484   -1.4772792  936.9142  937.5027
2021 04 28 00 19 00    -4.1024623   -1.4784477  936.9118  937.4995
2021 04 28 00 20 00    -4.1049068   -1.4797666  936.9094  937.4939
2021 04 28 00 21 00    -4.1074013   -1.4810928  936.9076  937.4900
2021 04 28 00 22 00    -4.1097662   -1.4823758  936.9060  937.4876
2021 04 28 00 23 00    -4.1122512   -1.4835703  936.9033  937.4831
2021 04 28 00 24 00    -4.1149416   -1.4848004  936.8998  937.4754
2021 04 28 00 25 00    -4.1176314   -1.4861437  936.8968  937.4647
2021 04 28 00 26 00    -4.1203652   -1.4875408  936.8944  937.4534
2021 04 28 00 27 00    -4.1233538   -1.4889978  936.8920  937.4448
2021 04 28 00 28 00    -4.1264650   -1.4904899  936.8896  937.4373
2021 04 28 00 29 00    -4.1294559   -1.4919653  936.8866  937.4261
2021 04 28 00 30 00    -4.1324292   -1.4934918  936.8830  937.4115
2021 04 28 00 31 00    -4.1356786   -1.4951747  936.8793  937.3985
2021 04 28 00 32 00    -4.1392954   -1.4970420  936.8759  937.3890
2021 04 28 00 33 00    -4.1429147   -1.4989202  936.8725  937.3782
2021 04 28 00 34 00    -4.1462063   -1.5005696  936.8686  937.3617
2021 04 28 00 35 00    -4.1494948   -1.5020821  936.8645  937.3415
2021 04 28 00 36 00    -4.1531274   -1.5037808  936.8606  937.3246
2021 04 28 00 37 00    -4.1569692   -1.5057234  936.8568  937.3138
2021 04 28 00 38 00    -4.1608700   -1.5076800  936.8522  937.3046
2021 04 28 00 39 00    -4.1647929   -1.5096208  936.8476  937.2920
2021 04 28 00 40 00    -4.1687051   -1.5116651  936.8436  937.2775
2021 04 28 00 41 00    -4.1726299   -1.5137018  936.8398  937.2657
2021 04 28 00 42 00    -4.1766000   -1.5156647  936.8363  937.2582
2021 04 28 00 43 00    -4.1806140   -1.5176092  936.8333  937.2539
2021 04 28 00 44 00    -4.1846603   -1.5195122  936.8298  937.2522
2021 04 28 00 45 00    -4.1888330   -1.5215783  936.8250  937.2490
2021 04 28 00 46 00    -4.1932732   -1.5240083  936.8193  937.2401
2021 04 28 00 47 00    -4.1978471   -1.5264041  936.8144  937.2273
2021 04 28 00 48 00    -4.2023209   -1.5284788  936.8109  937.2151
2021 04 28 00 49 00    -4.2068010   -1.5306616  936.8075  937.2041
2021 04 28 00 50 00    -4.2114279   -1.5331425  936.8029  937.1938
2021 04 28 00 51 00    -4.2160903   -1.5355630  936.7978  937.1870
2021 04 28 00 52 00    -4.2207399   -1.5378042  936.7930  937.1859
2021 04 28 00 53 00    -4.2254198   -1.5400835  936.7885  937.1880
2021 04 28 00 54 00    -4.2302181   -1.5425816  936.7840  937.1923
2021 04 28 00 55 00    -4.2352408   -1.5452050  936.7805  937.2020
2021 04 28 00 56 00    -4.2402768   -1.5476677  936.7778  937.2155
2021 04 28 00 57 00    -4.2450893   -1.5499860  936.7755  937.2241
2021 04 28 00 58 00    -4.2499623   -1.5524475  936.7726  937.2249
2021 04 28 00 59 00    -4.2551980   -1.5550385  936.7690  937.2244
2021 04 28 01 00 00    -4.2605757   -1.5575998  936.7651  937.2260
2021 04 28 01 01 00    -4.2658805   -1.5602455  936.7615  937.2232
2021 04 28 01 02 00    -4.2712895   -1.5630868  936.7582  937.2124
2021 04 28 01 03 00    -4.2768887   -1.5660090  936.7553  937.2010
2021 04 28 01 04 00    -4.2824572   -1.5688499  936.7526  937.1956
2021 04 28 01 05 00    -4.2879090   -1.5715746  936.7494  937.1944
2021 04 28 01 06 00    -4.2934742   -1.5743153  936.7459  937.1927
2021 04 28 01 07 00    -4.2992890   -1.5771439  936.7426  937.1883
2021 04 28 01 08 00    -4.3051579   -1.5800076  936.7396  937.1827
2021 04 28 01 09 00    -4.3109514   -1.5829407  936.7370  937.1803
2021 04 28 01 10 00    -4.3168172   -1.5859284  936.7344  937.1827
2021 04 28 01 11 00    -4.3228078   -1.5888669  936.7314  937.1844
2021 04 28 01 12 00    -4.3287795   -1.5918281  936.7277  937.1793
2021 04 28 01 13 00    -4.3347685   -1.5948866  936.7242  937.1701
2021 04 28 01 14 00    -4.3409712   -1.5979443  936.7215  937.1628
2021 04 28 01 15 00    -4.3473005   -1.6009853  936.7191  937.1582
2021 04 28 01 16 00    -4.3535515   -1.6041693  936.7165  937.1556
2021 04 28 01 17 00    -4.3597960   -1.6075259  936.7137  937.1562
2021 04 28 01 18 00    -4.3661221   -1.6107924  936.7102  937.1562
2021 04 28 01 19 00    -4.3724636   -1.6138291  936.7065  937.1526
2021 04 28 01 20 00    -4.3788413   -1.6168850  936.7030  937.1523
2021 04 28 01 21 00    -4.3853647   -1.6201734  936.7004  937.1591
2021 04 28 01 22 00    -4.3920269   -1.6235963  936.6987  937.1650
2021 04 28 01 23 00    -4.3987481   -1.6270209  936.6970  937.1648
2021 04 28 01 24 00    -4.4055415   -1.6304671  936.6945  937.1641
2021 04 28 01 25 00    -4.4124026   -1.6339302  936.6919  937.1672
2021 04 28 01 26 00    -4.4191959   -1.6372730  936.6896  937.1698
2021 04 28 01 27 00    -4.4259029   -1.6405214  936.6868  937.1694
2021 04 28 01 28 00    -4.4327387   -1.6439563  936.6842  937.1703
2021 04 28 01 29 00    -4.4398002   -1.6476090  936.6823  937.1744
2021 04 28 01 30 00    -4.4468452   -1.6511598  936.6805  937.1765
2021 04 28 01 31 00    -4.4536947   -1.6544976  936.6780  937.1724
2021 04 28 01 32 00    -4.4605811   -1.6578956  936.6756  937.1646
2021 04 28 01 33 00    -4.4677333   -1.6615522  936.6735  937.1584
2021 04 28 01 34 00    -4.4749911   -1.6652823  936.6712  937.1566
2021 04 28 01 35 00    -4.4821603   -1.6688599  936.6689  937.1582
2021 04 28 01 36 00    -4.4893277   -1.6723480  936.6669  937.1596
2021 04 28 01 37 00    -4.4966146   -1.6759087  936.6652  937.1565
2021 04 28 01 38 00    -4.5040191   -1.6796330  936.6631  937.1484
2021 04 28 01 39 00    -4.5115479   -1.6835274  936.6604  937.1394
2021 04 28 01 40 00    -4.5191305   -1.6874289  936.6577  937.1336
2021 04 28 01 41 00    -4.5265870   -1.6911065  936.6548  937.1300
2021 04 28 01 42 00    -4.5339406   -1.6946673  936.6517  937.1266
2021 04 28 01 43 00    -4.5414643   -1.6985036  936.6490  937.1245
2021 04 28 01 44 00    -4.5492513   -1.7025324  936.6470  937.1222
2021 04 28 01 45 00    -4.5570028   -1.7062876  936.6446  937.1149
2021 04 28 01 46 00    -4.5645379   -1.7098843  936.6413  937.1040
2021 04 28 01 47 00    -4.5721480   -1.7137273  936.6382  937.0962
2021 04 28 01 48 00    -4.5800019   -1.7177446  936.6352  937.0956
2021 04 28 01 49 00    -4.5878654   -1.7217910  936.6322  937.1002
2021 04 28 01 50 00    -4.5956872   -1.7258614  936.6297  937.1047
2021 04 28 01 51 00    -4.6035635   -1.7298079  936.6277  937.1051
2021 04 28 01 52 00    -4.6113368   -1.7335820  936.6257  937.1013
2021 04 28 01 53 00    -4.6190310   -1.7373507  936.6237  937.0967
2021 04 28 01 54 00    -4.6269002   -1.7412139  936.6211  937.0933
2021 04 28 01 55 00    -4.6348668   -1.7451832  936.6182  937.0906
2021 04 28 01 56 00    -4.6427975   -1.7492353  936.6157  937.0890
2021 04 28 01 57 00    -4.6508584   -1.7532866  936.6136  937.0911
2021 04 28 01 58 00    -4.6590970   -1.7573101  936.6116  937.0938
2021 04 28 01 59 00    -4.6672290   -1.7613037  936.6097  937.0895
2021 04 28 02 00 00    -4.6751498   -1.7652328  936.6072  937.0808
2021 04 28 02 01 00    -4.6831478   -1.7691758  936.6042  937.0759
2021 04 28 02 02 00    -4.6913493   -1.7732502  936.6016  937.0730
2021 04 28 02 03 00    -4.6996342   -1.7774728  936.5995  937.0663
2021 04 28 02 04 00    -4.7079196   -1.7817510  936.5977  937.0578
2021 04 28 02 05 00    -4.7160658   -1.7858914  936.5958  937.0534
2021 04 28 02 06 00    -4.7241165   -1.7898598  936.5932  937.0569
2021 04 28 02 07 00    -4.7323808   -1.7938934  936.5899  937.0679
2021 04 28 02 08 00    -4.7408169   -1.7980917  936.5870  937.0805
2021 04 28 02 09 00    -4.7490994   -1.8022724  936.5852  937.0885
2021 04 28 02 10 00    -4.7572272   -1.8063781  936.5837  937.0910
2021 04 28 02 11 00    -4.7654233   -1.8105191  936.5819  937.0903
2021 04 28 02 12 00    -4.7737931   -1.8147033  936.5799  937.0869
2021 04 28 02 13 00    -4.7822946   -1.8189560  936.5781  937.0801
2021 04 28 02 14 00    -4.7907766   -1.8232892  936.5766  937.0698
2021 04 28 02 15 00    -4.7991403   -1.8274987  936.5748  937.0591
2021 04 28 02 16 00    -4.8074974   -1.8315568  936.5718  937.0504
2021 04 28 02 17 00    -4.8159803   -1.8357822  936.5679  937.0429
2021 04 28 02 18 00    -4.8245234   -1.8401515  936.5645  937.0365
2021 04 28 02 19 00    -4.8329523   -1.8443113  936.5622  937.0323
2021 04 28 02 20 00    -4.8412985   -1.8483855  936.5603  937.0278
2021 04 28 02 21 00    -4.8497469   -1.8526514  936.5579  937.0193
2021 04 28 02 22 00    -4.8581762   -1.8569212  936.5547  937.0088
2021 04 28 02 23 00    -4.8664936   -1.8611149  936.5513  937.0011
2021 04 28 02 24 00    -4.8749963   -1.8654468  936.5483  936.9952
2021 04 28 02 25 00    -4.8836117   -1.8697906  936.5459  936.9860
2021 04 28 02 26 00    -4.8920465   -1.8739847  936.5436  936.9737
2021 04 28 02 27 00    -4.9006243   -1.8783161  936.5409  936.9635
2021 04 28 02 28 00    -4.9094708   -1.8828057  936.5374  936.9559
2021 04 28 02 29 00    -4.9180705   -1.8870705  936.5334  936.9474
2021 04 28 02 30 00    -4.9263539   -1.8911127  936.5293  936.9360
2021 04 28 02 31 00    -4.9347145   -1.8951970  936.5253  936.9238
2021 04 28 02 32 00    -4.9432605   -1.8994296  936.5216  936.9174
2021 04 28 02 33 00    -4.9518250   -1.9037492  936.5181  936.9188
2021 04 28 02 34 00    -4.9603020   -1.9080103  936.5149  936.9200
2021 04 28 02 35 00    -4.9688215   -1.9122882  936.5123  936.9141
2021 04 28 02 36 00    -4.9773592   -1.9166478  936.5096  936.9031
2021 04 28 02 37 00    -4.9856898   -1.9208689  936.5063  936.8922
2021 04 28 02 38 00    -4.9939854   -1.9249761  936.5019  936.8833
2021 04 28 02 39 00    -5.0024364   -1.9291904  936.4970  936.8768
2021 04 28 02 40 00    -5.0108311   -1.9334748  936.4926  936.8741
2021 04 28 02 41 00    -5.0191582   -1.9377550  936.4892  936.8740
2021 04 28 02 42 00    -5.0275769   -1.9420001  936.4862  936.8718
2021 04 28 02 43 00    -5.0360238   -1.9461775  936.4833  936.8651
2021 04 28 02 44 00    -5.0444610   -1.9504043  936.4802  936.8587
2021 04 28 02 45 00    -5.0528925   -1.9547214  936.4764  936.8552
2021 04 28 02 46 00    -5.0612486   -1.9589483  936.4722  936.8509
2021 04 28 02 47 00    -5.0695114   -1.9629346  936.4682  936.8481
2021 04 28 02 48 00    -5.0777279   -1.9667949  936.4646  936.8518
2021 04 28 02 49 00    -5.0858881   -1.9707984  936.4612  936.8578
2021 04 28 02 50 00    -5.0939320   -1.9749620  936.4587  936.8604
2021 04 28 02 51 00    -5.1020315   -1.9791356  936.4566  936.8614
2021 04 28 02 52 00    -5.1103228   -1.9832545  936.4534  936.8614
2021 04 28 02 53 00    -5.1184779   -1.9872587  936.4496  936.8581
2021 04 28 02 54 00    -5.1264776   -1.9912770  936.4459  936.8524
2021 04 28 02 55 00    -5.1347977   -1.9955371  936.4429  936.8459
2021 04 28 02 56 00    -5.1431801   -1.9998469  936.4400  936.8367
2021 04 28 02 57 00    -5.1510607   -2.0038640  936.4366  936.8257
2021 04 28 02 58 00    -5.1588286   -2.0076891  936.4327  936.8164
2021 04 28 02 59 00    -5.1669923   -2.0116745  936.4293  936.8078
2021 04 28 03 00 00    -5.1753383   -2.0158911  936.4267  936.7964
2021 04 28 03 01 00    -5.1835030   -2.0200282  936.4238  936.7808
2021 04 28 03 02 00    -5.1913840   -2.0239130  936.4202  936.7626
2021 04 28 03 03 00    -5.1991715   -2.0278155  936.4163  936.7461
2021 04 28 03 04 00    -5.2071295   -2.0318969  936.4121  936.7343
2021 04 28 03 05 00    -5.2152705   -2.0359594  936.4070  936.7270
2021 04 28 03 06 00    -5.2233573   -2.0398869  936.4019  936.7225
2021 04 28 03 07 00    -5.2311120   -2.0437184  936.3978  936.7169
2021 04 28 03 08 00    -5.2386711   -2.0475268  936.3940  936.7077
2021 04 28 03 09 00    -5.2464843   -2.0514804  936.3902  936.6983
2021 04 28 03 10 00    -5.2544332   -2.0555493  936.3865  936.6932
2021 04 28 03 11 00    -5.2620099   -2.0593904  936.3828  936.6904
2021 04 28 03 12 00    -5.2693242   -2.0630126  936.3786  936.6848
2021 04 28 03 13 00    -5.2768218   -2.0667506  936.3742  936.6769
2021 04 28 03 14 00    -5.2844326   -2.0705339  936.3700  936.6717
2021 04 28 03 15 00    -5.2918928   -2.0741953  936.3662  936.6706
2021 04 28 03 16 00    -5.2993000   -2.0778834  936.3620  936.6706
2021 04 28 03 17 00    -5.3067826   -2.0816535  936.3574  936.6701
2021 04 28 03 18 00    -5.3141598   -2.0853771  936.3532  936.6702
2021 04 28 03 19 00    -5.3213052   -2.0889902  936.3495  936.6716
2021 04 28 03 20 00    -5.3284546   -2.0925565  936.3461  936.6742
2021 04 28 03 21 00    -5.3357461   -2.0961549  936.3431  936.6750
2021 04 28 03 22 00    -5.3429373   -2.0997439  936.3402  936.6711
2021 04 28 03 23 00    -5.3499236   -2.1032877  936.3368  936.6650
2021 04 28 03 24 00    -5.3568437   -2.1068228  936.3331  936.6611
2021 04 28 03 25 00    -5.3637037   -2.1103191  936.3299  936.6586
2021 04 28 03 26 00    -5.3705945   -2.1137603  936.3266  936.6547
2021 04 28 03 27 00    -5.3777111   -2.1172184  936.3228  936.6508
2021 04 28 03 28 00    -5.3848243   -2.1206852  936.3191  936.6479
2021 04 28 03 29 00    -5.3915363   -2.1240798  936.3160  936.6457
2021 04 28 03 30 00    -5.3979595   -2.1273934  936.3129  936.6436
2021 04 28 03 31 00    -5.4045333   -2.1306773  936.3091  936.6399
2021 04 28 03 32 00    -5.4113098   -2.1340028  936.3051  936.6360
2021 04 28 03 33 00    -5.4179341   -2.1373839  936.3016  936.6376
2021 04 28 03 34 00    -5.4243016   -2.1407181  936.2984  936.6437
2021 04 28 03 35 00    -5.4306435   -2.1439605  936.2949  936.6458
2021 04 28 03 36 00    -5.4370583   -2.1471620  936.2916  936.6452
2021 04 28 03 37 00    -5.4433938   -2.1502399  936.2885  936.6520
2021 04 28 03 38 00    -5.4495747   -2.1531173  936.2858  936.6660
2021 04 28 03 39 00    -5.4557808   -2.1560603  936.2839  936.6777
2021 04 28 03 40 00    -5.4620019   -2.1592894  936.2826  936.6820
2021 04 28 03 41 00    -5.4678717   -2.1624556  936.2807  936.6807
2021 04 28 03 42 00    -5.4734238   -2.1652611  936.2778  936.6775
2021 04 28 03 43 00    -5.4791434   -2.1680745  936.2753  936.6751
2021 04 28 03 44 00    -5.4850040   -2.1711705  936.2739  936.6745
2021 04 28 03 45 00    -5.4906744   -2.1742529  936.2721  936.6732
2021 04 28 03 46 00    -5.4962738   -2.1771300  936.2694  936.6702
2021 04 28 03 47 00    -5.5019402   -2.1799490  936.2668  936.6693
2021 04 28 03 48 00    -5.5075748   -2.1827911  936.2646  936.6745
2021 04 28 03 49 00    -5.5131792   -2.1855753  936.2620  936.6816
2021 04 28 03 50 00    -5.5187543   -2.1882634  936.2593  936.6829
2021 04 28 03 51 00    -5.5241431   -2.1908993  936.2572  936.6804
2021 04 28 03 52 00    -5.5292496   -2.1934825  936.2556  936.6832
2021 04 28 03 53 00    -5.5341855   -2.1959988  936.2536  936.6923
2021 04 28 03 54 00    -5.5391267   -2.1985029  936.2518  936.7015
2021 04 28 03 55 00    -5.5441672   -2.2010299  936.2509  936.7082
2021 04 28 03 56 00    -5.5492114   -2.2035505  936.2499  936.7124
2021 04 28 03 57 00    -5.5540710   -2.2060185  936.2481  936.7140
2021 04 28 03 58 00    -5.5587010   -2.2083558  936.2459  936.7141
2021 04 28 03 59 00    -5.5632629   -2.2106449  936.2439  936.7150
2021 04 28 04 00 00    -5.5679352   -2.2131075  936.2425  936.7187
2021 04 28 04 01 00    -5.5726052   -2.2155841  936.2416  936.7252
2021 04 28 04 02 00    -5.5771213   -2.2178040  936.2411  936.7333
2021 04 28 04 03 00    -5.5815323   -2.2199099  936.2405  936.7410
2021 04 28 04 04 00    -5.5857701   -2.2219729  936.2396  936.7459
2021 04 28 04 05 00    -5.5898672   -2.2238451  936.2383  936.7469
2021 04 28 04 06 00    -5.5940748   -2.2256596  936.2372  936.7448
2021 04 28 04 07 00    -5.5983165   -2.2276977  936.2364  936.7421
2021 04 28 04 08 00    -5.6023313   -2.2299478  936.2354  936.7404
2021 04 28 04 09 00    -5.6061562   -2.2321052  936.2339  936.7403
2021 04 28 04 10 00    -5.6099637   -2.2339363  936.2325  936.7443
2021 04 28 04 11 00    -5.6137629   -2.2356058  936.2316  936.7543
2021 04 28 04 12 00    -5.6173954   -2.2374089  936.2313  936.7664
2021 04 28 04 13 00    -5.6207969   -2.2392707  936.2311  936.7746
2021 04 28 04 14 00    -5.6241198   -2.2409918  936.2308  936.7775
2021 04 28 04 15 00    -5.6274051   -2.2426113  936.2308  936.7777
2021 04 28 04 16 00    -5.6305635   -2.2441732  936.2306  936.7778
2021 04 28 04 17 00    -5.6337336   -2.2457693  936.2293  936.7783
2021 04 28 04 18 00    -5.6369395   -2.2474891  936.2274  936.7793
2021 04 28 04 19 00    -5.6399361   -2.2491057  936.2264  936.7813
2021 04 28 04 20 00    -5.6427776   -2.2505416  936.2263  936.7854
2021 04 28 04 21 00    -5.6455692   -2.2519679  936.2267  936.7928
2021 04 28 04 22 00    -5.6481773   -2.2532985  936.2272  936.8016
2021 04 28 04 23 00    -5.6506288   -2.2544134  936.2278  936.8088
2021 04 28 04 24 00    -5.6530178   -2.2554808  936.2281  936.8149
2021 04 28 04 25 00    -5.6553711   -2.2567190  936.2276  936.8213
2021 04 28 04 26 00    -5.6577442   -2.2580092  936.2270  936.8271
2021 04 28 04 27 00    -5.6599838   -2.2590259  936.2271  936.8323
2021 04 28 04 28 00    -5.6618925   -2.2598252  936.2275  936.8385
2021 04 28 04 29 00    -5.6636921   -2.2607328  936.2280  936.8454
2021 04 28 04 30 00    -5.6656706   -2.2617754  936.2290  936.8503
2021 04 28 04 31 00    -5.6676226   -2.2627181  936.2304  936.8517
2021 04 28 04 32 00    -5.6691941   -2.2634210  936.2309  936.8520
2021 04 28 04 33 00    -5.6705556   -2.2640343  936.2305  936.8541
2021 04 28 04 34 00    -5.6721496   -2.2647869  936.2301  936.8591
2021 04 28 04 35 00    -5.6738485   -2.2656068  936.2299  936.8670
2021 04 28 04 36 00    -5.6751273   -2.2662863  936.2303  936.8771
2021 04 28 04 37 00    -5.6760308   -2.2668091  936.2316  936.8877
2021 04 28 04 38 00    -5.6770303   -2.2672883  936.2332  936.8973
2021 04 28 04 39 00    -5.6781287   -2.2678466  936.2342  936.9030
2021 04 28 04 40 00    -5.6790290   -2.2684200  936.2349  936.9014
2021 04 28 04 41 00    -5.6797330   -2.2687143  936.2359  936.8929
2021 04 28 04 42 00    -5.6803497   -2.2687879  936.2367  936.8815
2021 04 28 04 43 00    -5.6808969   -2.2691068  936.2366  936.8723
2021 04 28 04 44 00    -5.6814313   -2.2696441  936.2361  936.8669
2021 04 28 04 45 00    -5.6818756   -2.2699248  936.2358  936.8642
2021 04 28 04 46 00    -5.6821213   -2.2699510  936.2356  936.8638
2021 04 28 04 47 00    -5.6823303   -2.2700550  936.2351  936.8645
2021 04 28 04 48 00    -5.6825291   -2.2701976  936.2346  936.8640
2021 04 28 04 49 00    -5.6824880   -2.2701792  936.2345  936.8614
2021 04 28 04 50 00    -5.6821763   -2.2699860  936.2344  936.8571
2021 04 28 04 51 00    -5.6817286   -2.2696764  936.2336  936.8533
2021 04 28 04 52 00    -5.6813418   -2.2694894  936.2329  936.8517
2021 04 28 04 53 00    -5.6810822   -2.2695501  936.2326  936.8498
2021 04 28 04 54 00    -5.6805850   -2.2694194  936.2325  936.8460
2021 04 28 04 55 00    -5.6796969   -2.2689091  936.2320  936.8450
2021 04 28 04 56 00    -5.6787936   -2.2684359  936.2314  936.8490
2021 04 28 04 57 00    -5.6779431   -2.2680718  936.2311  936.8555
2021 04 28 04 58 00    -5.6768055   -2.2675256  936.2315  936.8628
2021 04 28 04 59 00    -5.6753569   -2.2667900  936.2319  936.8684
2021 04 28 05 00 00    -5.6738910   -2.2660536  936.2318  936.8722
2021 04 28 05 01 00    -5.6724653   -2.2653550  936.2316  936.8789
2021 04 28 05 02 00    -5.6709404   -2.2646515  936.2317  936.8873
2021 04 28 05 03 00    -5.6692935   -2.2639457  936.2318  936.8927
2021 04 28 05 04 00    -5.6674579   -2.2630605  936.2318  936.8984
2021 04 28 05 05 00    -5.6653708   -2.2618670  936.2321  936.9101
2021 04 28 05 06 00    -5.6632914   -2.2606705  936.2327  936.9219
2021 04 28 05 07 00    -5.6613419   -2.2596132  936.2341  936.9259
2021 04 28 05 08 00    -5.6591233   -2.2584038  936.2359  936.9287
2021 04 28 05 09 00    -5.6564391   -2.2570027  936.2369  936.9359
2021 04 28 05 10 00    -5.6536464   -2.2556162  936.2367  936.9407
2021 04 28 05 11 00    -5.6510136   -2.2542850  936.2368  936.9402
2021 04 28 05 12 00    -5.6484024   -2.2530100  936.2376  936.9395
2021 04 28 05 13 00    -5.6456437   -2.2517710  936.2383  936.9410
2021 04 28 05 14 00    -5.6427358   -2.2503959  936.2387  936.9430
2021 04 28 05 15 00    -5.6396813   -2.2487618  936.2392  936.9414
2021 04 28 05 16 00    -5.6364871   -2.2470408  936.2401  936.9390
2021 04 28 05 17 00    -5.6331565   -2.2454057  936.2409  936.9428
2021 04 28 05 18 00    -5.6296536   -2.2436824  936.2412  936.9467
2021 04 28 05 19 00    -5.6260606   -2.2418232  936.2413  936.9468
2021 04 28 05 20 00    -5.6224649   -2.2400337  936.2418  936.9498
2021 04 28 05 21 00    -5.6187389   -2.2381830  936.2427  936.9506
2021 04 28 05 22 00    -5.6147653   -2.2361026  936.2432  936.9431
2021 04 28 05 23 00    -5.6106504   -2.2340496  936.2435  936.9377
2021 04 28 05 24 00    -5.6065449   -2.2321625  936.2439  936.9406
2021 04 28 05 25 00    -5.6024748   -2.2301990  936.2440  936.9450
2021 04 28 05 26 00    -5.5983394   -2.2280020  936.2438  936.9489
2021 04 28 05 27 00    -5.5939027   -2.2256389  936.2444  936.9567
2021 04 28 05 28 00    -5.5890577   -2.2232179  936.2457  936.9656
2021 04 28 05 29 00    -5.5841158   -2.2208397  936.2467  936.9711
2021 04 28 05 30 00    -5.5792433   -2.2184781  936.2472  936.9741
2021 04 28 05 31 00    -5.5741472   -2.2159581  936.2478  936.9738
2021 04 28 05 32 00    -5.5688460   -2.2132568  936.2489  936.9686
2021 04 28 05 33 00    -5.5636311   -2.2105300  936.2497  936.9643
2021 04 28 05 34 00    -5.5583268   -2.2078217  936.2497  936.9683
2021 04 28 05 35 00    -5.5526940   -2.2051081  936.2492  936.9738
2021 04 28 05 36 00    -5.5469413   -2.2023478  936.2491  936.9753
2021 04 28 05 37 00    -5.5411813   -2.1994095  936.2498  936.9807
2021 04 28 05 38 00    -5.5352664   -2.1963387  936.2510  936.9886
2021 04 28 05 39 00    -5.5293177   -2.1933693  936.2522  936.9935
2021 04 28 05 40 00    -5.5233951   -2.1904685  936.2533  937.0011
2021 04 28 05 41 00    -5.5171642   -2.1873768  936.2545  937.0056
2021 04 28 05 42 00    -5.5106047   -2.1841182  936.2557  937.0018
2021 04 28 05 43 00    -5.5040677   -2.1809285  936.2572  937.0063
2021 04 28 05 44 00    -5.4975759   -2.1777273  936.2591  937.0198
2021 04 28 05 45 00    -5.4908799   -2.1742489  936.2608  937.0193
2021 04 28 05 46 00    -5.4840096   -2.1705932  936.2615  937.0039
2021 04 28 05 47 00    -5.4771994   -2.1670863  936.2614  936.9969
2021 04 28 05 48 00    -5.4702910   -2.1637018  936.2615  937.0012
2021 04 28 05 49 00    -5.4629718   -2.1601530  936.2627  937.0013
2021 04 28 05 50 00    -5.4554998   -2.1564320  936.2642  937.0028
2021 04 28 05 51 00    -5.4481320   -2.1526617  936.2648  937.0153
2021 04 28 05 52 00    -5.4405323   -2.1487955  936.2652  937.0245
2021 04 28 05 53 00    -5.4326288   -2.1448936  936.2665  937.0284
2021 04 28 05 54 00    -5.4248234   -2.1410780  936.2678  937.0426
2021 04 28 05 55 00    -5.4171246   -2.1372582  936.2688  937.0598
2021 04 28 05 56 00    -5.4091554   -2.1332913  936.2701  937.0646
2021 04 28 05 57 00    -5.4007849   -2.1291323  936.2720  937.0630
2021 04 28 05 58 00    -5.3922328   -2.1248184  936.2740  937.0632
2021 04 28 05 59 00    -5.3837503   -2.1204469  936.2760  937.0639
2021 04 28 06 00 00    -5.3752869   -2.1161114  936.2781  937.0636
2021 04 28 06 01 00    -5.3666070   -2.1118354  936.2799  937.0625
2021 04 28 06 02 00    -5.3577260   -2.1075371  936.2810  937.0648
2021 04 28 06 03 00    -5.3488217   -2.1031227  936.2817  937.0729
2021 04 28 06 04 00    -5.3398538   -2.0985851  936.2826  937.0824
2021 04 28 06 05 00    -5.3306397   -2.0939124  936.2839  937.0891
2021 04 28 06 06 00    -5.3212225   -2.0891356  936.2856  937.0949
2021 04 28 06 07 00    -5.3118071   -2.0844193  936.2879  937.1041
2021 04 28 06 08 00    -5.3023628   -2.0797667  936.2907  937.1188
2021 04 28 06 09 00    -5.2927372   -2.0749869  936.2935  937.1319
2021 04 28 06 10 00    -5.2829120   -2.0700401  936.2964  937.1352
2021 04 28 06 11 00    -5.2729134   -2.0649916  936.2994  937.1313
2021 04 28 06 12 00    -5.2628516   -2.0598998  936.3016  937.1269
2021 04 28 06 13 00    -5.2528886   -2.0548753  936.3028  937.1242
2021 04 28 06 14 00    -5.2428874   -2.0498741  936.3044  937.1192
2021 04 28 06 15 00    -5.2325671   -2.0446594  936.3063  937.1100
2021 04 28 06 16 00    -5.2220380   -2.0392715  936.3077  937.1027
2021 04 28 06 17 00    -5.2114976   -2.0339953  936.3084  937.0993
2021 04 28 06 18 00    -5.2008407   -2.0288271  936.3089  937.0960
2021 04 28 06 19 00    -5.1901134   -2.0235870  936.3097  937.0936
2021 04 28 06 20 00    -5.1794027   -2.0181903  936.3104  937.0912
2021 04 28 06 21 00    -5.1684362   -2.0126145  936.3107  937.0857
2021 04 28 06 22 00    -5.1571407   -2.0069498  936.3111  937.0818
2021 04 28 06 23 00    -5.1457398   -2.0012529  936.3118  937.0829
2021 04 28 06 24 00    -5.1342844   -1.9954978  936.3126  937.0831
2021 04 28 06 25 00    -5.1228063   -1.9897858  936.3130  937.0791
2021 04 28 06 26 00    -5.1113239   -1.9841234  936.3130  937.0752
2021 04 28 06 27 00    -5.0996879   -1.9783218  936.3132  937.0764
2021 04 28 06 28 00    -5.0878560   -1.9723816  936.3144  937.0809
2021 04 28 06 29 00    -5.0759360   -1.9664120  936.3159  937.0809
2021 04 28 06 30 00    -5.0639123   -1.9603279  936.3170  937.0733
2021 04 28 06 31 00    -5.0517179   -1.9541263  936.3177  937.0662
2021 04 28 06 32 00    -5.0394352   -1.9480382  936.3185  937.0660
2021 04 28 06 33 00    -5.0270608   -1.9419818  936.3190  937.0684
2021 04 28 06 34 00    -5.0144640   -1.9355771  936.3193  937.0704
2021 04 28 06 35 00    -5.0017526   -1.9289650  936.3196  937.0742
2021 04 28 06 36 00    -4.9890565   -1.9225879  936.3198  937.0785
2021 04 28 06 37 00    -4.9762468   -1.9163754  936.3200  937.0809
2021 04 28 06 38 00    -4.9632676   -1.9099896  936.3203  937.0846
2021 04 28 06 39 00    -4.9502073   -1.9033650  936.3211  937.0890
2021 04 28 06 40 00    -4.9371492   -1.8967095  936.3226  937.0880
2021 04 28 06 41 00    -4.9241065   -1.8901856  936.3242  937.0828
2021 04 28 06 42 00    -4.9108578   -1.8836471  936.3252  937.0805
2021 04 28 06 43 00    -4.8972391   -1.8768953  936.3255  937.0817
2021 04 28 06 44 00    -4.8834985   -1.8699752  936.3255  937.0801
2021 04 28 06 45 00    -4.8698638   -1.8629866  936.3257  937.0719
2021 04 28 06 46 00    -4.8562030   -1.8559807  936.3261  937.0636
2021 04 28 06 47 00    -4.8423634   -1.8490466  936.3267  937.0622
2021 04 28 06 48 00    -4.8284320   -1.8422169  936.3269  937.0636
2021 04 28 06 49 00    -4.8144398   -1.8353361  936.3268  937.0598
2021 04 28 06 50 00    -4.8002195   -1.8282118  936.3267  937.0499
2021 04 28 06 51 00    -4.7858308   -1.8208897  936.3266  937.0401
2021 04 28 06 52 00    -4.7714559   -1.8135385  936.3259  937.0355
2021 04 28 06 53 00    -4.7570085   -1.8062658  936.3255  937.0350
2021 04 28 06 54 00    -4.7424269   -1.7991048  936.3255  937.0348
2021 04 28 06 55 00    -4.7278132   -1.7919045  936.3254  937.0320
2021 04 28 06 56 00    -4.7131736   -1.7844813  936.3246  937.0261
2021 04 28 06 57 00    -4.6983897   -1.7768695  936.3234  937.0205
2021 04 28 06 58 00    -4.6834114   -1.7692379  936.3223  937.0180
2021 04 28 06 59 00    -4.6683914   -1.7617124  936.3215  937.0167
2021 04 28 07 00 00    -4.6533820   -1.7542474  936.3209  937.0118
2021 04 28 07 01 00    -4.6381145   -1.7466776  936.3204  937.0027
2021 04 28 07 02 00    -4.6225084   -1.7389410  936.3199  936.9936
2021 04 28 07 03 00    -4.6068839   -1.7311304  936.3190  936.9876
2021 04 28 07 04 00    -4.5914054   -1.7233557  936.3180  936.9844
2021 04 28 07 05 00    -4.5758853   -1.7156672  936.3173  936.9825
2021 04 28 07 06 00    -4.5601983   -1.7080025  936.3167  936.9785
2021 04 28 07 07 00    -4.5443729   -1.7001549  936.3156  936.9716
2021 04 28 07 08 00    -4.5284018   -1.6920557  936.3141  936.9677
2021 04 28 07 09 00    -4.5123085   -1.6839204  936.3126  936.9705
2021 04 28 07 10 00    -4.4961566   -1.6758549  936.3119  936.9717
2021 04 28 07 11 00    -4.4799572   -1.6677440  936.3114  936.9641
2021 04 28 07 12 00    -4.4636420   -1.6595461  936.3104  936.9554
2021 04 28 07 13 00    -4.4471524   -1.6513139  936.3094  936.9561
2021 04 28 07 14 00    -4.4306491   -1.6431041  936.3091  936.9645
2021 04 28 07 15 00    -4.4142236   -1.6349078  936.3092  936.9719
2021 04 28 07 16 00    -4.3976310   -1.6266008  936.3090  936.9753
2021 04 28 07 17 00    -4.3807884   -1.6181513  936.3085  936.9769
2021 04 28 07 18 00    -4.3638472   -1.6096763  936.3082  936.9776
2021 04 28 07 19 00    -4.3468374   -1.6011925  936.3084  936.9758
2021 04 28 07 20 00    -4.3298341   -1.5926219  936.3088  936.9711
2021 04 28 07 21 00    -4.3128987   -1.5840163  936.3088  936.9661
2021 04 28 07 22 00    -4.2958679   -1.5754863  936.3084  936.9627
2021 04 28 07 23 00    -4.2786882   -1.5669871  936.3075  936.9604
2021 04 28 07 24 00    -4.2614537   -1.5584242  936.3065  936.9576
2021 04 28 07 25 00    -4.2440955   -1.5497618  936.3062  936.9527
2021 04 28 07 26 00    -4.2266147   -1.5409891  936.3071  936.9496
2021 04 28 07 27 00    -4.2091352   -1.5321685  936.3073  936.9526
2021 04 28 07 28 00    -4.1915180   -1.5233378  936.3062  936.9588
2021 04 28 07 29 00    -4.1736948   -1.5144839  936.3053  936.9625
2021 04 28 07 30 00    -4.1558868   -1.5056198  936.3053  936.9603
2021 04 28 07 31 00    -4.1381027   -1.4966985  936.3051  936.9513
2021 04 28 07 32 00    -4.1201778   -1.4876743  936.3040  936.9404
2021 04 28 07 33 00    -4.1020664   -1.4785853  936.3029  936.9355
2021 04 28 07 34 00    -4.0838230   -1.4694841  936.3024  936.9378
2021 04 28 07 35 00    -4.0656415   -1.4603999  936.3023  936.9390
2021 04 28 07 36 00    -4.0477041   -1.4513755  936.3020  936.9297
2021 04 28 07 37 00    -4.0298294   -1.4424471  936.3012  936.9153
2021 04 28 07 38 00    -4.0115864   -1.4334095  936.3003  936.9131
2021 04 28 07 39 00    -3.9929411   -1.4240704  936.2993  936.9249
2021 04 28 07 40 00    -3.9743262   -1.4146827  936.2985  936.9286
2021 04 28 07 41 00    -3.9558330   -1.4054147  936.2979  936.9177
2021 04 28 07 42 00    -3.9371760   -1.3960699  936.2976  936.9108
2021 04 28 07 43 00    -3.9183797   -1.3866005  936.2971  936.9078
2021 04 28 07 44 00    -3.8996230   -1.3771480  936.2961  936.8991
2021 04 28 07 45 00    -3.8808740   -1.3677659  936.2952  936.8970
2021 04 28 07 46 00    -3.8620996   -1.3584278  936.2945  936.9028
2021 04 28 07 47 00    -3.8433456   -1.3491093  936.2936  936.8958
2021 04 28 07 48 00    -3.8245343   -1.3397009  936.2923  936.8740
2021 04 28 07 49 00    -3.8055445   -1.3301150  936.2907  936.8595
2021 04 28 07 50 00    -3.7864030   -1.3205304  936.2886  936.8588
2021 04 28 07 51 00    -3.7671960   -1.3110563  936.2868  936.8563
2021 04 28 07 52 00    -3.7479941   -1.3014972  936.2854  936.8478
2021 04 28 07 53 00    -3.7288041   -1.2917985  936.2842  936.8435
2021 04 28 07 54 00    -3.7095172   -1.2821180  936.2832  936.8437
2021 04 28 07 55 00    -3.6900814   -1.2724504  936.2820  936.8456
2021 04 28 07 56 00    -3.6706307   -1.2627000  936.2804  936.8522
2021 04 28 07 57 00    -3.6512674   -1.2529214  936.2788  936.8610
2021 04 28 07 58 00    -3.6318543   -1.2431484  936.2775  936.8665
2021 04 28 07 59 00    -3.6122399   -1.2332761  936.2766  936.8679
2021 04 28 08 00 00    -3.5925158   -1.2233095  936.2757  936.8637
2021 04 28 08 01 00    -3.5728354   -1.2133950  936.2750  936.8555
2021 04 28 08 02 00    -3.5531897   -1.2035639  936.2745  936.8508
2021 04 28 08 03 00    -3.5334968   -1.1937484  936.2743  936.8524
2021 04 28 08 04 00    -3.5136644   -1.1838993  936.2739  936.8553
2021 04 28 08 05 00    -3.4936589   -1.1739301  936.2727  936.8535
2021 04 28 08 06 00    -3.4736670   -1.1638483  936.2709  936.8446
2021 04 28 08 07 00    -3.4538011   -1.1537724  936.2694  936.8324
2021 04 28 08 08 00    -3.4339262   -1.1437009  936.2681  936.8228
2021 04 28 08 09 00    -3.4139837   -1.1336486  936.2670  936.8193
2021 04 28 08 10 00    -3.3939860   -1.1237263  936.2660  936.8187
2021 04 28 08 11 00    -3.3739515   -1.1138723  936.2645  936.8140
2021 04 28 08 12 00    -3.3539522   -1.1039252  936.2626  936.8053
2021 04 28 08 13 00    -3.3339485   -1.0938414  936.2608  936.8006
2021 04 28 08 14 00    -3.3138377   -1.0836422  936.2596  936.8049
2021 04 28 08 15 00    -3.2936199   -1.0734281  936.2584  936.8150
2021 04 28 08 16 00    -3.2732812   -1.0633027  936.2569  936.8239
2021 04 28 08 17 00    -3.2528357   -1.0532000  936.2551  936.8277
2021 04 28 08 18 00    -3.2324550   -1.0430717  936.2538  936.8286
2021 04 28 08 19 00    -3.2121317   -1.0329364  936.2535  936.8309
2021 04 28 08 20 00    -3.1916602   -1.0227329  936.2535  936.8382
2021 04 28 08 21 00    -3.1711030   -1.0124633  936.2533  936.8528
2021 04 28 08 22 00    -3.1506370   -1.0022197  936.2539  936.8723
2021 04 28 08 23 00    -3.1302054   -0.9920267  936.2554  936.8888
2021 04 28 08 24 00    -3.1097276   -0.9818197  936.2568  936.8981
2021 04 28 08 25 00    -3.0892225   -0.9714963  936.2574  936.9037
2021 04 28 08 26 00    -3.0686821   -0.9610544  936.2576  936.9081
2021 04 28 08 27 00    -3.0481386   -0.9506750  936.2580  936.9091
2021 04 28 08 28 00    -3.0276195   -0.9404517  936.2589  936.9068
2021 04 28 08 29 00    -3.0070646   -0.9302164  936.2598  936.9045
2021 04 28 08 30 00    -2.9865227   -0.9198515  936.2600  936.9035
2021 04 28 08 31 00    -2.9660670   -0.9094951  936.2596  936.9018
2021 04 28 08 32 00    -2.9455705   -0.8992903  936.2599  936.8986
2021 04 28 08 33 00    -2.9249170   -0.8891085  936.2607  936.8948
2021 04 28 08 34 00    -2.9041535   -0.8787488  936.2609  936.8910
2021 04 28 08 35 00    -2.8833689   -0.8683099  936.2607  936.8866
2021 04 28 08 36 00    -2.8626763   -0.8579978  936.2608  936.8819
2021 04 28 08 37 00    -2.8421211   -0.8477625  936.2607  936.8777
2021 04 28 08 38 00    -2.8215963   -0.8374817  936.2602  936.8732
2021 04 28 08 39 00    -2.8009572   -0.8271481  936.2597  936.8674
2021 04 28 08 40 00    -2.7801145   -0.8167210  936.2590  936.8623
2021 04 28 08 41 00    -2.7591784   -0.8061885  936.2586  936.8614
2021 04 28 08 42 00    -2.7383959   -0.7956635  936.2582  936.8649
2021 04 28 08 43 00    -2.7178006   -0.7852592  936.2574  936.8681
2021 04 28 08 44 00    -2.6971685   -0.7749243  936.2566  936.8669
2021 04 28 08 45 00    -2.6763404   -0.7644742  936.2561  936.8639
2021 04 28 08 46 00    -2.6554524   -0.7539673  936.2559  936.8645
2021 04 28 08 47 00    -2.6346918   -0.7436257  936.2556  936.8688
2021 04 28 08 48 00    -2.6140018   -0.7333357  936.2554  936.8741
2021 04 28 08 49 00    -2.5933278   -0.7229570  936.2556  936.8777
2021 04 28 08 50 00    -2.5727451   -0.7126447  936.2558  936.8769
2021 04 28 08 51 00    -2.5521317   -0.7023632  936.2550  936.8731
2021 04 28 08 52 00    -2.5313680   -0.6919569  936.2534  936.8715
2021 04 28 08 53 00    -2.5106591   -0.6815675  936.2524  936.8736
2021 04 28 08 54 00    -2.4900636   -0.6712692  936.2522  936.8763
2021 04 28 08 55 00    -2.4694185   -0.6609365  936.2522  936.8777
2021 04 28 08 56 00    -2.4488178   -0.6506467  936.2518  936.8776
2021 04 28 08 57 00    -2.4283060   -0.6404802  936.2509  936.8756
2021 04 28 08 58 00    -2.4076846   -0.6302117  936.2498  936.8721
2021 04 28 08 59 00    -2.3869871   -0.6197198  936.2494  936.8679
2021 04 28 09 00 00    -2.3662999   -0.6091772  936.2500  936.8625
2021 04 28 09 01 00    -2.3456135   -0.5987383  936.2503  936.8566
2021 04 28 09 02 00    -2.3251336   -0.5885056  936.2494  936.8519
2021 04 28 09 03 00    -2.3048362   -0.5784445  936.2483  936.8469
2021 04 28 09 04 00    -2.2843845   -0.5683015  936.2478  936.8389
2021 04 28 09 05 00    -2.2637795   -0.5579901  936.2472  936.8295
2021 04 28 09 06 00    -2.2432100   -0.5476854  936.2458  936.8224
2021 04 28 09 07 00    -2.2227367   -0.5374603  936.2443  936.8201
2021 04 28 09 08 00    -2.2023438   -0.5272282  936.2434  936.8242
2021 04 28 09 09 00    -2.1819245   -0.5170103  936.2425  936.8294
2021 04 28 09 10 00    -2.1615292   -0.5069244  936.2415  936.8283
2021 04 28 09 11 00    -2.1412912   -0.4968766  936.2403  936.8231
2021 04 28 09 12 00    -2.1210085   -0.4866407  936.2392  936.8235
2021 04 28 09 13 00    -2.1005649   -0.4763036  936.2388  936.8297
2021 04 28 09 14 00    -2.0801966   -0.4661727  936.2385  936.8315
2021 04 28 09 15 00    -2.0599120   -0.4561954  936.2371  936.8265
2021 04 28 09 16 00    -2.0396287   -0.4460655  936.2355  936.8245
2021 04 28 09 17 00    -2.0195226   -0.4358278  936.2350  936.8328
2021 04 28 09 18 00    -1.9996069   -0.4257496  936.2351  936.8509
2021 04 28 09 19 00    -1.9796667   -0.4157991  936.2348  936.8720
2021 04 28 09 20 00    -1.9595610   -0.4057403  936.2339  936.8777
2021 04 28 09 21 00    -1.9393922   -0.3955976  936.2334  936.8542
2021 04 28 09 22 00    -1.9194512   -0.3855775  936.2331  936.8256
2021 04 28 09 23 00    -1.8997077   -0.3756728  936.2321  936.8294
2021 04 28 09 24 00    -1.8798828   -0.3658184  936.2308  936.8500
2021 04 28 09 25 00    -1.8599934   -0.3560123  936.2296  936.8399
2021 04 28 09 26 00    -1.8401160   -0.3460673  936.2282  936.8021
2021 04 28 09 27 00    -1.8202519   -0.3359338  936.2267  936.7775
2021 04 28 09 28 00    -1.8005448   -0.3259352  936.2254  936.7717
2021 04 28 09 29 00    -1.7810237   -0.3162218  936.2240  936.7612
2021 04 28 09 30 00    -1.7615306   -0.3065847  936.2217  936.7558
2021 04 28 09 31 00    -1.7419522   -0.2968129  936.2190  936.7877
2021 04 28 09 32 00    -1.7223352   -0.2869725  936.2168  936.8342
2021 04 28 09 33 00    -1.7028826   -0.2772801  936.2150  936.8378
2021 04 28 09 34 00    -1.6835403   -0.2675948  936.2136  936.8103
2021 04 28 09 35 00    -1.6640335   -0.2576656  936.2130  936.8068
2021 04 28 09 36 00    -1.6445364   -0.2477820  936.2125  936.8281
2021 04 28 09 37 00    -1.6253225   -0.2382172  936.2117  936.8387
2021 04 28 09 38 00    -1.6061549   -0.2287170  936.2113  936.8382
2021 04 28 09 39 00    -1.5868508   -0.2190971  936.2117  936.8431
2021 04 28 09 40 00    -1.5675831   -0.2094166  936.2124  936.8382
2021 04 28 09 41 00    -1.5485092   -0.1997544  936.2128  936.8018
2021 04 28 09 42 00    -1.5296955   -0.1902733  936.2123  936.7505
2021 04 28 09 43 00    -1.5110148   -0.1810206  936.2112  936.7145
2021 04 28 09 44 00    -1.4922359   -0.1717942  936.2099  936.7008
2021 04 28 09 45 00    -1.4734121   -0.1623985  936.2086  936.7123
2021 04 28 09 46 00    -1.4546939   -0.1528822  936.2071  936.7440
2021 04 28 09 47 00    -1.4360154   -0.1434674  936.2054  936.7623
2021 04 28 09 48 00    -1.4173245   -0.1341543  936.2034  936.7435
2021 04 28 09 49 00    -1.3987518   -0.1247704  936.2011  936.7023
2021 04 28 09 50 00    -1.3803995   -0.1153982  936.1984  936.6619
2021 04 28 09 51 00    -1.3621769   -0.1062317  936.1953  936.6356
2021 04 28 09 52 00    -1.3439355   -0.0972239  936.1920  936.6295
2021 04 28 09 53 00    -1.3256659   -0.0881878  936.1892  936.6237
2021 04 28 09 54 00    -1.3074733   -0.0790746  936.1866  936.6066
2021 04 28 09 55 00    -1.2894015   -0.0699559  936.1841  936.6062
2021 04 28 09 56 00    -1.2714045   -0.0608880  936.1819  936.6200
2021 04 28 09 57 00    -1.2534696   -0.0519299  936.1794  936.6272
2021 04 28 09 58 00    -1.2356584   -0.0431195  936.1764  936.6401
2021 04 28 09 59 00    -1.2179965   -0.0343629  936.1743  936.6512
2021 04 28 10 00 00    -1.2002469   -0.0253911  936.1729  936.6306
2021 04 28 10 01 00    -1.1822398   -0.0161663  936.1704  936.5854
2021 04 28 10 02 00    -1.1644189   -0.0071550  936.1672  936.5509
2021 04 28 10 03 00    -1.1471671    0.0013916  936.1645  936.5458
2021 04 28 10 04 00    -1.1301358    0.0098112  936.1623  936.5582
2021 04 28 10 05 00    -1.1129343    0.0184156  936.1596  936.5697
2021 04 28 10 06 00    -1.0956330    0.0271815  936.1567  936.5758
2021 04 28 10 07 00    -1.0783577    0.0359214  936.1542  936.5781
2021 04 28 10 08 00    -1.0611328    0.0444625  936.1519  936.5855
2021 04 28 10 09 00    -1.0441323    0.0528205  936.1500  936.6100
2021 04 28 10 10 00    -1.0273848    0.0612207  936.1493  936.6359
2021 04 28 10 11 00    -1.0106131    0.0697545  936.1493  936.6343
2021 04 28 10 12 00    -0.9938314    0.0781884  936.1485  936.6060
2021 04 28 10 13 00    -0.9772511    0.0863868  936.1456  936.5759
2021 04 28 10 14 00    -0.9608480    0.0945097  936.1410  936.5799
2021 04 28 10 15 00    -0.9445709    0.1026840  936.1368  936.6094
2021 04 28 10 16 00    -0.9283502    0.1109117  936.1340  936.6009
2021 04 28 10 17 00    -0.9120783    0.1191342  936.1317  936.5549
2021 04 28 10 18 00    -0.8957939    0.1271946  936.1291  936.5190
2021 04 28 10 19 00    -0.8796611    0.1350734  936.1256  936.4838
2021 04 28 10 20 00    -0.8637754    0.1430402  936.1210  936.4424
2021 04 28 10 21 00    -0.8480289    0.1510999  936.1166  936.4218
2021 04 28 10 22 00    -0.8323784    0.1588790  936.1129  936.4177
2021 04 28 10 23 00    -0.8168453    0.1665013  936.1095  936.4111
2021 04 28 10 24 00    -0.8012702    0.1744279  936.1061  936.4123
2021 04 28 10 25 00    -0.7856670    0.1824588  936.1023  936.4285
2021 04 28 10 26 00    -0.7702437    0.1901694  936.0983  936.4419
2021 04 28 10 27 00    -0.7549927    0.1976559  936.0947  936.4418
2021 04 28 10 28 00    -0.7397771    0.2051310  936.0918  936.4286
2021 04 28 10 29 00    -0.7245923    0.2126335  936.0883  936.4011
2021 04 28 10 30 00    -0.7096606    0.2201309  936.0832  936.3788
2021 04 28 10 31 00    -0.6950281    0.2275352  936.0774  936.3902
2021 04 28 10 32 00    -0.6803224    0.2349224  936.0726  936.4308
2021 04 28 10 33 00    -0.6654639    0.2424240  936.0694  936.4795
2021 04 28 10 34 00    -0.6507839    0.2497936  936.0675  936.5050
2021 04 28 10 35 00    -0.6363127    0.2568847  936.0652  936.4750
2021 04 28 10 36 00    -0.6218795    0.2640791  936.0616  936.4141
2021 04 28 10 37 00    -0.6075523    0.2714554  936.0574  936.3775
2021 04 28 10 38 00    -0.5934536    0.2786157  936.0540  936.3660
2021 04 28 10 39 00    -0.5795680    0.2854812  936.0508  936.3505
2021 04 28 10 40 00    -0.5657602    0.2922788  936.0471  936.3418
2021 04 28 10 41 00    -0.5518873    0.2991534  936.0433  936.3605
2021 04 28 10 42 00    -0.5380997    0.3060222  936.0399  936.3883
2021 04 28 10 43 00    -0.5246718    0.3126505  936.0371  936.4012
2021 04 28 10 44 00    -0.5114854    0.3191468  936.0349  936.4276
2021 04 28 10 45 00    -0.4982016    0.3258537  936.0335  936.5030
2021 04 28 10 46 00    -0.4847946    0.3326632  936.0329  936.5664
2021 04 28 10 47 00    -0.4715405    0.3393043  936.0327  936.5378
2021 04 28 10 48 00    -0.4585750    0.3458515  936.0318  936.4548
2021 04 28 10 49 00    -0.4457968    0.3523445  936.0300  936.3895
2021 04 28 10 50 00    -0.4331976    0.3586608  936.0275  936.3424
2021 04 28 10 51 00    -0.4207882    0.3648906  936.0240  936.2983
2021 04 28 10 52 00    -0.4084524    0.3711499  936.0198  936.2675
2021 04 28 10 53 00    -0.3961568    0.3773091  936.0156  936.2510
2021 04 28 10 54 00    -0.3838750    0.3833688  936.0110  936.2404
2021 04 28 10 55 00    -0.3716442    0.3894674  936.0061  936.2328
2021 04 28 10 56 00    -0.3596235    0.3955187  936.0015  936.2190
2021 04 28 10 57 00    -0.3478100    0.4014221  935.9967  936.1943
2021 04 28 10 58 00    -0.3361956    0.4072021  935.9913  936.1849
2021 04 28 10 59 00    -0.3248209    0.4129021  935.9863  936.2125
2021 04 28 11 00 00    -0.3134746    0.4186988  935.9828  936.2478
2021 04 28 11 01 00    -0.3019331    0.4247411  935.9799  936.2547
2021 04 28 11 02 00    -0.2904770    0.4306963  935.9763  936.2396
2021 04 28 11 03 00    -0.2795517    0.4360977  935.9725  936.2166
2021 04 28 11 04 00    -0.2688602    0.4412309  935.9690  936.1886
2021 04 28 11 05 00    -0.2578814    0.4466536  935.9656  936.1720
2021 04 28 11 06 00    -0.2469288    0.4521431  935.9622  936.1673
2021 04 28 11 07 00    -0.2364053    0.4572792  935.9583  936.1472
2021 04 28 11 08 00    -0.2260229    0.4623448  935.9541  936.1190
2021 04 28 11 09 00    -0.2155108    0.4677343  935.9502  936.1158
2021 04 28 11 10 00    -0.2051244    0.4731565  935.9467  936.1328
2021 04 28 11 11 00    -0.1951707    0.4781597  935.9429  936.1367
2021 04 28 11 12 00    -0.1855053    0.4829070  935.9384  936.1237
2021 04 28 11 13 00    -0.1757757    0.4877433  935.9337  936.1443
2021 04 28 11 14 00    -0.1659916    0.4925893  935.9305  936.2178
2021 04 28 11 15 00    -0.1564454    0.4973157  935.9289  936.2562
2021 04 28 11 16 00    -0.1471647    0.5020176  935.9268  936.2010
2021 04 28 11 17 00    -0.1379067    0.5066857  935.9230  936.1258
2021 04 28 11 18 00    -0.1286302    0.5112267  935.9189  936.0987
2021 04 28 11 19 00    -0.1195727    0.5156689  935.9154  936.1031
2021 04 28 11 20 00    -0.1108771    0.5200866  935.9122  936.1217
2021 04 28 11 21 00    -0.1024247    0.5244429  935.9093  936.1571
2021 04 28 11 22 00    -0.0939088    0.5286399  935.9073  936.1846
2021 04 28 11 23 00    -0.0851370    0.5328628  935.9056  936.1735
2021 04 28 11 24 00    -0.0764576    0.5373101  935.9028  936.1363
2021 04 28 11 25 00    -0.0682822    0.5416399  935.8987  936.1002
2021 04 28 11 26 00    -0.0604611    0.5455362  935.8942  936.0714
2021 04 28 11 27 00    -0.0527483    0.5492412  935.8898  936.0527
2021 04 28 11 28 00    -0.0451399    0.5529941  935.8855  936.0526
2021 04 28 11 29 00    -0.0376398    0.5567520  935.8814  936.0758
2021 04 28 11 30 00    -0.0301734    0.5604910  935.8781  936.1041
2021 04 28 11 31 00    -0.0227153    0.5642006  935.8752  936.1042
2021 04 28 11 32 00    -0.0154230    0.5678516  935.8715  936.0793
2021 04 28 11 33 00    -0.0084307    0.5714484  935.8668  936.0761
2021 04 28 11 34 00    -0.0016503    0.5749150  935.8621  936.1138
2021 04 28 11 35 00     0.0050215    0.5782091  935.8579  936.1404
2021 04 28 11 36 00     0.0116283    0.5814235  935.8543  936.1140
2021 04 28 11 37 00     0.0181827    0.5845542  935.8514  936.0738
2021 04 28 11 38 00     0.0245702    0.5875735  935.8487  936.0637
2021 04 28 11 39 00     0.0307343    0.5906507  935.8464  936.0710
2021 04 28 11 40 00     0.0367697    0.5938431  935.8444  936.0679
2021 04 28 11 41 00     0.0426760    0.5969464  935.8417  936.0417
2021 04 28 11 42 00     0.0483866    0.5998288  935.8376  935.9946
2021 04 28 11 43 00     0.0539614    0.6025582  935.8329  935.9548
2021 04 28 11 44 00     0.0594659    0.6052943  935.8286  935.9629
2021 04 28 11 45 00     0.0647862    0.6080308  935.8249  936.0109
2021 04 28 11 46 00     0.0698485    0.6105740  935.8218  936.0467
2021 04 28 11 47 00     0.0748360    0.6129848  935.8194  936.0552
2021 04 28 11 48 00     0.0798317    0.6154995  935.8170  936.0604
2021 04 28 11 49 00     0.0846401    0.6180453  935.8144  936.0749
2021 04 28 11 50 00     0.0892838    0.6204578  935.8121  936.0868
2021 04 28 11 51 00     0.0939246    0.6227413  935.8105  936.0794
2021 04 28 11 52 00     0.0982975    0.6248014  935.8090  936.0630
2021 04 28 11 53 00     0.1022425    0.6266805  935.8073  936.0563
2021 04 28 11 54 00     0.1061779    0.6287119  935.8052  936.0439
2021 04 28 11 55 00     0.1102181    0.6308136  935.8026  936.0017
2021 04 28 11 56 00     0.1139679    0.6326184  935.7985  935.9515
2021 04 28 11 57 00     0.1173621    0.6342588  935.7936  935.9541
2021 04 28 11 58 00     0.1206392    0.6360080  935.7900  936.0161
2021 04 28 11 59 00     0.1239610    0.6378005  935.7884  936.0546
2021 04 28 12 00 00     0.1273160    0.6395010  935.7868  936.0190
2021 04 28 12 01 00     0.1303866    0.6410499  935.7839  935.9652
2021 04 28 12 02 00     0.1330333    0.6424309  935.7804  935.9641
2021 04 28 12 03 00     0.1355816    0.6436400  935.7773  936.0060
2021 04 28 12 04 00     0.1381665    0.6447245  935.7751  936.0332
2021 04 28 12 05 00     0.1405952    0.6458803  935.7736  936.0285
2021 04 28 12 06 00     0.1428092    0.6471302  935.7720  936.0213
2021 04 28 12 07 00     0.1448910    0.6482024  935.7700  936.0257
2021 04 28 12 08 00     0.1468833    0.6490936  935.7675  936.0232
2021 04 28 12 09 00     0.1487036    0.6499820  935.7648  935.9995
2021 04 28 12 10 00     0.1502395    0.6507476  935.7618  935.9613
2021 04 28 12 11 00     0.1516422    0.6514128  935.7585  935.9201
2021 04 28 12 12 00     0.1530671    0.6521948  935.7550  935.8844
2021 04 28 12 13 00     0.1542403    0.6528426  935.7513  935.8600
2021 04 28 12 14 00     0.1550079    0.6531021  935.7472  935.8506
2021 04 28 12 15 00     0.1556973    0.6533329  935.7431  935.8580
2021 04 28 12 16 00     0.1563500    0.6538022  935.7393  935.8723
2021 04 28 12 17 00     0.1567315    0.6542807  935.7355  935.8759
2021 04 28 12 18 00     0.1570409    0.6545493  935.7316  935.8567
2021 04 28 12 19 00     0.1574056    0.6546031  935.7276  935.8159
2021 04 28 12 20 00     0.1575092    0.6545180  935.7229  935.7745
2021 04 28 12 21 00     0.1572726    0.6543917  935.7180  935.7651
2021 04 28 12 22 00     0.1569371    0.6542609  935.7134  935.8002
2021 04 28 12 23 00     0.1566046    0.6540471  935.7095  935.8517
2021 04 28 12 24 00     0.1561931    0.6537395  935.7063  935.8809
2021 04 28 12 25 00     0.1556468    0.6534393  935.7036  935.8848
2021 04 28 12 26 00     0.1549628    0.6531209  935.7009  935.8880
2021 04 28 12 27 00     0.1540581    0.6527274  935.6981  935.8959
2021 04 28 12 28 00     0.1528657    0.6522472  935.6952  935.8837
2021 04 28 12 29 00     0.1514963    0.6515460  935.6924  935.8472
2021 04 28 12 30 00     0.1500686    0.6506167  935.6891  935.8207
2021 04 28 12 31 00     0.1485321    0.6497097  935.6853  935.8190
2021 04 28 12 32 00     0.1468092    0.6489237  935.6816  935.8174
2021 04 28 12 33 00     0.1449253    0.6480993  935.6782  935.8050
2021 04 28 12 34 00     0.1429051    0.6471296  935.6744  935.8005
2021 04 28 12 35 00     0.1406866    0.6460259  935.6699  935.8028
2021 04 28 12 36 00     0.1382537    0.6447921  935.6655  935.7894
2021 04 28 12 37 00     0.1357231    0.6434901  935.6618  935.7818
2021 04 28 12 38 00     0.1331584    0.6422143  935.6585  935.7928
2021 04 28 12 39 00     0.1304725    0.6409314  935.6550  935.7625
2021 04 28 12 40 00     0.1275983    0.6395797  935.6504  935.6878
2021 04 28 12 41 00     0.1245197    0.6380932  935.6446  935.6590
2021 04 28 12 42 00     0.1212437    0.6363863  935.6385  935.6957
2021 04 28 12 43 00     0.1178483    0.6346011  935.6332  935.7118
2021 04 28 12 44 00     0.1143059    0.6329331  935.6285  935.6573
2021 04 28 12 45 00     0.1105486    0.6312846  935.6240  935.5998
2021 04 28 12 46 00     0.1066475    0.6294608  935.6187  935.6040
2021 04 28 12 47 00     0.1025722    0.6273810  935.6126  935.6290
2021 04 28 12 48 00     0.0983337    0.6251546  935.6068  935.6469
2021 04 28 12 49 00     0.0941390    0.6229509  935.6022  935.6858
2021 04 28 12 50 00     0.0899391    0.6207313  935.5985  935.7100
2021 04 28 12 51 00     0.0855234    0.6184671  935.5951  935.6850
2021 04 28 12 52 00     0.0808323    0.6161391  935.5914  935.6701
2021 04 28 12 53 00     0.0758030    0.6136060  935.5873  935.6929
2021 04 28 12 54 00     0.0705613    0.6109939  935.5830  935.7073
2021 04 28 12 55 00     0.0654088    0.6085284  935.5782  935.6770
2021 04 28 12 56 00     0.0603326    0.6061679  935.5725  935.6143
2021 04 28 12 57 00     0.0551328    0.6037452  935.5663  935.5767
2021 04 28 12 58 00     0.0497451    0.6010131  935.5607  935.5893
2021 04 28 12 59 00     0.0441643    0.5979495  935.5563  935.6206
2021 04 28 13 00 00     0.0383657    0.5948734  935.5531  935.6436
2021 04 28 13 01 00     0.0323906    0.5919316  935.5503  935.6315
2021 04 28 13 02 00     0.0263574    0.5890208  935.5468  935.5672
2021 04 28 13 03 00     0.0202136    0.5860002  935.5427  935.4945
2021 04 28 13 04 00     0.0138125    0.5827690  935.5383  935.4787
2021 04 28 13 05 00     0.0072811    0.5794315  935.5340  935.5228
2021 04 28 13 06 00     0.0007494    0.5761205  935.5300  935.5696
2021 04 28 13 07 00    -0.0059191    0.5727399  935.5258  935.5769
2021 04 28 13 08 00    -0.0128076    0.5692682  935.5212  935.5529
2021 04 28 13 09 00    -0.0198876    0.5658150  935.5164  935.5226
2021 04 28 13 10 00    -0.0270755    0.5622886  935.5121  935.5083
2021 04 28 13 11 00    -0.0342735    0.5586082  935.5080  935.5092
2021 04 28 13 12 00    -0.0416044    0.5548501  935.5038  935.4928
2021 04 28 13 13 00    -0.0491920    0.5509843  935.4996  935.4591
2021 04 28 13 14 00    -0.0569818    0.5470065  935.4953  935.4543
2021 04 28 13 15 00    -0.0649406    0.5430496  935.4909  935.4846
2021 04 28 13 16 00    -0.0729538    0.5391021  935.4869  935.5096
2021 04 28 13 17 00    -0.0809443    0.5350162  935.4831  935.5123
2021 04 28 13 18 00    -0.0890960    0.5307720  935.4793  935.5020
2021 04 28 13 19 00    -0.0975215    0.5264617  935.4754  935.4815
2021 04 28 13 20 00    -0.1061875    0.5220938  935.4713  935.4486
2021 04 28 13 21 00    -0.1150503    0.5176425  935.4664  935.4130
2021 04 28 13 22 00    -0.1239536    0.5132511  935.4612  935.4026
2021 04 28 13 23 00    -0.1328737    0.5089732  935.4563  935.4286
2021 04 28 13 24 00    -0.1419349    0.5045841  935.4515  935.4494
2021 04 28 13 25 00    -0.1510722    0.5000436  935.4467  935.4225
2021 04 28 13 26 00    -0.1602941    0.4954459  935.4418  935.3773
2021 04 28 13 27 00    -0.1697674    0.4906640  935.4370  935.3658
2021 04 28 13 28 00    -0.1794479    0.4856984  935.4327  935.3877
2021 04 28 13 29 00    -0.1892115    0.4807883  935.4285  935.4127
2021 04 28 13 30 00    -0.1990323    0.4760002  935.4241  935.4142
2021 04 28 13 31 00    -0.2089014    0.4711670  935.4191  935.3797
2021 04 28 13 32 00    -0.2189558    0.4661615  935.4139  935.3403
2021 04 28 13 33 00    -0.2292807    0.4610118  935.4090  935.3514
2021 04 28 13 34 00    -0.2396355    0.4557886  935.4053  935.4024
2021 04 28 13 35 00    -0.2499692    0.4505352  935.4022  935.4188
2021 04 28 13 36 00    -0.2605334    0.4452692  935.3982  935.3797
2021 04 28 13 37 00    -0.2712600    0.4399440  935.3931  935.3408
2021 04 28 13 38 00    -0.2819599    0.4345569  935.3882  935.3435
2021 04 28 13 39 00    -0.2927655    0.4291585  935.3844  935.3695
2021 04 28 13 40 00    -0.3037832    0.4236382  935.3813  935.3748
2021 04 28 13 41 00    -0.3149395    0.4178758  935.3780  935.3470
2021 04 28 13 42 00    -0.3261922    0.4120705  935.3737  935.3144
2021 04 28 13 43 00    -0.3374897    0.4065170  935.3683  935.2990
2021 04 28 13 44 00    -0.3488378    0.4010711  935.3626  935.2978
2021 04 28 13 45 00    -0.3604434    0.3952874  935.3578  935.3163
2021 04 28 13 46 00    -0.3724022    0.3891311  935.3547  935.3667
2021 04 28 13 47 00    -0.3844475    0.3829713  935.3525  935.4184
2021 04 28 13 48 00    -0.3964111    0.3769350  935.3496  935.4123
2021 04 28 13 49 00    -0.4085078    0.3708800  935.3457  935.3572
2021 04 28 13 50 00    -0.4208702    0.3647740  935.3409  935.3219
2021 04 28 13 51 00    -0.4333817    0.3586020  935.3363  935.3226
2021 04 28 13 52 00    -0.4459145    0.3523226  935.3328  935.3379
2021 04 28 13 53 00    -0.4584046    0.3460515  935.3304  935.3699
2021 04 28 13 54 00    -0.4709578    0.3398242  935.3281  935.3956
2021 04 28 13 55 00    -0.4837080    0.3335239  935.3250  935.3780
2021 04 28 13 56 00    -0.4965372    0.3271412  935.3216  935.3348
2021 04 28 13 57 00    -0.5093702    0.3206515  935.3176  935.2995
2021 04 28 13 58 00    -0.5224246    0.3139541  935.3129  935.2744
2021 04 28 13 59 00    -0.5358134    0.3070991  935.3082  935.2592
2021 04 28 14 00 00    -0.5493827    0.3002659  935.3043  935.2611
2021 04 28 14 01 00    -0.5630223    0.2935520  935.3014  935.2755
2021 04 28 14 02 00    -0.5767052    0.2868748  935.2985  935.2850
2021 04 28 14 03 00    -0.5903922    0.2800834  935.2944  935.2798
2021 04 28 14 04 00    -0.6040972    0.2731478  935.2895  935.2701
2021 04 28 14 05 00    -0.6178827    0.2661422  935.2849  935.2540
2021 04 28 14 06 00    -0.6318647    0.2590830  935.2812  935.2156
2021 04 28 14 07 00    -0.6460967    0.2519783  935.2777  935.1723
2021 04 28 14 08 00    -0.6604345    0.2448469  935.2735  935.1625
2021 04 28 14 09 00    -0.6747686    0.2375987  935.2688  935.1972
2021 04 28 14 10 00    -0.6891737    0.2302215  935.2648  935.2521
2021 04 28 14 11 00    -0.7037206    0.2228990  935.2614  935.2806
2021 04 28 14 12 00    -0.7183293    0.2157393  935.2574  935.2627
2021 04 28 14 13 00    -0.7329210    0.2086023  935.2531  935.2394
2021 04 28 14 14 00    -0.7475544    0.2013302  935.2493  935.2400
2021 04 28 14 15 00    -0.7623244    0.1939305  935.2456  935.2347
2021 04 28 14 16 00    -0.7772715    0.1864733  935.2413  935.2025
2021 04 28 14 17 00    -0.7923300    0.1790365  935.2371  935.1673
2021 04 28 14 18 00    -0.8074754    0.1715261  935.2335  935.1553
2021 04 28 14 19 00    -0.8228218    0.1637393  935.2293  935.1644
2021 04 28 14 20 00    -0.8383492    0.1557928  935.2241  935.1657
2021 04 28 14 21 00    -0.8538586    0.1479518  935.2193  935.1418
2021 04 28 14 22 00    -0.8692803    0.1402520  935.2157  935.1382
2021 04 28 14 23 00    -0.8847562    0.1325589  935.2123  935.1844
2021 04 28 14 24 00    -0.9004033    0.1246852  935.2084  935.2145
2021 04 28 14 25 00    -0.9161785    0.1166163  935.2039  935.1833
2021 04 28 14 26 00    -0.9320535    0.1086233  935.1998  935.1299
2021 04 28 14 27 00    -0.9481020    0.1008087  935.1962  935.0877
2021 04 28 14 28 00    -0.9642534    0.0928973  935.1921  935.0603
2021 04 28 14 29 00    -0.9803413    0.0847430  935.1862  935.0483
2021 04 28 14 30 00    -0.9964585    0.0764989  935.1796  935.0480
2021 04 28 14 31 00    -1.0128065    0.0682709  935.1738  935.0562
2021 04 28 14 32 00    -1.0293086    0.0600816  935.1696  935.0731
2021 04 28 14 33 00    -1.0457514    0.0519291  935.1656  935.0929
2021 04 28 14 34 00    -1.0621739    0.0437436  935.1611  935.1051
2021 04 28 14 35 00    -1.0787414    0.0354995  935.1570  935.1073
2021 04 28 14 36 00    -1.0954375    0.0271655  935.1532  935.1022
2021 04 28 14 37 00    -1.1121832    0.0187046  935.1486  935.0905
2021 04 28 14 38 00    -1.1289469    0.0102149  935.1434  935.0772
2021 04 28 14 39 00    -1.1458030    0.0017334  935.1385  935.0703
2021 04 28 14 40 00    -1.1628468   -0.0068030  935.1342  935.0708
2021 04 28 14 41 00    -1.1799287   -0.0153666  935.1298  935.0714
2021 04 28 14 42 00    -1.1969570   -0.0239328  935.1253  935.0682
2021 04 28 14 43 00    -1.2141176   -0.0325219  935.1204  935.0674
2021 04 28 14 44 00    -1.2314792   -0.0411625  935.1158  935.0762
2021 04 28 14 45 00    -1.2489117   -0.0498633  935.1124  935.0880
2021 04 28 14 46 00    -1.2663093   -0.0584904  935.1093  935.0890
2021 04 28 14 47 00    -1.2836764   -0.0670228  935.1054  935.0790
2021 04 28 14 48 00    -1.3011276   -0.0757608  935.1010  935.0703
2021 04 28 14 49 00    -1.3187258   -0.0848072  935.0963  935.0713
2021 04 28 14 50 00    -1.3364013   -0.0938650  935.0916  935.0802
2021 04 28 14 51 00    -1.3542025   -0.1028052  935.0874  935.0750
2021 04 28 14 52 00    -1.3722532   -0.1118062  935.0837  935.0397
2021 04 28 14 53 00    -1.3903412   -0.1208709  935.0796  934.9996
2021 04 28 14 54 00    -1.4081531   -0.1298050  935.0748  934.9796
2021 04 28 14 55 00    -1.4258761   -0.1386829  935.0696  934.9697
2021 04 28 14 56 00    -1.4438009   -0.1476630  935.0646  934.9657
2021 04 28 14 57 00    -1.4618061   -0.1566592  935.0619  934.9825
2021 04 28 14 58 00    -1.4798966   -0.1657126  935.0571  935.0200
2021 04 28 14 59 00    -1.4982620   -0.1749264  935.0393  935.0516
2021 04 28 15 00 00    -1.5166411   -0.1840929  935.0246  935.0609
2021 04 28 15 01 00    -1.5344910   -0.1930411  935.0426  935.0582
2021 04 28 15 02 00    -1.5518833   -0.2019353  935.0735  935.0480
2021 04 28 15 03 00    -1.5696840   -0.2110228  935.0787  935.0334
2021 04 28 15 04 00    -1.5882885   -0.2203559  935.0641  935.0279
2021 04 28 15 05 00    -1.6071136   -0.2297459  935.0510  935.0295
2021 04 28 15 06 00    -1.6257562   -0.2390175  935.0422  935.0229
2021 04 28 15 07 00    -1.6442468   -0.2481960  935.0350  935.0131
2021 04 28 15 08 00    -1.6624626   -0.2573015  935.0272  935.0213
2021 04 28 15 09 00    -1.6807678   -0.2664742  935.0262  935.0466
2021 04 28 15 10 00    -1.7000637   -0.2760331  935.0518  935.0621
2021 04 28 15 11 00    -1.7199631   -0.2857907  935.0902  935.0590
2021 04 28 15 12 00    -1.7391346   -0.2952597  935.0920  935.0611
2021 04 28 15 13 00    -1.7576686   -0.3045464  935.0515  935.0766
2021 04 28 15 14 00    -1.7764827   -0.3139740  935.0099  935.0790
2021 04 28 15 15 00    -1.7955461   -0.3234557  934.9850  935.0557
2021 04 28 15 16 00    -1.8145171   -0.3328954  934.9677  935.0343
2021 04 28 15 17 00    -1.8334607   -0.3424059  934.9534  935.0456
2021 04 28 15 18 00    -1.8524264   -0.3519702  934.9430  935.0730
2021 04 28 15 19 00    -1.8714165   -0.3615085  934.9351  935.0757
2021 04 28 15 20 00    -1.8903862   -0.3710342  934.9276  935.0545
2021 04 28 15 21 00    -1.9092577   -0.3805192  934.9209  935.0404
2021 04 28 15 22 00    -1.9282460   -0.3899367  934.9157  935.0522
2021 04 28 15 23 00    -1.9475038   -0.3994287  934.9117  935.0815
2021 04 28 15 24 00    -1.9668412   -0.4091883  934.9085  935.0987
2021 04 28 15 25 00    -1.9861755   -0.4190851  934.9053  935.0955
2021 04 28 15 26 00    -2.0054927   -0.4288218  934.9014  935.0914
2021 04 28 15 27 00    -2.0247364   -0.4384622  934.8977  935.0924
2021 04 28 15 28 00    -2.0440181   -0.4481551  934.8951  935.0993
2021 04 28 15 29 00    -2.0633881   -0.4578125  934.8927  935.1175
2021 04 28 15 30 00    -2.0828116   -0.4674632  934.8901  935.1368
2021 04 28 15 31 00    -2.1022777   -0.4772034  934.8878  935.1495
2021 04 28 15 32 00    -2.1216257   -0.4869474  934.8863  935.1537
2021 04 28 15 33 00    -2.1408573   -0.4966496  934.8854  935.1438
2021 04 28 15 34 00    -2.1602755   -0.5064127  934.8841  935.1334
2021 04 28 15 35 00    -2.1798801   -0.5162088  934.8821  935.1358
2021 04 28 15 36 00    -2.1992952   -0.5258265  934.8799  935.1423
2021 04 28 15 37 00    -2.2185010   -0.5353410  934.8783  935.1503
2021 04 28 15 38 00    -2.2378974   -0.5450775  934.8770  935.1473
2021 04 28 15 39 00    -2.2575607   -0.5550293  934.8749  935.1155
2021 04 28 15 40 00    -2.2772447   -0.5649956  934.8724  935.0881
2021 04 28 15 41 00    -2.2969205   -0.5749281  934.8715  935.0970
2021 04 28 15 42 00    -2.3166396   -0.5847590  934.8707  935.1086
2021 04 28 15 43 00    -2.3363455   -0.5944878  934.8630  935.0936
2021 04 28 15 44 00    -2.3560420   -0.6043573  934.8612  935.0727
2021 04 28 15 45 00    -2.3757084   -0.6143805  934.8974  935.0709
2021 04 28 15 46 00    -2.3953527   -0.6242984  934.9509  935.0804
2021 04 28 15 47 00    -2.4151210   -0.6341357  934.9548  935.0897
2021 04 28 15 48 00    -2.4349060   -0.6439488  934.9108  935.1079
2021 04 28 15 49 00    -2.4544705   -0.6536792  934.8761  935.1224
2021 04 28 15 50 00    -2.4739855   -0.6634694  934.8627  935.1036
2021 04 28 15 51 00    -2.4935981   -0.6732393  934.8516  935.0659
2021 04 28 15 52 00    -2.5130829   -0.6827931  934.8398  935.0470
2021 04 28 15 53 00    -2.5324888   -0.6924794  934.8315  935.0541
2021 04 28 15 54 00    -2.5521140   -0.7025178  934.8258  935.0762
2021 04 28 15 55 00    -2.5718252   -0.7124584  934.8213  935.1055
2021 04 28 15 56 00    -2.5913999   -0.7221123  934.8181  935.1332
2021 04 28 15 57 00    -2.6109878   -0.7318741  934.8158  935.1586
2021 04 28 15 58 00    -2.6306539   -0.7418732  934.8136  935.1822
2021 04 28 15 59 00    -2.6502919   -0.7517998  934.8121  935.1764
2021 04 28 16 00 00    -2.6699468   -0.7615715  934.8117  935.1290
2021 04 28 16 01 00    -2.6896554   -0.7714528  934.8118  935.0896
2021 04 28 16 02 00    -2.7093359   -0.7815082  934.8115  935.0930
2021 04 28 16 03 00    -2.7288533   -0.7914618  934.8107  935.1145
2021 04 28 16 04 00    -2.7481210   -0.8011641  934.8097  935.1424
2021 04 28 16 05 00    -2.7673674   -0.8107729  934.8090  935.1799
2021 04 28 16 06 00    -2.7868798   -0.8204146  934.8091  935.2107
2021 04 28 16 07 00    -2.8065130   -0.8300946  934.8100  935.2315
2021 04 28 16 08 00    -2.8259784   -0.8398584  934.8117  935.2380
2021 04 28 16 09 00    -2.8452639   -0.8496368  934.8137  935.2256
2021 04 28 16 10 00    -2.8644936   -0.8592392  934.8157  935.2260
2021 04 28 16 11 00    -2.8837627   -0.8687324  934.8177  935.2365
2021 04 28 16 12 00    -2.9031240   -0.8783681  934.8197  935.2188
2021 04 28 16 13 00    -2.9225429   -0.8881747  934.8213  935.2152
2021 04 28 16 14 00    -2.9420152   -0.8980234  934.8226  935.2716
2021 04 28 16 15 00    -2.9615743   -0.9078429  934.8248  935.3109
2021 04 28 16 16 00    -2.9810676   -0.9176048  934.8277  935.2730
2021 04 28 16 17 00    -3.0003710   -0.9272694  934.8296  935.2317
2021 04 28 16 18 00    -3.0196546   -0.9368515  934.8302  935.2529
2021 04 28 16 19 00    -3.0389749   -0.9464609  934.8312  935.2891
2021 04 28 16 20 00    -3.0581412   -0.9561074  934.8330  935.2747
2021 04 28 16 21 00    -3.0771966   -0.9656816  934.8346  935.2327
2021 04 28 16 22 00    -3.0963974   -0.9751983  934.8359  935.2234
2021 04 28 16 23 00    -3.1157717   -0.9847820  934.8379  935.2439
2021 04 28 16 24 00    -3.1350113   -0.9943866  934.8404  935.2492
2021 04 28 16 25 00    -3.1539484   -1.0038930  934.8422  935.2263
2021 04 28 16 26 00    -3.1729613   -1.0134508  934.8431  935.2048
2021 04 28 16 27 00    -3.1922178   -1.0231513  934.8441  935.2122
2021 04 28 16 28 00    -3.2112964   -1.0327525  934.8457  935.2399
2021 04 28 16 29 00    -3.2301399   -1.0421313  934.8477  935.2605
2021 04 28 16 30 00    -3.2490665   -1.0514847  934.8498  935.2681
2021 04 28 16 31 00    -3.2680435   -1.0610127  934.8520  935.2890
2021 04 28 16 32 00    -3.2868735   -1.0706178  934.8541  935.3260
2021 04 28 16 33 00    -3.3055704   -1.0800975  934.8563  935.3302
2021 04 28 16 34 00    -3.3242489   -1.0894694  934.8589  935.2951
2021 04 28 16 35 00    -3.3428811   -1.0987497  934.8619  935.2763
2021 04 28 16 36 00    -3.3614135   -1.1078992  934.8649  935.2909
2021 04 28 16 37 00    -3.3799259   -1.1170814  934.8673  935.3199
2021 04 28 16 38 00    -3.3984729   -1.1264743  934.8691  935.3516
2021 04 28 16 39 00    -3.4171091   -1.1360149  934.8716  935.3642
2021 04 28 16 40 00    -3.4358360   -1.1454370  934.8749  935.3678
2021 04 28 16 41 00    -3.4544011   -1.1545418  934.8779  935.4024
2021 04 28 16 42 00    -3.4726865   -1.1635529  934.8801  935.4453
2021 04 28 16 43 00    -3.4909942   -1.1728523  934.8820  935.4463
2021 04 28 16 44 00    -3.5095033   -1.1823645  934.8844  935.4162
2021 04 28 16 45 00    -3.5279532   -1.1916658  934.8870  935.3921
2021 04 28 16 46 00    -3.5461330   -1.2005853  934.8900  935.3822
2021 04 28 16 47 00    -3.5641855   -1.2094172  934.8930  935.3779
2021 04 28 16 48 00    -3.5823316   -1.2185276  934.8957  935.3917
2021 04 28 16 49 00    -3.6006259   -1.2278809  934.8974  935.4392
2021 04 28 16 50 00    -3.6189046   -1.2371583  934.8987  935.4707
2021 04 28 16 51 00    -3.6369702   -1.2462007  934.9004  935.4380
2021 04 28 16 52 00    -3.6548672   -1.2551184  934.9023  935.4117
2021 04 28 16 53 00    -3.6727198   -1.2640545  934.9043  935.4440
2021 04 28 16 54 00    -3.6904652   -1.2729315  934.9065  935.4521
2021 04 28 16 55 00    -3.7080716   -1.2816795  934.9085  935.4022
2021 04 28 16 56 00    -3.7256850   -1.2904934  934.9100  935.3789
2021 04 28 16 57 00    -3.7433611   -1.2994049  934.9113  935.4152
2021 04 28 16 58 00    -3.7610321   -1.3082714  934.9126  935.4552
2021 04 28 16 59 00    -3.7786203   -1.3171546  934.9142  935.4557
2021 04 28 17 00 00    -3.7960226   -1.3260079  934.9167  935.4278
2021 04 28 17 01 00    -3.8133453   -1.3346766  934.9190  935.4115
2021 04 28 17 02 00    -3.8307806   -1.3432525  934.9199  935.4277
2021 04 28 17 03 00    -3.8481647   -1.3518366  934.9200  935.4510
2021 04 28 17 04 00    -3.8653163   -1.3604181  934.9209  935.4398
2021 04 28 17 05 00    -3.8823733   -1.3690167  934.9224  935.3984
2021 04 28 17 06 00    -3.8994592   -1.3776090  934.9231  935.3734
2021 04 28 17 07 00    -3.9165319   -1.3861437  934.9232  935.3784
2021 04 28 17 08 00    -3.9335025   -1.3946101  934.9235  935.3919
2021 04 28 17 09 00    -3.9503710   -1.4029898  934.9241  935.4069
2021 04 28 17 10 00    -3.9672368   -1.4113374  934.9245  935.4182
2021 04 28 17 11 00    -3.9840930   -1.4197762  934.9244  935.4186
2021 04 28 17 12 00    -4.0008344   -1.4282561  934.9245  935.4159
2021 04 28 17 13 00    -4.0173913   -1.4365821  934.9253  935.4174
2021 04 28 17 14 00    -4.0338069   -1.4447423  934.9262  935.4158
2021 04 28 17 15 00    -4.0502648   -1.4529214  934.9266  935.4014
2021 04 28 17 16 00    -4.0668070   -1.4611741  934.9261  935.3822
2021 04 28 17 17 00    -4.0832899   -1.4693753  934.9253  935.3759
2021 04 28 17 18 00    -4.0996791   -1.4774673  934.9250  935.3749
2021 04 28 17 19 00    -4.1159477   -1.4855333  934.9248  935.3583
2021 04 28 17 20 00    -4.1320240   -1.4936340  934.9244  935.3331
2021 04 28 17 21 00    -4.1479979   -1.5016889  934.9232  935.3208
2021 04 28 17 22 00    -4.1639590   -1.5096530  934.9215  935.3260
2021 04 28 17 23 00    -4.1798948   -1.5176669  934.9202  935.3383
2021 04 28 17 24 00    -4.1957529   -1.5257480  934.9201  935.3513
2021 04 28 17 25 00    -4.2113158   -1.5336409  934.9203  935.3627
2021 04 28 17 26 00    -4.2265882   -1.5412970  934.9195  935.3673
2021 04 28 17 27 00    -4.2420146   -1.5489743  934.9179  935.3720
2021 04 28 17 28 00    -4.2577222   -1.5567798  934.9171  935.3923
2021 04 28 17 29 00    -4.2733137   -1.5646011  934.9177  935.4209
2021 04 28 17 30 00    -4.2884922   -1.5722451  934.9190  935.4377
2021 04 28 17 31 00    -4.3034081   -1.5797014  934.9202  935.4480
2021 04 28 17 32 00    -4.3184210   -1.5872229  934.9210  935.4665
2021 04 28 17 33 00    -4.3335698   -1.5947713  934.9219  935.4911
2021 04 28 17 34 00    -4.3486210   -1.6021567  934.9238  935.5197
2021 04 28 17 35 00    -4.3634546   -1.6095360  934.9268  935.5534
2021 04 28 17 36 00    -4.3780516   -1.6169701  934.9304  935.5833
2021 04 28 17 37 00    -4.3925689   -1.6243185  934.9335  935.6044
2021 04 28 17 38 00    -4.4072255   -1.6316587  934.9358  935.6203
2021 04 28 17 39 00    -4.4218374   -1.6390519  934.9381  935.6336
2021 04 28 17 40 00    -4.4362244   -1.6463502  934.9417  935.6488
2021 04 28 17 41 00    -4.4506637   -1.6535256  934.9462  935.6663
2021 04 28 17 42 00    -4.4651825   -1.6607128  934.9501  935.6768
2021 04 28 17 43 00    -4.4794628   -1.6679531  934.9537  935.6759
2021 04 28 17 44 00    -4.4935511   -1.6751076  934.9570  935.6683
2021 04 28 17 45 00    -4.5076045   -1.6820397  934.9597  935.6641
2021 04 28 17 46 00    -4.5214852   -1.6888361  934.9620  935.6718
2021 04 28 17 47 00    -4.5352091   -1.6957150  934.9648  935.6878
2021 04 28 17 48 00    -4.5490116   -1.7027412  934.9688  935.7030
2021 04 28 17 49 00    -4.5627710   -1.7097380  934.9728  935.7171
2021 04 28 17 50 00    -4.5761856   -1.7165036  934.9761  935.7351
2021 04 28 17 51 00    -4.5893647   -1.7230388  934.9795  935.7599
2021 04 28 17 52 00    -4.6026016   -1.7295313  934.9836  935.7893
2021 04 28 17 53 00    -4.6159564   -1.7361454  934.9880  935.8158
2021 04 28 17 54 00    -4.6292040   -1.7427938  934.9926  935.8331
2021 04 28 17 55 00    -4.6421118   -1.7493323  934.9974  935.8429
2021 04 28 17 56 00    -4.6548753   -1.7558068  935.0020  935.8513
2021 04 28 17 57 00    -4.6677593   -1.7622228  935.0065  935.8607
2021 04 28 17 58 00    -4.6805841   -1.7685592  935.0110  935.8680
2021 04 28 17 59 00    -4.6932243   -1.7749185  935.0154  935.8713
2021 04 28 18 00 00    -4.7058602   -1.7813097  935.0192  935.8732
2021 04 28 18 01 00    -4.7184335   -1.7876016  935.0227  935.8752
2021 04 28 18 02 00    -4.7307316   -1.7937841  935.0260  935.8767
2021 04 28 18 03 00    -4.7429615   -1.8000448  935.0293  935.8798
2021 04 28 18 04 00    -4.7553627   -1.8063178  935.0323  935.8862
2021 04 28 18 05 00    -4.7676398   -1.8122579  935.0355  935.8951
2021 04 28 18 06 00    -4.7795642   -1.8180125  935.0388  935.9058
2021 04 28 18 07 00    -4.7913994   -1.8240310  935.0419  935.9159
2021 04 28 18 08 00    -4.8033530   -1.8302497  935.0451  935.9201
2021 04 28 18 09 00    -4.8152460   -1.8362894  935.0487  935.9148
2021 04 28 18 10 00    -4.8269332   -1.8420346  935.0521  935.9019
2021 04 28 18 11 00    -4.8386683   -1.8477463  935.0546  935.8848
2021 04 28 18 12 00    -4.8504902   -1.8536178  935.0560  935.8661
2021 04 28 18 13 00    -4.8619948   -1.8594460  935.0567  935.8482
2021 04 28 18 14 00    -4.8731514   -1.8650301  935.0572  935.8355
2021 04 28 18 15 00    -4.8841988   -1.8705187  935.0581  935.8354
2021 04 28 18 16 00    -4.8951999   -1.8761345  935.0600  935.8528
2021 04 28 18 17 00    -4.9062519   -1.8817657  935.0625  935.8818
2021 04 28 18 18 00    -4.9172559   -1.8871767  935.0647  935.9101
2021 04 28 18 19 00    -4.9279374   -1.8924310  935.0663  935.9298
2021 04 28 18 20 00    -4.9384251   -1.8977266  935.0680  935.9409
2021 04 28 18 21 00    -4.9490331   -1.9031346  935.0702  935.9463
2021 04 28 18 22 00    -4.9596972   -1.9085449  935.0726  935.9496
2021 04 28 18 23 00    -4.9700929   -1.9137217  935.0751  935.9528
2021 04 28 18 24 00    -4.9801562   -1.9186353  935.0778  935.9566
2021 04 28 18 25 00    -4.9902098   -1.9235687  935.0809  935.9595
2021 04 28 18 26 00    -5.0003946   -1.9287211  935.0837  935.9591
2021 04 28 18 27 00    -5.0104451   -1.9339516  935.0861  935.9556
2021 04 28 18 28 00    -5.0203087   -1.9389879  935.0882  935.9534
2021 04 28 18 29 00    -5.0301663   -1.9437885  935.0896  935.9544
2021 04 28 18 30 00    -5.0398570   -1.9485270  935.0908  935.9579
2021 04 28 18 31 00    -5.0491961   -1.9532398  935.0929  935.9662
2021 04 28 18 32 00    -5.0583740   -1.9578607  935.0960  935.9822
2021 04 28 18 33 00    -5.0675361   -1.9624365  935.0987  936.0008
2021 04 28 18 34 00    -5.0766882   -1.9670088  935.1007  936.0133
2021 04 28 18 35 00    -5.0858667   -1.9715746  935.1031  936.0164
2021 04 28 18 36 00    -5.0949863   -1.9761586  935.1062  936.0126
2021 04 28 18 37 00    -5.1040129   -1.9807657  935.1091  936.0060
2021 04 28 18 38 00    -5.1129927   -1.9853177  935.1115  935.9987
2021 04 28 18 39 00    -5.1217463   -1.9896615  935.1136  935.9902
2021 04 28 18 40 00    -5.1302177   -1.9938153  935.1152  935.9800
2021 04 28 18 41 00    -5.1386603   -1.9980376  935.1162  935.9703
2021 04 28 18 42 00    -5.1471674   -2.0024158  935.1177  935.9620
2021 04 28 18 43 00    -5.1555918   -2.0066981  935.1194  935.9533
2021 04 28 18 44 00    -5.1638208   -2.0107114  935.1199  935.9439
2021 04 28 18 45 00    -5.1718674   -2.0146212  935.1194  935.9361
2021 04 28 18 46 00    -5.1796958   -2.0185941  935.1195  935.9321
2021 04 28 18 47 00    -5.1873095   -2.0225392  935.1206  935.9335
2021 04 28 18 48 00    -5.1949488   -2.0263048  935.1219  935.9422
2021 04 28 18 49 00    -5.2026058   -2.0299078  935.1228  935.9583
2021 04 28 18 50 00    -5.2099778   -2.0335219  935.1236  935.9791
2021 04 28 18 51 00    -5.2171076   -2.0372049  935.1250  935.9999
2021 04 28 18 52 00    -5.2242402   -2.0408638  935.1272  936.0178
2021 04 28 18 53 00    -5.2314208   -2.0444827  935.1293  936.0344
2021 04 28 18 54 00    -5.2385326   -2.0479937  935.1315  936.0502
2021 04 28 18 55 00    -5.2454714   -2.0513557  935.1344  936.0625
2021 04 28 18 56 00    -5.2522443   -2.0547178  935.1377  936.0722
2021 04 28 18 57 00    -5.2588493   -2.0581144  935.1403  936.0832
2021 04 28 18 58 00    -5.2653570   -2.0615243  935.1426  936.0956
2021 04 28 18 59 00    -5.2718953   -2.0649129  935.1453  936.1048
2021 04 28 19 00 00    -5.2783572   -2.0680933  935.1479  936.1082
2021 04 28 19 01 00    -5.2846237   -2.0710886  935.1505  936.1071
2021 04 28 19 02 00    -5.2907691   -2.0741053  935.1534  936.1043
2021 04 28 19 03 00    -5.2968343   -2.0771508  935.1562  936.1051
2021 04 28 19 04 00    -5.3028213   -2.0801342  935.1586  936.1175
2021 04 28 19 05 00    -5.3086751   -2.0829715  935.1612  936.1434
2021 04 28 19 06 00    -5.3142385   -2.0856305  935.1646  936.1739
2021 04 28 19 07 00    -5.3195970   -2.0882651  935.1685  936.2000
2021 04 28 19 08 00    -5.3250361   -2.0910426  935.1728  936.2211
2021 04 28 19 09 00    -5.3305285   -2.0938909  935.1772  936.2401
2021 04 28 19 10 00    -5.3358717   -2.0966120  935.1810  936.2583
2021 04 28 19 11 00    -5.3410854   -2.0991865  935.1843  936.2744
2021 04 28 19 12 00    -5.3462526   -2.1017619  935.1880  936.2848
2021 04 28 19 13 00    -5.3512922   -2.1043378  935.1927  936.2892
2021 04 28 19 14 00    -5.3561252   -2.1068144  935.1975  936.2956
2021 04 28 19 15 00    -5.3608576   -2.1092269  935.2018  936.3124
2021 04 28 19 16 00    -5.3655254   -2.1115611  935.2060  936.3377
2021 04 28 19 17 00    -5.3699945   -2.1137387  935.2106  936.3585
2021 04 28 19 18 00    -5.3743207   -2.1158498  935.2153  936.3638
2021 04 28 19 19 00    -5.3786879   -2.1179746  935.2196  936.3573
2021 04 28 19 20 00    -5.3830582   -2.1201018  935.2240  936.3556
2021 04 28 19 21 00    -5.3873012   -2.1223014  935.2289  936.3706
2021 04 28 19 22 00    -5.3913708   -2.1245007  935.2334  936.3982
2021 04 28 19 23 00    -5.3952685   -2.1264148  935.2371  936.4281
2021 04 28 19 24 00    -5.3990344   -2.1281019  935.2412  936.4580
2021 04 28 19 25 00    -5.4026439   -2.1299502  935.2467  936.4959
2021 04 28 19 26 00    -5.4060679   -2.1319412  935.2531  936.5433
2021 04 28 19 27 00    -5.4094397   -2.1337425  935.2595  936.5843
2021 04 28 19 28 00    -5.4129059   -2.1353691  935.2660  936.5985
2021 04 28 19 29 00    -5.4164922   -2.1370279  935.2724  936.5765
2021 04 28 19 30 00    -5.4201158   -2.1387546  935.2778  936.5223
2021 04 28 19 31 00    -5.4236538   -2.1405174  935.2818  936.4480
2021 04 28 19 32 00    -5.4270990   -2.1422603  935.2851  936.3812
2021 04 28 19 33 00    -5.4304905   -2.1439033  935.2884  936.3535
2021 04 28 19 34 00    -5.4336897   -2.1454122  935.2914  936.3627
2021 04 28 19 35 00    -5.4365454   -2.1468380  935.2935  936.3761
2021 04 28 19 36 00    -5.4392120   -2.1482656  935.2956  936.3793
2021 04 28 19 37 00    -5.4419063   -2.1496793  935.2982  936.3841
2021 04 28 19 38 00    -5.4445724   -2.1510265  935.3014  936.3931
2021 04 28 19 39 00    -5.4470608   -2.1522639  935.3048  936.3930
2021 04 28 19 40 00    -5.4493376   -2.1533445  935.3091  936.3749
2021 04 28 19 41 00    -5.4515077   -2.1543766  935.3136  936.3469
2021 04 28 19 42 00    -5.4537335   -2.1555587  935.3175  936.3295
2021 04 28 19 43 00    -5.4560482   -2.1568819  935.3205  936.3355
2021 04 28 19 44 00    -5.4582568   -2.1580801  935.3232  936.3561
2021 04 28 19 45 00    -5.4600471   -2.1589216  935.3260  936.3743
2021 04 28 19 46 00    -5.4614142   -2.1595333  935.3290  936.3837
2021 04 28 19 47 00    -5.4628311   -2.1602553  935.3319  936.3862
2021 04 28 19 48 00    -5.4645840   -2.1611331  935.3344  936.3837
2021 04 28 19 49 00    -5.4663748   -2.1619511  935.3370  936.3788
2021 04 28 19 50 00    -5.4678695   -2.1626848  935.3405  936.3736
2021 04 28 19 51 00    -5.4691242   -2.1634204  935.3441  936.3691
2021 04 28 19 52 00    -5.4703196   -2.1640756  935.3466  936.3680
2021 04 28 19 53 00    -5.4713813   -2.1645144  935.3485  936.3735
2021 04 28 19 54 00    -5.4722026   -2.1648250  935.3506  936.3850
2021 04 28 19 55 00    -5.4729724   -2.1652630  935.3537  936.4024
2021 04 28 19 56 00    -5.4737421   -2.1657867  935.3578  936.4285
2021 04 28 19 57 00    -5.4743192   -2.1661367  935.3622  936.4649
2021 04 28 19 58 00    -5.4747828   -2.1663472  935.3667  936.5040
2021 04 28 19 59 00    -5.4752701   -2.1665402  935.3714  936.5259
2021 04 28 20 00 00    -5.4756942   -2.1666617  935.3762  936.5133
2021 04 28 20 01 00    -5.4760612   -2.1667756  935.3803  936.4719
2021 04 28 20 02 00    -5.4764351   -2.1670163  935.3833  936.4293
2021 04 28 20 03 00    -5.4768380   -2.1673032  935.3858  936.4049
2021 04 28 20 04 00    -5.4772938   -2.1674992  935.3879  936.3915
2021 04 28 20 05 00    -5.4776084   -2.1675747  935.3894  936.3773
2021 04 28 20 06 00    -5.4775606   -2.1675339  935.3904  936.3697
2021 04 28 20 07 00    -5.4772748   -2.1674353  935.3915  936.3780
2021 04 28 20 08 00    -5.4769601   -2.1673271  935.3933  936.3942
2021 04 28 20 09 00    -5.4766504   -2.1671408  935.3956  936.4053
2021 04 28 20 10 00    -5.4763109   -2.1668939  935.3979  936.4085
2021 04 28 20 11 00    -5.4759086   -2.1667139  935.4000  936.4101
2021 04 28 20 12 00    -5.4753687   -2.1665227  935.4025  936.4158
2021 04 28 20 13 00    -5.4746107   -2.1661551  935.4053  936.4219
2021 04 28 20 14 00    -5.4737661   -2.1657127  935.4080  936.4225
2021 04 28 20 15 00    -5.4729646   -2.1653365  935.4101  936.4193
2021 04 28 20 16 00    -5.4720593   -2.1649388  935.4119  936.4161
2021 04 28 20 17 00    -5.4710911   -2.1644685  935.4137  936.4125
2021 04 28 20 18 00    -5.4702348   -2.1639893  935.4155  936.4079
2021 04 28 20 19 00    -5.4692918   -2.1634718  935.4173  936.4033
2021 04 28 20 20 00    -5.4681115   -2.1628883  935.4194  936.4002
2021 04 28 20 21 00    -5.4668649   -2.1622757  935.4211  936.3970
2021 04 28 20 22 00    -5.4655767   -2.1616012  935.4222  936.3881
2021 04 28 20 23 00    -5.4641454   -2.1608770  935.4233  936.3653
2021 04 28 20 24 00    -5.4626589   -2.1601669  935.4243  936.3255
2021 04 28 20 25 00    -5.4612686   -2.1594284  935.4243  936.2830
2021 04 28 20 26 00    -5.4599228   -2.1586438  935.4229  936.2633
2021 04 28 20 27 00    -5.4583609   -2.1578719  935.4213  936.2767
2021 04 28 20 28 00    -5.4564190   -2.1570532  935.4212  936.3093
2021 04 28 20 29 00    -5.4542130   -2.1560297  935.4228  936.3432
2021 04 28 20 30 00    -5.4519772   -2.1548568  935.4251  936.3723
2021 04 28 20 31 00    -5.4498285   -2.1537287  935.4268  936.3951
2021 04 28 20 32 00    -5.4476723   -2.1526120  935.4278  936.4037
2021 04 28 20 33 00    -5.4454200   -2.1514443  935.4283  936.3867
2021 04 28 20 34 00    -5.4432121   -2.1503781  935.4294  936.3453
2021 04 28 20 35 00    -5.4411422   -2.1494570  935.4313  936.3031
2021 04 28 20 36 00    -5.4390085   -2.1484460  935.4324  936.2853
2021 04 28 20 37 00    -5.4366194   -2.1471949  935.4316  936.2948
2021 04 28 20 38 00    -5.4339739   -2.1458034  935.4306  936.3219
2021 04 28 20 39 00    -5.4311384   -2.1443576  935.4311  936.3595
2021 04 28 20 40 00    -5.4282482   -2.1429055  935.4328  936.3932
2021 04 28 20 41 00    -5.4253739   -2.1414941  935.4344  936.4051
2021 04 28 20 42 00    -5.4224308   -2.1400487  935.4359  936.3950
2021 04 28 20 43 00    -5.4194378   -2.1385322  935.4370  936.3749
2021 04 28 20 44 00    -5.4165699   -2.1370636  935.4376  936.3524
2021 04 28 20 45 00    -5.4138803   -2.1357056  935.4384  936.3331
2021 04 28 20 46 00    -5.4111071   -2.1343066  935.4397  936.3197
2021 04 28 20 47 00    -5.4080074   -2.1326969  935.4407  936.3071
2021 04 28 20 48 00    -5.4048333   -2.1310118  935.4407  936.2924
2021 04 28 20 49 00    -5.4018528   -2.1294320  935.4398  936.2796
2021 04 28 20 50 00    -5.3987818   -2.1278255  935.4385  936.2716
2021 04 28 20 51 00    -5.3954039   -2.1261426  935.4371  936.2666
2021 04 28 20 52 00    -5.3920199   -2.1245627  935.4360  936.2610
2021 04 28 20 53 00    -5.3887593   -2.1230467  935.4351  936.2498
2021 04 28 20 54 00    -5.3853811   -2.1214070  935.4335  936.2331
2021 04 28 20 55 00    -5.3818545   -2.1196069  935.4317  936.2203
2021 04 28 20 56 00    -5.3782188   -2.1176895  935.4304  936.2199
2021 04 28 20 57 00    -5.3743477   -2.1157195  935.4299  936.2298
2021 04 28 20 58 00    -5.3703125   -2.1137393  935.4296  936.2420
2021 04 28 20 59 00    -5.3663265   -2.1117254  935.4289  936.2503
2021 04 28 21 00 00    -5.3624549   -2.1097362  935.4281  936.2575
2021 04 28 21 01 00    -5.3586349   -2.1078169  935.4280  936.2703
2021 04 28 21 02 00    -5.3546926   -2.1058186  935.4289  936.2862
2021 04 28 21 03 00    -5.3505078   -2.1036809  935.4299  936.2989
2021 04 28 21 04 00    -5.3461985   -2.1015022  935.4306  936.3122
2021 04 28 21 05 00    -5.3418241   -2.0992916  935.4313  936.3310
2021 04 28 21 06 00    -5.3373095   -2.0970410  935.4325  936.3497
2021 04 28 21 07 00    -5.3328239   -2.0948064  935.4345  936.3606
2021 04 28 21 08 00    -5.3285661   -2.0926388  935.4370  936.3616
2021 04 28 21 09 00    -5.3243685   -2.0905439  935.4392  936.3548
2021 04 28 21 10 00    -5.3199844   -2.0884688  935.4405  936.3428
2021 04 28 21 11 00    -5.3154549   -2.0863450  935.4408  936.3299
2021 04 28 21 12 00    -5.3109928   -2.0841384  935.4411  936.3232
2021 04 28 21 13 00    -5.3065666   -2.0818425  935.4419  936.3283
2021 04 28 21 14 00    -5.3019831   -2.0794806  935.4432  936.3448
2021 04 28 21 15 00    -5.2973624   -2.0771628  935.4450  936.3670
2021 04 28 21 16 00    -5.2927852   -2.0749137  935.4472  936.3867
2021 04 28 21 17 00    -5.2879840   -2.0725147  935.4490  936.4005
2021 04 28 21 18 00    -5.2830409   -2.0699528  935.4508  936.4106
2021 04 28 21 19 00    -5.2782822   -2.0675478  935.4532  936.4149
2021 04 28 21 20 00    -5.2735017   -2.0652887  935.4557  936.4044
2021 04 28 21 21 00    -5.2685290   -2.0628923  935.4573  936.3770
2021 04 28 21 22 00    -5.2636878   -2.0603789  935.4579  936.3488
2021 04 28 21 23 00    -5.2589410   -2.0578553  935.4585  936.3395
2021 04 28 21 24 00    -5.2539400   -2.0553188  935.4594  936.3516
2021 04 28 21 25 00    -5.2488699   -2.0529102  935.4610  936.3750
2021 04 28 21 26 00    -5.2440257   -2.0506851  935.4636  936.4010
2021 04 28 21 27 00    -5.2391376   -2.0483307  935.4663  936.4158
2021 04 28 21 28 00    -5.2339541   -2.0456586  935.4678  936.3924
2021 04 28 21 29 00    -5.2287494   -2.0429408  935.4676  936.3302
2021 04 28 21 30 00    -5.2237742   -2.0403884  935.4666  936.2889
2021 04 28 21 31 00    -5.2188617   -2.0379277  935.4660  936.3078
2021 04 28 21 32 00    -5.2137220   -2.0354569  935.4664  936.3375
2021 04 28 21 33 00    -5.2083892   -2.0328457  935.4670  936.3332
2021 04 28 21 34 00    -5.2032348   -2.0301411  935.4673  936.3196
2021 04 28 21 35 00    -5.1982789   -2.0275748  935.4679  936.3185
2021 04 28 21 36 00    -5.1930649   -2.0250270  935.4685  936.3155
2021 04 28 21 37 00    -5.1875015   -2.0222751  935.4683  936.2993
2021 04 28 21 38 00    -5.1819433   -2.0195006  935.4679  936.2867
2021 04 28 21 39 00    -5.1765263   -2.0168356  935.4680  936.3032
2021 04 28 21 40 00    -5.1710982   -2.0140948  935.4680  936.3344
2021 04 28 21 41 00    -5.1654958   -2.0112260  935.4680  936.3516
2021 04 28 21 42 00    -5.1597726   -2.0083956  935.4690  936.3644
2021 04 28 21 43 00    -5.1542642   -2.0056583  935.4716  936.3743
2021 04 28 21 44 00    -5.1490630   -2.0029808  935.4740  936.3533
2021 04 28 21 45 00    -5.1438106   -2.0003899  935.4746  936.3125
2021 04 28 21 46 00    -5.1383160   -1.9977702  935.4740  936.2946
2021 04 28 21 47 00    -5.1326802   -1.9949256  935.4737  936.3067
2021 04 28 21 48 00    -5.1269604   -1.9919291  935.4739  936.3242
2021 04 28 21 49 00    -5.1212861   -1.9890071  935.4746  936.3339
2021 04 28 21 50 00    -5.1158135   -1.9862078  935.4755  936.3357
2021 04 28 21 51 00    -5.1103482   -1.9834003  935.4762  936.3296
2021 04 28 21 52 00    -5.1046270   -1.9805631  935.4764  936.3202
2021 04 28 21 53 00    -5.0988066   -1.9778046  935.4765  936.3213
2021 04 28 21 54 00    -5.0931127   -1.9750500  935.4767  936.3389
2021 04 28 21 55 00    -5.0874570   -1.9721657  935.4775  936.3605
2021 04 28 21 56 00    -5.0817673   -1.9692781  935.4793  936.3682
2021 04 28 21 57 00    -5.0761605   -1.9665321  935.4810  936.3587
2021 04 28 21 58 00    -5.0706403   -1.9637940  935.4818  936.3445
2021 04 28 21 59 00    -5.0649950   -1.9608693  935.4822  936.3366
2021 04 28 22 00 00    -5.0591437   -1.9578333  935.4831  936.3371
2021 04 28 22 01 00    -5.0533213   -1.9549114  935.4842  936.3441
2021 04 28 22 02 00    -5.0476680   -1.9521299  935.4852  936.3545
2021 04 28 22 03 00    -5.0420351   -1.9493688  935.4871  936.3653
2021 04 28 22 04 00    -5.0363021   -1.9465365  935.4895  936.3654
2021 04 28 22 05 00    -5.0305144   -1.9435790  935.4910  936.3475
2021 04 28 22 06 00    -5.0247935   -1.9406309  935.4911  936.3348
2021 04 28 22 07 00    -5.0191996   -1.9378789  935.4908  936.3450
2021 04 28 22 08 00    -5.0136112   -1.9351400  935.4910  936.3574
2021 04 28 22 09 00    -5.0079067   -1.9322250  935.4918  936.3559
2021 04 28 22 10 00    -5.0022710   -1.9294142  935.4926  936.3455
2021 04 28 22 11 00    -4.9968706   -1.9268388  935.4930  936.3270
2021 04 28 22 12 00    -4.9914318   -1.9241648  935.4926  936.2997
2021 04 28 22 13 00    -4.9857669   -1.9212961  935.4922  936.2725
2021 04 28 22 14 00    -4.9801323   -1.9184907  935.4922  936.2592
2021 04 28 22 15 00    -4.9746702   -1.9158016  935.4926  936.2550
2021 04 28 22 16 00    -4.9691924   -1.9130818  935.4921  936.2433
2021 04 28 22 17 00    -4.9635731   -1.9103122  935.4902  936.2337
2021 04 28 22 18 00    -4.9578870   -1.9075441  935.4880  936.2378
2021 04 28 22 19 00    -4.9522110   -1.9047253  935.4868  936.2363
2021 04 28 22 20 00    -4.9465748   -1.9017956  935.4857  936.2248
2021 04 28 22 21 00    -4.9410454   -1.8989273  935.4839  936.2236
2021 04 28 22 22 00    -4.9355431   -1.8962594  935.4827  936.2182
2021 04 28 22 23 00    -4.9298442   -1.8935011  935.4824  936.1913
2021 04 28 22 24 00    -4.9240842   -1.8905680  935.4816  936.1741
2021 04 28 22 25 00    -4.9185885   -1.8878611  935.4797  936.1851
2021 04 28 22 26 00    -4.9132111   -1.8852647  935.4774  936.1922
2021 04 28 22 27 00    -4.9076469   -1.8823368  935.4752  936.1725
2021 04 28 22 28 00    -4.9020231   -1.8793868  935.4728  936.1448
2021 04 28 22 29 00    -4.8965537   -1.8767373  935.4701  936.1368
2021 04 28 22 30 00    -4.8910455   -1.8739693  935.4681  936.1524
2021 04 28 22 31 00    -4.8853019   -1.8709841  935.4672  936.1709
2021 04 28 22 32 00    -4.8795746   -1.8681837  935.4662  936.1753
2021 04 28 22 33 00    -4.8741082   -1.8655246  935.4645  936.1740
2021 04 28 22 34 00    -4.8687449   -1.8627619  935.4626  936.1752
2021 04 28 22 35 00    -4.8632828   -1.8599517  935.4608  936.1732
2021 04 28 22 36 00    -4.8577933   -1.8572077  935.4595  936.1623
2021 04 28 22 37 00    -4.8524219   -1.8545631  935.4584  936.1365
2021 04 28 22 38 00    -4.8470973   -1.8519519  935.4568  936.1106
2021 04 28 22 39 00    -4.8416510   -1.8492500  935.4547  936.1252
2021 04 28 22 40 00    -4.8361939   -1.8465165  935.4535  936.1705
2021 04 28 22 41 00    -4.8309064   -1.8438477  935.4535  936.1887
2021 04 28 22 42 00    -4.8256276   -1.8411333  935.4533  936.1732
2021 04 28 22 43 00    -4.8202779   -1.8383934  935.4524  936.1529
2021 04 28 22 44 00    -4.8150204   -1.8357708  935.4510  936.1256
2021 04 28 22 45 00    -4.8097660   -1.8331753  935.4486  936.1023
2021 04 28 22 46 00    -4.8043989   -1.8305702  935.4458  936.1167
2021 04 28 22 47 00    -4.7990675   -1.8279827  935.4446  936.1613
2021 04 28 22 48 00    -4.7938026   -1.8252484  935.4459  936.2018
2021 04 28 22 49 00    -4.7885510   -1.8224377  935.4476  936.2181
2021 04 28 22 50 00    -4.7833593   -1.8198242  935.4479  936.2008
2021 04 28 22 51 00    -4.7782302   -1.8173459  935.4476  936.1667
2021 04 28 22 52 00    -4.7732531   -1.8148724  935.4476  936.1687
2021 04 28 22 53 00    -4.7684750   -1.8124761  935.4488  936.2228
2021 04 28 22 54 00    -4.7635674   -1.8100116  935.4514  936.2481
2021 04 28 22 55 00    -4.7583552   -1.8072767  935.4536  936.2006
2021 04 28 22 56 00    -4.7532597   -1.8045886  935.4532  936.1629
2021 04 28 22 57 00    -4.7485398   -1.8022595  935.4518  936.1790
2021 04 28 22 58 00    -4.7438512   -1.7999902  935.4518  936.2009
2021 04 28 22 59 00    -4.7389469   -1.7974965  935.4532  936.2089
2021 04 28 23 00 00    -4.7339643   -1.7949604  935.4550  936.2259
2021 04 28 23 01 00    -4.7290961   -1.7925487  935.4563  936.2501
2021 04 28 23 02 00    -4.7244295   -1.7901698  935.4567  936.2365
2021 04 28 23 03 00    -4.7198709   -1.7877981  935.4566  936.1862
2021 04 28 23 04 00    -4.7152757   -1.7855010  935.4565  936.1659
2021 04 28 23 05 00    -4.7106605   -1.7832115  935.4562  936.1840
2021 04 28 23 06 00    -4.7061295   -1.7809100  935.4553  936.1841
2021 04 28 23 07 00    -4.7016593   -1.7787104  935.4535  936.1549
2021 04 28 23 08 00    -4.6971991   -1.7766189  935.4513  936.1375
2021 04 28 23 09 00    -4.6927890   -1.7745445  935.4498  936.1459
2021 04 28 23 10 00    -4.6884005   -1.7723901  935.4494  936.1451
2021 04 28 23 11 00    -4.6841371   -1.7701850  935.4489  936.1145
2021 04 28 23 12 00    -4.6801405   -1.7681111  935.4470  936.0850
2021 04 28 23 13 00    -4.6761763   -1.7661808  935.4440  936.0811
2021 04 28 23 14 00    -4.6720821   -1.7642353  935.4416  936.0793
2021 04 28 23 15 00    -4.6679762   -1.7621691  935.4402  936.0636
2021 04 28 23 16 00    -4.6638962   -1.7600080  935.4385  936.0529
2021 04 28 23 17 00    -4.6598182   -1.7579123  935.4358  936.0542
2021 04 28 23 18 00    -4.6556955   -1.7559043  935.4330  936.0526
2021 04 28 23 19 00    -4.6514984   -1.7538150  935.4309  936.0442
2021 04 28 23 20 00    -4.6472504   -1.7515964  935.4294  936.0466
2021 04 28 23 21 00    -4.6430560   -1.7494466  935.4279  936.0765
2021 04 28 23 22 00    -4.6391747   -1.7475941  935.4274  936.1101
2021 04 28 23 23 00    -4.6356576   -1.7459064  935.4278  936.0974
2021 04 28 23 24 00    -4.6321477   -1.7440830  935.4270  936.0461
2021 04 28 23 25 00    -4.6283924   -1.7421923  935.4246  936.0171
2021 04 28 23 26 00    -4.6245460   -1.7404178  935.4224  936.0137
2021 04 28 23 27 00    -4.6208330   -1.7386875  935.4207  936.0006
2021 04 28 23 28 00    -4.6172526   -1.7368881  935.4182  935.9913
2021 04 28 23 29 00    -4.6137338   -1.7350057  935.4151  936.0052
2021 04 28 23 30 00    -4.6103185   -1.7331584  935.4128  936.0253
2021 04 28 23 31 00    -4.6069767   -1.7314746  935.4119  936.0390
2021 04 28 23 32 00    -4.6035380   -1.7297961  935.4117  936.0400
2021 04 28 23 33 00    -4.6000509   -1.7279971  935.4114  936.0157
2021 04 28 23 34 00    -4.5967180   -1.7262610  935.4096  935.9827
2021 04 28 23 35 00    -4.5934269   -1.7245765  935.4069  935.9884
2021 04 28 23 36 00    -4.5900263   -1.7228269  935.4052  936.0373
2021 04 28 23 37 00    -4.5867416   -1.7212612  935.4050  936.0649
2021 04 28 23 38 00    -4.5837361   -1.7199323  935.4044  936.0396
2021 04 28 23 39 00    -4.5807775   -1.7184316  935.4029  936.0121
2021 04 28 23 40 00    -4.5776694   -1.7167215  935.4017  936.0253
2021 04 28 23 41 00    -4.5745803   -1.7151729  935.4016  936.0547
2021 04 28 23 42 00    -4.5716856   -1.7137921  935.4023  936.0539
2021 04 28 23 43 00    -4.5688985   -1.7123623  935.4024  936.0374
2021 04 28 23 44 00    -4.5660719   -1.7108789  935.4017  936.0535
2021 04 28 23 45 00    -4.5631662   -1.7094129  935.4012  936.0774
2021 04 28 23 46 00    -4.5603448   -1.7080702  935.4008  936.0625
2021 04 28 23 47 00    -4.5577682   -1.7068950  935.3994  936.0318
2021 04 28 23 48 00    -4.5553303   -1.7057369  935.3978  936.0299
2021 04 28 23 49 00    -4.5529281   -1.7045072  935.3970  936.0585
2021 04 28 23 50 00    -4.5505175   -1.7032578  935.3968  936.0806
2021 04 28 23 51 00    -4.5479459   -1.7019869  935.3971  936.0897
2021 04 28 23 52 00    -4.5453271   -1.7007158  935.3985  936.1008
2021 04 28 23 53 00    -4.5430112   -1.6995330  935.4005  936.0974
2021 04 28 23 54 00    -4.5409148   -1.6983879  935.4014  936.0962
2021 04 28 23 55 00    -4.5387379   -1.6972441  935.4016  936.1277
2021 04 28 23 56 00    -4.5365607   -1.6962041  935.4021  936.1535
2021 04 28 23 57 00    -4.5345059   -1.6952150  935.4027  936.1486
2021 04 28 23 58 00    -4.5324728   -1.6941669  935.4036  936.1389
2021 04 28 23 59 00    -4.5304761   -1.6931319  935.4054  936.1308
