[TSF-file]     v01.0

[TIMEFORMAT]   DATETIME
[INCREMENT]    60
[CHANNELS]
    BF:SG056:G1-F60 
    BF:SG056:G2-F60 
    BF:SG056:Br1-F60
    BF:SG056:Br2-F60
[UNITS]
    Volt
    Volt
    mbar
    mbar
[UNDETVAL]                      9999.999
[PHASE_LAG_1_DEG_CPD]           0.0402
[PHASE_LAG_1_DEG_CPD_ERROR]     0.0002
[N_LATITUDE_DEG]                48.3294
[N_LATITUDE_DEG_ERROR]          0.0001
[E_LONGITUDE_DEG]               008.3284
[E_LONGITUDE_DEG_ERROR]         0.0001
[HEIGHT_M_1]                    589.20
[HEIGHT_M_1_ERROR]              0.01
[GRAVITY_CAL_1_UGAL_V]          -40.1100
[GRAVITY_CAL_1_UGAL_V_ERROR]    0.0300
[PRESSURE_CAL_MBAR_V]           1.0000
[PRESSURE_CAL_MBAR_V_ERROR]     0.0001
[AUTHOR]                        Thomas Forbriger@kit.edu
[PHASE_LAG_2_DEG_CPD]           0.0402
[PHASE_LAG_2_DEG_CPD_ERROR]     0.0002
[HEIGHT_M_2]                    589.40
[HEIGHT_M_2_ERROR]              0.01
[GRAVITY_CAL_2_UGAL_V]          -80.0699
[GRAVITY_CAL_2_UGAL_V_ERROR]    0.0600
[PRESSURE_ADMIT_HPA_NMS2]       -3.4000
[PRESSURE_MEAN_HPA]             0980.0
[COMMENT]                           
software upgrade and FitPC2 replacement on 29. July 2019



Date           Time     G1-F60        G2-F60        Br1-F60       Br2-F60      
[DATA]
2021 04 17 00 00 00    -4.2446109   -1.5454226  952.6540  953.0997
2021 04 17 00 01 00    -4.2432063   -1.5446792  952.6517  953.0884
2021 04 17 00 02 00    -4.2419796   -1.5441175  952.6493  953.0747
2021 04 17 00 03 00    -4.2407909   -1.5435957  952.6468  953.0729
2021 04 17 00 04 00    -4.2396270   -1.5431141  952.6445  953.0737
2021 04 17 00 05 00    -4.2385475   -1.5426336  952.6419  953.0607
2021 04 17 00 06 00    -4.2374699   -1.5420806  952.6392  953.0454
2021 04 17 00 07 00    -4.2363656   -1.5415393  952.6365  953.0443
2021 04 17 00 08 00    -4.2352441   -1.5410194  952.6340  953.0460
2021 04 17 00 09 00    -4.2341176   -1.5404165  952.6315  953.0396
2021 04 17 00 10 00    -4.2330257   -1.5397393  952.6288  953.0330
2021 04 17 00 11 00    -4.2318996   -1.5390752  952.6262  953.0279
2021 04 17 00 12 00    -4.2307700   -1.5385129  952.6234  953.0165
2021 04 17 00 13 00    -4.2298072   -1.5380773  952.6206  953.0009
2021 04 17 00 14 00    -4.2289055   -1.5376849  952.6180  952.9885
2021 04 17 00 15 00    -4.2278996   -1.5372776  952.6154  952.9779
2021 04 17 00 16 00    -4.2269349   -1.5368103  952.6126  952.9627
2021 04 17 00 17 00    -4.2260769   -1.5362648  952.6098  952.9482
2021 04 17 00 18 00    -4.2251520   -1.5357611  952.6071  952.9440
2021 04 17 00 19 00    -4.2241591   -1.5352997  952.6042  952.9413
2021 04 17 00 20 00    -4.2232656   -1.5347988  952.6011  952.9304
2021 04 17 00 21 00    -4.2224744   -1.5343726  952.5980  952.9195
2021 04 17 00 22 00    -4.2216543   -1.5340105  952.5948  952.9134
2021 04 17 00 23 00    -4.2207737   -1.5335852  952.5918  952.9066
2021 04 17 00 24 00    -4.2198594   -1.5331556  952.5888  952.8975
2021 04 17 00 25 00    -4.2189012   -1.5327398  952.5857  952.8895
2021 04 17 00 26 00    -4.2179642   -1.5323277  952.5827  952.8881
2021 04 17 00 27 00    -4.2171187   -1.5319481  952.5801  952.8968
2021 04 17 00 28 00    -4.2163096   -1.5315070  952.5773  952.9061
2021 04 17 00 29 00    -4.2154521   -1.5309807  952.5744  952.9009
2021 04 17 00 30 00    -4.2145475   -1.5304781  952.5715  952.8901
2021 04 17 00 31 00    -4.2136833   -1.5300667  952.5688  952.8917
2021 04 17 00 32 00    -4.2128678   -1.5297297  952.5661  952.8971
2021 04 17 00 33 00    -4.2120336   -1.5293954  952.5631  952.8948
2021 04 17 00 34 00    -4.2112032   -1.5290426  952.5599  952.8966
2021 04 17 00 35 00    -4.2103962   -1.5286722  952.5570  952.9072
2021 04 17 00 36 00    -4.2095984   -1.5282556  952.5545  952.9156
2021 04 17 00 37 00    -4.2088764   -1.5278193  952.5519  952.9182
2021 04 17 00 38 00    -4.2082395   -1.5273680  952.5490  952.9144
2021 04 17 00 39 00    -4.2075748   -1.5268684  952.5461  952.9006
2021 04 17 00 40 00    -4.2069085   -1.5264687  952.5430  952.8817
2021 04 17 00 41 00    -4.2063803   -1.5263317  952.5401  952.8695
2021 04 17 00 42 00    -4.2059350   -1.5262964  952.5376  952.8650
2021 04 17 00 43 00    -4.2054507   -1.5261397  952.5350  952.8590
2021 04 17 00 44 00    -4.2049944   -1.5259020  952.5319  952.8480
2021 04 17 00 45 00    -4.2046232   -1.5256930  952.5288  952.8393
2021 04 17 00 46 00    -4.2042629   -1.5255135  952.5259  952.8319
2021 04 17 00 47 00    -4.2038837   -1.5253173  952.5230  952.8162
2021 04 17 00 48 00    -4.2034874   -1.5250520  952.5199  952.8038
2021 04 17 00 49 00    -4.2030992   -1.5248128  952.5168  952.8099
2021 04 17 00 50 00    -4.2028307   -1.5247824  952.5141  952.8121
2021 04 17 00 51 00    -4.2026205   -1.5248049  952.5114  952.7892
2021 04 17 00 52 00    -4.2022818   -1.5246457  952.5084  952.7652
2021 04 17 00 53 00    -4.2019906   -1.5244487  952.5050  952.7592
2021 04 17 00 54 00    -4.2019185   -1.5242950  952.5017  952.7562
2021 04 17 00 55 00    -4.2017948   -1.5241044  952.4984  952.7501
2021 04 17 00 56 00    -4.2014820   -1.5239773  952.4950  952.7503
2021 04 17 00 57 00    -4.2011357   -1.5239134  952.4919  952.7554
2021 04 17 00 58 00    -4.2008324   -1.5237750  952.4890  952.7563
2021 04 17 00 59 00    -4.2006415   -1.5236724  952.4862  952.7534
2021 04 17 01 00 00    -4.2006482   -1.5237358  952.4831  952.7546
2021 04 17 01 01 00    -4.2006881   -1.5237761  952.4799  952.7572
2021 04 17 01 02 00    -4.2005817   -1.5236704  952.4769  952.7489
2021 04 17 01 03 00    -4.2004419   -1.5235731  952.4739  952.7339
2021 04 17 01 04 00    -4.2003320   -1.5235363  952.4707  952.7259
2021 04 17 01 05 00    -4.2002138   -1.5234878  952.4674  952.7252
2021 04 17 01 06 00    -4.2001993   -1.5234573  952.4641  952.7262
2021 04 17 01 07 00    -4.2003194   -1.5235095  952.4608  952.7289
2021 04 17 01 08 00    -4.2004118   -1.5236088  952.4578  952.7256
2021 04 17 01 09 00    -4.2004399   -1.5236852  952.4549  952.7058
2021 04 17 01 10 00    -4.2005621   -1.5237709  952.4517  952.6835
2021 04 17 01 11 00    -4.2008521   -1.5238902  952.4485  952.6844
2021 04 17 01 12 00    -4.2011599   -1.5239606  952.4453  952.6999
2021 04 17 01 13 00    -4.2013694   -1.5240167  952.4422  952.6969
2021 04 17 01 14 00    -4.2015956   -1.5241782  952.4392  952.6737
2021 04 17 01 15 00    -4.2018371   -1.5243347  952.4358  952.6569
2021 04 17 01 16 00    -4.2019830   -1.5243652  952.4324  952.6514
2021 04 17 01 17 00    -4.2022596   -1.5244626  952.4291  952.6435
2021 04 17 01 18 00    -4.2028522   -1.5247910  952.4258  952.6311
2021 04 17 01 19 00    -4.2034905   -1.5251627  952.4224  952.6191
2021 04 17 01 20 00    -4.2039264   -1.5253846  952.4192  952.6073
2021 04 17 01 21 00    -4.2042503   -1.5255715  952.4162  952.5991
2021 04 17 01 22 00    -4.2046462   -1.5258399  952.4131  952.5990
2021 04 17 01 23 00    -4.2050726   -1.5260932  952.4097  952.6036
2021 04 17 01 24 00    -4.2054226   -1.5263099  952.4063  952.6050
2021 04 17 01 25 00    -4.2058377   -1.5265437  952.4028  952.6007
2021 04 17 01 26 00    -4.2063355   -1.5266949  952.3993  952.5951
2021 04 17 01 27 00    -4.2068200   -1.5268454  952.3961  952.5951
2021 04 17 01 28 00    -4.2074109   -1.5272202  952.3930  952.6001
2021 04 17 01 29 00    -4.2080079   -1.5275859  952.3896  952.6044
2021 04 17 01 30 00    -4.2084561   -1.5276740  952.3864  952.6072
2021 04 17 01 31 00    -4.2090372   -1.5277965  952.3831  952.6082
2021 04 17 01 32 00    -4.2099240   -1.5282546  952.3799  952.6007
2021 04 17 01 33 00    -4.2108476   -1.5287916  952.3766  952.5842
2021 04 17 01 34 00    -4.2115997   -1.5291008  952.3734  952.5688
2021 04 17 01 35 00    -4.2123053   -1.5293406  952.3702  952.5570
2021 04 17 01 36 00    -4.2131076   -1.5297556  952.3670  952.5414
2021 04 17 01 37 00    -4.2139894   -1.5303035  952.3637  952.5226
2021 04 17 01 38 00    -4.2148983   -1.5308441  952.3604  952.5084
2021 04 17 01 39 00    -4.2157794   -1.5313245  952.3568  952.4969
2021 04 17 01 40 00    -4.2166918   -1.5317601  952.3528  952.4837
2021 04 17 01 41 00    -4.2176917   -1.5321137  952.3490  952.4735
2021 04 17 01 42 00    -4.2186221   -1.5323958  952.3454  952.4704
2021 04 17 01 43 00    -4.2194733   -1.5327985  952.3418  952.4685
2021 04 17 01 44 00    -4.2204655   -1.5334115  952.3382  952.4617
2021 04 17 01 45 00    -4.2216008   -1.5340776  952.3345  952.4529
2021 04 17 01 46 00    -4.2226575   -1.5346452  952.3307  952.4504
2021 04 17 01 47 00    -4.2235938   -1.5351360  952.3271  952.4525
2021 04 17 01 48 00    -4.2245989   -1.5356565  952.3235  952.4482
2021 04 17 01 49 00    -4.2257284   -1.5362242  952.3198  952.4365
2021 04 17 01 50 00    -4.2269361   -1.5368576  952.3161  952.4230
2021 04 17 01 51 00    -4.2282485   -1.5376140  952.3125  952.4087
2021 04 17 01 52 00    -4.2295563   -1.5383064  952.3090  952.4009
2021 04 17 01 53 00    -4.2307273   -1.5387171  952.3054  952.4056
2021 04 17 01 54 00    -4.2317886   -1.5390423  952.3018  952.4114
2021 04 17 01 55 00    -4.2328811   -1.5396391  952.2984  952.4084
2021 04 17 01 56 00    -4.2342088   -1.5405510  952.2948  952.4063
2021 04 17 01 57 00    -4.2357292   -1.5414772  952.2908  952.4119
2021 04 17 01 58 00    -4.2372059   -1.5422037  952.2869  952.4126
2021 04 17 01 59 00    -4.2385311   -1.5428251  952.2835  952.3999
2021 04 17 02 00 00    -4.2397213   -1.5433987  952.2800  952.3871
2021 04 17 02 01 00    -4.2409759   -1.5439043  952.2762  952.3834
2021 04 17 02 02 00    -4.2424393   -1.5444644  952.2727  952.3810
2021 04 17 02 03 00    -4.2439682   -1.5451656  952.2694  952.3756
2021 04 17 02 04 00    -4.2454762   -1.5459534  952.2657  952.3676
2021 04 17 02 05 00    -4.2470085   -1.5467942  952.2618  952.3571
2021 04 17 02 06 00    -4.2486070   -1.5476847  952.2581  952.3508
2021 04 17 02 07 00    -4.2502452   -1.5485438  952.2544  952.3482
2021 04 17 02 08 00    -4.2517981   -1.5493084  952.2507  952.3392
2021 04 17 02 09 00    -4.2533573   -1.5500862  952.2468  952.3283
2021 04 17 02 10 00    -4.2550855   -1.5509358  952.2430  952.3261
2021 04 17 02 11 00    -4.2568258   -1.5517588  952.2394  952.3303
2021 04 17 02 12 00    -4.2584912   -1.5526149  952.2359  952.3358
2021 04 17 02 13 00    -4.2601000   -1.5535504  952.2325  952.3413
2021 04 17 02 14 00    -4.2615650   -1.5543502  952.2293  952.3449
2021 04 17 02 15 00    -4.2631241   -1.5550326  952.2258  952.3461
2021 04 17 02 16 00    -4.2650136   -1.5558737  952.2220  952.3445
2021 04 17 02 17 00    -4.2668840   -1.5568337  952.2183  952.3400
2021 04 17 02 18 00    -4.2685351   -1.5577316  952.2147  952.3352
2021 04 17 02 19 00    -4.2703935   -1.5586886  952.2112  952.3314
2021 04 17 02 20 00    -4.2725054   -1.5597514  952.2077  952.3318
2021 04 17 02 21 00    -4.2742670   -1.5606478  952.2042  952.3388
2021 04 17 02 22 00    -4.2757524   -1.5614107  952.2006  952.3414
2021 04 17 02 23 00    -4.2776798   -1.5623629  952.1970  952.3295
2021 04 17 02 24 00    -4.2800248   -1.5634677  952.1935  952.3183
2021 04 17 02 25 00    -4.2822302   -1.5645529  952.1902  952.3196
2021 04 17 02 26 00    -4.2841059   -1.5656221  952.1866  952.3175
2021 04 17 02 27 00    -4.2858281   -1.5666015  952.1830  952.3073
2021 04 17 02 28 00    -4.2876866   -1.5674118  952.1794  952.3067
2021 04 17 02 29 00    -4.2897060   -1.5682013  952.1759  952.3146
2021 04 17 02 30 00    -4.2916676   -1.5692091  952.1722  952.3086
2021 04 17 02 31 00    -4.2937084   -1.5704753  952.1686  952.2881
2021 04 17 02 32 00    -4.2960773   -1.5717770  952.1654  952.2770
2021 04 17 02 33 00    -4.2984641   -1.5728963  952.1623  952.2823
2021 04 17 02 34 00    -4.3005357   -1.5738297  952.1588  952.2882
2021 04 17 02 35 00    -4.3025620   -1.5747818  952.1550  952.2878
2021 04 17 02 36 00    -4.3047740   -1.5759116  952.1513  952.2894
2021 04 17 02 37 00    -4.3069708   -1.5770747  952.1480  952.2939
2021 04 17 02 38 00    -4.3091013   -1.5781565  952.1444  952.2918
2021 04 17 02 39 00    -4.3113376   -1.5792474  952.1402  952.2845
2021 04 17 02 40 00    -4.3135830   -1.5803391  952.1357  952.2855
2021 04 17 02 41 00    -4.3157105   -1.5814404  952.1314  952.2940
2021 04 17 02 42 00    -4.3179473   -1.5826314  952.1272  952.2977
2021 04 17 02 43 00    -4.3203528   -1.5838115  952.1230  952.2971
2021 04 17 02 44 00    -4.3226776   -1.5849167  952.1188  952.2999
2021 04 17 02 45 00    -4.3249927   -1.5861265  952.1147  952.3027
2021 04 17 02 46 00    -4.3274406   -1.5874181  952.1106  952.3013
2021 04 17 02 47 00    -4.3297574   -1.5884518  952.1067  952.3000
2021 04 17 02 48 00    -4.3319206   -1.5893263  952.1031  952.3013
2021 04 17 02 49 00    -4.3343197   -1.5905724  952.0992  952.2993
2021 04 17 02 50 00    -4.3369428   -1.5921511  952.0951  952.2908
2021 04 17 02 51 00    -4.3395422   -1.5936073  952.0908  952.2820
2021 04 17 02 52 00    -4.3421835   -1.5949172  952.0865  952.2754
2021 04 17 02 53 00    -4.3447867   -1.5961905  952.0823  952.2669
2021 04 17 02 54 00    -4.3471289   -1.5973144  952.0785  952.2603
2021 04 17 02 55 00    -4.3494444   -1.5983561  952.0747  952.2627
2021 04 17 02 56 00    -4.3519926   -1.5995276  952.0707  952.2692
2021 04 17 02 57 00    -4.3546177   -1.6008416  952.0666  952.2709
2021 04 17 02 58 00    -4.3572008   -1.6021885  952.0624  952.2667
2021 04 17 02 59 00    -4.3597327   -1.6034819  952.0584  952.2583
2021 04 17 03 00 00    -4.3622113   -1.6047469  952.0544  952.2506
2021 04 17 03 01 00    -4.3648101   -1.6060910  952.0505  952.2507
2021 04 17 03 02 00    -4.3675488   -1.6074795  952.0467  952.2558
2021 04 17 03 03 00    -4.3701741   -1.6087655  952.0429  952.2553
2021 04 17 03 04 00    -4.3727224   -1.6099816  952.0389  952.2508
2021 04 17 03 05 00    -4.3754390   -1.6113145  952.0348  952.2512
2021 04 17 03 06 00    -4.3782613   -1.6127591  952.0308  952.2551
2021 04 17 03 07 00    -4.3809788   -1.6141136  952.0269  952.2576
2021 04 17 03 08 00    -4.3835229   -1.6153711  952.0229  952.2608
2021 04 17 03 09 00    -4.3859832   -1.6167261  952.0189  952.2661
2021 04 17 03 10 00    -4.3886335   -1.6182002  952.0153  952.2700
2021 04 17 03 11 00    -4.3915769   -1.6196337  952.0118  952.2708
2021 04 17 03 12 00    -4.3944452   -1.6209242  952.0082  952.2689
2021 04 17 03 13 00    -4.3970592   -1.6221324  952.0044  952.2621
2021 04 17 03 14 00    -4.3997732   -1.6234709  952.0005  952.2506
2021 04 17 03 15 00    -4.4027405   -1.6250335  951.9968  952.2413
2021 04 17 03 16 00    -4.4056885   -1.6265840  951.9930  952.2378
2021 04 17 03 17 00    -4.4085251   -1.6279706  951.9891  952.2359
2021 04 17 03 18 00    -4.4114249   -1.6294293  951.9851  952.2350
2021 04 17 03 19 00    -4.4143603   -1.6310182  951.9813  952.2340
2021 04 17 03 20 00    -4.4172469   -1.6325101  951.9776  952.2283
2021 04 17 03 21 00    -4.4202321   -1.6339836  951.9740  952.2233
2021 04 17 03 22 00    -4.4232098   -1.6354970  951.9701  952.2240
2021 04 17 03 23 00    -4.4258241   -1.6367591  951.9660  952.2224
2021 04 17 03 24 00    -4.4282845   -1.6378562  951.9623  952.2152
2021 04 17 03 25 00    -4.4311126   -1.6392952  951.9589  952.2082
2021 04 17 03 26 00    -4.4342379   -1.6410477  951.9551  952.1982
2021 04 17 03 27 00    -4.4373216   -1.6426004  951.9509  952.1816
2021 04 17 03 28 00    -4.4403216   -1.6438879  951.9467  952.1672
2021 04 17 03 29 00    -4.4432385   -1.6452132  951.9427  952.1573
2021 04 17 03 30 00    -4.4460899   -1.6466514  951.9388  952.1456
2021 04 17 03 31 00    -4.4490292   -1.6481510  951.9348  952.1366
2021 04 17 03 32 00    -4.4520952   -1.6497062  951.9308  952.1379
2021 04 17 03 33 00    -4.4551511   -1.6512634  951.9269  952.1441
2021 04 17 03 34 00    -4.4580369   -1.6527529  951.9229  952.1462
2021 04 17 03 35 00    -4.4607644   -1.6542264  951.9189  952.1444
2021 04 17 03 36 00    -4.4635586   -1.6557835  951.9149  952.1452
2021 04 17 03 37 00    -4.4665871   -1.6573650  951.9110  952.1510
2021 04 17 03 38 00    -4.4697316   -1.6588465  951.9071  952.1545
2021 04 17 03 39 00    -4.4727013   -1.6602460  951.9032  952.1506
2021 04 17 03 40 00    -4.4754928   -1.6616615  951.8994  952.1466
2021 04 17 03 41 00    -4.4783621   -1.6630926  951.8955  952.1484
2021 04 17 03 42 00    -4.4812776   -1.6644688  951.8916  952.1532
2021 04 17 03 43 00    -4.4841059   -1.6658614  951.8879  952.1596
2021 04 17 03 44 00    -4.4869880   -1.6673695  951.8844  952.1673
2021 04 17 03 45 00    -4.4899641   -1.6688521  951.8806  952.1704
2021 04 17 03 46 00    -4.4928467   -1.6701842  951.8769  952.1673
2021 04 17 03 47 00    -4.4956483   -1.6714713  951.8734  952.1657
2021 04 17 03 48 00    -4.4985109   -1.6728180  951.8698  952.1698
2021 04 17 03 49 00    -4.5014062   -1.6743174  951.8661  952.1734
2021 04 17 03 50 00    -4.5042842   -1.6759737  951.8625  952.1720
2021 04 17 03 51 00    -4.5072093   -1.6775194  951.8592  952.1717
2021 04 17 03 52 00    -4.5101883   -1.6788427  951.8558  952.1796
2021 04 17 03 53 00    -4.5130602   -1.6801385  951.8522  952.1898
2021 04 17 03 54 00    -4.5158838   -1.6815171  951.8487  952.1913
2021 04 17 03 55 00    -4.5189760   -1.6829895  951.8453  952.1878
2021 04 17 03 56 00    -4.5221558   -1.6845376  951.8420  952.1921
2021 04 17 03 57 00    -4.5249277   -1.6861133  951.8387  952.2034
2021 04 17 03 58 00    -4.5274383   -1.6876568  951.8354  952.2123
2021 04 17 03 59 00    -4.5301461   -1.6890485  951.8321  952.2184
2021 04 17 04 00 00    -4.5330343   -1.6902905  951.8286  952.2225
2021 04 17 04 01 00    -4.5359260   -1.6915983  951.8252  952.2187
2021 04 17 04 02 00    -4.5388318   -1.6930614  951.8217  952.2084
2021 04 17 04 03 00    -4.5417578   -1.6945407  951.8184  952.2043
2021 04 17 04 04 00    -4.5446443   -1.6960001  951.8153  952.2116
2021 04 17 04 05 00    -4.5473990   -1.6974896  951.8124  952.2227
2021 04 17 04 06 00    -4.5500533   -1.6989336  951.8095  952.2315
2021 04 17 04 07 00    -4.5527165   -1.7002924  951.8065  952.2398
2021 04 17 04 08 00    -4.5554407   -1.7016477  951.8036  952.2516
2021 04 17 04 09 00    -4.5583437   -1.7030577  951.8006  952.2686
2021 04 17 04 10 00    -4.5612836   -1.7045140  951.7979  952.2848
2021 04 17 04 11 00    -4.5639247   -1.7059423  951.7954  952.2943
2021 04 17 04 12 00    -4.5663977   -1.7072551  951.7924  952.3022
2021 04 17 04 13 00    -4.5689725   -1.7084685  951.7894  952.3135
2021 04 17 04 14 00    -4.5715908   -1.7096978  951.7871  952.3272
2021 04 17 04 15 00    -4.5742239   -1.7110555  951.7850  952.3464
2021 04 17 04 16 00    -4.5769801   -1.7124878  951.7828  952.3704
2021 04 17 04 17 00    -4.5797893   -1.7137955  951.7807  952.3907
2021 04 17 04 18 00    -4.5824376   -1.7150075  951.7788  952.4052
2021 04 17 04 19 00    -4.5848771   -1.7163129  951.7769  952.4202
2021 04 17 04 20 00    -4.5873293   -1.7176561  951.7748  952.4325
2021 04 17 04 21 00    -4.5900635   -1.7190161  951.7727  952.4282
2021 04 17 04 22 00    -4.5929853   -1.7205101  951.7708  952.4129
2021 04 17 04 23 00    -4.5956486   -1.7219158  951.7692  952.4109
2021 04 17 04 24 00    -4.5979676   -1.7230296  951.7673  952.4180
2021 04 17 04 25 00    -4.6004657   -1.7241331  951.7652  952.4101
2021 04 17 04 26 00    -4.6033832   -1.7254605  951.7631  952.3962
2021 04 17 04 27 00    -4.6062399   -1.7269055  951.7614  952.3971
2021 04 17 04 28 00    -4.6087142   -1.7283255  951.7596  952.4001
2021 04 17 04 29 00    -4.6111238   -1.7296783  951.7574  952.3865
2021 04 17 04 30 00    -4.6137375   -1.7309675  951.7550  952.3721
2021 04 17 04 31 00    -4.6163814   -1.7321981  951.7530  952.3791
2021 04 17 04 32 00    -4.6189415   -1.7333942  951.7513  952.3936
2021 04 17 04 33 00    -4.6214479   -1.7345564  951.7492  952.3949
2021 04 17 04 34 00    -4.6237726   -1.7356678  951.7469  952.3955
2021 04 17 04 35 00    -4.6260264   -1.7368648  951.7450  952.4103
2021 04 17 04 36 00    -4.6284219   -1.7381679  951.7439  952.4296
2021 04 17 04 37 00    -4.6307141   -1.7392696  951.7429  952.4436
2021 04 17 04 38 00    -4.6328681   -1.7402033  951.7414  952.4535
2021 04 17 04 39 00    -4.6352346   -1.7413813  951.7393  952.4562
2021 04 17 04 40 00    -4.6376894   -1.7427332  951.7375  952.4481
2021 04 17 04 41 00    -4.6400284   -1.7439359  951.7362  952.4362
2021 04 17 04 42 00    -4.6425241   -1.7451171  951.7351  952.4281
2021 04 17 04 43 00    -4.6451085   -1.7464353  951.7336  952.4210
2021 04 17 04 44 00    -4.6473831   -1.7477200  951.7316  952.4141
2021 04 17 04 45 00    -4.6495083   -1.7488473  951.7293  952.4119
2021 04 17 04 46 00    -4.6517621   -1.7498459  951.7272  952.4132
2021 04 17 04 47 00    -4.6539945   -1.7508047  951.7257  952.4126
2021 04 17 04 48 00    -4.6561430   -1.7518470  951.7243  952.4099
2021 04 17 04 49 00    -4.6583876   -1.7530221  951.7226  952.4112
2021 04 17 04 50 00    -4.6607019   -1.7542782  951.7205  952.4206
2021 04 17 04 51 00    -4.6628702   -1.7554899  951.7185  952.4313
2021 04 17 04 52 00    -4.6649090   -1.7565798  951.7172  952.4363
2021 04 17 04 53 00    -4.6669513   -1.7576194  951.7162  952.4388
2021 04 17 04 54 00    -4.6689645   -1.7586481  951.7150  952.4432
2021 04 17 04 55 00    -4.6709164   -1.7595610  951.7134  952.4452
2021 04 17 04 56 00    -4.6729176   -1.7604302  951.7117  952.4394
2021 04 17 04 57 00    -4.6750555   -1.7615695  951.7103  952.4315
2021 04 17 04 58 00    -4.6771804   -1.7628710  951.7094  952.4312
2021 04 17 04 59 00    -4.6791264   -1.7638608  951.7083  952.4353
2021 04 17 05 00 00    -4.6809788   -1.7646115  951.7068  952.4322
2021 04 17 05 01 00    -4.6828260   -1.7655225  951.7049  952.4252
2021 04 17 05 02 00    -4.6846204   -1.7665486  951.7030  952.4293
2021 04 17 05 03 00    -4.6863569   -1.7675030  951.7013  952.4400
2021 04 17 05 04 00    -4.6881110   -1.7683899  951.7000  952.4361
2021 04 17 05 05 00    -4.6898811   -1.7691552  951.6988  952.4192
2021 04 17 05 06 00    -4.6916223   -1.7698645  951.6974  952.4130
2021 04 17 05 07 00    -4.6934278   -1.7707704  951.6955  952.4213
2021 04 17 05 08 00    -4.6952308   -1.7717696  951.6937  952.4301
2021 04 17 05 09 00    -4.6966919   -1.7724951  951.6925  952.4388
2021 04 17 05 10 00    -4.6978432   -1.7729763  951.6916  952.4502
2021 04 17 05 11 00    -4.6991572   -1.7736099  951.6906  952.4554
2021 04 17 05 12 00    -4.7007999   -1.7744986  951.6893  952.4523
2021 04 17 05 13 00    -4.7024404   -1.7752776  951.6874  952.4539
2021 04 17 05 14 00    -4.7038158   -1.7758143  951.6852  952.4672
2021 04 17 05 15 00    -4.7050681   -1.7764506  951.6836  952.4837
2021 04 17 05 16 00    -4.7064444   -1.7773222  951.6826  952.4925
2021 04 17 05 17 00    -4.7079242   -1.7782035  951.6816  952.4909
2021 04 17 05 18 00    -4.7092817   -1.7789127  951.6803  952.4820
2021 04 17 05 19 00    -4.7104045   -1.7794099  951.6790  952.4716
2021 04 17 05 20 00    -4.7114996   -1.7798171  951.6775  952.4663
2021 04 17 05 21 00    -4.7128031   -1.7803222  951.6760  952.4676
2021 04 17 05 22 00    -4.7141672   -1.7809603  951.6747  952.4724
2021 04 17 05 23 00    -4.7154064   -1.7816724  951.6735  952.4792
2021 04 17 05 24 00    -4.7166119   -1.7823939  951.6725  952.4860
2021 04 17 05 25 00    -4.7177415   -1.7830146  951.6714  952.4874
2021 04 17 05 26 00    -4.7186199   -1.7834255  951.6701  952.4831
2021 04 17 05 27 00    -4.7194120   -1.7837251  951.6685  952.4803
2021 04 17 05 28 00    -4.7203802   -1.7841566  951.6671  952.4845
2021 04 17 05 29 00    -4.7213721   -1.7846983  951.6662  952.4910
2021 04 17 05 30 00    -4.7221786   -1.7851549  951.6656  952.4910
2021 04 17 05 31 00    -4.7228946   -1.7854878  951.6650  952.4848
2021 04 17 05 32 00    -4.7236366   -1.7857908  951.6642  952.4822
2021 04 17 05 33 00    -4.7244759   -1.7862213  951.6632  952.4903
2021 04 17 05 34 00    -4.7253830   -1.7867890  951.6623  952.5032
2021 04 17 05 35 00    -4.7261407   -1.7872387  951.6617  952.5112
2021 04 17 05 36 00    -4.7266866   -1.7874049  951.6613  952.5133
2021 04 17 05 37 00    -4.7271885   -1.7874951  951.6607  952.5139
2021 04 17 05 38 00    -4.7277486   -1.7877814  951.6598  952.5116
2021 04 17 05 39 00    -4.7282551   -1.7880950  951.6588  952.5051
2021 04 17 05 40 00    -4.7286195   -1.7881609  951.6582  952.5025
2021 04 17 05 41 00    -4.7289712   -1.7882099  951.6580  952.5109
2021 04 17 05 42 00    -4.7293564   -1.7885190  951.6578  952.5232
2021 04 17 05 43 00    -4.7297243   -1.7888996  951.6575  952.5300
2021 04 17 05 44 00    -4.7300500   -1.7890949  951.6571  952.5323
2021 04 17 05 45 00    -4.7302520   -1.7891560  951.6569  952.5344
2021 04 17 05 46 00    -4.7303592   -1.7892018  951.6570  952.5346
2021 04 17 05 47 00    -4.7304350   -1.7891806  951.6571  952.5297
2021 04 17 05 48 00    -4.7304997   -1.7891804  951.6571  952.5267
2021 04 17 05 49 00    -4.7306906   -1.7893812  951.6570  952.5340
2021 04 17 05 50 00    -4.7309876   -1.7895534  951.6571  952.5425
2021 04 17 05 51 00    -4.7311299   -1.7894756  951.6571  952.5397
2021 04 17 05 52 00    -4.7310183   -1.7893823  951.6568  952.5340
2021 04 17 05 53 00    -4.7308152   -1.7894128  951.6566  952.5378
2021 04 17 05 54 00    -4.7307077   -1.7894268  951.6567  952.5433
2021 04 17 05 55 00    -4.7306550   -1.7893526  951.6570  952.5386
2021 04 17 05 56 00    -4.7304869   -1.7892419  951.6573  952.5267
2021 04 17 05 57 00    -4.7302092   -1.7891057  951.6572  952.5163
2021 04 17 05 58 00    -4.7299202   -1.7888784  951.6567  952.5095
2021 04 17 05 59 00    -4.7296398   -1.7886301  951.6559  952.5051
2021 04 17 06 00 00    -4.7293648   -1.7885136  951.6552  952.5022
2021 04 17 06 01 00    -4.7290497   -1.7884810  951.6545  952.5010
2021 04 17 06 02 00    -4.7285996   -1.7883438  951.6539  952.5033
2021 04 17 06 03 00    -4.7280083   -1.7880275  951.6535  952.5082
2021 04 17 06 04 00    -4.7273033   -1.7876294  951.6530  952.5129
2021 04 17 06 05 00    -4.7264849   -1.7872222  951.6526  952.5170
2021 04 17 06 06 00    -4.7257140   -1.7868216  951.6524  952.5188
2021 04 17 06 07 00    -4.7250692   -1.7864327  951.6523  952.5143
2021 04 17 06 08 00    -4.7242757   -1.7859977  951.6520  952.5047
2021 04 17 06 09 00    -4.7233568   -1.7856287  951.6514  952.4972
2021 04 17 06 10 00    -4.7226727   -1.7854013  951.6507  952.4974
2021 04 17 06 11 00    -4.7219650   -1.7849815  951.6501  952.5033
2021 04 17 06 12 00    -4.7208104   -1.7842880  951.6495  952.5088
2021 04 17 06 13 00    -4.7195556   -1.7837009  951.6491  952.5142
2021 04 17 06 14 00    -4.7185489   -1.7832542  951.6491  952.5216
2021 04 17 06 15 00    -4.7175123   -1.7826807  951.6493  952.5251
2021 04 17 06 16 00    -4.7162321   -1.7820054  951.6494  952.5204
2021 04 17 06 17 00    -4.7148951   -1.7814017  951.6492  952.5113
2021 04 17 06 18 00    -4.7136797   -1.7808613  951.6487  952.4984
2021 04 17 06 19 00    -4.7125252   -1.7802908  951.6481  952.4822
2021 04 17 06 20 00    -4.7113114   -1.7796548  951.6476  952.4726
2021 04 17 06 21 00    -4.7099855   -1.7789138  951.6471  952.4728
2021 04 17 06 22 00    -4.7084518   -1.7780366  951.6465  952.4723
2021 04 17 06 23 00    -4.7066780   -1.7771290  951.6456  952.4740
2021 04 17 06 24 00    -4.7048676   -1.7762860  951.6448  952.4953
2021 04 17 06 25 00    -4.7032101   -1.7754683  951.6449  952.5306
2021 04 17 06 26 00    -4.7015632   -1.7747005  951.6455  952.5498
2021 04 17 06 27 00    -4.6996468   -1.7739292  951.6461  952.5421
2021 04 17 06 28 00    -4.6975060   -1.7729318  951.6462  952.5270
2021 04 17 06 29 00    -4.6954102   -1.7717528  951.6462  952.5247
2021 04 17 06 30 00    -4.6934045   -1.7706380  951.6466  952.5386
2021 04 17 06 31 00    -4.6914111   -1.7696076  951.6473  952.5597
2021 04 17 06 32 00    -4.6894766   -1.7685799  951.6479  952.5753
2021 04 17 06 33 00    -4.6874782   -1.7675438  951.6484  952.5807
2021 04 17 06 34 00    -4.6851447   -1.7664543  951.6492  952.5791
2021 04 17 06 35 00    -4.6826134   -1.7652844  951.6503  952.5731
2021 04 17 06 36 00    -4.6802380   -1.7640975  951.6516  952.5710
2021 04 17 06 37 00    -4.6780539   -1.7629699  951.6528  952.5807
2021 04 17 06 38 00    -4.6758884   -1.7618951  951.6539  952.5911
2021 04 17 06 39 00    -4.6735268   -1.7606755  951.6548  952.5851
2021 04 17 06 40 00    -4.6708555   -1.7591902  951.6554  952.5688
2021 04 17 06 41 00    -4.6681202   -1.7577598  951.6560  952.5624
2021 04 17 06 42 00    -4.6655944   -1.7566653  951.6566  952.5680
2021 04 17 06 43 00    -4.6631056   -1.7556158  951.6570  952.5743
2021 04 17 06 44 00    -4.6603618   -1.7542493  951.6575  952.5798
2021 04 17 06 45 00    -4.6574754   -1.7527311  951.6583  952.5849
2021 04 17 06 46 00    -4.6546655   -1.7512982  951.6590  952.5804
2021 04 17 06 47 00    -4.6517591   -1.7497927  951.6596  952.5638
2021 04 17 06 48 00    -4.6487046   -1.7482181  951.6602  952.5464
2021 04 17 06 49 00    -4.6458386   -1.7467982  951.6607  952.5325
2021 04 17 06 50 00    -4.6430442   -1.7453884  951.6605  952.5189
2021 04 17 06 51 00    -4.6398946   -1.7438166  951.6600  952.5114
2021 04 17 06 52 00    -4.6365810   -1.7422510  951.6598  952.5147
2021 04 17 06 53 00    -4.6335352   -1.7408114  951.6597  952.5194
2021 04 17 06 54 00    -4.6306090   -1.7393967  951.6592  952.5154
2021 04 17 06 55 00    -4.6273604   -1.7377781  951.6583  952.5000
2021 04 17 06 56 00    -4.6237832   -1.7358358  951.6575  952.4756
2021 04 17 06 57 00    -4.6202253   -1.7338268  951.6569  952.4546
2021 04 17 06 58 00    -4.6168487   -1.7320547  951.6562  952.4504
2021 04 17 06 59 00    -4.6134890   -1.7304058  951.6555  952.4601
2021 04 17 07 00 00    -4.6098838   -1.7286077  951.6548  952.4706
2021 04 17 07 01 00    -4.6060643   -1.7267115  951.6542  952.4735
2021 04 17 07 02 00    -4.6022555   -1.7248542  951.6536  952.4677
2021 04 17 07 03 00    -4.5984533   -1.7229676  951.6525  952.4550
2021 04 17 07 04 00    -4.5946205   -1.7210924  951.6509  952.4406
2021 04 17 07 05 00    -4.5907626   -1.7192491  951.6493  952.4350
2021 04 17 07 06 00    -4.5867251   -1.7172037  951.6481  952.4409
2021 04 17 07 07 00    -4.5825339   -1.7149481  951.6472  952.4433
2021 04 17 07 08 00    -4.5784517   -1.7127964  951.6464  952.4365
2021 04 17 07 09 00    -4.5744526   -1.7108468  951.6457  952.4371
2021 04 17 07 10 00    -4.5702702   -1.7088548  951.6450  952.4514
2021 04 17 07 11 00    -4.5658467   -1.7066668  951.6443  952.4621
2021 04 17 07 12 00    -4.5613053   -1.7043934  951.6433  952.4579
2021 04 17 07 13 00    -4.5567852   -1.7021798  951.6420  952.4509
2021 04 17 07 14 00    -4.5523308   -1.7000443  951.6408  952.4539
2021 04 17 07 15 00    -4.5478031   -1.6978494  951.6400  952.4572
2021 04 17 07 16 00    -4.5431927   -1.6955035  951.6396  952.4505
2021 04 17 07 17 00    -4.5387218   -1.6931450  951.6392  952.4474
2021 04 17 07 18 00    -4.5343730   -1.6908828  951.6385  952.4626
2021 04 17 07 19 00    -4.5297612   -1.6885783  951.6379  952.4844
2021 04 17 07 20 00    -4.5246903   -1.6860873  951.6375  952.4890
2021 04 17 07 21 00    -4.5195393   -1.6835558  951.6371  952.4763
2021 04 17 07 22 00    -4.5146577   -1.6812073  951.6366  952.4694
2021 04 17 07 23 00    -4.5097406   -1.6788218  951.6362  952.4728
2021 04 17 07 24 00    -4.5044842   -1.6760610  951.6357  952.4706
2021 04 17 07 25 00    -4.4991944   -1.6732232  951.6348  952.4597
2021 04 17 07 26 00    -4.4941273   -1.6707319  951.6335  952.4481
2021 04 17 07 27 00    -4.4890560   -1.6683473  951.6322  952.4421
2021 04 17 07 28 00    -4.4838664   -1.6657457  951.6313  952.4455
2021 04 17 07 29 00    -4.4786398   -1.6630175  951.6305  952.4509
2021 04 17 07 30 00    -4.4731202   -1.6601969  951.6295  952.4452
2021 04 17 07 31 00    -4.4672664   -1.6573030  951.6285  952.4321
2021 04 17 07 32 00    -4.4616998   -1.6545681  951.6279  952.4279
2021 04 17 07 33 00    -4.4565219   -1.6519599  951.6273  952.4354
2021 04 17 07 34 00    -4.4510658   -1.6491612  951.6261  952.4374
2021 04 17 07 35 00    -4.4452329   -1.6461924  951.6246  952.4259
2021 04 17 07 36 00    -4.4394810   -1.6433760  951.6234  952.4180
2021 04 17 07 37 00    -4.4338328   -1.6407088  951.6228  952.4222
2021 04 17 07 38 00    -4.4279814   -1.6378625  951.6221  952.4248
2021 04 17 07 39 00    -4.4219087   -1.6347985  951.6211  952.4219
2021 04 17 07 40 00    -4.4158039   -1.6317302  951.6200  952.4246
2021 04 17 07 41 00    -4.4096684   -1.6286393  951.6192  952.4330
2021 04 17 07 42 00    -4.4035679   -1.6255259  951.6187  952.4391
2021 04 17 07 43 00    -4.3975686   -1.6225080  951.6183  952.4446
2021 04 17 07 44 00    -4.3913466   -1.6194077  951.6181  952.4507
2021 04 17 07 45 00    -4.3848773   -1.6161521  951.6178  952.4495
2021 04 17 07 46 00    -4.3784717   -1.6129576  951.6174  952.4453
2021 04 17 07 47 00    -4.3719774   -1.6096815  951.6170  952.4531
2021 04 17 07 48 00    -4.3653082   -1.6061617  951.6164  952.4693
2021 04 17 07 49 00    -4.3587429   -1.6027396  951.6158  952.4740
2021 04 17 07 50 00    -4.3522446   -1.5995866  951.6152  952.4664
2021 04 17 07 51 00    -4.3456541   -1.5964687  951.6147  952.4684
2021 04 17 07 52 00    -4.3389853   -1.5932207  951.6143  952.4838
2021 04 17 07 53 00    -4.3321072   -1.5897424  951.6142  952.4902
2021 04 17 07 54 00    -4.3250983   -1.5861597  951.6142  952.4812
2021 04 17 07 55 00    -4.3183498   -1.5827620  951.6139  952.4706
2021 04 17 07 56 00    -4.3116514   -1.5793345  951.6135  952.4664
2021 04 17 07 57 00    -4.3045318   -1.5756668  951.6135  952.4705
2021 04 17 07 58 00    -4.2972785   -1.5721057  951.6136  952.4776
2021 04 17 07 59 00    -4.2902371   -1.5687186  951.6134  952.4728
2021 04 17 08 00 00    -4.2831766   -1.5652084  951.6131  952.4564
2021 04 17 08 01 00    -4.2759100   -1.5615426  951.6129  952.4527
2021 04 17 08 02 00    -4.2685338   -1.5578193  951.6125  952.4694
2021 04 17 08 03 00    -4.2611970   -1.5540949  951.6120  952.4819
2021 04 17 08 04 00    -4.2539161   -1.5504455  951.6115  952.4705
2021 04 17 08 05 00    -4.2466000   -1.5468531  951.6111  952.4403
2021 04 17 08 06 00    -4.2392183   -1.5431996  951.6105  952.4067
2021 04 17 08 07 00    -4.2317371   -1.5394157  951.6096  952.3862
2021 04 17 08 08 00    -4.2241293   -1.5355237  951.6081  952.3868
2021 04 17 08 09 00    -4.2164538   -1.5316505  951.6062  952.3987
2021 04 17 08 10 00    -4.2087946   -1.5279013  951.6047  952.4091
2021 04 17 08 11 00    -4.2011200   -1.5241090  951.6036  952.4154
2021 04 17 08 12 00    -4.1932535   -1.5200970  951.6028  952.4099
2021 04 17 08 13 00    -4.1852590   -1.5160533  951.6019  952.3848
2021 04 17 08 14 00    -4.1774139   -1.5121574  951.6008  952.3592
2021 04 17 08 15 00    -4.1695922   -1.5082891  951.5996  952.3510
2021 04 17 08 16 00    -4.1615028   -1.5043541  951.5979  952.3474
2021 04 17 08 17 00    -4.1533219   -1.5003875  951.5959  952.3449
2021 04 17 08 18 00    -4.1452101   -1.4963191  951.5942  952.3579
2021 04 17 08 19 00    -4.1369224   -1.4920303  951.5930  952.3771
2021 04 17 08 20 00    -4.1284580   -1.4875985  951.5917  952.3826
2021 04 17 08 21 00    -4.1200657   -1.4832398  951.5902  952.3789
2021 04 17 08 22 00    -4.1116574   -1.4790615  951.5886  952.3843
2021 04 17 08 23 00    -4.1030310   -1.4748970  951.5876  952.3989
2021 04 17 08 24 00    -4.0942926   -1.4705452  951.5868  952.4046
2021 04 17 08 25 00    -4.0856836   -1.4661545  951.5859  952.3983
2021 04 17 08 26 00    -4.0771345   -1.4618398  951.5850  952.3928
2021 04 17 08 27 00    -4.0684314   -1.4574418  951.5843  952.3859
2021 04 17 08 28 00    -4.0597180   -1.4530647  951.5838  952.3763
2021 04 17 08 29 00    -4.0510886   -1.4488676  951.5832  952.3756
2021 04 17 08 30 00    -4.0423344   -1.4446190  951.5819  952.3735
2021 04 17 08 31 00    -4.0334669   -1.4402002  951.5800  952.3571
2021 04 17 08 32 00    -4.0245415   -1.4357222  951.5783  952.3493
2021 04 17 08 33 00    -4.0154187   -1.4311259  951.5773  952.3640
2021 04 17 08 34 00    -4.0062431   -1.4264039  951.5766  952.3769
2021 04 17 08 35 00    -3.9972362   -1.4217542  951.5758  952.3773
2021 04 17 08 36 00    -3.9881865   -1.4172033  951.5750  952.3744
2021 04 17 08 37 00    -3.9789540   -1.4126572  951.5737  952.3617
2021 04 17 08 38 00    -3.9697686   -1.4081726  951.5722  952.3498
2021 04 17 08 39 00    -3.9606569   -1.4036904  951.5711  952.3639
2021 04 17 08 40 00    -3.9513754   -1.3990281  951.5705  952.3815
2021 04 17 08 41 00    -3.9419300   -1.3942568  951.5698  952.3730
2021 04 17 08 42 00    -3.9325217   -1.3895233  951.5691  952.3604
2021 04 17 08 43 00    -3.9231736   -1.3848367  951.5689  952.3649
2021 04 17 08 44 00    -3.9137886   -1.3801855  951.5689  952.3789
2021 04 17 08 45 00    -3.9042385   -1.3754349  951.5682  952.3951
2021 04 17 08 46 00    -3.8944772   -1.3704414  951.5671  952.4037
2021 04 17 08 47 00    -3.8846698   -1.3653933  951.5665  952.4021
2021 04 17 08 48 00    -3.8748829   -1.3605481  951.5669  952.4126
2021 04 17 08 49 00    -3.8650372   -1.3557891  951.5679  952.4401
2021 04 17 08 50 00    -3.8551833   -1.3508644  951.5689  952.4531
2021 04 17 08 51 00    -3.8453318   -1.3458102  951.5695  952.4427
2021 04 17 08 52 00    -3.8353355   -1.3408034  951.5699  952.4361
2021 04 17 08 53 00    -3.8252070   -1.3358804  951.5702  952.4431
2021 04 17 08 54 00    -3.8150966   -1.3308949  951.5705  952.4533
2021 04 17 08 55 00    -3.8050137   -1.3257573  951.5711  952.4609
2021 04 17 08 56 00    -3.7949490   -1.3206967  951.5715  952.4551
2021 04 17 08 57 00    -3.7848563   -1.3157609  951.5712  952.4354
2021 04 17 08 58 00    -3.7747036   -1.3106770  951.5711  952.4256
2021 04 17 08 59 00    -3.7646870   -1.3055754  951.5718  952.4322
2021 04 17 09 00 00    -3.7547322   -1.3006202  951.5729  952.4353
2021 04 17 09 01 00    -3.7444582   -1.2954734  951.5737  952.4305
2021 04 17 09 02 00    -3.7339820   -1.2900895  951.5743  952.4353
2021 04 17 09 03 00    -3.7236468   -1.2848020  951.5744  952.4471
2021 04 17 09 04 00    -3.7133593   -1.2796219  951.5736  952.4296
2021 04 17 09 05 00    -3.7030108   -1.2744717  951.5721  952.3840
2021 04 17 09 06 00    -3.6926354   -1.2693707  951.5710  952.3611
2021 04 17 09 07 00    -3.6820982   -1.2641949  951.5703  952.3711
2021 04 17 09 08 00    -3.6714600   -1.2589287  951.5696  952.3770
2021 04 17 09 09 00    -3.6610587   -1.2537560  951.5687  952.3629
2021 04 17 09 10 00    -3.6508161   -1.2486337  951.5677  952.3388
2021 04 17 09 11 00    -3.6403055   -1.2433157  951.5668  952.3198
2021 04 17 09 12 00    -3.6295803   -1.2378246  951.5659  952.3177
2021 04 17 09 13 00    -3.6189372   -1.2323437  951.5648  952.3235
2021 04 17 09 14 00    -3.6082435   -1.2269104  951.5635  952.3138
2021 04 17 09 15 00    -3.5973988   -1.2215512  951.5621  952.2807
2021 04 17 09 16 00    -3.5865598   -1.2161993  951.5607  952.2439
2021 04 17 09 17 00    -3.5757519   -1.2107546  951.5591  952.2269
2021 04 17 09 18 00    -3.5649931   -1.2053827  951.5570  952.2253
2021 04 17 09 19 00    -3.5542489   -1.2001465  951.5544  952.2236
2021 04 17 09 20 00    -3.5433540   -1.1948275  951.5518  952.2265
2021 04 17 09 21 00    -3.5323216   -1.1892931  951.5499  952.2392
2021 04 17 09 22 00    -3.5212919   -1.1836121  951.5483  952.2458
2021 04 17 09 23 00    -3.5103050   -1.1780198  951.5461  952.2286
2021 04 17 09 24 00    -3.4992440   -1.1725725  951.5434  952.1899
2021 04 17 09 25 00    -3.4879882   -1.1670169  951.5406  952.1555
2021 04 17 09 26 00    -3.4766461   -1.1613235  951.5378  952.1523
2021 04 17 09 27 00    -3.4654344   -1.1556808  951.5352  952.1728
2021 04 17 09 28 00    -3.4543463   -1.1500424  951.5328  952.1782
2021 04 17 09 29 00    -3.4431585   -1.1443175  951.5300  952.1468
2021 04 17 09 30 00    -3.4317699   -1.1386114  951.5268  952.1004
2021 04 17 09 31 00    -3.4202759   -1.1329164  951.5235  952.0688
2021 04 17 09 32 00    -3.4088831   -1.1271628  951.5203  952.0561
2021 04 17 09 33 00    -3.3977330   -1.1215187  951.5172  952.0584
2021 04 17 09 34 00    -3.3865832   -1.1159995  951.5145  952.0770
2021 04 17 09 35 00    -3.3751205   -1.1103213  951.5114  952.0941
2021 04 17 09 36 00    -3.3634557   -1.1044554  951.5076  952.0785
2021 04 17 09 37 00    -3.3518673   -1.0986476  951.5036  952.0483
2021 04 17 09 38 00    -3.3403882   -1.0929308  951.5000  952.0541
2021 04 17 09 39 00    -3.3288863   -1.0871259  951.4968  952.0717
2021 04 17 09 40 00    -3.3173358   -1.0812654  951.4937  952.0470
2021 04 17 09 41 00    -3.3057683   -1.0755409  951.4901  952.0112
2021 04 17 09 42 00    -3.2941093   -1.0698354  951.4864  952.0154
2021 04 17 09 43 00    -3.2823446   -1.0639437  951.4831  952.0447
2021 04 17 09 44 00    -3.2705562   -1.0579858  951.4802  952.0620
2021 04 17 09 45 00    -3.2587562   -1.0520736  951.4775  952.0607
2021 04 17 09 46 00    -3.2469211   -1.0461636  951.4748  952.0617
2021 04 17 09 47 00    -3.2349862   -1.0402439  951.4724  952.0751
2021 04 17 09 48 00    -3.2230424   -1.0342408  951.4701  952.0798
2021 04 17 09 49 00    -3.2112650   -1.0281153  951.4673  952.0722
2021 04 17 09 50 00    -3.1993916   -1.0220280  951.4644  952.0826
2021 04 17 09 51 00    -3.1872411   -1.0161101  951.4620  952.1093
2021 04 17 09 52 00    -3.1751962   -1.0102873  951.4598  952.1193
2021 04 17 09 53 00    -3.1633579   -1.0044192  951.4573  952.1013
2021 04 17 09 54 00    -3.1514300   -0.9984467  951.4545  952.0712
2021 04 17 09 55 00    -3.1394634   -0.9924022  951.4518  952.0573
2021 04 17 09 56 00    -3.1275540   -0.9863406  951.4488  952.0657
2021 04 17 09 57 00    -3.1155121   -0.9802916  951.4456  952.0638
2021 04 17 09 58 00    -3.1033910   -0.9742710  951.4424  952.0329
2021 04 17 09 59 00    -3.0913663   -0.9682629  951.4394  951.9944
2021 04 17 10 00 00    -3.0794002   -0.9622615  951.4367  951.9770
2021 04 17 10 01 00    -3.0675112   -0.9563117  951.4341  951.9940
2021 04 17 10 02 00    -3.0556530   -0.9503791  951.4311  952.0236
2021 04 17 10 03 00    -3.0436443   -0.9443553  951.4282  952.0200
2021 04 17 10 04 00    -3.0315304   -0.9382549  951.4254  951.9857
2021 04 17 10 05 00    -3.0194104   -0.9321572  951.4226  951.9700
2021 04 17 10 06 00    -3.0072450   -0.9260960  951.4196  951.9819
2021 04 17 10 07 00    -2.9950992   -0.9201359  951.4163  951.9935
2021 04 17 10 08 00    -2.9829916   -0.9142149  951.4130  952.0041
2021 04 17 10 09 00    -2.9707340   -0.9081247  951.4101  952.0151
2021 04 17 10 10 00    -2.9583813   -0.9018830  951.4078  951.9952
2021 04 17 10 11 00    -2.9462376   -0.8956845  951.4051  951.9520
2021 04 17 10 12 00    -2.9342363   -0.8895608  951.4020  951.9466
2021 04 17 10 13 00    -2.9221035   -0.8834611  951.3990  951.9638
2021 04 17 10 14 00    -2.9098791   -0.8774082  951.3956  951.9258
2021 04 17 10 15 00    -2.8976367   -0.8713437  951.3915  951.8580
2021 04 17 10 16 00    -2.8853597   -0.8651749  951.3872  951.8527
2021 04 17 10 17 00    -2.8731171   -0.8589690  951.3833  951.9007
2021 04 17 10 18 00    -2.8608612   -0.8528253  951.3800  951.9231
2021 04 17 10 19 00    -2.8485847   -0.8467698  951.3769  951.8970
2021 04 17 10 20 00    -2.8364317   -0.8407117  951.3734  951.8414
2021 04 17 10 21 00    -2.8242862   -0.8345183  951.3695  951.7903
2021 04 17 10 22 00    -2.8119955   -0.8282910  951.3656  951.7880
2021 04 17 10 23 00    -2.7996959   -0.8221484  951.3619  951.8199
2021 04 17 10 24 00    -2.7874307   -0.8159760  951.3583  951.8435
2021 04 17 10 25 00    -2.7750973   -0.8097559  951.3549  951.8641
2021 04 17 10 26 00    -2.7627198   -0.8035913  951.3511  951.8744
2021 04 17 10 27 00    -2.7504288   -0.7974841  951.3470  951.8507
2021 04 17 10 28 00    -2.7382758   -0.7914044  951.3427  951.8181
2021 04 17 10 29 00    -2.7260731   -0.7852797  951.3384  951.7943
2021 04 17 10 30 00    -2.7137077   -0.7790595  951.3342  951.7686
2021 04 17 10 31 00    -2.7014209   -0.7728911  951.3300  951.7579
2021 04 17 10 32 00    -2.6893629   -0.7669198  951.3259  951.7738
2021 04 17 10 33 00    -2.6773225   -0.7609869  951.3219  951.7940
2021 04 17 10 34 00    -2.6651167   -0.7548204  951.3180  951.7948
2021 04 17 10 35 00    -2.6528049   -0.7484795  951.3140  951.7635
2021 04 17 10 36 00    -2.6404512   -0.7422540  951.3097  951.7189
2021 04 17 10 37 00    -2.6280578   -0.7361568  951.3053  951.6987
2021 04 17 10 38 00    -2.6156315   -0.7299329  951.3010  951.6966
2021 04 17 10 39 00    -2.6031255   -0.7235544  951.2969  951.6789
2021 04 17 10 40 00    -2.5906738   -0.7173318  951.2928  951.6467
2021 04 17 10 41 00    -2.5785472   -0.7114016  951.2885  951.6313
2021 04 17 10 42 00    -2.5665181   -0.7054229  951.2843  951.6469
2021 04 17 10 43 00    -2.5542120   -0.6991654  951.2800  951.6732
2021 04 17 10 44 00    -2.5418511   -0.6929146  951.2757  951.6875
2021 04 17 10 45 00    -2.5296323   -0.6868466  951.2717  951.6915
2021 04 17 10 46 00    -2.5173665   -0.6807910  951.2677  951.6886
2021 04 17 10 47 00    -2.5050810   -0.6746759  951.2635  951.6710
2021 04 17 10 48 00    -2.4928333   -0.6684793  951.2593  951.6491
2021 04 17 10 49 00    -2.4805251   -0.6622478  951.2552  951.6421
2021 04 17 10 50 00    -2.4683162   -0.6562203  951.2509  951.6340
2021 04 17 10 51 00    -2.4562321   -0.6502792  951.2464  951.6150
2021 04 17 10 52 00    -2.4440873   -0.6441242  951.2424  951.6139
2021 04 17 10 53 00    -2.4319888   -0.6379554  951.2388  951.6275
2021 04 17 10 54 00    -2.4199298   -0.6319217  951.2350  951.6177
2021 04 17 10 55 00    -2.4078190   -0.6258696  951.2306  951.5790
2021 04 17 10 56 00    -2.3957629   -0.6198415  951.2258  951.5350
2021 04 17 10 57 00    -2.3836657   -0.6138367  951.2209  951.5081
2021 04 17 10 58 00    -2.3714868   -0.6077269  951.2163  951.5026
2021 04 17 10 59 00    -2.3594347   -0.6015868  951.2117  951.5027
2021 04 17 11 00 00    -2.3474718   -0.5955194  951.2069  951.4965
2021 04 17 11 01 00    -2.3353536   -0.5894691  951.2019  951.4862
2021 04 17 11 02 00    -2.3231170   -0.5834630  951.1969  951.4775
2021 04 17 11 03 00    -2.3109946   -0.5775786  951.1920  951.4753
2021 04 17 11 04 00    -2.2989641   -0.5716578  951.1872  951.4788
2021 04 17 11 05 00    -2.2869034   -0.5655702  951.1826  951.4797
2021 04 17 11 06 00    -2.2748722   -0.5594445  951.1779  951.4721
2021 04 17 11 07 00    -2.2629988   -0.5534318  951.1731  951.4592
2021 04 17 11 08 00    -2.2512058   -0.5475189  951.1682  951.4448
2021 04 17 11 09 00    -2.2392019   -0.5415316  951.1633  951.4255
2021 04 17 11 10 00    -2.2271155   -0.5354685  951.1582  951.4033
2021 04 17 11 11 00    -2.2153711   -0.5295416  951.1527  951.3881
2021 04 17 11 12 00    -2.2037637   -0.5236980  951.1471  951.3796
2021 04 17 11 13 00    -2.1918419   -0.5177348  951.1416  951.3715
2021 04 17 11 14 00    -2.1797526   -0.5117153  951.1361  951.3679
2021 04 17 11 15 00    -2.1678211   -0.5057776  951.1305  951.3697
2021 04 17 11 16 00    -2.1559600   -0.4998784  951.1252  951.3702
2021 04 17 11 17 00    -2.1440589   -0.4939873  951.1204  951.3740
2021 04 17 11 18 00    -2.1322710   -0.4881292  951.1157  951.3872
2021 04 17 11 19 00    -2.1205085   -0.4821868  951.1109  951.4005
2021 04 17 11 20 00    -2.1086362   -0.4761617  951.1059  951.4022
2021 04 17 11 21 00    -2.0969078   -0.4702712  951.1009  951.3916
2021 04 17 11 22 00    -2.0853177   -0.4644688  951.0958  951.3819
2021 04 17 11 23 00    -2.0736031   -0.4585961  951.0909  951.3786
2021 04 17 11 24 00    -2.0619851   -0.4528323  951.0864  951.3632
2021 04 17 11 25 00    -2.0506414   -0.4471893  951.0817  951.3334
2021 04 17 11 26 00    -2.0392273   -0.4414066  951.0767  951.3108
2021 04 17 11 27 00    -2.0276801   -0.4356221  951.0715  951.2946
2021 04 17 11 28 00    -2.0162698   -0.4300056  951.0663  951.2711
2021 04 17 11 29 00    -2.0048813   -0.4243331  951.0609  951.2497
2021 04 17 11 30 00    -1.9933325   -0.4184907  951.0554  951.2407
2021 04 17 11 31 00    -1.9818479   -0.4126762  951.0500  951.2318
2021 04 17 11 32 00    -1.9704968   -0.4070219  951.0445  951.2164
2021 04 17 11 33 00    -1.9590345   -0.4013632  951.0388  951.2079
2021 04 17 11 34 00    -1.9476044   -0.3956571  951.0332  951.2098
2021 04 17 11 35 00    -1.9364735   -0.3900910  951.0278  951.2150
2021 04 17 11 36 00    -1.9254029   -0.3845811  951.0226  951.2262
2021 04 17 11 37 00    -1.9141709   -0.3789526  951.0175  951.2366
2021 04 17 11 38 00    -1.9028392   -0.3732536  951.0122  951.2298
2021 04 17 11 39 00    -1.8914781   -0.3675476  951.0070  951.2145
2021 04 17 11 40 00    -1.8802639   -0.3618720  951.0019  951.2107
2021 04 17 11 41 00    -1.8692155   -0.3562795  950.9970  951.2153
2021 04 17 11 42 00    -1.8581468   -0.3508153  950.9921  951.2177
2021 04 17 11 43 00    -1.8470716   -0.3454053  950.9871  951.2193
2021 04 17 11 44 00    -1.8360165   -0.3398744  950.9821  951.2226
2021 04 17 11 45 00    -1.8250121   -0.3343089  950.9773  951.2271
2021 04 17 11 46 00    -1.8141761   -0.3289253  950.9725  951.2377
2021 04 17 11 47 00    -1.8034526   -0.3236288  950.9680  951.2559
2021 04 17 11 48 00    -1.7927450   -0.3181998  950.9636  951.2675
2021 04 17 11 49 00    -1.7819604   -0.3126096  950.9590  951.2581
2021 04 17 11 50 00    -1.7709971   -0.3070172  950.9540  951.2375
2021 04 17 11 51 00    -1.7600424   -0.3016259  950.9491  951.2251
2021 04 17 11 52 00    -1.7493332   -0.2964130  950.9444  951.2245
2021 04 17 11 53 00    -1.7387680   -0.2911354  950.9398  951.2298
2021 04 17 11 54 00    -1.7281289   -0.2856844  950.9355  951.2393
2021 04 17 11 55 00    -1.7174363   -0.2802217  950.9313  951.2506
2021 04 17 11 56 00    -1.7068915   -0.2749651  950.9270  951.2543
2021 04 17 11 57 00    -1.6964931   -0.2698796  950.9225  951.2461
2021 04 17 11 58 00    -1.6860877   -0.2647103  950.9177  951.2361
2021 04 17 11 59 00    -1.6756645   -0.2593458  950.9131  951.2324
2021 04 17 12 00 00    -1.6652146   -0.2539370  950.9087  951.2330
2021 04 17 12 01 00    -1.6547429   -0.2486883  950.9042  951.2354
2021 04 17 12 02 00    -1.6444069   -0.2436299  950.8998  951.2351
2021 04 17 12 03 00    -1.6342662   -0.2385912  950.8953  951.2266
2021 04 17 12 04 00    -1.6241797   -0.2334514  950.8909  951.2141
2021 04 17 12 05 00    -1.6140411   -0.2283405  950.8864  951.2072
2021 04 17 12 06 00    -1.6039655   -0.2233651  950.8821  951.2074
2021 04 17 12 07 00    -1.5940696   -0.2184001  950.8780  951.2043
2021 04 17 12 08 00    -1.5841787   -0.2134241  950.8736  951.1984
2021 04 17 12 09 00    -1.5742137   -0.2085486  950.8691  951.2067
2021 04 17 12 10 00    -1.5643691   -0.2036831  950.8648  951.2243
2021 04 17 12 11 00    -1.5546682   -0.1987356  950.8607  951.2277
2021 04 17 12 12 00    -1.5450330   -0.1938571  950.8567  951.2133
2021 04 17 12 13 00    -1.5354703   -0.1890952  950.8524  951.1925
2021 04 17 12 14 00    -1.5259276   -0.1843405  950.8477  951.1712
2021 04 17 12 15 00    -1.5164253   -0.1796431  950.8431  951.1522
2021 04 17 12 16 00    -1.5070670   -0.1750000  950.8388  951.1381
2021 04 17 12 17 00    -1.4977738   -0.1702553  950.8345  951.1288
2021 04 17 12 18 00    -1.4884315   -0.1654727  950.8299  951.1186
2021 04 17 12 19 00    -1.4790698   -0.1608095  950.8250  951.0980
2021 04 17 12 20 00    -1.4697413   -0.1562030  950.8200  951.0735
2021 04 17 12 21 00    -1.4605216   -0.1515661  950.8149  951.0558
2021 04 17 12 22 00    -1.4513938   -0.1469489  950.8098  951.0326
2021 04 17 12 23 00    -1.4422140   -0.1424206  950.8048  951.0068
2021 04 17 12 24 00    -1.4331185   -0.1380082  950.7998  951.0033
2021 04 17 12 25 00    -1.4243206   -0.1336445  950.7947  951.0084
2021 04 17 12 26 00    -1.4155753   -0.1291921  950.7896  950.9915
2021 04 17 12 27 00    -1.4067528   -0.1247113  950.7848  950.9663
2021 04 17 12 28 00    -1.3980737   -0.1203792  950.7800  950.9584
2021 04 17 12 29 00    -1.3893473   -0.1160375  950.7749  950.9632
2021 04 17 12 30 00    -1.3803913   -0.1115026  950.7695  950.9625
2021 04 17 12 31 00    -1.3716002   -0.1070230  950.7640  950.9478
2021 04 17 12 32 00    -1.3631115   -0.1027449  950.7586  950.9280
2021 04 17 12 33 00    -1.3545852   -0.0984330  950.7533  950.9209
2021 04 17 12 34 00    -1.3459167   -0.0939839  950.7481  950.9296
2021 04 17 12 35 00    -1.3373143   -0.0896153  950.7431  950.9392
2021 04 17 12 36 00    -1.3289734   -0.0855099  950.7384  950.9366
2021 04 17 12 37 00    -1.3208511   -0.0814730  950.7337  950.9258
2021 04 17 12 38 00    -1.3126778   -0.0773029  950.7287  950.9169
2021 04 17 12 39 00    -1.3044687   -0.0732487  950.7235  950.9088
2021 04 17 12 40 00    -1.2964636   -0.0694148  950.7183  950.8964
2021 04 17 12 41 00    -1.2884709   -0.0654309  950.7129  950.8810
2021 04 17 12 42 00    -1.2803433   -0.0612490  950.7076  950.8684
2021 04 17 12 43 00    -1.2724534   -0.0572773  950.7025  950.8613
2021 04 17 12 44 00    -1.2648499   -0.0535907  950.6974  950.8521
2021 04 17 12 45 00    -1.2571439   -0.0498772  950.6921  950.8382
2021 04 17 12 46 00    -1.2493645   -0.0460363  950.6866  950.8346
2021 04 17 12 47 00    -1.2417966   -0.0422175  950.6812  950.8467
2021 04 17 12 48 00    -1.2342800   -0.0383809  950.6760  950.8560
2021 04 17 12 49 00    -1.2265250   -0.0343915  950.6708  950.8518
2021 04 17 12 50 00    -1.2187786   -0.0304755  950.6656  950.8472
2021 04 17 12 51 00    -1.2113538   -0.0268517  950.6606  950.8508
2021 04 17 12 52 00    -1.2039996   -0.0232650  950.6557  950.8538
2021 04 17 12 53 00    -1.1965454   -0.0195473  950.6506  950.8423
2021 04 17 12 54 00    -1.1892528   -0.0158397  950.6454  950.8089
2021 04 17 12 55 00    -1.1821045   -0.0121622  950.6401  950.7747
2021 04 17 12 56 00    -1.1748820   -0.0085322  950.6349  950.7737
2021 04 17 12 57 00    -1.1677360   -0.0050111  950.6298  950.7984
2021 04 17 12 58 00    -1.1607625   -0.0014597  950.6249  950.8209
2021 04 17 12 59 00    -1.1537997    0.0021415  950.6201  950.8376
2021 04 17 13 00 00    -1.1469110    0.0055722  950.6155  950.8504
2021 04 17 13 01 00    -1.1401614    0.0089029  950.6109  950.8538
2021 04 17 13 02 00    -1.1334723    0.0123266  950.6063  950.8445
2021 04 17 13 03 00    -1.1269856    0.0156073  950.6016  950.8252
2021 04 17 13 04 00    -1.1206755    0.0186608  950.5967  950.8053
2021 04 17 13 05 00    -1.1142448    0.0218617  950.5915  950.7895
2021 04 17 13 06 00    -1.1078340    0.0251885  950.5861  950.7724
2021 04 17 13 07 00    -1.1017076    0.0282932  950.5806  950.7518
2021 04 17 13 08 00    -1.0956365    0.0312562  950.5751  950.7328
2021 04 17 13 09 00    -1.0894683    0.0343320  950.5698  950.7210
2021 04 17 13 10 00    -1.0833993    0.0374502  950.5647  950.7186
2021 04 17 13 11 00    -1.0774771    0.0404664  950.5596  950.7179
2021 04 17 13 12 00    -1.0715267    0.0434749  950.5541  950.7076
2021 04 17 13 13 00    -1.0654540    0.0465244  950.5485  950.6912
2021 04 17 13 14 00    -1.0594712    0.0494537  950.5429  950.6853
2021 04 17 13 15 00    -1.0537742    0.0522769  950.5377  950.6955
2021 04 17 13 16 00    -1.0481584    0.0551963  950.5328  950.7114
2021 04 17 13 17 00    -1.0424436    0.0581336  950.5278  950.7242
2021 04 17 13 18 00    -1.0367270    0.0608757  950.5227  950.7366
2021 04 17 13 19 00    -1.0311150    0.0635551  950.5175  950.7439
2021 04 17 13 20 00    -1.0256375    0.0663628  950.5125  950.7304
2021 04 17 13 21 00    -1.0202567    0.0691454  950.5076  950.7115
2021 04 17 13 22 00    -1.0149404    0.0717382  950.5029  950.7224
2021 04 17 13 23 00    -1.0097143    0.0742744  950.4982  950.7453
2021 04 17 13 24 00    -1.0046257    0.0769072  950.4938  950.7374
2021 04 17 13 25 00    -0.9997218    0.0795285  950.4892  950.7059
2021 04 17 13 26 00    -0.9949022    0.0819915  950.4842  950.6791
2021 04 17 13 27 00    -0.9900476    0.0843185  950.4791  950.6631
2021 04 17 13 28 00    -0.9852621    0.0865920  950.4739  950.6533
2021 04 17 13 29 00    -0.9806346    0.0889046  950.4688  950.6467
2021 04 17 13 30 00    -0.9761053    0.0912637  950.4638  950.6399
2021 04 17 13 31 00    -0.9715329    0.0936012  950.4587  950.6327
2021 04 17 13 32 00    -0.9668588    0.0959084  950.4535  950.6317
2021 04 17 13 33 00    -0.9623239    0.0981250  950.4482  950.6431
2021 04 17 13 34 00    -0.9580494    0.1002082  950.4434  950.6618
2021 04 17 13 35 00    -0.9538289    0.1022953  950.4389  950.6752
2021 04 17 13 36 00    -0.9496911    0.1044350  950.4344  950.6799
2021 04 17 13 37 00    -0.9456775    0.1065326  950.4298  950.6893
2021 04 17 13 38 00    -0.9414785    0.1086007  950.4250  950.7078
2021 04 17 13 39 00    -0.9372729    0.1105525  950.4201  950.7092
2021 04 17 13 40 00    -0.9335671    0.1122717  950.4151  950.6811
2021 04 17 13 41 00    -0.9300578    0.1140370  950.4102  950.6482
2021 04 17 13 42 00    -0.9263612    0.1159973  950.4054  950.6284
2021 04 17 13 43 00    -0.9227930    0.1178363  950.4006  950.6201
2021 04 17 13 44 00    -0.9194015    0.1195079  950.3958  950.6199
2021 04 17 13 45 00    -0.9158483    0.1212093  950.3910  950.6255
2021 04 17 13 46 00    -0.9122369    0.1228825  950.3864  950.6320
2021 04 17 13 47 00    -0.9089004    0.1245264  950.3818  950.6259
2021 04 17 13 48 00    -0.9058445    0.1262181  950.3768  950.6018
2021 04 17 13 49 00    -0.9028614    0.1277948  950.3716  950.5778
2021 04 17 13 50 00    -0.8998459    0.1292003  950.3665  950.5618
2021 04 17 13 51 00    -0.8968795    0.1306379  950.3616  950.5437
2021 04 17 13 52 00    -0.8939941    0.1321948  950.3567  950.5288
2021 04 17 13 53 00    -0.8910690    0.1337892  950.3518  950.5261
2021 04 17 13 54 00    -0.8881800    0.1352747  950.3468  950.5235
2021 04 17 13 55 00    -0.8855216    0.1365630  950.3414  950.5108
2021 04 17 13 56 00    -0.8830439    0.1377504  950.3359  950.5063
2021 04 17 13 57 00    -0.8806007    0.1389248  950.3307  950.5257
2021 04 17 13 58 00    -0.8781719    0.1400467  950.3259  950.5426
2021 04 17 13 59 00    -0.8758599    0.1411246  950.3210  950.5264
2021 04 17 14 00 00    -0.8736698    0.1422856  950.3159  950.4952
2021 04 17 14 01 00    -0.8715517    0.1435067  950.3111  950.4841
2021 04 17 14 02 00    -0.8695952    0.1445748  950.3064  950.4931
2021 04 17 14 03 00    -0.8677355    0.1454771  950.3016  950.4953
2021 04 17 14 04 00    -0.8658437    0.1463256  950.2967  950.4739
2021 04 17 14 05 00    -0.8640395    0.1471247  950.2916  950.4362
2021 04 17 14 06 00    -0.8623777    0.1479308  950.2862  950.3929
2021 04 17 14 07 00    -0.8607781    0.1487549  950.2804  950.3538
2021 04 17 14 08 00    -0.8592865    0.1494605  950.2743  950.3382
2021 04 17 14 09 00    -0.8579202    0.1501024  950.2685  950.3538
2021 04 17 14 10 00    -0.8565045    0.1508773  950.2634  950.3830
2021 04 17 14 11 00    -0.8550512    0.1516587  950.2584  950.4017
2021 04 17 14 12 00    -0.8538339    0.1522488  950.2532  950.3944
2021 04 17 14 13 00    -0.8527552    0.1528344  950.2480  950.3740
2021 04 17 14 14 00    -0.8515462    0.1535112  950.2428  950.3796
2021 04 17 14 15 00    -0.8504079    0.1540280  950.2375  950.4122
2021 04 17 14 16 00    -0.8495181    0.1543932  950.2320  950.4199
2021 04 17 14 17 00    -0.8487106    0.1548091  950.2266  950.3844
2021 04 17 14 18 00    -0.8479287    0.1551984  950.2215  950.3472
2021 04 17 14 19 00    -0.8472424    0.1554886  950.2164  950.3339
2021 04 17 14 20 00    -0.8466447    0.1557744  950.2111  950.3313
2021 04 17 14 21 00    -0.8460797    0.1560808  950.2060  950.3341
2021 04 17 14 22 00    -0.8455085    0.1564039  950.2010  950.3490
2021 04 17 14 23 00    -0.8450101    0.1567243  950.1960  950.3600
2021 04 17 14 24 00    -0.8446904    0.1569399  950.1909  950.3452
2021 04 17 14 25 00    -0.8444231    0.1570736  950.1856  950.3231
2021 04 17 14 26 00    -0.8440674    0.1572555  950.1802  950.3216
2021 04 17 14 27 00    -0.8438358    0.1573993  950.1750  950.3289
2021 04 17 14 28 00    -0.8439229    0.1573551  950.1700  950.3313
2021 04 17 14 29 00    -0.8441241    0.1571991  950.1651  950.3416
2021 04 17 14 30 00    -0.8442939    0.1570377  950.1602  950.3597
2021 04 17 14 31 00    -0.8445952    0.1568619  950.1551  950.3696
2021 04 17 14 32 00    -0.8450529    0.1566610  950.1501  950.3693
2021 04 17 14 33 00    -0.8454435    0.1564931  950.1454  950.3603
2021 04 17 14 34 00    -0.8457180    0.1563970  950.1408  950.3452
2021 04 17 14 35 00    -0.8461431    0.1562382  950.1363  950.3358
2021 04 17 14 36 00    -0.8468240    0.1558774  950.1316  950.3364
2021 04 17 14 37 00    -0.8475157    0.1554494  950.1268  950.3384
2021 04 17 14 38 00    -0.8481876    0.1551298  950.1218  950.3401
2021 04 17 14 39 00    -0.8490153    0.1548244  950.1171  950.3440
2021 04 17 14 40 00    -0.8499020    0.1544086  950.1126  950.3491
2021 04 17 14 41 00    -0.8508397    0.1538829  950.1080  950.3525
2021 04 17 14 42 00    -0.8520415    0.1532259  950.1032  950.3565
2021 04 17 14 43 00    -0.8533996    0.1525149  950.0987  950.3655
2021 04 17 14 44 00    -0.8546499    0.1519052  950.0946  950.3657
2021 04 17 14 45 00    -0.8559131    0.1512930  950.0905  950.3434
2021 04 17 14 46 00    -0.8574567    0.1505103  950.0861  950.3251
2021 04 17 14 47 00    -0.8591166    0.1497054  950.0817  950.3366
2021 04 17 14 48 00    -0.8606985    0.1489621  950.0772  950.3555
2021 04 17 14 49 00    -0.8624262    0.1480828  950.0726  950.3549
2021 04 17 14 50 00    -0.8642964    0.1471014  950.0681  950.3443
2021 04 17 14 51 00    -0.8660876    0.1462182  950.0635  950.3387
2021 04 17 14 52 00    -0.8678957    0.1453436  950.0587  950.3339
2021 04 17 14 53 00    -0.8698158    0.1443546  950.0540  950.3270
2021 04 17 14 54 00    -0.8718649    0.1433128  950.0496  950.3262
2021 04 17 14 55 00    -0.8741586    0.1422185  950.0453  950.3274
2021 04 17 14 56 00    -0.8766362    0.1409433  950.0410  950.3155
2021 04 17 14 57 00    -0.8790945    0.1394640  950.0365  950.2929
2021 04 17 14 58 00    -0.8814647    0.1380906  950.0318  950.2796
2021 04 17 14 59 00    -0.8838139    0.1370489  950.0273  950.2827
2021 04 17 15 00 00    -0.8862960    0.1359814  950.0228  950.2884
2021 04 17 15 01 00    -0.8890163    0.1345372  950.0184  950.2860
2021 04 17 15 02 00    -0.8918593    0.1329560  950.0141  950.2800
2021 04 17 15 03 00    -0.8947031    0.1315389  950.0095  950.2758
2021 04 17 15 04 00    -0.8975731    0.1302128  950.0048  950.2724
2021 04 17 15 05 00    -0.9004810    0.1288231  950.0003  950.2727
2021 04 17 15 06 00    -0.9034388    0.1273208  949.9961  950.2837
2021 04 17 15 07 00    -0.9064738    0.1257468  949.9919  950.3007
2021 04 17 15 08 00    -0.9095933    0.1242225  949.9878  950.3081
2021 04 17 15 09 00    -0.9127936    0.1227971  949.9838  950.3009
2021 04 17 15 10 00    -0.9160971    0.1212932  949.9797  950.2893
2021 04 17 15 11 00    -0.9195440    0.1195357  949.9756  950.2810
2021 04 17 15 12 00    -0.9229859    0.1177229  949.9714  950.2760
2021 04 17 15 13 00    -0.9263522    0.1160849  949.9674  950.2711
2021 04 17 15 14 00    -0.9299859    0.1143559  949.9635  950.2611
2021 04 17 15 15 00    -0.9339820    0.1123095  949.9594  950.2511
2021 04 17 15 16 00    -0.9378809    0.1102845  949.9550  950.2539
2021 04 17 15 17 00    -0.9415388    0.1084639  949.9508  950.2638
2021 04 17 15 18 00    -0.9453642    0.1064907  949.9469  950.2646
2021 04 17 15 19 00    -0.9494328    0.1042919  949.9430  950.2502
2021 04 17 15 20 00    -0.9533638    0.1022614  949.9387  950.2279
2021 04 17 15 21 00    -0.9572076    0.1004085  949.9342  950.2194
2021 04 17 15 22 00    -0.9613654    0.0983609  949.9296  950.2350
2021 04 17 15 23 00    -0.9658371    0.0960951  949.9253  950.2582
2021 04 17 15 24 00    -0.9704041    0.0938433  949.9213  950.2613
2021 04 17 15 25 00    -0.9749248    0.0916307  949.9172  950.2371
2021 04 17 15 26 00    -0.9793215    0.0893802  949.9130  950.2160
2021 04 17 15 27 00    -0.9837667    0.0871338  949.9088  950.2165
2021 04 17 15 28 00    -0.9884477    0.0849068  949.9049  950.2173
2021 04 17 15 29 00    -0.9931676    0.0826477  949.9009  950.2101
2021 04 17 15 30 00    -0.9977180    0.0803657  949.8968  950.2074
2021 04 17 15 31 00    -1.0023628    0.0779976  949.8927  950.2109
2021 04 17 15 32 00    -1.0073876    0.0754396  949.8887  950.2219
2021 04 17 15 33 00    -1.0125324    0.0727834  949.8850  950.2445
2021 04 17 15 34 00    -1.0174492    0.0702227  949.8814  950.2651
2021 04 17 15 35 00    -1.0223200    0.0677618  949.8778  950.2697
2021 04 17 15 36 00    -1.0274982    0.0652269  949.8741  950.2773
2021 04 17 15 37 00    -1.0328171    0.0626638  949.8705  950.3064
2021 04 17 15 38 00    -1.0379848    0.0602001  949.8670  950.3210
2021 04 17 15 39 00    -1.0432523    0.0575839  949.8635  950.2894
2021 04 17 15 40 00    -1.0487993    0.0546448  949.8600  950.2597
2021 04 17 15 41 00    -1.0543624    0.0516817  949.8566  950.2821
2021 04 17 15 42 00    -1.0598498    0.0489311  949.8533  950.3193
2021 04 17 15 43 00    -1.0653893    0.0462546  949.8499  950.3161
2021 04 17 15 44 00    -1.0710031    0.0434487  949.8464  950.2925
2021 04 17 15 45 00    -1.0767100    0.0405477  949.8432  950.2963
2021 04 17 15 46 00    -1.0825346    0.0377053  949.8404  950.3180
2021 04 17 15 47 00    -1.0883778    0.0348894  949.8376  950.3255
2021 04 17 15 48 00    -1.0943043    0.0319063  949.8348  950.3233
2021 04 17 15 49 00    -1.1004934    0.0287360  949.8320  950.3212
2021 04 17 15 50 00    -1.1068028    0.0255724  949.8288  950.3104
2021 04 17 15 51 00    -1.1130828    0.0224880  949.8256  950.2940
2021 04 17 15 52 00    -1.1194128    0.0193787  949.8228  950.2879
2021 04 17 15 53 00    -1.1257482    0.0162017  949.8198  950.2912
2021 04 17 15 54 00    -1.1320325    0.0129718  949.8168  950.2895
2021 04 17 15 55 00    -1.1383888    0.0097047  949.8138  950.2787
2021 04 17 15 56 00    -1.1448654    0.0065052  949.8107  950.2674
2021 04 17 15 57 00    -1.1514037    0.0033795  949.8077  950.2639
2021 04 17 15 58 00    -1.1580035    0.0001249  949.8046  950.2683
2021 04 17 15 59 00    -1.1646871   -0.0033177  949.8014  950.2749
2021 04 17 16 00 00    -1.1715035   -0.0067914  949.7984  950.2787
2021 04 17 16 01 00    -1.1784970   -0.0102254  949.7955  950.2816
2021 04 17 16 02 00    -1.1855644   -0.0136982  949.7926  950.2869
2021 04 17 16 03 00    -1.1925359   -0.0172437  949.7897  950.2908
2021 04 17 16 04 00    -1.1993680   -0.0207532  949.7865  950.2834
2021 04 17 16 05 00    -1.2061994   -0.0241759  949.7836  950.2659
2021 04 17 16 06 00    -1.2132828   -0.0276712  949.7810  950.2536
2021 04 17 16 07 00    -1.2207246   -0.0313744  949.7782  950.2536
2021 04 17 16 08 00    -1.2281907   -0.0351308  949.7753  950.2561
2021 04 17 16 09 00    -1.2353439   -0.0387445  949.7725  950.2538
2021 04 17 16 10 00    -1.2424630   -0.0423142  949.7692  950.2481
2021 04 17 16 11 00    -1.2498248   -0.0459359  949.7657  950.2414
2021 04 17 16 12 00    -1.2572634   -0.0495941  949.7624  950.2365
2021 04 17 16 13 00    -1.2648251   -0.0534305  949.7595  950.2352
2021 04 17 16 14 00    -1.2726171   -0.0574254  949.7568  950.2378
2021 04 17 16 15 00    -1.2803594   -0.0612755  949.7540  950.2428
2021 04 17 16 16 00    -1.2879012   -0.0649418  949.7509  950.2450
2021 04 17 16 17 00    -1.2954397   -0.0686743  949.7478  950.2452
2021 04 17 16 18 00    -1.3031184   -0.0726060  949.7450  950.2502
2021 04 17 16 19 00    -1.3108691   -0.0766586  949.7421  950.2557
2021 04 17 16 20 00    -1.3186455   -0.0806321  949.7393  950.2513
2021 04 17 16 21 00    -1.3265879   -0.0844792  949.7366  950.2401
2021 04 17 16 22 00    -1.3347080   -0.0884328  949.7337  950.2329
2021 04 17 16 23 00    -1.3427881   -0.0925744  949.7308  950.2315
2021 04 17 16 24 00    -1.3507472   -0.0966610  949.7280  950.2293
2021 04 17 16 25 00    -1.3587265   -0.1005873  949.7253  950.2221
2021 04 17 16 26 00    -1.3669295   -0.1045269  949.7226  950.2166
2021 04 17 16 27 00    -1.3753155   -0.1085719  949.7201  950.2244
2021 04 17 16 28 00    -1.3835831   -0.1126540  949.7176  950.2394
2021 04 17 16 29 00    -1.3917622   -0.1168016  949.7151  950.2428
2021 04 17 16 30 00    -1.4001132   -0.1210652  949.7126  950.2390
2021 04 17 16 31 00    -1.4085064   -0.1252766  949.7104  950.2464
2021 04 17 16 32 00    -1.4168361   -0.1293684  949.7080  950.2591
2021 04 17 16 33 00    -1.4253334   -0.1335820  949.7052  950.2645
2021 04 17 16 34 00    -1.4339288   -0.1379315  949.7027  950.2684
2021 04 17 16 35 00    -1.4424097   -0.1422074  949.7007  950.2780
2021 04 17 16 36 00    -1.4509015   -0.1465299  949.6987  950.2909
2021 04 17 16 37 00    -1.4595180   -0.1509967  949.6967  950.3002
2021 04 17 16 38 00    -1.4682624   -0.1553592  949.6948  950.3041
2021 04 17 16 39 00    -1.4770629   -0.1595964  949.6933  950.3072
2021 04 17 16 40 00    -1.4858356   -0.1639667  949.6918  950.3126
2021 04 17 16 41 00    -1.4946757   -0.1684552  949.6901  950.3171
2021 04 17 16 42 00    -1.5035530   -0.1728582  949.6882  950.3182
2021 04 17 16 43 00    -1.5124535   -0.1772364  949.6864  950.3231
2021 04 17 16 44 00    -1.5215534   -0.1817834  949.6849  950.3392
2021 04 17 16 45 00    -1.5306493   -0.1864297  949.6840  950.3557
2021 04 17 16 46 00    -1.5395160   -0.1909823  949.6833  950.3579
2021 04 17 16 47 00    -1.5485283   -0.1954721  949.6823  950.3543
2021 04 17 16 48 00    -1.5578795   -0.2000573  949.6809  950.3593
2021 04 17 16 49 00    -1.5671602   -0.2047294  949.6794  950.3664
2021 04 17 16 50 00    -1.5761879   -0.2093866  949.6782  950.3676
2021 04 17 16 51 00    -1.5852855   -0.2140583  949.6773  950.3691
2021 04 17 16 52 00    -1.5946547   -0.2187238  949.6765  950.3748
2021 04 17 16 53 00    -1.6041116   -0.2232941  949.6754  950.3769
2021 04 17 16 54 00    -1.6134565   -0.2278724  949.6744  950.3684
2021 04 17 16 55 00    -1.6227321   -0.2325528  949.6736  950.3579
2021 04 17 16 56 00    -1.6321234   -0.2373341  949.6726  950.3588
2021 04 17 16 57 00    -1.6416772   -0.2422127  949.6713  950.3669
2021 04 17 16 58 00    -1.6512621   -0.2470532  949.6700  950.3702
2021 04 17 16 59 00    -1.6608984   -0.2518377  949.6692  950.3681
2021 04 17 17 00 00    -1.6706344   -0.2567176  949.6686  950.3663
2021 04 17 17 01 00    -1.6803144   -0.2616038  949.6678  950.3685
2021 04 17 17 02 00    -1.6899359   -0.2664015  949.6669  950.3744
2021 04 17 17 03 00    -1.6996463   -0.2712683  949.6661  950.3790
2021 04 17 17 04 00    -1.7093781   -0.2761908  949.6654  950.3850
2021 04 17 17 05 00    -1.7190550   -0.2810566  949.6646  950.4003
2021 04 17 17 06 00    -1.7288264   -0.2860082  949.6639  950.4155
2021 04 17 17 07 00    -1.7387219   -0.2910792  949.6634  950.4149
2021 04 17 17 08 00    -1.7485671   -0.2960582  949.6628  950.4036
2021 04 17 17 09 00    -1.7584175   -0.3009326  949.6619  950.3965
2021 04 17 17 10 00    -1.7683628   -0.3058294  949.6609  950.3942
2021 04 17 17 11 00    -1.7782185   -0.3107327  949.6600  950.3927
2021 04 17 17 12 00    -1.7881284   -0.3157080  949.6595  950.3999
2021 04 17 17 13 00    -1.7984073   -0.3208506  949.6590  950.4198
2021 04 17 17 14 00    -1.8087248   -0.3259175  949.6585  950.4375
2021 04 17 17 15 00    -1.8186837   -0.3307493  949.6579  950.4436
2021 04 17 17 16 00    -1.8285290   -0.3356841  949.6574  950.4491
2021 04 17 17 17 00    -1.8386475   -0.3409076  949.6575  950.4546
2021 04 17 17 18 00    -1.8489010   -0.3460633  949.6579  950.4558
2021 04 17 17 19 00    -1.8589061   -0.3509589  949.6580  950.4720
2021 04 17 17 20 00    -1.8687479   -0.3558436  949.6577  950.5048
2021 04 17 17 21 00    -1.8787021   -0.3608389  949.6577  950.5258
2021 04 17 17 22 00    -1.8888487   -0.3659247  949.6582  950.5297
2021 04 17 17 23 00    -1.8992088   -0.3711230  949.6590  950.5252
2021 04 17 17 24 00    -1.9095767   -0.3763386  949.6597  950.5110
2021 04 17 17 25 00    -1.9197194   -0.3814912  949.6602  950.5016
2021 04 17 17 26 00    -1.9298376   -0.3865998  949.6609  950.5140
2021 04 17 17 27 00    -1.9401680   -0.3917016  949.6622  950.5363
2021 04 17 17 28 00    -1.9505495   -0.3968838  949.6638  950.5482
2021 04 17 17 29 00    -1.9608519   -0.4021434  949.6651  950.5490
2021 04 17 17 30 00    -1.9711353   -0.4072970  949.6663  950.5532
2021 04 17 17 31 00    -1.9814430   -0.4123030  949.6674  950.5645
2021 04 17 17 32 00    -1.9919443   -0.4174460  949.6686  950.5725
2021 04 17 17 33 00    -2.0026487   -0.4228663  949.6702  950.5748
2021 04 17 17 34 00    -2.0132093   -0.4282573  949.6718  950.5747
2021 04 17 17 35 00    -2.0235617   -0.4334138  949.6731  950.5701
2021 04 17 17 36 00    -2.0339593   -0.4385602  949.6743  950.5671
2021 04 17 17 37 00    -2.0444258   -0.4438593  949.6757  950.5774
2021 04 17 17 38 00    -2.0548637   -0.4491573  949.6774  950.5957
2021 04 17 17 39 00    -2.0653392   -0.4543801  949.6796  950.6067
2021 04 17 17 40 00    -2.0759083   -0.4596489  949.6820  950.6106
2021 04 17 17 41 00    -2.0864518   -0.4649454  949.6841  950.6195
2021 04 17 17 42 00    -2.0969147   -0.4701792  949.6858  950.6331
2021 04 17 17 43 00    -2.1074174   -0.4753841  949.6878  950.6440
2021 04 17 17 44 00    -2.1180022   -0.4805903  949.6902  950.6536
2021 04 17 17 45 00    -2.1286235   -0.4858614  949.6926  950.6644
2021 04 17 17 46 00    -2.1392920   -0.4912946  949.6948  950.6727
2021 04 17 17 47 00    -2.1500110   -0.4967701  949.6971  950.6764
2021 04 17 17 48 00    -2.1606606   -0.5020634  949.6993  950.6776
2021 04 17 17 49 00    -2.1711788   -0.5072579  949.7013  950.6795
2021 04 17 17 50 00    -2.1817881   -0.5126169  949.7036  950.6866
2021 04 17 17 51 00    -2.1925587   -0.5180593  949.7063  950.6995
2021 04 17 17 52 00    -2.2032067   -0.5233371  949.7092  950.7131
2021 04 17 17 53 00    -2.2137082   -0.5285417  949.7119  950.7272
2021 04 17 17 54 00    -2.2243307   -0.5339033  949.7149  950.7411
2021 04 17 17 55 00    -2.2350721   -0.5393387  949.7180  950.7471
2021 04 17 17 56 00    -2.2457365   -0.5445910  949.7210  950.7466
2021 04 17 17 57 00    -2.2563655   -0.5498020  949.7239  950.7516
2021 04 17 17 58 00    -2.2671040   -0.5552761  949.7267  950.7626
2021 04 17 17 59 00    -2.2778894   -0.5608237  949.7294  950.7706
2021 04 17 18 00 00    -2.2886440   -0.5662208  949.7324  950.7785
2021 04 17 18 01 00    -2.2993837   -0.5715874  949.7357  950.7934
2021 04 17 18 02 00    -2.3100908   -0.5769665  949.7390  950.8099
2021 04 17 18 03 00    -2.3207796   -0.5823477  949.7424  950.8214
2021 04 17 18 04 00    -2.3314665   -0.5877653  949.7462  950.8303
2021 04 17 18 05 00    -2.3421763   -0.5931966  949.7500  950.8399
2021 04 17 18 06 00    -2.3529227   -0.5986120  949.7535  950.8495
2021 04 17 18 07 00    -2.3635685   -0.6039168  949.7569  950.8573
2021 04 17 18 08 00    -2.3741349   -0.6091363  949.7606  950.8654
2021 04 17 18 09 00    -2.3848542   -0.6144902  949.7646  950.8811
2021 04 17 18 10 00    -2.3957564   -0.6199897  949.7683  950.9059
2021 04 17 18 11 00    -2.4067259   -0.6254650  949.7720  950.9224
2021 04 17 18 12 00    -2.4176727   -0.6308370  949.7760  950.9169
2021 04 17 18 13 00    -2.4284896   -0.6361169  949.7801  950.9036
2021 04 17 18 14 00    -2.4391873   -0.6414301  949.7838  950.8969
2021 04 17 18 15 00    -2.4499927   -0.6469402  949.7872  950.8914
2021 04 17 18 16 00    -2.4609589   -0.6525638  949.7906  950.8832
2021 04 17 18 17 00    -2.4718054   -0.6580411  949.7940  950.8755
2021 04 17 18 18 00    -2.4824794   -0.6633891  949.7973  950.8685
2021 04 17 18 19 00    -2.4931938   -0.6688074  949.8005  950.8649
2021 04 17 18 20 00    -2.5040134   -0.6742416  949.8036  950.8671
2021 04 17 18 21 00    -2.5148749   -0.6795504  949.8064  950.8687
2021 04 17 18 22 00    -2.5257132   -0.6848330  949.8092  950.8654
2021 04 17 18 23 00    -2.5365336   -0.6902259  949.8122  950.8591
2021 04 17 18 24 00    -2.5472746   -0.6956132  949.8153  950.8516
2021 04 17 18 25 00    -2.5579097   -0.7009055  949.8184  950.8468
2021 04 17 18 26 00    -2.5686535   -0.7063117  949.8216  950.8474
2021 04 17 18 27 00    -2.5795342   -0.7119232  949.8245  950.8494
2021 04 17 18 28 00    -2.5904376   -0.7175197  949.8271  950.8469
2021 04 17 18 29 00    -2.6013495   -0.7229542  949.8298  950.8406
2021 04 17 18 30 00    -2.6120741   -0.7282590  949.8326  950.8369
2021 04 17 18 31 00    -2.6226177   -0.7335320  949.8355  950.8377
2021 04 17 18 32 00    -2.6333330   -0.7388770  949.8384  950.8389
2021 04 17 18 33 00    -2.6441561   -0.7442573  949.8408  950.8375
2021 04 17 18 34 00    -2.6547531   -0.7495780  949.8428  950.8364
2021 04 17 18 35 00    -2.6652137   -0.7549061  949.8452  950.8384
2021 04 17 18 36 00    -2.6757882   -0.7602735  949.8481  950.8445
2021 04 17 18 37 00    -2.6864367   -0.7655371  949.8508  950.8546
2021 04 17 18 38 00    -2.6970470   -0.7707348  949.8533  950.8641
2021 04 17 18 39 00    -2.7076216   -0.7760544  949.8562  950.8682
2021 04 17 18 40 00    -2.7182116   -0.7814311  949.8591  950.8681
2021 04 17 18 41 00    -2.7288369   -0.7867355  949.8616  950.8648
2021 04 17 18 42 00    -2.7393414   -0.7919964  949.8643  950.8581
2021 04 17 18 43 00    -2.7497146   -0.7972691  949.8671  950.8521
2021 04 17 18 44 00    -2.7602676   -0.8026076  949.8698  950.8513
2021 04 17 18 45 00    -2.7709469   -0.8078948  949.8725  950.8533
2021 04 17 18 46 00    -2.7814684   -0.8130210  949.8751  950.8539
2021 04 17 18 47 00    -2.7919928   -0.8182724  949.8773  950.8510
2021 04 17 18 48 00    -2.8026089   -0.8237612  949.8793  950.8450
2021 04 17 18 49 00    -2.8131128   -0.8291169  949.8817  950.8395
2021 04 17 18 50 00    -2.8235711   -0.8342158  949.8842  950.8386
2021 04 17 18 51 00    -2.8341093   -0.8393433  949.8864  950.8418
2021 04 17 18 52 00    -2.8445718   -0.8445981  949.8882  950.8448
2021 04 17 18 53 00    -2.8548067   -0.8497836  949.8900  950.8451
2021 04 17 18 54 00    -2.8649542   -0.8548893  949.8923  950.8447
2021 04 17 18 55 00    -2.8752878   -0.8601026  949.8948  950.8481
2021 04 17 18 56 00    -2.8857777   -0.8653676  949.8971  950.8558
2021 04 17 18 57 00    -2.8961687   -0.8705353  949.8997  950.8653
2021 04 17 18 58 00    -2.9063968   -0.8756568  949.9021  950.8749
2021 04 17 18 59 00    -2.9165517   -0.8807657  949.9042  950.8839
2021 04 17 19 00 00    -2.9267362   -0.8858058  949.9064  950.8906
2021 04 17 19 01 00    -2.9370008   -0.8908193  949.9089  950.8940
2021 04 17 19 02 00    -2.9472032   -0.8958678  949.9112  950.8944
2021 04 17 19 03 00    -2.9572417   -0.9009417  949.9134  950.8925
2021 04 17 19 04 00    -2.9673346   -0.9060639  949.9160  950.8907
2021 04 17 19 05 00    -2.9776116   -0.9111857  949.9186  950.8921
2021 04 17 19 06 00    -2.9878542   -0.9162418  949.9208  950.8976
2021 04 17 19 07 00    -2.9979452   -0.9214075  949.9227  950.9047
2021 04 17 19 08 00    -3.0079960   -0.9267107  949.9251  950.9118
2021 04 17 19 09 00    -3.0180027   -0.9317868  949.9279  950.9191
2021 04 17 19 10 00    -3.0279298   -0.9365376  949.9305  950.9258
2021 04 17 19 11 00    -3.0379237   -0.9413259  949.9332  950.9325
2021 04 17 19 12 00    -3.0479096   -0.9463095  949.9360  950.9409
2021 04 17 19 13 00    -3.0576624   -0.9513008  949.9386  950.9478
2021 04 17 19 14 00    -3.0674651   -0.9562980  949.9409  950.9494
2021 04 17 19 15 00    -3.0775409   -0.9614097  949.9433  950.9488
2021 04 17 19 16 00    -3.0874705   -0.9664683  949.9459  950.9503
2021 04 17 19 17 00    -3.0971330   -0.9713981  949.9488  950.9532
2021 04 17 19 18 00    -3.1069409   -0.9763762  949.9517  950.9555
2021 04 17 19 19 00    -3.1168315   -0.9812876  949.9545  950.9583
2021 04 17 19 20 00    -3.1263942   -0.9858867  949.9569  950.9633
2021 04 17 19 21 00    -3.1358224   -0.9904163  949.9596  950.9720
2021 04 17 19 22 00    -3.1455268   -0.9952359  949.9626  950.9837
2021 04 17 19 23 00    -3.1553138   -1.0002085  949.9654  950.9957
2021 04 17 19 24 00    -3.1648660   -1.0050113  949.9681  951.0058
2021 04 17 19 25 00    -3.1743472   -1.0097000  949.9712  951.0128
2021 04 17 19 26 00    -3.1840211   -1.0145921  949.9742  951.0145
2021 04 17 19 27 00    -3.1937348   -1.0196425  949.9773  951.0118
2021 04 17 19 28 00    -3.2031576   -1.0244660  949.9802  951.0102
2021 04 17 19 29 00    -3.2123772   -1.0290270  949.9831  951.0131
2021 04 17 19 30 00    -3.2216655   -1.0335879  949.9860  951.0199
2021 04 17 19 31 00    -3.2309621   -1.0381910  949.9891  951.0292
2021 04 17 19 32 00    -3.2402161   -1.0427789  949.9921  951.0391
2021 04 17 19 33 00    -3.2496050   -1.0474253  949.9950  951.0484
2021 04 17 19 34 00    -3.2590646   -1.0521329  949.9979  951.0567
2021 04 17 19 35 00    -3.2682740   -1.0567993  950.0009  951.0627
2021 04 17 19 36 00    -3.2773224   -1.0614224  950.0043  951.0670
2021 04 17 19 37 00    -3.2866093   -1.0660686  950.0076  951.0725
2021 04 17 19 38 00    -3.2959899   -1.0707333  950.0106  951.0781
2021 04 17 19 39 00    -3.3050935   -1.0753054  950.0137  951.0790
2021 04 17 19 40 00    -3.3140712   -1.0797379  950.0169  951.0750
2021 04 17 19 41 00    -3.3231066   -1.0841658  950.0202  951.0719
2021 04 17 19 42 00    -3.3321329   -1.0887049  950.0234  951.0737
2021 04 17 19 43 00    -3.3412033   -1.0933359  950.0264  951.0789
2021 04 17 19 44 00    -3.3502382   -1.0979138  950.0292  951.0855
2021 04 17 19 45 00    -3.3590508   -1.1023181  950.0324  951.0939
2021 04 17 19 46 00    -3.3677140   -1.1066235  950.0357  951.1047
2021 04 17 19 47 00    -3.3763298   -1.1109117  950.0389  951.1159
2021 04 17 19 48 00    -3.3850906   -1.1152589  950.0420  951.1255
2021 04 17 19 49 00    -3.3940909   -1.1197295  950.0450  951.1355
2021 04 17 19 50 00    -3.4029233   -1.1241334  950.0484  951.1473
2021 04 17 19 51 00    -3.4114890   -1.1283961  950.0520  951.1584
2021 04 17 19 52 00    -3.4201902   -1.1327614  950.0556  951.1684
2021 04 17 19 53 00    -3.4289682   -1.1372546  950.0592  951.1763
2021 04 17 19 54 00    -3.4375128   -1.1417073  950.0628  951.1770
2021 04 17 19 55 00    -3.4459654   -1.1460656  950.0664  951.1735
2021 04 17 19 56 00    -3.4544913   -1.1502454  950.0698  951.1772
2021 04 17 19 57 00    -3.4629133   -1.1542593  950.0732  951.1897
2021 04 17 19 58 00    -3.4712353   -1.1583499  950.0769  951.2020
2021 04 17 19 59 00    -3.4796725   -1.1626052  950.0809  951.2086
2021 04 17 20 00 00    -3.4881551   -1.1669141  950.0851  951.2106
2021 04 17 20 01 00    -3.4965121   -1.1712084  950.0888  951.2115
2021 04 17 20 02 00    -3.5047628   -1.1753670  950.0921  951.2150
2021 04 17 20 03 00    -3.5129788   -1.1793524  950.0954  951.2215
2021 04 17 20 04 00    -3.5211960   -1.1833852  950.0990  951.2285
2021 04 17 20 05 00    -3.5294259   -1.1875795  950.1026  951.2348
2021 04 17 20 06 00    -3.5376060   -1.1917473  950.1064  951.2409
2021 04 17 20 07 00    -3.5456676   -1.1957496  950.1103  951.2464
2021 04 17 20 08 00    -3.5537069   -1.1997533  950.1141  951.2498
2021 04 17 20 09 00    -3.5617494   -1.2038366  950.1177  951.2522
2021 04 17 20 10 00    -3.5696430   -1.2077720  950.1214  951.2551
2021 04 17 20 11 00    -3.5774566   -1.2116084  950.1249  951.2595
2021 04 17 20 12 00    -3.5853094   -1.2156082  950.1284  951.2650
2021 04 17 20 13 00    -3.5931748   -1.2196681  950.1318  951.2690
2021 04 17 20 14 00    -3.6011708   -1.2236688  950.1353  951.2725
2021 04 17 20 15 00    -3.6092963   -1.2277044  950.1390  951.2790
2021 04 17 20 16 00    -3.6172713   -1.2317057  950.1430  951.2866
2021 04 17 20 17 00    -3.6249457   -1.2356009  950.1468  951.2925
2021 04 17 20 18 00    -3.6324298   -1.2394858  950.1504  951.2969
2021 04 17 20 19 00    -3.6399243   -1.2433113  950.1540  951.2999
2021 04 17 20 20 00    -3.6474926   -1.2469849  950.1578  951.3020
2021 04 17 20 21 00    -3.6550994   -1.2506537  950.1615  951.3046
2021 04 17 20 22 00    -3.6626862   -1.2543765  950.1649  951.3057
2021 04 17 20 23 00    -3.6701175   -1.2580127  950.1684  951.3030
2021 04 17 20 24 00    -3.6775427   -1.2617261  950.1720  951.2979
2021 04 17 20 25 00    -3.6851405   -1.2656663  950.1755  951.2939
2021 04 17 20 26 00    -3.6925364   -1.2694491  950.1788  951.2923
2021 04 17 20 27 00    -3.6996528   -1.2729697  950.1824  951.2931
2021 04 17 20 28 00    -3.7069438   -1.2765925  950.1861  951.2961
2021 04 17 20 29 00    -3.7143249   -1.2802643  950.1897  951.3003
2021 04 17 20 30 00    -3.7214904   -1.2837449  950.1931  951.3038
2021 04 17 20 31 00    -3.7285257   -1.2871162  950.1963  951.3058
2021 04 17 20 32 00    -3.7354957   -1.2905694  950.1994  951.3063
2021 04 17 20 33 00    -3.7424959   -1.2942185  950.2028  951.3055
2021 04 17 20 34 00    -3.7495943   -1.2978921  950.2063  951.3050
2021 04 17 20 35 00    -3.7565456   -1.3013325  950.2098  951.3086
2021 04 17 20 36 00    -3.7633345   -1.3046961  950.2130  951.3217
2021 04 17 20 37 00    -3.7701766   -1.3081855  950.2164  951.3408
2021 04 17 20 38 00    -3.7769052   -1.3116215  950.2200  951.3518
2021 04 17 20 39 00    -3.7834401   -1.3148971  950.2236  951.3532
2021 04 17 20 40 00    -3.7901343   -1.3182089  950.2271  951.3567
2021 04 17 20 41 00    -3.7969767   -1.3216209  950.2303  951.3638
2021 04 17 20 42 00    -3.8036329   -1.3249978  950.2337  951.3696
2021 04 17 20 43 00    -3.8101752   -1.3283266  950.2374  951.3747
2021 04 17 20 44 00    -3.8167769   -1.3316175  950.2412  951.3798
2021 04 17 20 45 00    -3.8233499   -1.3348238  950.2450  951.3864
2021 04 17 20 46 00    -3.8298504   -1.3380652  950.2487  951.3968
2021 04 17 20 47 00    -3.8363311   -1.3414074  950.2521  951.4054
2021 04 17 20 48 00    -3.8427263   -1.3446094  950.2559  951.4053
2021 04 17 20 49 00    -3.8490146   -1.3476226  950.2598  951.4006
2021 04 17 20 50 00    -3.8553780   -1.3507539  950.2635  951.3983
2021 04 17 20 51 00    -3.8617977   -1.3539971  950.2668  951.3974
2021 04 17 20 52 00    -3.8680150   -1.3571195  950.2701  951.3940
2021 04 17 20 53 00    -3.8740755   -1.3602226  950.2735  951.3874
2021 04 17 20 54 00    -3.8802248   -1.3634226  950.2767  951.3792
2021 04 17 20 55 00    -3.8864539   -1.3665983  950.2797  951.3715
2021 04 17 20 56 00    -3.8926167   -1.3696524  950.2826  951.3662
2021 04 17 20 57 00    -3.8986851   -1.3725908  950.2856  951.3645
2021 04 17 20 58 00    -3.9047444   -1.3755730  950.2886  951.3660
2021 04 17 20 59 00    -3.9107750   -1.3786859  950.2914  951.3663
2021 04 17 21 00 00    -3.9165771   -1.3816352  950.2945  951.3654
2021 04 17 21 01 00    -3.9222381   -1.3842870  950.2980  951.3737
2021 04 17 21 02 00    -3.9280335   -1.3869736  950.3015  951.3952
2021 04 17 21 03 00    -3.9337767   -1.3898744  950.3050  951.4173
2021 04 17 21 04 00    -3.9392604   -1.3928374  950.3084  951.4235
2021 04 17 21 05 00    -3.9447533   -1.3957401  950.3118  951.4160
2021 04 17 21 06 00    -3.9504554   -1.3985841  950.3152  951.4111
2021 04 17 21 07 00    -3.9561994   -1.4013362  950.3184  951.4133
2021 04 17 21 08 00    -3.9618004   -1.4040089  950.3215  951.4159
2021 04 17 21 09 00    -3.9672689   -1.4067705  950.3244  951.4152
2021 04 17 21 10 00    -3.9726781   -1.4096047  950.3273  951.4086
2021 04 17 21 11 00    -3.9780772   -1.4123379  950.3305  951.3993
2021 04 17 21 12 00    -3.9834862   -1.4150301  950.3335  951.3965
2021 04 17 21 13 00    -3.9888969   -1.4177807  950.3365  951.4011
2021 04 17 21 14 00    -3.9942840   -1.4204970  950.3394  951.4023
2021 04 17 21 15 00    -3.9995448   -1.4230442  950.3420  951.3949
2021 04 17 21 16 00    -4.0046402   -1.4254730  950.3444  951.3889
2021 04 17 21 17 00    -4.0097289   -1.4280125  950.3471  951.3934
2021 04 17 21 18 00    -4.0149250   -1.4306937  950.3500  951.4018
2021 04 17 21 19 00    -4.0201566   -1.4333534  950.3525  951.4048
2021 04 17 21 20 00    -4.0253195   -1.4359164  950.3550  951.4048
2021 04 17 21 21 00    -4.0303583   -1.4383883  950.3577  951.4062
2021 04 17 21 22 00    -4.0352027   -1.4408198  950.3605  951.4044
2021 04 17 21 23 00    -4.0399025   -1.4431893  950.3631  951.3985
2021 04 17 21 24 00    -4.0447429   -1.4455072  950.3657  951.3976
2021 04 17 21 25 00    -4.0497406   -1.4479893  950.3682  951.4027
2021 04 17 21 26 00    -4.0545253   -1.4506114  950.3707  951.4041
2021 04 17 21 27 00    -4.0591684   -1.4531055  950.3734  951.3994
2021 04 17 21 28 00    -4.0640217   -1.4554946  950.3760  951.3942
2021 04 17 21 29 00    -4.0688148   -1.4578337  950.3782  951.3923
2021 04 17 21 30 00    -4.0732506   -1.4600144  950.3803  951.3934
2021 04 17 21 31 00    -4.0777205   -1.4621747  950.3828  951.3938
2021 04 17 21 32 00    -4.0824315   -1.4644769  950.3852  951.3909
2021 04 17 21 33 00    -4.0870044   -1.4667358  950.3873  951.3910
2021 04 17 21 34 00    -4.0913061   -1.4688468  950.3895  951.3996
2021 04 17 21 35 00    -4.0956164   -1.4710082  950.3920  951.4128
2021 04 17 21 36 00    -4.1000357   -1.4732906  950.3944  951.4255
2021 04 17 21 37 00    -4.1043751   -1.4755675  950.3964  951.4271
2021 04 17 21 38 00    -4.1085208   -1.4777485  950.3985  951.4102
2021 04 17 21 39 00    -4.1125762   -1.4798059  950.4008  951.3955
2021 04 17 21 40 00    -4.1167162   -1.4818476  950.4029  951.4032
2021 04 17 21 41 00    -4.1209928   -1.4840075  950.4047  951.4147
2021 04 17 21 42 00    -4.1252519   -1.4861429  950.4067  951.4115
2021 04 17 21 43 00    -4.1293182   -1.4880468  950.4092  951.4074
2021 04 17 21 44 00    -4.1332157   -1.4899143  950.4116  951.4121
2021 04 17 21 45 00    -4.1371300   -1.4920296  950.4134  951.4106
2021 04 17 21 46 00    -4.1411038   -1.4941604  950.4151  951.3960
2021 04 17 21 47 00    -4.1449596   -1.4960054  950.4169  951.3839
2021 04 17 21 48 00    -4.1487452   -1.4978052  950.4186  951.3855
2021 04 17 21 49 00    -4.1526664   -1.4997948  950.4200  951.3905
2021 04 17 21 50 00    -4.1566142   -1.5018071  950.4213  951.3889
2021 04 17 21 51 00    -4.1604508   -1.5037504  950.4228  951.3868
2021 04 17 21 52 00    -4.1641943   -1.5056507  950.4249  951.3902
2021 04 17 21 53 00    -4.1677815   -1.5074336  950.4274  951.3934
2021 04 17 21 54 00    -4.1712379   -1.5091219  950.4293  951.3913
2021 04 17 21 55 00    -4.1747172   -1.5108054  950.4306  951.3899
2021 04 17 21 56 00    -4.1782164   -1.5124703  950.4320  951.3973
2021 04 17 21 57 00    -4.1816345   -1.5141307  950.4339  951.4097
2021 04 17 21 58 00    -4.1850622   -1.5158931  950.4359  951.4147
2021 04 17 21 59 00    -4.1886225   -1.5177509  950.4377  951.4078
2021 04 17 22 00 00    -4.1921387   -1.5195095  950.4393  951.3985
2021 04 17 22 01 00    -4.1954395   -1.5210866  950.4405  951.3952
2021 04 17 22 02 00    -4.1986769   -1.5226584  950.4417  951.3966
2021 04 17 22 03 00    -4.2020082   -1.5243644  950.4437  951.4014
2021 04 17 22 04 00    -4.2054088   -1.5261326  950.4458  951.4069
2021 04 17 22 05 00    -4.2087663   -1.5278179  950.4472  951.4050
2021 04 17 22 06 00    -4.2119263   -1.5293292  950.4479  951.3932
2021 04 17 22 07 00    -4.2148925   -1.5307155  950.4487  951.3773
2021 04 17 22 08 00    -4.2178910   -1.5321912  950.4501  951.3667
2021 04 17 22 09 00    -4.2211030   -1.5339273  950.4516  951.3664
2021 04 17 22 10 00    -4.2244499   -1.5357885  950.4526  951.3708
2021 04 17 22 11 00    -4.2276388   -1.5374526  950.4536  951.3708
2021 04 17 22 12 00    -4.2305168   -1.5388415  950.4546  951.3640
2021 04 17 22 13 00    -4.2332402   -1.5401493  950.4555  951.3537
2021 04 17 22 14 00    -4.2360329   -1.5415378  950.4558  951.3424
2021 04 17 22 15 00    -4.2390336   -1.5430765  950.4556  951.3324
2021 04 17 22 16 00    -4.2421212   -1.5446609  950.4558  951.3285
2021 04 17 22 17 00    -4.2449887   -1.5460762  950.4565  951.3317
2021 04 17 22 18 00    -4.2476486   -1.5473384  950.4572  951.3333
2021 04 17 22 19 00    -4.2503593   -1.5486276  950.4574  951.3237
2021 04 17 22 20 00    -4.2531852   -1.5500271  950.4571  951.3057
2021 04 17 22 21 00    -4.2560283   -1.5515037  950.4568  951.2942
2021 04 17 22 22 00    -4.2587667   -1.5529916  950.4566  951.2955
2021 04 17 22 23 00    -4.2612891   -1.5543875  950.4565  951.3012
2021 04 17 22 24 00    -4.2636968   -1.5555872  950.4564  951.3058
2021 04 17 22 25 00    -4.2662789   -1.5567448  950.4566  951.3129
2021 04 17 22 26 00    -4.2689748   -1.5580094  950.4569  951.3191
2021 04 17 22 27 00    -4.2714322   -1.5591510  950.4570  951.3123
2021 04 17 22 28 00    -4.2736885   -1.5601920  950.4571  951.2973
2021 04 17 22 29 00    -4.2760597   -1.5615144  950.4571  951.2939
2021 04 17 22 30 00    -4.2785419   -1.5629615  950.4572  951.3026
2021 04 17 22 31 00    -4.2808236   -1.5640383  950.4573  951.3068
2021 04 17 22 32 00    -4.2828775   -1.5648286  950.4572  951.3026
2021 04 17 22 33 00    -4.2850473   -1.5657857  950.4569  951.3001
2021 04 17 22 34 00    -4.2873308   -1.5670080  950.4569  951.3029
2021 04 17 22 35 00    -4.2894516   -1.5682807  950.4571  951.3045
2021 04 17 22 36 00    -4.2915490   -1.5694985  950.4573  951.3010
2021 04 17 22 37 00    -4.2937939   -1.5706025  950.4571  951.2945
2021 04 17 22 38 00    -4.2959702   -1.5715239  950.4566  951.2882
2021 04 17 22 39 00    -4.2980183   -1.5724827  950.4562  951.2842
2021 04 17 22 40 00    -4.3000659   -1.5736611  950.4558  951.2790
2021 04 17 22 41 00    -4.3020784   -1.5748115  950.4552  951.2672
2021 04 17 22 42 00    -4.3040576   -1.5757674  950.4542  951.2548
2021 04 17 22 43 00    -4.3060777   -1.5767260  950.4529  951.2519
2021 04 17 22 44 00    -4.3081074   -1.5778165  950.4519  951.2571
2021 04 17 22 45 00    -4.3100077   -1.5788407  950.4515  951.2628
2021 04 17 22 46 00    -4.3117034   -1.5796097  950.4510  951.2640
2021 04 17 22 47 00    -4.3134581   -1.5803716  950.4502  951.2604
2021 04 17 22 48 00    -4.3155228   -1.5814362  950.4494  951.2570
2021 04 17 22 49 00    -4.3175537   -1.5825354  950.4486  951.2573
2021 04 17 22 50 00    -4.3191687   -1.5832960  950.4477  951.2549
2021 04 17 22 51 00    -4.3207070   -1.5839882  950.4469  951.2486
2021 04 17 22 52 00    -4.3226165   -1.5849988  950.4464  951.2469
2021 04 17 22 53 00    -4.3245644   -1.5860807  950.4456  951.2487
2021 04 17 22 54 00    -4.3260557   -1.5868563  950.4442  951.2464
2021 04 17 22 55 00    -4.3274092   -1.5874838  950.4428  951.2435
2021 04 17 22 56 00    -4.3290467   -1.5882131  950.4419  951.2441
2021 04 17 22 57 00    -4.3307338   -1.5889728  950.4412  951.2400
2021 04 17 22 58 00    -4.3323003   -1.5897890  950.4403  951.2273
2021 04 17 22 59 00    -4.3338863   -1.5907415  950.4391  951.2171
2021 04 17 23 00 00    -4.3354440   -1.5915542  950.4377  951.2151
2021 04 17 23 01 00    -4.3369161   -1.5921114  950.4360  951.2088
2021 04 17 23 02 00    -4.3384491   -1.5927729  950.4343  951.1912
2021 04 17 23 03 00    -4.3400616   -1.5936302  950.4326  951.1747
2021 04 17 23 04 00    -4.3415835   -1.5944003  950.4308  951.1691
2021 04 17 23 05 00    -4.3429431   -1.5950671  950.4287  951.1667
2021 04 17 23 06 00    -4.3442640   -1.5957773  950.4265  951.1587
2021 04 17 23 07 00    -4.3456951   -1.5965106  950.4245  951.1508
2021 04 17 23 08 00    -4.3471285   -1.5972187  950.4231  951.1526
2021 04 17 23 09 00    -4.3483192   -1.5978850  950.4218  951.1599
2021 04 17 23 10 00    -4.3493270   -1.5984643  950.4202  951.1608
2021 04 17 23 11 00    -4.3504434   -1.5989320  950.4182  951.1554
2021 04 17 23 12 00    -4.3517569   -1.5994103  950.4160  951.1531
2021 04 17 23 13 00    -4.3530699   -1.6000650  950.4142  951.1525
2021 04 17 23 14 00    -4.3542317   -1.6008211  950.4126  951.1454
2021 04 17 23 15 00    -4.3553568   -1.6014878  950.4108  951.1342
2021 04 17 23 16 00    -4.3565887   -1.6020283  950.4088  951.1250
2021 04 17 23 17 00    -4.3578869   -1.6025338  950.4065  951.1160
2021 04 17 23 18 00    -4.3591080   -1.6031059  950.4041  951.1027
2021 04 17 23 19 00    -4.3601753   -1.6037530  950.4014  951.0877
2021 04 17 23 20 00    -4.3612198   -1.6043760  950.3987  951.0770
2021 04 17 23 21 00    -4.3624214   -1.6049058  950.3964  951.0712
2021 04 17 23 22 00    -4.3636962   -1.6054217  950.3942  951.0662
2021 04 17 23 23 00    -4.3647850   -1.6060228  950.3917  951.0612
2021 04 17 23 24 00    -4.3656658   -1.6066057  950.3891  951.0564
2021 04 17 23 25 00    -4.3666189   -1.6070118  950.3868  951.0471
2021 04 17 23 26 00    -4.3677038   -1.6073498  950.3841  951.0291
2021 04 17 23 27 00    -4.3686728   -1.6078254  950.3810  951.0106
2021 04 17 23 28 00    -4.3695771   -1.6084023  950.3778  951.0026
2021 04 17 23 29 00    -4.3706451   -1.6089833  950.3749  950.9993
2021 04 17 23 30 00    -4.3717121   -1.6095637  950.3719  950.9862
2021 04 17 23 31 00    -4.3725240   -1.6100194  950.3689  950.9688
2021 04 17 23 32 00    -4.3732225   -1.6103399  950.3658  950.9646
2021 04 17 23 33 00    -4.3740980   -1.6107710  950.3627  950.9726
2021 04 17 23 34 00    -4.3750625   -1.6112749  950.3597  950.9801
2021 04 17 23 35 00    -4.3757791   -1.6116261  950.3568  950.9820
2021 04 17 23 36 00    -4.3763422   -1.6119063  950.3538  950.9748
2021 04 17 23 37 00    -4.3771633   -1.6122968  950.3505  950.9563
2021 04 17 23 38 00    -4.3781960   -1.6127955  950.3470  950.9349
2021 04 17 23 39 00    -4.3790072   -1.6132401  950.3437  950.9229
2021 04 17 23 40 00    -4.3795113   -1.6134974  950.3404  950.9225
2021 04 17 23 41 00    -4.3800186   -1.6136543  950.3370  950.9261
2021 04 17 23 42 00    -4.3807071   -1.6138989  950.3338  950.9282
2021 04 17 23 43 00    -4.3814567   -1.6142678  950.3307  950.9259
2021 04 17 23 44 00    -4.3820871   -1.6146232  950.3273  950.9166
2021 04 17 23 45 00    -4.3826089   -1.6148986  950.3239  950.9047
2021 04 17 23 46 00    -4.3832175   -1.6152082  950.3206  950.9003
2021 04 17 23 47 00    -4.3840441   -1.6156706  950.3175  950.9046
2021 04 17 23 48 00    -4.3849675   -1.6162033  950.3144  950.9050
2021 04 17 23 49 00    -4.3856620   -1.6165364  950.3110  950.8918
2021 04 17 23 50 00    -4.3860144   -1.6166265  950.3076  950.8714
2021 04 17 23 51 00    -4.3864386   -1.6167841  950.3039  950.8544
2021 04 17 23 52 00    -4.3872871   -1.6171691  950.3000  950.8416
2021 04 17 23 53 00    -4.3882137   -1.6175874  950.2961  950.8295
2021 04 17 23 54 00    -4.3887361   -1.6178740  950.2925  950.8200
2021 04 17 23 55 00    -4.3890376   -1.6181572  950.2889  950.8133
2021 04 17 23 56 00    -4.3895688   -1.6185433  950.2850  950.8047
2021 04 17 23 57 00    -4.3902616   -1.6188571  950.2810  950.7972
2021 04 17 23 58 00    -4.3908134   -1.6190399  950.2770  950.7950
2021 04 17 23 59 00    -4.3912648   -1.6192667  950.2731  950.7889
